"AK",1933,3000,1415281.23  
"AK",1933,3100,80538       
"AK",1933,3110,2335636.14  
"AK",1933,3111,112647.36   
"AK",1933,3130,999690.01   
"AK",1933,3150,417860.37   
"AK",1933,3210,754388.88   
"AK",1933,3240,1185604.15  
"AK",1933,3241,12415.7     
"AK",1933,3250,453425.13   
"AK",1933,3310,818621.76   
"AK",1933,3315,50687.96    
"AK",1933,3320,6545.58     
"AK",1933,3410,4531.56     
"AK",1933,3430,141291.06   
"AK",1933,3450,76726.28    
"AK",1933,3510,92004.78    
"AK",1933,3520,0           
"AK",1933,3550,79175.35    
"AK",1933,3610,185062      
"AK",1933,3630,5366.65     
"AK",1933,3650,14638.41    
"AK",1933,3670,772.09      
"AK",1933,3680,16200.73    
"AK",1933,3690,14387.97    
"AK",1933,3810,38384.31    
"AK",1933,3911,14011.87    
"AK",1933,3930,58145.44    
"AK",1933,3950,501720.06   
"AK",1933,3951,210491.69   
"AK",1933,3952,161204.57   
"AK",1933,3980,202445.23   
"AK",1933,4101,519270.75   
"AK",1933,4110,161937.53   
"AK",1933,4111,435015      
"AK",1933,4113,3271602.74  
"AK",1933,4114,186427.28   
"AK",1934,3000,864715.54   
"AK",1934,3100,125         
"AK",1934,3110,2349383.61  
"AK",1934,3111,71649.34    
"AK",1934,3130,881867.61   
"AK",1934,3150,25887.57    
"AK",1934,3210,585035.97   
"AK",1934,3220,553.35      
"AK",1934,3240,2805091.23  
"AK",1934,3241,15626.31    
"AK",1934,3250,431470.02   
"AK",1934,3310,3262905.24  
"AK",1934,3410,659.17      
"AK",1934,3420,450         
"AK",1934,3430,87214.85    
"AK",1934,3440,3994.69     
"AK",1934,3450,34059.77    
"AK",1934,3510,173354.03   
"AK",1934,3520,3616.89     
"AK",1934,3550,67421.4     
"AK",1934,3560,9355.53     
"AK",1934,3610,46547.44    
"AK",1934,3630,51300.01    
"AK",1934,3670,27407.58    
"AK",1934,3680,44693.23    
"AK",1934,3690,275010.47   
"AK",1934,3750,10400.13    
"AK",1934,3810,34876.69    
"AK",1934,3911,3363.18     
"AK",1934,3930,81779.67    
"AK",1934,3950,1393999.32  
"AK",1934,3951,121771.67   
"AK",1934,3952,131601.49   
"AK",1934,3980,1277740.74  
"AK",1934,4100,192479.45   
"AK",1934,4101,991771.07   
"AK",1934,4110,167185.86   
"AK",1934,4111,436805      
"AK",1934,4112,6703.31     
"AK",1934,4113,0           
"AK",1934,4114,154275      
"AK",1935,3000,816874.78   
"AK",1935,3110,2060845.04  
"AK",1935,3111,71328.01    
"AK",1935,3130,1023124.16  
"AK",1935,3150,339400.89   
"AK",1935,3210,571095.07   
"AK",1935,3220,287.24      
"AK",1935,3240,439393.9    
"AK",1935,3241,18274.51    
"AK",1935,3250,173940.29   
"AK",1935,3310,8506079.84  
"AK",1935,3360,10827.65    
"AK",1935,3410,12695.54    
"AK",1935,3430,100566.67   
"AK",1935,3440,14064.1     
"AK",1935,3450,33535.47    
"AK",1935,3510,287577.43   
"AK",1935,3520,4279.5      
"AK",1935,3550,76471.68    
"AK",1935,3560,12865.37    
"AK",1935,3610,196670.38   
"AK",1935,3630,36957.28    
"AK",1935,3650,521714.94   
"AK",1935,3680,36356.89    
"AK",1935,3690,310328.22   
"AK",1935,3710,14442.6     
"AK",1935,3750,1812.5      
"AK",1935,3810,39656.66    
"AK",1935,3820,5737.16     
"AK",1935,3911,21989.84    
"AK",1935,3930,88469.71    
"AK",1935,3950,1056056.9   
"AK",1935,3951,215843.51   
"AK",1935,3952,39930.55    
"AK",1935,3980,20503.81    
"AK",1935,4100,403145.86   
"AK",1935,4101,494953.91   
"AK",1935,4111,579441.25   
"AK",1935,4112,8270.29     
"AK",1935,4115,9637.5      
"AK",1935,4120,444468.78   
"AK",1936,3000,886566.67   
"AK",1936,3100,35983.87    
"AK",1936,3110,3352512.97  
"AK",1936,3111,79538.1     
"AK",1936,3130,908223.55   
"AK",1936,3150,1191212.89  
"AK",1936,3210,710535.15   
"AK",1936,3220,265.76      
"AK",1936,3240,846577.92   
"AK",1936,3241,16882.64    
"AK",1936,3250,160241.78   
"AK",1936,3310,8152793.69  
"AK",1936,3315,83874.14    
"AK",1936,3320,4995.68     
"AK",1936,3360,19175.22    
"AK",1936,3410,55446       
"AK",1936,3430,102354.57   
"AK",1936,3440,24628.09    
"AK",1936,3450,38985.32    
"AK",1936,3510,291874.86   
"AK",1936,3520,2715.36     
"AK",1936,3550,45201.79    
"AK",1936,3560,18602.17    
"AK",1936,3610,187         
"AK",1936,3650,594761.28   
"AK",1936,3680,45083.31    
"AK",1936,3690,452428.19   
"AK",1936,3710,84269.1     
"AK",1936,3750,15506.87    
"AK",1936,3810,41943.75    
"AK",1936,3811,56861       
"AK",1936,3820,183.95      
"AK",1936,3911,7061.51     
"AK",1936,3930,99094.87    
"AK",1936,3950,1265819.91  
"AK",1936,3951,239435      
"AK",1936,3952,347899.38   
"AK",1936,3980,335334.43   
"AK",1936,4100,372449.05   
"AK",1936,4101,579485.73   
"AK",1936,4111,640370      
"AK",1936,4112,932.36      
"AK",1936,4115,1921.58     
"AK",1936,4120,4810849.97  
"AK",1937,3000,961253.77   
"AK",1937,3110,4337264.72  
"AK",1937,3111,87011.82    
"AK",1937,3130,911723.27   
"AK",1937,3150,972630.21   
"AK",1937,3210,4734390.57  
"AK",1937,3220,48816.02    
"AK",1937,3240,196783.85   
"AK",1937,3241,15992.14    
"AK",1937,3250,139004.61   
"AK",1937,3310,6228118.49  
"AK",1937,3315,89148.41    
"AK",1937,3360,30045.06    
"AK",1937,3410,103555.94   
"AK",1937,3430,197061.85   
"AK",1937,3440,39475.86    
"AK",1937,3510,289733.6    
"AK",1937,3520,3884.1      
"AK",1937,3560,38636.36    
"AK",1937,3610,212038.97   
"AK",1937,3680,46744.83    
"AK",1937,3690,384212.36   
"AK",1937,3710,93910.43    
"AK",1937,3810,89242.41    
"AK",1937,3811,1384219     
"AK",1937,3911,3412.74     
"AK",1937,3930,108792.12   
"AK",1937,3950,1323231.05  
"AK",1937,3951,266826.46   
"AK",1937,3952,749452.2    
"AK",1937,3980,454283.56   
"AK",1937,4100,248921.57   
"AK",1937,4101,544421.02   
"AK",1937,4111,747882.5    
"AK",1937,4112,1917.63     
"AK",1937,4114,106950      
"AK",1937,4120,4096423.61  
"AK",1937,4130,142.4       
"AL",1933,3100,639508.64   
"AL",1933,3101,94742.66    
"AL",1933,3110,1049404.07  
"AL",1933,3111,227911.23   
"AL",1933,3113,194848.36   
"AL",1933,3130,691265.21   
"AL",1933,3150,1332271.46  
"AL",1933,3160,6101.18     
"AL",1933,3210,74067.22    
"AL",1933,3230,701828.46   
"AL",1933,3241,22127.01    
"AL",1933,3250,4341.13     
"AL",1933,3310,10348511.36 
"AL",1933,3315,59480.48    
"AL",1933,3360,12468.98    
"AL",1933,3410,154.47      
"AL",1933,3420,25593.35    
"AL",1933,3430,2231137.44  
"AL",1933,3440,9722.01     
"AL",1933,3450,82196.3     
"AL",1933,3510,117476.79   
"AL",1933,3511,66801.47    
"AL",1933,3560,236765.31   
"AL",1933,3610,173818.26   
"AL",1933,3620,227437.52   
"AL",1933,3630,430405.65   
"AL",1933,3640,13894.1     
"AL",1933,3650,419686.77   
"AL",1933,3660,1890.9      
"AL",1933,3670,24991.8     
"AL",1933,3680,291925.19   
"AL",1933,3690,140678.58   
"AL",1933,3700,57205.84    
"AL",1933,3710,25888.38    
"AL",1933,3800,161129.45   
"AL",1933,3810,1150716.06  
"AL",1933,3911,18239.71    
"AL",1933,3930,8698032.86  
"AL",1933,3950,6730.14     
"AL",1933,3980,919114.47   
"AL",1933,4000,2159741.4   
"AL",1933,4010,656851.22   
"AL",1933,4120,778000      
"AL",1933,4130,710000      
"AL",1933,4150,725         
"AL",1933,4160,1694.94     
"AL",1934,3100,101986      
"AL",1934,3101,87210.71    
"AL",1934,3110,1883506.71  
"AL",1934,3111,225691.51   
"AL",1934,3113,200748.58   
"AL",1934,3130,1334303.92  
"AL",1934,3150,1434739.57  
"AL",1934,3160,10595.63    
"AL",1934,3210,75431.51    
"AL",1934,3230,688245.38   
"AL",1934,3241,25696.49    
"AL",1934,3250,8500        
"AL",1934,3310,13389076.09 
"AL",1934,3315,243381.93   
"AL",1934,3360,17969.28    
"AL",1934,3410,2300.03     
"AL",1934,3420,25564.15    
"AL",1934,3430,2097413.38  
"AL",1934,3440,9383.64     
"AL",1934,3450,145045.19   
"AL",1934,3510,144032.33   
"AL",1934,3511,66947.71    
"AL",1934,3560,284565.71   
"AL",1934,3610,13760.87    
"AL",1934,3620,38886.65    
"AL",1934,3630,360676.4    
"AL",1934,3640,50903.59    
"AL",1934,3650,364604.83   
"AL",1934,3660,3808.33     
"AL",1934,3670,45758.24    
"AL",1934,3680,335368.54   
"AL",1934,3690,165029.18   
"AL",1934,3700,36358.72    
"AL",1934,3710,36608.6     
"AL",1934,3800,226381.28   
"AL",1934,3810,982215      
"AL",1934,3911,13379.39    
"AL",1934,3930,8628655.3   
"AL",1934,3950,60901.93    
"AL",1934,3980,411548.79   
"AL",1934,4000,1179220     
"AL",1934,4010,782865.7    
"AL",1934,4110,3278745.5   
"AL",1934,4120,150000      
"AL",1934,4160,1674.08     
"AL",1935,3100,300666.05   
"AL",1935,3101,84391.16    
"AL",1935,3110,1752973.1   
"AL",1935,3111,398393.42   
"AL",1935,3113,201043.07   
"AL",1935,3130,701231.1    
"AL",1935,3150,1328977.3   
"AL",1935,3160,10593.91    
"AL",1935,3210,84985.95    
"AL",1935,3230,738797.52   
"AL",1935,3241,23830.33    
"AL",1935,3250,6628.24     
"AL",1935,3310,8618664.19  
"AL",1935,3315,2655200.17  
"AL",1935,3360,2700.26     
"AL",1935,3410,439.83      
"AL",1935,3420,21019.8     
"AL",1935,3430,2536080.87  
"AL",1935,3440,12366.88    
"AL",1935,3450,76488.13    
"AL",1935,3510,159515.93   
"AL",1935,3520,1572.5      
"AL",1935,3560,425202.72   
"AL",1935,3610,282097.46   
"AL",1935,3620,48997.06    
"AL",1935,3630,349895.96   
"AL",1935,3640,5580        
"AL",1935,3650,605088.41   
"AL",1935,3660,3114.95     
"AL",1935,3670,35338.16    
"AL",1935,3680,354954.4    
"AL",1935,3690,85125.94    
"AL",1935,3700,41203.52    
"AL",1935,3710,37917.16    
"AL",1935,3800,196579.35   
"AL",1935,3810,849227.37   
"AL",1935,3911,37251.78    
"AL",1935,3930,8726868.24  
"AL",1935,3950,99907.73    
"AL",1935,3980,587746.18   
"AL",1935,4000,339720      
"AL",1935,4010,1593960.01  
"AL",1935,4110,5701257.63  
"AL",1935,4120,429531.45   
"AL",1935,4160,1993.97     
"AL",1936,3100,96280.27    
"AL",1936,3101,95672.59    
"AL",1936,3110,108693.99   
"AL",1936,3111,259662.34   
"AL",1936,3113,208820.09   
"AL",1936,3130,494338.6    
"AL",1936,3150,4804539.93  
"AL",1936,3210,96995.95    
"AL",1936,3230,784346.55   
"AL",1936,3240,1523817.58  
"AL",1936,3241,30363.41    
"AL",1936,3250,6008.92     
"AL",1936,3310,7814674.72  
"AL",1936,3315,3484792.1   
"AL",1936,3320,3769.95     
"AL",1936,3360,3014.24     
"AL",1936,3410,226953.75   
"AL",1936,3420,27746.28    
"AL",1936,3430,2486151.77  
"AL",1936,3440,40725.58    
"AL",1936,3450,93216.91    
"AL",1936,3510,184856.14   
"AL",1936,3520,6102.7      
"AL",1936,3560,517685.71   
"AL",1936,3610,144394.91   
"AL",1936,3620,59600.28    
"AL",1936,3630,374633.08   
"AL",1936,3640,54892.81    
"AL",1936,3650,988975.82   
"AL",1936,3660,6548.23     
"AL",1936,3670,44283.39    
"AL",1936,3680,500577.67   
"AL",1936,3690,98643.61    
"AL",1936,3700,75363.06    
"AL",1936,3800,279653.43   
"AL",1936,3810,722760      
"AL",1936,3911,30359.61    
"AL",1936,3930,9137744.21  
"AL",1936,3950,3059708.84  
"AL",1936,3980,291901.79   
"AL",1936,4000,589720      
"AL",1936,4010,903590.84   
"AL",1936,4110,4561983.02  
"AL",1936,4120,1241526.8   
"AL",1936,4130,450527.67   
"AL",1937,3100,105177.4    
"AL",1937,3101,94443.74    
"AL",1937,3110,165875      
"AL",1937,3111,537652.17   
"AL",1937,3113,186809.63   
"AL",1937,3130,1789054.52  
"AL",1937,3150,7566467.55  
"AL",1937,3210,160856.15   
"AL",1937,3220,11963.01    
"AL",1937,3230,879566.51   
"AL",1937,3240,9558979.8   
"AL",1937,3241,65001.56    
"AL",1937,3250,6327.85     
"AL",1937,3310,6090056.93  
"AL",1937,3315,28018.15    
"AL",1937,3320,4700.27     
"AL",1937,3360,44799.56    
"AL",1937,3410,382134.52   
"AL",1937,3420,29412       
"AL",1937,3430,2730056.86  
"AL",1937,3440,47641.01    
"AL",1937,3450,109410.92   
"AL",1937,3510,209821.86   
"AL",1937,3520,16392.5     
"AL",1937,3560,727675.13   
"AL",1937,3610,155495.82   
"AL",1937,3620,58882.36    
"AL",1937,3630,407643.88   
"AL",1937,3640,17180       
"AL",1937,3650,1318126.82  
"AL",1937,3660,4618.99     
"AL",1937,3670,56539.69    
"AL",1937,3680,445714.46   
"AL",1937,3690,172427.35   
"AL",1937,3700,105670.59   
"AL",1937,3750,2833495.63  
"AL",1937,3800,238018.42   
"AL",1937,3810,671475      
"AL",1937,3911,33722.58    
"AL",1937,3930,11060353.71 
"AL",1937,3950,923888.86   
"AL",1937,3980,356347.45   
"AL",1937,4000,339720      
"AL",1937,4010,2400593.92  
"AL",1937,4110,12894333.27 
"AZ",1933,3100,2209766.25  
"AZ",1933,3110,166139.8    
"AZ",1933,3111,42721.76    
"AZ",1933,3113,71390.25    
"AZ",1933,3130,1583179.18  
"AZ",1933,3150,20432.4     
"AZ",1933,3210,43247.57    
"AZ",1933,3220,3389.37     
"AZ",1933,3230,210221.31   
"AZ",1933,3240,2966.44     
"AZ",1933,3250,15172.06    
"AZ",1933,3310,5438821.29  
"AZ",1933,3315,53433.72    
"AZ",1933,3360,22597.33    
"AZ",1933,3400,14937.03    
"AZ",1933,3410,6924.71     
"AZ",1933,3430,171965.74   
"AZ",1933,3440,83865.56    
"AZ",1933,3450,72604.56    
"AZ",1933,3510,230209.75   
"AZ",1933,3511,271338.19   
"AZ",1933,3520,89358.44    
"AZ",1933,3550,14829.27    
"AZ",1933,3560,33524.9     
"AZ",1933,3610,88322.28    
"AZ",1933,3620,36439.21    
"AZ",1933,3630,116395.61   
"AZ",1933,3650,108480.99   
"AZ",1933,3660,14515.86    
"AZ",1933,3670,51861.22    
"AZ",1933,3680,23308.77    
"AZ",1933,3690,197925.03   
"AZ",1933,3710,9421.71     
"AZ",1933,3800,23132.4     
"AZ",1933,3810,94562.41    
"AZ",1933,3911,594         
"AZ",1933,3930,147088.99   
"AZ",1933,3980,56631.56    
"AZ",1933,4000,175419.31   
"AZ",1933,4130,52000       
"AZ",1934,3100,454.71      
"AZ",1934,3110,235713.37   
"AZ",1934,3111,8364.52     
"AZ",1934,3113,70048.64    
"AZ",1934,3130,1165729.79  
"AZ",1934,3150,17553.04    
"AZ",1934,3210,873117.14   
"AZ",1934,3220,1570.07     
"AZ",1934,3230,203433.48   
"AZ",1934,3240,2621.44     
"AZ",1934,3250,12764.43    
"AZ",1934,3310,3626342.55  
"AZ",1934,3360,1053.23     
"AZ",1934,3410,6238.65     
"AZ",1934,3430,190392.22   
"AZ",1934,3440,57669.56    
"AZ",1934,3450,50474.3     
"AZ",1934,3510,382121.52   
"AZ",1934,3520,77333.4     
"AZ",1934,3560,33386.8     
"AZ",1934,3610,54483.58    
"AZ",1934,3620,46545.3     
"AZ",1934,3630,109049.59   
"AZ",1934,3650,173295.36   
"AZ",1934,3660,13430.96    
"AZ",1934,3670,36582.79    
"AZ",1934,3680,18942.9     
"AZ",1934,3690,142089.95   
"AZ",1934,3700,24033.28    
"AZ",1934,3800,12000       
"AZ",1934,3810,309784.56   
"AZ",1934,3930,1756627.67  
"AZ",1934,3951,143927.51   
"AZ",1934,3952,40394.28    
"AZ",1934,3980,19196.59    
"AZ",1934,4000,263703.84   
"AZ",1934,4130,20000       
"AZ",1935,3100,1830963.6   
"AZ",1935,3110,10786.16    
"AZ",1935,3113,70681.45    
"AZ",1935,3130,1263571.64  
"AZ",1935,3150,5500        
"AZ",1935,3210,1394823.29  
"AZ",1935,3220,1176.25     
"AZ",1935,3230,202234.73   
"AZ",1935,3240,1546.44     
"AZ",1935,3250,11717.74    
"AZ",1935,3310,2981418.1   
"AZ",1935,3360,1449.68     
"AZ",1935,3400,0           
"AZ",1935,3410,6688.83     
"AZ",1935,3430,183084.44   
"AZ",1935,3440,49417.23    
"AZ",1935,3450,53675.35    
"AZ",1935,3510,358582.19   
"AZ",1935,3520,73079.48    
"AZ",1935,3550,0           
"AZ",1935,3560,34571.79    
"AZ",1935,3610,104455.77   
"AZ",1935,3620,80841.99    
"AZ",1935,3630,115266      
"AZ",1935,3650,216416.1    
"AZ",1935,3660,2901.25     
"AZ",1935,3670,37909.57    
"AZ",1935,3680,18753.48    
"AZ",1935,3690,149101.69   
"AZ",1935,3700,12305.63    
"AZ",1935,3800,9586.09     
"AZ",1935,3810,430547.1    
"AZ",1935,3911,235.44      
"AZ",1935,3930,323820.9    
"AZ",1935,3980,31940.3     
"AZ",1935,4000,158484.39   
"AZ",1935,4130,387133.37   
"AZ",1936,3100,2164421.67  
"AZ",1936,3110,0           
"AZ",1936,3113,80722.9     
"AZ",1936,3130,1448900.52  
"AZ",1936,3150,2017.56     
"AZ",1936,3210,817895.82   
"AZ",1936,3220,2331.66     
"AZ",1936,3230,231775.97   
"AZ",1936,3240,1546.44     
"AZ",1936,3250,8980.66     
"AZ",1936,3310,5061707.31  
"AZ",1936,3360,2693.57     
"AZ",1936,3400,9981.55     
"AZ",1936,3410,6350        
"AZ",1936,3430,201740.91   
"AZ",1936,3440,67548.08    
"AZ",1936,3450,55310.64    
"AZ",1936,3510,445319.81   
"AZ",1936,3520,87546.77    
"AZ",1936,3550,10488.96    
"AZ",1936,3560,35259.58    
"AZ",1936,3610,3643.44     
"AZ",1936,3620,59913.79    
"AZ",1936,3630,121589.54   
"AZ",1936,3650,244149.19   
"AZ",1936,3660,0           
"AZ",1936,3670,37454.8     
"AZ",1936,3680,16097.88    
"AZ",1936,3690,172842.11   
"AZ",1936,3700,15044.35    
"AZ",1936,3800,20000       
"AZ",1936,3810,448821.13   
"AZ",1936,3911,18347.35    
"AZ",1936,3930,14396       
"AZ",1936,3980,125738.96   
"AZ",1936,4000,216740.44   
"AZ",1936,4130,769000      
"AZ",1937,3100,674074.83   
"AZ",1937,3111,10613.31    
"AZ",1937,3113,86034.67    
"AZ",1937,3116,65860.12    
"AZ",1937,3130,1548966.54  
"AZ",1937,3131,88151.24    
"AZ",1937,3150,188.37      
"AZ",1937,3201,616731.87   
"AZ",1937,3210,1045309.91  
"AZ",1937,3220,822.63      
"AZ",1937,3230,235467.79   
"AZ",1937,3231,45595.47    
"AZ",1937,3240,1558.44     
"AZ",1937,3241,9753.7      
"AZ",1937,3250,11704.31    
"AZ",1937,3310,6127622.3   
"AZ",1937,3360,1256.74     
"AZ",1937,3400,9988.95     
"AZ",1937,3410,6593.24     
"AZ",1937,3430,211702.43   
"AZ",1937,3431,59780.73    
"AZ",1937,3440,65312.56    
"AZ",1937,3450,52445.31    
"AZ",1937,3510,793286.39   
"AZ",1937,3520,82950.68    
"AZ",1937,3550,10493.93    
"AZ",1937,3560,49139.48    
"AZ",1937,3610,151969.88   
"AZ",1937,3620,71662.32    
"AZ",1937,3630,96931.74    
"AZ",1937,3650,330724.43   
"AZ",1937,3660,26033.69    
"AZ",1937,3670,37500       
"AZ",1937,3680,454267.94   
"AZ",1937,3690,172687.5    
"AZ",1937,3700,21348.96    
"AZ",1937,3800,20000       
"AZ",1937,3810,506676.55   
"AZ",1937,3911,56454.68    
"AZ",1937,3930,2018066.75  
"AZ",1937,3951,829833.07   
"AZ",1937,3980,10414.68    
"AZ",1937,4000,68404.6     
"AZ",1937,4010,19.29       
"AZ",1937,4130,52000       
"AZ",1937,4160,1179.5      
"NB",1933,3110,1661672.19  
"NB",1933,3111,196841.58   
"NB",1933,3130,3219615.57  
"NB",1933,3200,2446711.3   
"NB",1933,3310,10486032.65 
"NB",1933,3610,174247.68   
"NB",1933,3620,1157194.94  
"NB",1933,3630,395046.41   
"NB",1933,3670,450480.62   
"NB",1933,3680,349222.57   
"NB",1933,3690,123196.68   
"NB",1933,3930,2417141.62  
"NB",1933,4150,1079810.32  
"NB",1934,3110,1561260.63  
"NB",1934,3111,146398.93   
"NB",1934,3130,2827347.98  
"NB",1934,3200,2067769.37  
"NB",1934,3310,12707504.62 
"NB",1934,3610,8153.33     
"NB",1934,3620,626269.83   
"NB",1934,3630,383684.68   
"NB",1934,3670,166018.88   
"NB",1934,3680,694689.94   
"NB",1934,3690,94723.3     
"NB",1934,3930,2929698.48  
"NB",1934,4150,946763.26   
"NB",1935,3110,1667530.52  
"NB",1935,3111,169682.29   
"NB",1935,3130,3077488.76  
"NB",1935,3200,2319708.42  
"NB",1935,3240,442.23      
"NB",1935,3310,11410228.45 
"NB",1935,3440,3696.04     
"NB",1935,3610,206195.56   
"NB",1935,3620,476552.47   
"NB",1935,3630,374225.88   
"NB",1935,3670,130358.88   
"NB",1935,3680,949949.05   
"NB",1935,3690,7934.17     
"NB",1935,3930,3300851.08  
"NB",1935,4150,2549770.42  
"NB",1936,3110,1818895.73  
"NB",1936,3111,177179.56   
"NB",1936,3130,3587465.23  
"NB",1936,3200,2458296.02  
"NB",1936,3240,2135868.31  
"NB",1936,3310,11183505.13 
"NB",1936,3320,12389.95    
"NB",1936,3440,181489.64   
"NB",1936,3610,50050.84    
"NB",1936,3620,426811.35   
"NB",1936,3630,394267.41   
"NB",1936,3670,111073.37   
"NB",1936,3680,1069624.53  
"NB",1936,3690,30167.34    
"NB",1936,3930,3535299.72  
"NB",1936,4150,2636862.54  
"NB",1937,3110,1803394.53  
"NB",1937,3111,205650.74   
"NB",1937,3130,3882205.37  
"NB",1937,3200,2893220.65  
"NB",1937,3240,6479925.86  
"NB",1937,3310,13495759.45 
"NB",1937,3320,11196.39    
"NB",1937,3440,145085.68   
"NB",1937,3610,105439.56   
"NB",1937,3620,471582.51   
"NB",1937,3630,389071.49   
"NB",1937,3670,83807.23    
"NB",1937,3680,1065679.53  
"NB",1937,3690,2759.17     
"NB",1937,3930,3660891.98  
"NB",1937,4150,1965598.41  
"NC",1933,3101,209870.53   
"NC",1933,3110,16251920.37 
"NC",1933,3111,112805.37   
"NC",1933,3113,93926.62    
"NC",1933,3115,139425.18   
"NC",1933,3130,4467860.42  
"NC",1933,3150,1475907.12  
"NC",1933,3160,11440.48    
"NC",1933,3161,5558.24     
"NC",1933,3210,235340.53   
"NC",1933,3220,865078.68   
"NC",1933,3232,40248       
"NC",1933,3240,6496174.8   
"NC",1933,3250,806639.92   
"NC",1933,3251,53744.83    
"NC",1933,3310,20834258.47 
"NC",1933,3340,6315.75     
"NC",1933,3366,2283.19     
"NC",1933,3409,15293.94    
"NC",1933,3420,2558.9      
"NC",1933,3430,950792.4    
"NC",1933,3440,62731.7     
"NC",1933,3450,65286.43    
"NC",1933,3510,323786.94   
"NC",1933,3511,256870.72   
"NC",1933,3520,17039.99    
"NC",1933,3560,302082.32   
"NC",1933,3610,181903.15   
"NC",1933,3620,40298.67    
"NC",1933,3630,353280.14   
"NC",1933,3632,18311.54    
"NC",1933,3640,7451.55     
"NC",1933,3641,283.86      
"NC",1933,3650,289711.44   
"NC",1933,3670,98586.89    
"NC",1933,3680,166475.82   
"NC",1933,3681,18061.91    
"NC",1933,3682,58184.34    
"NC",1933,3684,269920.14   
"NC",1933,3690,78811.92    
"NC",1933,3710,43760.95    
"NC",1933,3730,165478.73   
"NC",1933,3810,1406.25     
"NC",1933,3910,1228.36     
"NC",1933,3911,390152.19   
"NC",1933,3950,5131.81     
"NC",1933,3980,28101.91    
"NC",1933,3990,575         
"NC",1933,4110,266720      
"NC",1933,4130,10004742    
"NC",1933,4150,1147651.32  
"NC",1934,3100,193458.24   
"NC",1934,3101,119610.98   
"NC",1934,3110,16253007.96 
"NC",1934,3111,8277.16     
"NC",1934,3113,174900.39   
"NC",1934,3115,214577.7    
"NC",1934,3130,4243851.25  
"NC",1934,3160,9487.37     
"NC",1934,3161,3998.34     
"NC",1934,3210,182841.76   
"NC",1934,3220,1014951.91  
"NC",1934,3232,40250       
"NC",1934,3240,9221878.66  
"NC",1934,3250,14389.56    
"NC",1934,3251,120957.3    
"NC",1934,3310,24929246.51 
"NC",1934,3340,24850.63    
"NC",1934,3366,2152.97     
"NC",1934,3420,1750        
"NC",1934,3430,432213.59   
"NC",1934,3440,22451.88    
"NC",1934,3450,54646.06    
"NC",1934,3510,262775.43   
"NC",1934,3511,347859.56   
"NC",1934,3520,11645.2     
"NC",1934,3560,285565.12   
"NC",1934,3610,12556.46    
"NC",1934,3620,43712.91    
"NC",1934,3630,333250.22   
"NC",1934,3632,23241.32    
"NC",1934,3640,5534.88     
"NC",1934,3650,378419.4    
"NC",1934,3670,121018.96   
"NC",1934,3680,112793.06   
"NC",1934,3681,27606.47    
"NC",1934,3684,393803.92   
"NC",1934,3690,147791.64   
"NC",1934,3710,26739.18    
"NC",1934,3730,98299.2     
"NC",1934,3810,719358.13   
"NC",1934,3910,284         
"NC",1934,3911,239733.6    
"NC",1934,3919,1931.8      
"NC",1934,3930,237         
"NC",1934,3950,8156.66     
"NC",1934,3980,5325.39     
"NC",1934,3990,600         
"NC",1934,4110,271320      
"NC",1934,4150,4222357.92  
"NC",1935,3100,2533.86     
"NC",1935,3101,135265.24   
"NC",1935,3110,18308960.74 
"NC",1935,3111,102596.7    
"NC",1935,3113,186231.43   
"NC",1935,3115,314263.71   
"NC",1935,3130,5276398.09  
"NC",1935,3161,5172.59     
"NC",1935,3210,180155.21   
"NC",1935,3220,1055170.76  
"NC",1935,3232,40250       
"NC",1935,3240,22091135.66 
"NC",1935,3250,643768.48   
"NC",1935,3251,244730.93   
"NC",1935,3310,20538311.8  
"NC",1935,3340,139006.03   
"NC",1935,3366,2231        
"NC",1935,3420,1750        
"NC",1935,3430,371604.14   
"NC",1935,3440,69408.66    
"NC",1935,3450,165819.55   
"NC",1935,3510,408259.76   
"NC",1935,3511,274816.24   
"NC",1935,3520,11647.59    
"NC",1935,3561,288816.16   
"NC",1935,3610,188765.65   
"NC",1935,3620,44842.77    
"NC",1935,3630,339186.28   
"NC",1935,3632,20594.71    
"NC",1935,3640,7573.86     
"NC",1935,3650,373187.03   
"NC",1935,3670,97063.25    
"NC",1935,3680,143663.82   
"NC",1935,3681,27411.23    
"NC",1935,3684,364979.58   
"NC",1935,3690,132676.11   
"NC",1935,3710,28580.46    
"NC",1935,3730,78827.3     
"NC",1935,3810,595         
"NC",1935,3910,18435.44    
"NC",1935,3911,89661.01    
"NC",1935,3920,12230000    
"NC",1935,3950,17412.78    
"NC",1935,3980,6961.23     
"NC",1935,3990,600         
"NC",1935,4110,271320      
"NC",1935,4130,1425        
"NC",1935,4150,2593699.53  
"NC",1936,3101,121112.31   
"NC",1936,3110,21963604.35 
"NC",1936,3111,131334.55   
"NC",1936,3113,226472.78   
"NC",1936,3115,246620      
"NC",1936,3130,6690162.57  
"NC",1936,3161,8487.69     
"NC",1936,3210,537483.06   
"NC",1936,3220,1736700.57  
"NC",1936,3232,21500       
"NC",1936,3240,6431389.84  
"NC",1936,3250,611092.67   
"NC",1936,3251,191771.76   
"NC",1936,3252,26000       
"NC",1936,3310,22960240.16 
"NC",1936,3340,9167.6      
"NC",1936,3366,2247.8      
"NC",1936,3420,1750        
"NC",1936,3430,391465.53   
"NC",1936,3440,91674.3     
"NC",1936,3450,80182.4     
"NC",1936,3510,466739.65   
"NC",1936,3511,454875.33   
"NC",1936,3520,15886.56    
"NC",1936,3561,376024.74   
"NC",1936,3610,13964.78    
"NC",1936,3620,54313.97    
"NC",1936,3630,364780.75   
"NC",1936,3632,46359.91    
"NC",1936,3640,6905.04     
"NC",1936,3650,511323.47   
"NC",1936,3670,118268.68   
"NC",1936,3680,152218.56   
"NC",1936,3681,177692.44   
"NC",1936,3684,715429.17   
"NC",1936,3690,189767.06   
"NC",1936,3710,49824.96    
"NC",1936,3730,168939.76   
"NC",1936,3810,1500        
"NC",1936,3910,3834.67     
"NC",1936,3911,105629.41   
"NC",1936,3930,72140.13    
"NC",1936,3950,3023.18     
"NC",1936,3980,9265.21     
"NC",1936,3990,600         
"NC",1936,4130,10570       
"NC",1936,4150,4923767.2   
"NC",1937,3101,112117.48   
"NC",1937,3110,24019557.06 
"NC",1937,3111,188413.97   
"NC",1937,3113,240348.33   
"NC",1937,3115,472573.55   
"NC",1937,3130,7065029.06  
"NC",1937,3161,9681.79     
"NC",1937,3210,501203.8    
"NC",1937,3220,2811919.17  
"NC",1937,3232,47500       
"NC",1937,3240,5838527.94  
"NC",1937,3250,571953.73   
"NC",1937,3251,371957.42   
"NC",1937,3310,28854312.91 
"NC",1937,3340,4294.56     
"NC",1937,3366,2330.53     
"NC",1937,3420,1750        
"NC",1937,3430,298563.4    
"NC",1937,3440,105609.1    
"NC",1937,3450,76888.56    
"NC",1937,3510,567397.3    
"NC",1937,3511,467414.71   
"NC",1937,3520,20199.3     
"NC",1937,3560,953.8       
"NC",1937,3561,382729.78   
"NC",1937,3610,199297.12   
"NC",1937,3620,57551.56    
"NC",1937,3630,371569.51   
"NC",1937,3632,40241.54    
"NC",1937,3640,9665.38     
"NC",1937,3641,285.7       
"NC",1937,3650,527677.6    
"NC",1937,3670,121046.96   
"NC",1937,3680,183697.39   
"NC",1937,3681,122753.75   
"NC",1937,3684,802805.75   
"NC",1937,3690,467465.4    
"NC",1937,3710,41586.95    
"NC",1937,3810,1500        
"NC",1937,3910,11825.2     
"NC",1937,3911,129207.94   
"NC",1937,3930,175574.28   
"NC",1937,3950,4341.22     
"NC",1937,3980,7210.48     
"NC",1937,3990,600         
"NC",1937,4110,271320      
"NC",1937,4130,4850.93     
"NC",1937,4150,1884713.98  
"ND",1933,3101,20549.66    
"ND",1933,3110,2445943.77  
"ND",1933,3111,38039.19    
"ND",1933,3113,75292       
"ND",1933,3130,1073390.12  
"ND",1933,3160,12216.1     
"ND",1933,3210,130494.93   
"ND",1933,3220,19606.94    
"ND",1933,3230,82286.26    
"ND",1933,3231,45932.58    
"ND",1933,3232,3880        
"ND",1933,3241,9799.73     
"ND",1933,3250,84187.39    
"ND",1933,3310,4751231.28  
"ND",1933,3313,223384.78   
"ND",1933,3330,59935.86    
"ND",1933,3360,10193.48    
"ND",1933,3410,8574.77     
"ND",1933,3420,39722.6     
"ND",1933,3430,278576.14   
"ND",1933,3440,223287.15   
"ND",1933,3450,46960.44    
"ND",1933,3510,158897.52   
"ND",1933,3511,92476.29    
"ND",1933,3520,10758.21    
"ND",1933,3560,33225.44    
"ND",1933,3610,117007.36   
"ND",1933,3620,37968.17    
"ND",1933,3630,188716.98   
"ND",1933,3640,98.2        
"ND",1933,3650,112628.45   
"ND",1933,3670,1557267.9   
"ND",1933,3680,43813.71    
"ND",1933,3681,1748.77     
"ND",1933,3684,62394.75    
"ND",1933,3690,644527.52   
"ND",1933,3801,434676.78   
"ND",1933,3802,118860.78   
"ND",1933,3810,220198.67   
"ND",1933,3910,36012.81    
"ND",1933,3911,1169.89     
"ND",1933,3930,606702.53   
"ND",1933,3950,49805.08    
"ND",1933,3951,4479.63     
"ND",1933,3980,2334634.09  
"ND",1933,3995,17220.69    
"ND",1933,4010,2096519.24  
"ND",1933,4120,472112.5    
"ND",1933,4130,51400       
"ND",1933,4160,1375        
"ND",1934,3101,18221.72    
"ND",1934,3110,2110246.6   
"ND",1934,3111,63285.81    
"ND",1934,3113,110879.21   
"ND",1934,3130,940750.99   
"ND",1934,3160,8977.14     
"ND",1934,3210,56372.39    
"ND",1934,3220,85023.25    
"ND",1934,3230,14182.13    
"ND",1934,3231,55486.57    
"ND",1934,3232,6607        
"ND",1934,3241,8288.05     
"ND",1934,3250,72657       
"ND",1934,3310,5620901.81  
"ND",1934,3313,14184.01    
"ND",1934,3330,56628.76    
"ND",1934,3360,4159.22     
"ND",1934,3410,121.23      
"ND",1934,3420,33217.44    
"ND",1934,3430,326322.73   
"ND",1934,3440,262476.2    
"ND",1934,3450,25894.76    
"ND",1934,3501,19319.92    
"ND",1934,3510,107681.46   
"ND",1934,3511,49582.81    
"ND",1934,3520,20080.6     
"ND",1934,3560,8074.54     
"ND",1934,3610,230.1       
"ND",1934,3620,25923.97    
"ND",1934,3630,127926.09   
"ND",1934,3650,94883.55    
"ND",1934,3660,200         
"ND",1934,3670,969074.36   
"ND",1934,3680,68561.39    
"ND",1934,3681,1706.54     
"ND",1934,3684,14067.96    
"ND",1934,3690,555245.99   
"ND",1934,3750,71599.45    
"ND",1934,3801,1105143.73  
"ND",1934,3802,133171.16   
"ND",1934,3810,225187.24   
"ND",1934,3911,1779.97     
"ND",1934,3930,655000      
"ND",1934,3950,260969.6    
"ND",1934,3951,12291.5     
"ND",1934,3980,1760222.94  
"ND",1934,3995,2516.04     
"ND",1934,4010,2075589.29  
"ND",1934,4120,3733230     
"ND",1934,4130,156219.02   
"ND",1935,3101,19709.71    
"ND",1935,3110,2251691.09  
"ND",1935,3111,33073.12    
"ND",1935,3113,152522.87   
"ND",1935,3130,869848.66   
"ND",1935,3150,306559.21   
"ND",1935,3160,8561.78     
"ND",1935,3201,442.59      
"ND",1935,3210,18025.33    
"ND",1935,3220,48748.49    
"ND",1935,3230,17334.4     
"ND",1935,3231,56283.46    
"ND",1935,3232,3393        
"ND",1935,3240,23289.76    
"ND",1935,3241,9854.78     
"ND",1935,3250,76780.64    
"ND",1935,3310,6649318.83  
"ND",1935,3313,1252.81     
"ND",1935,3330,62438.06    
"ND",1935,3360,2733.68     
"ND",1935,3410,887.81      
"ND",1935,3420,31977.75    
"ND",1935,3430,436968.84   
"ND",1935,3440,264838.98   
"ND",1935,3450,65665.49    
"ND",1935,3510,91965.59    
"ND",1935,3511,43357.23    
"ND",1935,3520,35243.1     
"ND",1935,3560,11865.74    
"ND",1935,3610,124914.89   
"ND",1935,3620,21336.89    
"ND",1935,3630,98186.6     
"ND",1935,3632,25899.63    
"ND",1935,3650,88868.3     
"ND",1935,3670,307812.23   
"ND",1935,3680,61111.18    
"ND",1935,3681,1691.92     
"ND",1935,3684,15990.73    
"ND",1935,3690,428036.26   
"ND",1935,3750,47953.46    
"ND",1935,3760,37783.93    
"ND",1935,3801,1817983     
"ND",1935,3802,133330.59   
"ND",1935,3810,168471.35   
"ND",1935,3911,1608.2      
"ND",1935,3930,735000      
"ND",1935,3950,4874.15     
"ND",1935,3951,14807.55    
"ND",1935,3980,2082251.77  
"ND",1935,4000,1851629.63  
"ND",1935,4010,50839.01    
"ND",1935,4120,6549185.11  
"ND",1935,4130,1044401.11  
"ND",1936,3101,25391.15    
"ND",1936,3110,1914167.91  
"ND",1936,3111,75704.15    
"ND",1936,3113,116375.24   
"ND",1936,3130,876936.9    
"ND",1936,3150,1685974.35  
"ND",1936,3160,8539.21     
"ND",1936,3201,447040.88   
"ND",1936,3210,24834.29    
"ND",1936,3220,249677.16   
"ND",1936,3230,3909.53     
"ND",1936,3231,251640.52   
"ND",1936,3232,6125        
"ND",1936,3240,41162.48    
"ND",1936,3241,12397.13    
"ND",1936,3250,74417.52    
"ND",1936,3310,5527973.1   
"ND",1936,3313,83891.66    
"ND",1936,3330,76413.15    
"ND",1936,3360,7832.62     
"ND",1936,3410,26371.83    
"ND",1936,3420,36752       
"ND",1936,3430,564618.21   
"ND",1936,3440,289801.18   
"ND",1936,3450,46493.15    
"ND",1936,3510,97895.6     
"ND",1936,3511,51185.85    
"ND",1936,3520,15786.55    
"ND",1936,3560,29726.7     
"ND",1936,3610,19026.59    
"ND",1936,3620,28548.91    
"ND",1936,3630,105080.38   
"ND",1936,3632,25361.25    
"ND",1936,3650,104651.51   
"ND",1936,3670,10262.7     
"ND",1936,3680,31950.83    
"ND",1936,3681,2991.29     
"ND",1936,3684,190965.91   
"ND",1936,3690,1015843.32  
"ND",1936,3750,636395.36   
"ND",1936,3760,76939.2     
"ND",1936,3801,2274577.74  
"ND",1936,3802,564701.15   
"ND",1936,3810,187927.01   
"ND",1936,3910,16310.96    
"ND",1936,3911,551         
"ND",1936,3930,720000      
"ND",1936,3950,4079.05     
"ND",1936,3951,15669.19    
"ND",1936,3980,4918399.03  
"ND",1936,3995,79.48       
"ND",1936,4120,6839680.69  
"ND",1936,4130,168800      
"ND",1937,3101,12387.31    
"ND",1937,3110,2069762.49  
"ND",1937,3111,71370.88    
"ND",1937,3113,116548.01   
"ND",1937,3130,967282.95   
"ND",1937,3150,1598650.79  
"ND",1937,3160,10421.47    
"ND",1937,3210,807487.85   
"ND",1937,3220,33937.29    
"ND",1937,3230,72097.76    
"ND",1937,3232,3875        
"ND",1937,3240,66279.34    
"ND",1937,3241,7182.43     
"ND",1937,3250,77254.34    
"ND",1937,3310,8951144.04  
"ND",1937,3313,67574.83    
"ND",1937,3330,77588.28    
"ND",1937,3410,41135.13    
"ND",1937,3420,33520.29    
"ND",1937,3430,347779.39   
"ND",1937,3440,276809.57   
"ND",1937,3450,27574.22    
"ND",1937,3510,148484.46   
"ND",1937,3511,178031.11   
"ND",1937,3520,13720.61    
"ND",1937,3560,149752.58   
"ND",1937,3610,135545.61   
"ND",1937,3620,27637.67    
"ND",1937,3630,122167.3    
"ND",1937,3640,200         
"ND",1937,3650,91031.41    
"ND",1937,3670,80497.2     
"ND",1937,3680,22298.95    
"ND",1937,3681,2092.68     
"ND",1937,3684,128739.09   
"ND",1937,3690,523043.83   
"ND",1937,3750,857101.02   
"ND",1937,3801,158898.8    
"ND",1937,3802,1264761.75  
"ND",1937,3810,218005.32   
"ND",1937,3910,17916.12    
"ND",1937,3911,396.52      
"ND",1937,3930,780000      
"ND",1937,3950,489096.8    
"ND",1937,3951,15398.09    
"ND",1937,3980,5133425.75  
"ND",1937,4120,4635950.04  
"ND",1937,4130,54135.72    
"NV",1933,3110,712853.99   
"NV",1933,3130,295853.14   
"NV",1933,3140,15000       
"NV",1933,3210,812.5       
"NV",1933,3220,73.23       
"NV",1933,3240,1010.52     
"NV",1933,3310,3784730.61  
"NV",1933,3360,881.18      
"NV",1933,3500,45803.29    
"NV",1933,3510,73886.43    
"NV",1933,3630,53093.59    
"NV",1933,3640,1100        
"NV",1933,3680,365.92      
"NV",1933,3690,1934.44     
"NV",1933,3810,17652.88    
"NV",1933,3900,760016.73   
"NV",1933,3990,701.87      
"NV",1933,4010,4390.72     
"NV",1933,4130,231295.93   
"NV",1934,3110,677224.35   
"NV",1934,3130,261355.21   
"NV",1934,3140,12085.8     
"NV",1934,3210,93125       
"NV",1934,3240,298.38      
"NV",1934,3310,310905.04   
"NV",1934,3360,1038.17     
"NV",1934,3500,2892546.64  
"NV",1934,3510,67334.11    
"NV",1934,3630,53739.75    
"NV",1934,3680,557.43      
"NV",1934,3690,1086.4      
"NV",1934,3810,17995.96    
"NV",1934,3900,665974.2    
"NV",1934,4010,12018.2     
"NV",1934,4110,11755.31    
"NV",1934,4130,95156.25    
"NV",1935,3110,657805.62   
"NV",1935,3130,349283.41   
"NV",1935,3140,34903.97    
"NV",1935,3240,52229.57    
"NV",1935,3310,213961.66   
"NV",1935,3360,1516.37     
"NV",1935,3500,1569047.07  
"NV",1935,3510,70473       
"NV",1935,3630,54249.97    
"NV",1935,3640,7000        
"NV",1935,3680,468.65      
"NV",1935,3690,1752.11     
"NV",1935,3810,20399.88    
"NV",1935,3900,735073.04   
"NV",1935,3950,1616.43     
"NV",1935,4010,73394.02    
"NV",1935,4130,87846.25    
"NV",1936,3110,980882.57   
"NV",1936,3130,244948.69   
"NV",1936,3140,59039.73    
"NV",1936,3240,260214.8    
"NV",1936,3310,87356.64    
"NV",1936,3360,1316.47     
"NV",1936,3500,2679727.71  
"NV",1936,3510,73183.38    
"NV",1936,3630,53000       
"NV",1936,3680,114.5       
"NV",1936,3690,1942.91     
"NV",1936,3810,3167.46     
"NV",1936,3900,736412.1    
"NV",1936,3950,6017.57     
"NV",1936,3990,235.72      
"NV",1936,4010,52469.01    
"NV",1936,4110,2000        
"NV",1936,4130,89465.98    
"NV",1937,3110,611832.23   
"NV",1937,3130,304291.19   
"NV",1937,3140,49387.16    
"NV",1937,3240,86882.58    
"NV",1937,3310,110482.53   
"NV",1937,3360,1838.69     
"NV",1937,3500,3836402.98  
"NV",1937,3510,72741.93    
"NV",1937,3630,52666.67    
"NV",1937,3640,750         
"NV",1937,3680,4           
"NV",1937,3690,1747.86     
"NV",1937,3900,812198.21   
"NV",1937,3950,5883.92     
"NV",1937,3990,220.5       
"NV",1937,4010,15764.76    
"NV",1937,4110,2000        
"NV",1937,4130,83744.55    
"OH",1933,3100,133252.35   
"OH",1933,3101,22711.82    
"OH",1933,3102,27687.57    
"OH",1933,3110,86752.13    
"OH",1933,3111,726428.01   
"OH",1933,3112,115.35      
"OH",1933,3113,1053548.45  
"OH",1933,3114,6350431.78  
"OH",1933,3130,7860912.24  
"OH",1933,3160,26020.52    
"OH",1933,3210,10672678.29 
"OH",1933,3240,175000      
"OH",1933,3250,597891.99   
"OH",1933,3310,20440251.58 
"OH",1933,3320,9397.77     
"OH",1933,3340,4826.81     
"OH",1933,3360,90844.85    
"OH",1933,3410,65892.4     
"OH",1933,3430,264679.28   
"OH",1933,3440,313989.86   
"OH",1933,3450,857720.68   
"OH",1933,3510,1471815.9   
"OH",1933,3520,78866.84    
"OH",1933,3560,493925.2    
"OH",1933,3610,703646.25   
"OH",1933,3620,146473.28   
"OH",1933,3630,898965.69   
"OH",1933,3640,736.44      
"OH",1933,3650,1334101.32  
"OH",1933,3670,1732994.82  
"OH",1933,3680,82789.11    
"OH",1933,3681,485872.75   
"OH",1933,3684,495200.79   
"OH",1933,3690,1186404.38  
"OH",1933,3710,133531.23   
"OH",1933,3930,30894123.54 
"OH",1933,3950,1493325.68  
"OH",1933,3980,58630.69    
"OH",1933,3990,4697.81     
"OH",1933,4010,325120.88   
"OH",1933,4110,665         
"OH",1933,4115,1129.92     
"OH",1933,4140,20000       
"OH",1934,3100,14319.14    
"OH",1934,3101,26046.95    
"OH",1934,3102,26416.7     
"OH",1934,3110,111796.88   
"OH",1934,3111,674164.45   
"OH",1934,3113,916337.49   
"OH",1934,3114,14341698.36 
"OH",1934,3130,8009456.2   
"OH",1934,3160,23543.67    
"OH",1934,3210,15963395.93 
"OH",1934,3220,83366.68    
"OH",1934,3240,425000      
"OH",1934,3250,612079.23   
"OH",1934,3310,34413330.96 
"OH",1934,3320,11314.2     
"OH",1934,3340,2129.96     
"OH",1934,3360,128216.1    
"OH",1934,3410,416366.95   
"OH",1934,3430,254678      
"OH",1934,3440,709988.86   
"OH",1934,3450,496810.4    
"OH",1934,3510,1797888.94  
"OH",1934,3520,39319.44    
"OH",1934,3560,360989.98   
"OH",1934,3610,235402.22   
"OH",1934,3620,149479.89   
"OH",1934,3630,916156.68   
"OH",1934,3650,2193677.17  
"OH",1934,3670,474707.02   
"OH",1934,3681,858040.57   
"OH",1934,3684,630730.51   
"OH",1934,3690,961108.19   
"OH",1934,3930,49691564.45 
"OH",1934,3950,2335238.59  
"OH",1934,3980,29936.39    
"OH",1934,3990,1628.79     
"OH",1934,4010,342376.6    
"OH",1934,4115,1129.92     
"PA",1933,3110,40393228.08 
"PA",1933,3111,7448.6      
"PA",1933,3210,17191656.25 
"PA",1933,3240,48744119.88 
"PA",1933,3310,55316308.63 
"PA",1933,3410,1187657.86  
"PA",1933,3420,1562.42     
"PA",1933,3430,770166.24   
"PA",1933,3450,1258427.72  
"PA",1933,3510,4186279.56  
"PA",1933,3511,2213092.81  
"PA",1933,3560,1952901.75  
"PA",1933,3610,1535752.08  
"PA",1933,3620,416694.63   
"PA",1933,3630,2861702.54  
"PA",1933,3650,3570832.84  
"PA",1933,3680,872676.63   
"PA",1933,3681,1130918     
"PA",1933,3682,260721.78   
"PA",1933,3683,3111641.84  
"PA",1933,3690,7785696.38  
"PA",1933,3810,3920808.98  
"PA",1933,3930,5957531.7   
"PA",1933,3980,4573.68     
"PA",1933,4010,172352.6    
"PA",1933,4130,3852930     
"PA",1933,4150,18068330    
"PA",1933,4160,661240.43   
"PA",1934,3110,42117726.01 
"PA",1934,3210,54605864.65 
"PA",1934,3240,65166620.64 
"PA",1934,3250,34183387.75 
"PA",1934,3310,53179852.76 
"PA",1934,3410,1244498.18  
"PA",1934,3430,990039.13   
"PA",1934,3440,2028291.47  
"PA",1934,3450,1147119.7   
"PA",1934,3510,3800571.56  
"PA",1934,3511,1702329.5   
"PA",1934,3560,1820293.13  
"PA",1934,3610,436895.37   
"PA",1934,3620,323696.73   
"PA",1934,3630,2866998.32  
"PA",1934,3650,3063100.14  
"PA",1934,3680,797493.24   
"PA",1934,3681,970055.24   
"PA",1934,3682,236910.24   
"PA",1934,3683,262042.13   
"PA",1934,3690,4823881.64  
"PA",1934,3730,12914656.5  
"PA",1934,3810,4413186.98  
"PA",1934,3930,7838723.35  
"PA",1934,3980,69574.94    
"PA",1934,4010,204444.63   
"PA",1934,4130,6168980     
"PA",1934,4150,24568400    
"PA",1934,4160,431234.7    
"PA",1935,3110,36162096.11 
"PA",1935,3210,34529136.84 
"PA",1935,3240,166571023.82
"PA",1935,3250,9579225.56  
"PA",1935,3310,79126286.21 
"PA",1935,3410,1280026.63  
"PA",1935,3430,876708.59   
"PA",1935,3440,100915.72   
"PA",1935,3450,1260469.29  
"PA",1935,3510,3015761.19  
"PA",1935,3511,1651905.41  
"PA",1935,3560,1849674.96  
"PA",1935,3610,1093520.51  
"PA",1935,3620,283525.4    
"PA",1935,3630,2805419.87  
"PA",1935,3650,3328110.54  
"PA",1935,3680,732749.03   
"PA",1935,3681,1040125.06  
"PA",1935,3682,264178.27   
"PA",1935,3683,269009.22   
"PA",1935,3690,4223202.66  
"PA",1935,3730,47293999.38 
"PA",1935,3810,5306295.36  
"PA",1935,3930,3297938.86  
"PA",1935,3980,79375.71    
"PA",1935,4010,1726312.2   
"PA",1935,4130,12208370    
"PA",1935,4150,15055000    
"PA",1935,4160,907774.1    
"PA",1936,3110,44413390.26 
"PA",1936,3210,98806436.09 
"PA",1936,3240,84643285.21 
"PA",1936,3250,544028.48   
"PA",1936,3310,45343215.17 
"PA",1936,3360,0           
"PA",1936,3410,1266456.65  
"PA",1936,3430,854613.85   
"PA",1936,3440,163150.86   
"PA",1936,3450,1198846.97  
"PA",1936,3510,2820984     
"PA",1936,3511,1304286.05  
"PA",1936,3560,2270811.99  
"PA",1936,3610,539066.62   
"PA",1936,3620,271747.96   
"PA",1936,3630,2898435.85  
"PA",1936,3650,4177604.73  
"PA",1936,3680,706573.98   
"PA",1936,3681,991934.88   
"PA",1936,3682,300541.53   
"PA",1936,3683,248867.01   
"PA",1936,3690,3541168.22  
"PA",1936,3710,0           
"PA",1936,3730,58736337.31 
"PA",1936,3810,6605065.49  
"PA",1936,3920,68221.08    
"PA",1936,3930,16030460.13 
"PA",1936,3950,0           
"PA",1936,3980,448346.06   
"PA",1936,4010,1708978.05  
"PA",1936,4130,6865515     
"PA",1936,4150,27153661.3  
"PA",1936,4160,662833.67   
"PA",1937,3110,46820721.56 
"PA",1937,3210,97948062.17 
"PA",1937,3240,6067706.38  
"PA",1937,3250,309406.64   
"PA",1937,3310,74050834.5  
"PA",1937,3360,3948.3      
"PA",1937,3410,1242956.25  
"PA",1937,3430,1009308.9   
"PA",1937,3440,227894.68   
"PA",1937,3450,1173973.17  
"PA",1937,3510,3120562.13  
"PA",1937,3511,1199007.88  
"PA",1937,3560,2921817.71  
"PA",1937,3610,1376135.92  
"PA",1937,3620,295094.48   
"PA",1937,3630,2906439.17  
"PA",1937,3650,5402157.77  
"PA",1937,3680,778385.75   
"PA",1937,3681,1121063.42  
"PA",1937,3682,276649.03   
"PA",1937,3683,268343.57   
"PA",1937,3690,3987530.34  
"PA",1937,3710,17578.51    
"PA",1937,3730,62259618.75 
"PA",1937,3810,6537951.97  
"PA",1937,3920,58239.22    
"PA",1937,3930,11630916.41 
"PA",1937,3950,333.87      
"PA",1937,3980,11453393.81 
"PA",1937,4010,2005400.02  
"PA",1937,4130,116652425.65
"PA",1937,4150,29274600    
"PA",1937,4160,1107964.73  
"SC",1933,3101,98455.77    
"SC",1933,3110,3718051.92  
"SC",1933,3111,8183.84     
"SC",1933,3113,36267.61    
"SC",1933,3130,425380.69   
"SC",1933,3160,1601.37     
"SC",1933,3210,5796.46     
"SC",1933,3220,325416.3    
"SC",1933,3240,1268762.44  
"SC",1933,3250,2706.02     
"SC",1933,3310,6474803.63  
"SC",1933,3330,49139.64    
"SC",1933,3350,6926.07     
"SC",1933,3420,68536.27    
"SC",1933,3430,144241.8    
"SC",1933,3440,3661.79     
"SC",1933,3450,22682.36    
"SC",1933,3510,88806.33    
"SC",1933,3511,164441.79   
"SC",1933,3512,15000       
"SC",1933,3520,1929.32     
"SC",1933,3560,41276.18    
"SC",1933,3610,122973.77   
"SC",1933,3620,26324.7     
"SC",1933,3630,103624.02   
"SC",1933,3640,4542.8      
"SC",1933,3650,256563.46   
"SC",1933,3670,4280.32     
"SC",1933,3680,13545.4     
"SC",1933,3682,9690.46     
"SC",1933,3684,17177.22    
"SC",1933,3690,44178.13    
"SC",1933,3910,6005.45     
"SC",1933,3911,28090.51    
"SC",1933,3930,423992.15   
"SC",1933,3950,122714.62   
"SC",1933,3980,2750.31     
"SC",1933,3990,847.95      
"SC",1933,4001,73787.18    
"SC",1933,4002,476758.7    
"SC",1933,4010,172222.25   
"SC",1933,4011,490052.5    
"SC",1933,4020,761028.23   
"SC",1933,4115,6398107.1   
"SC",1933,4120,2244116.81  
"SC",1933,4121,1123700.32  
"SC",1933,4122,40000       
"SC",1933,4130,5870        
"SC",1934,3101,42597.78    
"SC",1934,3110,3174024.86  
"SC",1934,3111,171895.23   
"SC",1934,3113,70134.16    
"SC",1934,3130,805377.05   
"SC",1934,3160,3851.26     
"SC",1934,3210,12583.11    
"SC",1934,3220,1020411.48  
"SC",1934,3240,992215.47   
"SC",1934,3241,2024119.59  
"SC",1934,3250,537237.78   
"SC",1934,3310,12335414.43 
"SC",1934,3330,81733.45    
"SC",1934,3340,657.63      
"SC",1934,3350,50984.7     
"SC",1934,3360,876.33      
"SC",1934,3420,143459.49   
"SC",1934,3430,281152.29   
"SC",1934,3440,7449.71     
"SC",1934,3450,46222.32    
"SC",1934,3510,223349.17   
"SC",1934,3511,325533.65   
"SC",1934,3520,4342.29     
"SC",1934,3560,98626.67    
"SC",1934,3610,139633.41   
"SC",1934,3620,42971.62    
"SC",1934,3630,183584.49   
"SC",1934,3640,28197.35    
"SC",1934,3650,618735.35   
"SC",1934,3670,8768.15     
"SC",1934,3680,42557.82    
"SC",1934,3682,14408.89    
"SC",1934,3684,56941.54    
"SC",1934,3690,122341.8    
"SC",1934,3910,14047.59    
"SC",1934,3911,288770.26   
"SC",1934,3930,1384523.19  
"SC",1934,3950,377868.24   
"SC",1934,3951,97059.15    
"SC",1934,3980,10376.09    
"SC",1934,3990,1561.08     
"SC",1934,4001,52618.33    
"SC",1934,4002,760262.62   
"SC",1934,4010,422833.65   
"SC",1934,4011,1370060     
"SC",1934,4115,138551.09   
"SC",1934,4120,4682979.66  
"SC",1934,4121,290403.39   
"SC",1934,4122,31760       
"SC",1934,4130,754130      
"SC",1934,4150,600000      
"SC",1934,4180,887.6       
"SC",1935,3101,46494.36    
"SC",1935,3110,6017136.68  
"SC",1935,3111,134391.18   
"SC",1935,3113,75000       
"SC",1935,3130,901225.83   
"SC",1935,3160,3718.19     
"SC",1935,3210,19615.51    
"SC",1935,3220,897342.2    
"SC",1935,3240,17641.49    
"SC",1935,3241,3785109.41  
"SC",1935,3250,472293.02   
"SC",1935,3310,20016900.51 
"SC",1935,3330,115714.24   
"SC",1935,3340,2434.59     
"SC",1935,3350,135303.55   
"SC",1935,3410,3211.9      
"SC",1935,3420,118962.47   
"SC",1935,3430,449023.84   
"SC",1935,3440,6312.51     
"SC",1935,3450,200808.63   
"SC",1935,3510,245504.88   
"SC",1935,3511,249478.17   
"SC",1935,3520,3579.49     
"SC",1935,3560,96633.63    
"SC",1935,3610,196234.19   
"SC",1935,3620,43505.71    
"SC",1935,3630,348868.83   
"SC",1935,3640,46106.51    
"SC",1935,3650,789255.82   
"SC",1935,3651,39539.99    
"SC",1935,3670,7720.45     
"SC",1935,3680,41600.49    
"SC",1935,3682,17429.93    
"SC",1935,3684,29632.45    
"SC",1935,3690,100673.8    
"SC",1935,3710,6209.44     
"SC",1935,3910,12288.71    
"SC",1935,3911,157800.96   
"SC",1935,3920,137634.17   
"SC",1935,3930,1628646.11  
"SC",1935,3950,738343.86   
"SC",1935,3952,62466.26    
"SC",1935,3980,25524.07    
"SC",1935,3990,1536.5      
"SC",1935,4001,620538.25   
"SC",1935,4002,5017636.89  
"SC",1935,4010,325258.4    
"SC",1935,4011,1259555.25  
"SC",1935,4115,140967.92   
"SC",1935,4120,1413957     
"SC",1935,4121,4907440.72  
"SC",1935,4122,52620       
"SC",1935,4130,2200000     
"SC",1935,4180,8378.92     
"SC",1936,3101,63985.58    
"SC",1936,3110,8537329.76  
"SC",1936,3111,113958.21   
"SC",1936,3113,104282.86   
"SC",1936,3130,992672.11   
"SC",1936,3160,4074.64     
"SC",1936,3210,68075.21    
"SC",1936,3220,1331362.14  
"SC",1936,3240,25          
"SC",1936,3241,2490486.33  
"SC",1936,3250,446741.65   
"SC",1936,3310,9505728.09  
"SC",1936,3320,10237.84    
"SC",1936,3330,6249.46     
"SC",1936,3340,8800.57     
"SC",1936,3350,90521.39    
"SC",1936,3410,58451.81    
"SC",1936,3420,285020.19   
"SC",1936,3430,528720.19   
"SC",1936,3440,8201.23     
"SC",1936,3450,46468.82    
"SC",1936,3510,329929.17   
"SC",1936,3511,267924.07   
"SC",1936,3520,5980.5      
"SC",1936,3550,51053.51    
"SC",1936,3560,152994.45   
"SC",1936,3610,232516.2    
"SC",1936,3620,47520.16    
"SC",1936,3630,258249.69   
"SC",1936,3640,20884.01    
"SC",1936,3650,999509.94   
"SC",1936,3651,1408948.76  
"SC",1936,3670,8542.03     
"SC",1936,3680,25049.09    
"SC",1936,3681,514.23      
"SC",1936,3682,18418.68    
"SC",1936,3684,35146.39    
"SC",1936,3690,164621.85   
"SC",1936,3710,131138.73   
"SC",1936,3910,22195.48    
"SC",1936,3911,280746.74   
"SC",1936,3930,1703103.22  
"SC",1936,3950,556799.6    
"SC",1936,3952,53157.52    
"SC",1936,3980,6212.89     
"SC",1936,3990,2715.22     
"SC",1936,4001,108535.23   
"SC",1936,4002,814651.25   
"SC",1936,4010,261810.69   
"SC",1936,4011,1245042.5   
"SC",1936,4115,83576.09    
"SC",1936,4120,5608565.75  
"SC",1936,4121,4653350.17  
"SC",1936,4122,27120       
"SC",1936,4130,2925000     
"SC",1936,4180,179.1       
"SC",1937,3101,92132.51    
"SC",1937,3110,5658587.24  
"SC",1937,3111,121222.84   
"SC",1937,3113,95424.03    
"SC",1937,3130,1116361.1   
"SC",1937,3160,5001.42     
"SC",1937,3210,178481.98   
"SC",1937,3220,1824275.04  
"SC",1937,3240,3685502.54  
"SC",1937,3250,378171      
"SC",1937,3310,9659807.39  
"SC",1937,3320,29424.76    
"SC",1937,3340,1485.27     
"SC",1937,3410,9348.79     
"SC",1937,3420,216964.93   
"SC",1937,3430,615616.9    
"SC",1937,3440,11954.08    
"SC",1937,3450,47316.55    
"SC",1937,3510,340014.24   
"SC",1937,3511,301621.79   
"SC",1937,3520,6820.86     
"SC",1937,3526,426         
"SC",1937,3550,205653.3    
"SC",1937,3560,151019.62   
"SC",1937,3610,212455.88   
"SC",1937,3620,92010.94    
"SC",1937,3630,252174.22   
"SC",1937,3640,46824.62    
"SC",1937,3650,474961.08   
"SC",1937,3651,58.31       
"SC",1937,3670,8502.59     
"SC",1937,3680,41622.06    
"SC",1937,3681,26072.82    
"SC",1937,3682,20929.18    
"SC",1937,3684,1800.97     
"SC",1937,3690,179227.03   
"SC",1937,3710,176092.09   
"SC",1937,3910,17097.93    
"SC",1937,3911,203951.69   
"SC",1937,3930,3087083.35  
"SC",1937,3950,837323.75   
"SC",1937,3951,29969.6     
"SC",1937,3952,72749.27    
"SC",1937,3980,13734.13    
"SC",1937,3990,2374.72     
"SC",1937,4001,121820.19   
"SC",1937,4002,1225590.44  
"SC",1937,4010,171220.45   
"SC",1937,4011,1323887.5   
"SC",1937,4115,138177.93   
"SC",1937,4120,33450       
"SC",1937,4121,3556359.87  
"SC",1937,4122,53000       
"SC",1937,4130,400000      
"SD",1933,3110,192940.86   
"SD",1933,3112,57697.76    
"SD",1933,3113,5807.25     
"SD",1933,3114,1064635.37  
"SD",1933,3130,252325.95   
"SD",1933,3210,9771.09     
"SD",1933,3220,100.36      
"SD",1933,3230,5710.03     
"SD",1933,3241,8205.76     
"SD",1933,3250,4669.07     
"SD",1933,3310,5346704.22  
"SD",1933,3313,25678.75    
"SD",1933,3350,16616.9     
"SD",1933,3420,18001.08    
"SD",1933,3430,10352.77    
"SD",1933,3440,6971.08     
"SD",1933,3450,10529.68    
"SD",1933,3510,186183.93   
"SD",1933,3511,78392.02    
"SD",1933,3520,7101.66     
"SD",1933,3560,4032.27     
"SD",1933,3640,81898.71    
"SD",1933,3650,79965.39    
"SD",1933,3670,127632.38   
"SD",1933,3680,22371.12    
"SD",1933,3682,23166.35    
"SD",1933,3684,1213779.4   
"SD",1933,3690,333597.76   
"SD",1933,3801,71118.94    
"SD",1933,3802,41922.02    
"SD",1933,3950,1746.81     
"SD",1933,3951,274253.1    
"SD",1933,3955,6542939.74  
"SD",1933,3956,360000      
"SD",1933,3958,1984.79     
"SD",1933,3959,214928.4    
"SD",1933,3980,3669270.24  
"SD",1933,4110,1103781.25  
"SD",1934,3110,251057.98   
"SD",1934,3112,68620.24    
"SD",1934,3113,5987.27     
"SD",1934,3114,1422705.92  
"SD",1934,3130,214546.37   
"SD",1934,3210,109.38      
"SD",1934,3220,1165.38     
"SD",1934,3230,945.57      
"SD",1934,3240,16639.88    
"SD",1934,3241,7079.43     
"SD",1934,3250,4658.35     
"SD",1934,3310,5102546.36  
"SD",1934,3313,43153.39    
"SD",1934,3350,12408.91    
"SD",1934,3420,13585.88    
"SD",1934,3430,14415.85    
"SD",1934,3440,13153.34    
"SD",1934,3450,442.25      
"SD",1934,3510,152027.49   
"SD",1934,3511,31446.17    
"SD",1934,3520,14920.42    
"SD",1934,3560,4007.06     
"SD",1934,3630,4652.3      
"SD",1934,3650,119678.46   
"SD",1934,3680,17730.23    
"SD",1934,3682,21284.67    
"SD",1934,3684,91584.67    
"SD",1934,3690,228524.66   
"SD",1934,3800,190.62      
"SD",1934,3801,153503.25   
"SD",1934,3802,96848.8     
"SD",1934,3911,241877.55   
"SD",1934,3930,90532.17    
"SD",1934,3951,251928.36   
"SD",1934,3955,1513484.96  
"SD",1934,3956,510000      
"SD",1934,3958,2503.97     
"SD",1934,3959,275839.12   
"SD",1934,3980,2787876.22  
"SD",1934,4110,6903043.96  
"SD",1935,3110,359692.79   
"SD",1935,3112,65931.46    
"SD",1935,3113,17560.32    
"SD",1935,3114,2028329.39  
"SD",1935,3130,332213.49   
"SD",1935,3210,3770.87     
"SD",1935,3230,10874.94    
"SD",1935,3240,10043.71    
"SD",1935,3241,7023.39     
"SD",1935,3250,1735.94     
"SD",1935,3310,6879078.02  
"SD",1935,3313,6362.24     
"SD",1935,3350,11053.25    
"SD",1935,3410,4685.92     
"SD",1935,3420,14118.77    
"SD",1935,3430,14733.72    
"SD",1935,3440,14848.51    
"SD",1935,3450,592.22      
"SD",1935,3510,112186.76   
"SD",1935,3511,53044       
"SD",1935,3520,17476.7     
"SD",1935,3560,3213.82     
"SD",1935,3630,4983.18     
"SD",1935,3650,126394.29   
"SD",1935,3680,18193.74    
"SD",1935,3682,20033.66    
"SD",1935,3684,99939.09    
"SD",1935,3690,265561.22   
"SD",1935,3801,71731.3     
"SD",1935,3802,8.4         
"SD",1935,3911,202565.95   
"SD",1935,3930,140678.66   
"SD",1935,3950,329300.35   
"SD",1935,3951,270546      
"SD",1935,3955,546625.07   
"SD",1935,3956,710000      
"SD",1935,3958,2211.72     
"SD",1935,3980,2844319.59  
"SD",1935,4110,4976303.98  
"SD",1936,3110,791850.8    
"SD",1936,3112,72118.62    
"SD",1936,3113,13064.2     
"SD",1936,3114,1586498.8   
"SD",1936,3130,435756.12   
"SD",1936,3210,511.79      
"SD",1936,3220,560         
"SD",1936,3230,8161.63     
"SD",1936,3240,274519.57   
"SD",1936,3241,10364.78    
"SD",1936,3250,885.78      
"SD",1936,3310,7366329.57  
"SD",1936,3313,888.67      
"SD",1936,3350,15152.24    
"SD",1936,3410,175156.98   
"SD",1936,3420,16600.39    
"SD",1936,3430,13879.47    
"SD",1936,3440,8123.31     
"SD",1936,3450,5162.8      
"SD",1936,3510,152940.79   
"SD",1936,3511,41593.76    
"SD",1936,3520,14941.33    
"SD",1936,3560,14374.13    
"SD",1936,3630,4951.64     
"SD",1936,3650,160360.49   
"SD",1936,3680,14133.86    
"SD",1936,3682,19873.04    
"SD",1936,3684,89785.76    
"SD",1936,3690,401284.6    
"SD",1936,3750,5836.57     
"SD",1936,3801,30776.97    
"SD",1936,3911,324688.96   
"SD",1936,3930,172158.59   
"SD",1936,3951,382084.86   
"SD",1936,3952,27628.43    
"SD",1936,3955,685925.84   
"SD",1936,3956,870000      
"SD",1936,3958,1902.2      
"SD",1936,3959,344314.3    
"SD",1936,3980,2802843.03  
"SD",1936,4110,19136390.95 
"SD",1937,3110,2720979.52  
"SD",1937,3112,111019.38   
"SD",1937,3113,10593.66    
"SD",1937,3114,1693799.9   
"SD",1937,3130,408558.55   
"SD",1937,3210,33961.91    
"SD",1937,3220,18721.73    
"SD",1937,3230,8873.76     
"SD",1937,3240,1871127.1   
"SD",1937,3241,12670.6     
"SD",1937,3250,389.55      
"SD",1937,3310,8332631.75  
"SD",1937,3313,210.21      
"SD",1937,3350,15642.06    
"SD",1937,3410,155930.06   
"SD",1937,3420,17396.32    
"SD",1937,3430,40780.84    
"SD",1937,3440,8935.07     
"SD",1937,3450,5.94        
"SD",1937,3510,193473.75   
"SD",1937,3511,21439.19    
"SD",1937,3520,41623.69    
"SD",1937,3560,69514.58    
"SD",1937,3630,4775        
"SD",1937,3650,174435.12   
"SD",1937,3660,27.05       
"SD",1937,3680,9940.77     
"SD",1937,3682,20117.45    
"SD",1937,3684,94813.81    
"SD",1937,3690,140662.62   
"SD",1937,3750,9757.47     
"SD",1937,3801,10802.72    
"SD",1937,3911,217363.61   
"SD",1937,3930,181436.11   
"SD",1937,3950,9654.99     
"SD",1937,3951,453037.86   
"SD",1937,3953,15431.11    
"SD",1937,3955,553968.65   
"SD",1937,3956,800000      
"SD",1937,3958,3156.69     
"SD",1937,3959,269561.93   
"SD",1937,3980,3181062.88  
"SD",1937,4110,5372875     
"UT",1933,3100,4770527.51  
"UT",1933,3220,332985.33   
"UT",1933,3230,279629.84   
"UT",1933,3250,30146.18    
"UT",1933,3310,5442981.23  
"UT",1933,3430,155892.97   
"UT",1933,3440,71004.32    
"UT",1933,3450,55920.53    
"UT",1933,3510,149522.12   
"UT",1933,3511,48297.65    
"UT",1933,3550,22684.74    
"UT",1933,3610,11176.09    
"UT",1933,3620,489567.65   
"UT",1933,3630,243640.61   
"UT",1933,3650,216735.89   
"UT",1933,3670,96877.11    
"UT",1933,3690,39149.16    
"UT",1933,3710,29108.02    
"UT",1933,3911,29088.32    
"UT",1933,3930,87680.9     
"UT",1933,4000,510965.24   
"UT",1933,4110,603750      
"UT",1933,4120,1000000     
"UT",1933,4150,401846.09   
"UT",1934,3100,4994914.9   
"UT",1934,3220,311334.98   
"UT",1934,3240,3715439.75  
"UT",1934,3250,37771.13    
"UT",1934,3310,6772166.95  
"UT",1934,3360,199260.62   
"UT",1934,3430,156426.93   
"UT",1934,3440,42845.02    
"UT",1934,3450,64459.91    
"UT",1934,3510,170378.57   
"UT",1934,3511,6732.2      
"UT",1934,3550,14366.18    
"UT",1934,3610,31393.55    
"UT",1934,3620,352134.86   
"UT",1934,3630,212956.48   
"UT",1934,3650,278860.84   
"UT",1934,3670,6157.16     
"UT",1934,3690,46259.23    
"UT",1934,3710,16528.78    
"UT",1934,3911,13545.73    
"UT",1934,3930,138670.23   
"UT",1934,3980,57095.97    
"UT",1934,4000,463347.78   
"UT",1934,4110,11471.83    
"UT",1934,4120,660000      
"UT",1934,4130,658750      
"UT",1934,4140,150000      
"UT",1934,4150,1090191.26  
"UT",1934,4160,11938.28    
"UT",1935,3100,5986204.6   
"UT",1935,3130,37367.05    
"UT",1935,3220,323078.44   
"UT",1935,3240,15574889.31 
"UT",1935,3250,37807.05    
"UT",1935,3310,6625576.28  
"UT",1935,3360,1279283.98  
"UT",1935,3430,164166.06   
"UT",1935,3450,40800.93    
"UT",1935,3510,195892.6    
"UT",1935,3511,30130.17    
"UT",1935,3550,16508.47    
"UT",1935,3610,69899.51    
"UT",1935,3620,483802.59   
"UT",1935,3630,198341.05   
"UT",1935,3650,240240.73   
"UT",1935,3670,11850.71    
"UT",1935,3690,12782.77    
"UT",1935,3710,2727.8      
"UT",1935,3911,8488.31     
"UT",1935,3930,162751.49   
"UT",1935,4000,600040.65   
"UT",1935,4120,650000      
"UT",1935,4130,793750      
"UT",1935,4150,5883523.87  
"UT",1936,3100,5763304.38  
"UT",1936,3130,38689.04    
"UT",1936,3220,309601.03   
"UT",1936,3240,6054839.7   
"UT",1936,3250,36835.3     
"UT",1936,3310,6727113.68  
"UT",1936,3360,302728.07   
"UT",1936,3430,161928.1    
"UT",1936,3450,66805.14    
"UT",1936,3510,254304.93   
"UT",1936,3511,55689.192   
"UT",1936,3550,16710.31    
"UT",1936,3610,46.2        
"UT",1936,3620,601276.25   
"UT",1936,3630,200861.27   
"UT",1936,3650,359288.34   
"UT",1936,3690,204658.42   
"UT",1936,3710,5283.24     
"UT",1936,3911,22042.38    
"UT",1936,3930,132170.85   
"UT",1936,4000,467168.34   
"UT",1936,4130,281250      
"UT",1936,4150,1319707.4   
"UT",1936,4160,45628.41    
"UT",1937,3101,62959.35    
"UT",1937,3110,4507144.24  
"UT",1937,3113,115120.49   
"UT",1937,3130,1834186.35  
"UT",1937,3210,28262.6     
"UT",1937,3220,376078.1    
"UT",1937,3240,4043641.56  
"UT",1937,3250,8451.4      
"UT",1937,3310,7485061.87  
"UT",1937,3360,234787.26   
"UT",1937,3430,204390.59   
"UT",1937,3450,66380.06    
"UT",1937,3510,231829.04   
"UT",1937,3511,80096.08    
"UT",1937,3550,16567.97    
"UT",1937,3610,79846.31    
"UT",1937,3620,622057.16   
"UT",1937,3630,257404.36   
"UT",1937,3650,440141.36   
"UT",1937,3670,68993.87    
"UT",1937,3690,10862.91    
"UT",1937,3710,3272.24     
"UT",1937,3810,3448.17     
"UT",1937,3911,25614.16    
"UT",1937,3930,173252.36   
"UT",1937,3950,895.38      
"UT",1937,3980,104.07      
"UT",1937,4000,467915.5    
"UT",1937,4120,2000000     
"UT",1937,4130,1179250     
"UT",1937,4150,1346459.45  
"UT",1937,4160,72948.07    
"VA",1933,3100,491056.16   
"VA",1933,3110,6752719.25  
"VA",1933,3130,6092061     
"VA",1933,3201,105683.18   
"VA",1933,3220,2383595.82  
"VA",1933,3250,792667.12   
"VA",1933,3310,18829158.59 
"VA",1933,3410,1171717.53  
"VA",1933,3430,1326287.48  
"VA",1933,3450,97714.26    
"VA",1933,3510,660702.27   
"VA",1933,3511,386900.36   
"VA",1933,3610,19929.52    
"VA",1933,3620,42415.17    
"VA",1933,3630,466148.85   
"VA",1933,3650,848003.06   
"VA",1933,3670,84416.76    
"VA",1933,3681,42563.75    
"VA",1933,3684,512645.63   
"VA",1933,3690,429754.64   
"VA",1933,3801,83060.45    
"VA",1933,3930,516161.16   
"VA",1933,3980,52974.07    
"VA",1933,4000,805726.09   
"VA",1933,4130,235761.9    
"VA",1934,3100,394060.45   
"VA",1934,3110,5757747.81  
"VA",1934,3130,5793918.81  
"VA",1934,3201,128929.35   
"VA",1934,3220,2236625.71  
"VA",1934,3250,733093.74   
"VA",1934,3310,18919407.18 
"VA",1934,3430,1442954.81  
"VA",1934,3450,78162.34    
"VA",1934,3460,854841.07   
"VA",1934,3510,2327256.91  
"VA",1934,3511,369004.33   
"VA",1934,3610,283495.17   
"VA",1934,3630,63327.55    
"VA",1934,3650,610208.95   
"VA",1934,3670,76173.89    
"VA",1934,3680,366278.53   
"VA",1934,3681,48015.67    
"VA",1934,3684,531132.9    
"VA",1934,3690,543650.12   
"VA",1934,3750,1105807.59  
"VA",1934,3801,79500.14    
"VA",1934,3930,495906.02   
"VA",1934,3980,74285.01    
"VA",1934,4000,830527.71   
"VA",1934,4130,526908      
"VA",1935,3100,583136.97   
"VA",1935,3110,7335387.16  
"VA",1935,3130,6341822.1   
"VA",1935,3201,144336.46   
"VA",1935,3220,2540349.92  
"VA",1935,3250,737680.62   
"VA",1935,3310,20796762.07 
"VA",1935,3410,1098515.89  
"VA",1935,3430,1757508.1   
"VA",1935,3450,93773.8     
"VA",1935,3510,790374.12   
"VA",1935,3511,418691.51   
"VA",1935,3610,22948.02    
"VA",1935,3620,47140.97    
"VA",1935,3630,466766.18   
"VA",1935,3650,877351.1    
"VA",1935,3670,91084.04    
"VA",1935,3681,61015.38    
"VA",1935,3684,510793.71   
"VA",1935,3690,450693.28   
"VA",1935,3750,9374258.26  
"VA",1935,3801,82014.12    
"VA",1935,3930,578900.18   
"VA",1935,3980,50283.9     
"VA",1935,4000,815499.25   
"VA",1935,4130,469814.8    
"VA",1936,3100,636450.25   
"VA",1936,3110,7245119.79  
"VA",1936,3130,7369962.28  
"VA",1936,3201,155393.45   
"VA",1936,3220,2716277.97  
"VA",1936,3250,653515.33   
"VA",1936,3310,21377499.65 
"VA",1936,3320,1049.43     
"VA",1936,3410,1180920.41  
"VA",1936,3430,1704346.23  
"VA",1936,3450,151568.5    
"VA",1936,3510,745153.14   
"VA",1936,3511,467752.51   
"VA",1936,3610,192710.73   
"VA",1936,3620,38607.69    
"VA",1936,3630,486090.04   
"VA",1936,3650,864326.11   
"VA",1936,3670,112708.92   
"VA",1936,3681,64567.48    
"VA",1936,3684,559934.23   
"VA",1936,3690,461985.72   
"VA",1936,3750,9953105.48  
"VA",1936,3801,87366.89    
"VA",1936,3930,1489156.21  
"VA",1936,3980,48981.19    
"VA",1936,4000,743326.18   
"VA",1936,4130,672621.19   
"VA",1937,3100,680138.39   
"VA",1937,3110,8009837.32  
"VA",1937,3130,8214534.88  
"VA",1937,3201,1040055.58  
"VA",1937,3220,3605613.71  
"VA",1937,3240,113487.77   
"VA",1937,3250,606332.9    
"VA",1937,3310,25260910.01 
"VA",1937,3320,8535.52     
"VA",1937,3410,1184803.98  
"VA",1937,3430,2001952.16  
"VA",1937,3450,115260.84   
"VA",1937,3510,815787.97   
"VA",1937,3511,526699.84   
"VA",1937,3570,12266056.65 
"VA",1937,3610,107621.47   
"VA",1937,3620,54496.84    
"VA",1937,3630,505996.06   
"VA",1937,3650,989421.73   
"VA",1937,3670,110065.38   
"VA",1937,3681,64010.81    
"VA",1937,3684,774174.95   
"VA",1937,3690,481707.28   
"VA",1937,3801,88865.47    
"VA",1937,3930,1801398.46  
"VA",1937,3980,55482.7     
"VA",1937,4000,716066.22   
"VA",1937,4130,690494.84   
"VT",1933,3101,115155.36   
"VT",1933,3110,420589.75   
"VT",1933,3111,18758.96    
"VT",1933,3130,438501.64   
"VT",1933,3160,29940.93    
"VT",1933,3201,275323.07   
"VT",1933,3210,111277      
"VT",1933,3220,513784.89   
"VT",1933,3250,63558.05    
"VT",1933,3310,4965042.52  
"VT",1933,3313,90355.32    
"VT",1933,3360,14845.32    
"VT",1933,3410,23771.25    
"VT",1933,3420,5909.75     
"VT",1933,3430,484267.79   
"VT",1933,3440,25253.38    
"VT",1933,3450,247660.66   
"VT",1933,3510,167922.63   
"VT",1933,3511,265565.17   
"VT",1933,3520,125494.38   
"VT",1933,3560,69175.19    
"VT",1933,3610,170001.85   
"VT",1933,3620,49416.6     
"VT",1933,3630,365795.95   
"VT",1933,3640,9           
"VT",1933,3650,113588.83   
"VT",1933,3670,1830.11     
"VT",1933,3684,125367.48   
"VT",1933,3690,113100.43   
"VT",1933,3750,1228.16     
"VT",1933,3810,2120        
"VT",1933,3910,37097.83    
"VT",1933,3911,19472.76    
"VT",1933,3930,158939.97   
"VT",1933,3950,1103        
"VT",1933,3980,18856.1     
"VT",1933,3990,37.59       
"VT",1933,4010,391283.27   
"VT",1933,4110,10000       
"VT",1933,4130,435000      
"VT",1933,4131,2425000     
"VT",1933,4150,20000       
"VT",1934,3101,79710.97    
"VT",1934,3110,399810.87   
"VT",1934,3111,12798.58    
"VT",1934,3130,435354.39   
"VT",1934,3160,23013.73    
"VT",1934,3201,24287.08    
"VT",1934,3210,127108.81   
"VT",1934,3220,220236.33   
"VT",1934,3230,260406.17   
"VT",1934,3250,56270.69    
"VT",1934,3310,4501799.61  
"VT",1934,3313,108354.34   
"VT",1934,3360,131477.1    
"VT",1934,3410,25851.67    
"VT",1934,3420,5691.94     
"VT",1934,3430,401577.64   
"VT",1934,3440,23171.104   
"VT",1934,3450,171018.71   
"VT",1934,3510,152263.88   
"VT",1934,3511,582747.7    
"VT",1934,3520,114064.63   
"VT",1934,3560,53807.28    
"VT",1934,3610,44055.77    
"VT",1934,3620,126452.32   
"VT",1934,3630,248395.84   
"VT",1934,3640,396.5       
"VT",1934,3650,60996.35    
"VT",1934,3670,1301.72     
"VT",1934,3680,16539.46    
"VT",1934,3682,11774.67    
"VT",1934,3684,110407.16   
"VT",1934,3690,105078.19   
"VT",1934,3750,12191.95    
"VT",1934,3810,1491.75     
"VT",1934,3910,2049.25     
"VT",1934,3911,25957.06    
"VT",1934,3930,199483.07   
"VT",1934,3950,927.25      
"VT",1934,3951,976769.96   
"VT",1934,3980,2868.45     
"VT",1934,3990,32.18       
"VT",1934,4000,108476.01   
"VT",1934,4010,322550      
"VT",1934,4110,10442.75    
"VT",1934,4130,435000      
"VT",1934,4131,4880000     
"VT",1934,4150,20000       
"VT",1935,3101,81041.1     
"VT",1935,3110,292968.3    
"VT",1935,3111,15621.54    
"VT",1935,3130,437387.36   
"VT",1935,3160,23006.23    
"VT",1935,3201,24993.21    
"VT",1935,3210,137667.61   
"VT",1935,3220,219685.55   
"VT",1935,3230,274800.6    
"VT",1935,3240,21839.93    
"VT",1935,3250,57361.23    
"VT",1935,3310,5662550.03  
"VT",1935,3313,190369.56   
"VT",1935,3360,58446.11    
"VT",1935,3410,24878.91    
"VT",1935,3420,8349.28     
"VT",1935,3430,400745.53   
"VT",1935,3440,18305.2     
"VT",1935,3450,166277.83   
"VT",1935,3510,160340.77   
"VT",1935,3511,176081.28   
"VT",1935,3520,118500      
"VT",1935,3560,53757.67    
"VT",1935,3610,160083.84   
"VT",1935,3620,57413.74    
"VT",1935,3630,328921.75   
"VT",1935,3640,409.76      
"VT",1935,3650,61524.61    
"VT",1935,3670,1534.76     
"VT",1935,3680,18768.38    
"VT",1935,3682,8326.33     
"VT",1935,3684,109998.82   
"VT",1935,3690,168309.2    
"VT",1935,3750,5814.32     
"VT",1935,3810,2195.12     
"VT",1935,3910,500         
"VT",1935,3911,18591.38    
"VT",1935,3930,33745.23    
"VT",1935,3950,1429238.65  
"VT",1935,3951,2075000     
"VT",1935,3980,3054.16     
"VT",1935,3990,26.79       
"VT",1935,4000,78681.67    
"VT",1935,4010,175743.75   
"VT",1935,4110,3983.94     
"VT",1935,4130,439225      
"VT",1935,4131,3200000     
"VT",1935,4150,20000       
"VT",1936,3101,17491.81    
"VT",1936,3110,789633.05   
"VT",1936,3111,18449       
"VT",1936,3130,378448.74   
"VT",1936,3160,26323.17    
"VT",1936,3201,29950.25    
"VT",1936,3210,190163.38   
"VT",1936,3220,227426.17   
"VT",1936,3230,282071.76   
"VT",1936,3240,365011.83   
"VT",1936,3250,62950.92    
"VT",1936,3310,5041194.91  
"VT",1936,3313,85803.68    
"VT",1936,3320,119.42      
"VT",1936,3360,144324.31   
"VT",1936,3410,23454.77    
"VT",1936,3420,6491.03     
"VT",1936,3430,463778.2    
"VT",1936,3440,22374.11    
"VT",1936,3450,149122.15   
"VT",1936,3510,168872.8    
"VT",1936,3511,108638.37   
"VT",1936,3520,122698.35   
"VT",1936,3560,65021.85    
"VT",1936,3610,31141.15    
"VT",1936,3620,56194.29    
"VT",1936,3630,373446.83   
"VT",1936,3640,45.12       
"VT",1936,3650,72055.58    
"VT",1936,3670,8962.98     
"VT",1936,3680,20681.31    
"VT",1936,3682,12108.17    
"VT",1936,3684,145280.65   
"VT",1936,3690,71181.84    
"VT",1936,3710,118.92      
"VT",1936,3750,1274086.02  
"VT",1936,3810,1600        
"VT",1936,3910,3496.14     
"VT",1936,3911,52046.47    
"VT",1936,3930,16693.11    
"VT",1936,3950,413.75      
"VT",1936,3951,585705.13   
"VT",1936,3980,9098.12     
"VT",1936,3990,24.09       
"VT",1936,4000,73181.67    
"VT",1936,4010,222618.75   
"VT",1936,4110,10000       
"VT",1936,4130,6438125     
"VT",1936,4150,20000       
"VT",1937,3101,17073.25    
"VT",1937,3110,822624.12   
"VT",1937,3111,18594.94    
"VT",1937,3130,385914.68   
"VT",1937,3160,26384.31    
"VT",1937,3201,29436.64    
"VT",1937,3210,284035.48   
"VT",1937,3220,228118.54   
"VT",1937,3230,287857.7    
"VT",1937,3240,644834.49   
"VT",1937,3250,61104.63    
"VT",1937,3310,5702557.39  
"VT",1937,3313,82782.74    
"VT",1937,3320,783.86      
"VT",1937,3360,119095.46   
"VT",1937,3410,23909.13    
"VT",1937,3420,6619.71     
"VT",1937,3430,480539.02   
"VT",1937,3440,27207.6     
"VT",1937,3450,203240.96   
"VT",1937,3510,179435.91   
"VT",1937,3511,105559.87   
"VT",1937,3520,123083.75   
"VT",1937,3560,90690.75    
"VT",1937,3610,175488.46   
"VT",1937,3620,64608.97    
"VT",1937,3630,338761.2    
"VT",1937,3640,68.8        
"VT",1937,3650,89802.15    
"VT",1937,3670,2311.64     
"VT",1937,3680,23716.75    
"VT",1937,3682,12529.44    
"VT",1937,3684,148415.48   
"VT",1937,3690,78819.21    
"VT",1937,3750,1522660.17  
"VT",1937,3810,1600        
"VT",1937,3910,12380.26    
"VT",1937,3911,25777.43    
"VT",1937,3930,19815.13    
"VT",1937,3950,3201        
"VT",1937,3951,90000       
"VT",1937,3980,23895.6     
"VT",1937,3990,21.4        
"VT",1937,4000,88912.03    
"VT",1937,4010,206737.5    
"VT",1937,4110,10000       
"VT",1937,4130,2537233.11  
"VT",1937,4150,20000       
"ID",1933,3000,4033228.45  
"ID",1933,3100,18360.92    
"ID",1933,3110,4421697.69  
"ID",1933,3111,76381.16    
"ID",1933,3113,13755.69    
"ID",1933,3130,590230.17   
"ID",1933,3210,287424.42   
"ID",1933,3220,217753.81   
"ID",1933,3230,634.9       
"ID",1933,3241,15522.15    
"ID",1933,3250,15436.22    
"ID",1933,3310,7972909.54  
"ID",1933,3320,20431.9     
"ID",1933,3360,861026.25   
"ID",1933,3410,568571.85   
"ID",1933,3420,1154.13     
"ID",1933,3430,325101.47   
"ID",1933,3440,253913.44   
"ID",1933,3450,25116.34    
"ID",1933,3510,1097598.62  
"ID",1933,3520,7501.07     
"ID",1933,3550,380.63      
"ID",1933,3560,21889.02    
"ID",1933,3620,2112.67     
"ID",1933,3630,13127.15    
"ID",1933,3650,94274.78    
"ID",1933,3670,10929.52    
"ID",1933,3680,1454198.24  
"ID",1933,3684,242279.82   
"ID",1933,3690,195061.36   
"ID",1933,3710,11630.98    
"ID",1933,3800,812002.16   
"ID",1933,3911,549678.48   
"ID",1933,3950,316.48      
"ID",1933,3951,3032465.32  
"ID",1933,3980,29470.56    
"ID",1933,4100,24012.69    
"ID",1933,4110,822965.23   
"ID",1933,4111,293800.08   
"ID",1933,4112,3712718.57  
"ID",1935,3000,5680667.25  
"ID",1935,3100,4614.19     
"ID",1935,3110,4049047.52  
"ID",1935,3111,98698.17    
"ID",1935,3113,15212.55    
"ID",1935,3130,881030.19   
"ID",1935,3210,451525.39   
"ID",1935,3220,132854.4    
"ID",1935,3230,435.61      
"ID",1935,3240,21824.43    
"ID",1935,3241,20848.66    
"ID",1935,3250,26733.45    
"ID",1935,3310,9235774.93  
"ID",1935,3320,12284.14    
"ID",1935,3360,1107206.5   
"ID",1935,3410,683864.67   
"ID",1935,3420,1009        
"ID",1935,3430,156026.26   
"ID",1935,3440,318791.09   
"ID",1935,3450,2914.58     
"ID",1935,3510,1544576.96  
"ID",1935,3520,8857.26     
"ID",1935,3550,508.03      
"ID",1935,3560,57057.35    
"ID",1935,3620,1537.27     
"ID",1935,3630,6521.43     
"ID",1935,3650,62316.12    
"ID",1935,3670,912         
"ID",1935,3680,96450.42    
"ID",1935,3684,364657.9    
"ID",1935,3690,84582.88    
"ID",1935,3710,13807.94    
"ID",1935,3750,4780540.08  
"ID",1935,3800,3200262.68  
"ID",1935,3911,687360.05   
"ID",1935,3950,389.39      
"ID",1935,3951,6166478.91  
"ID",1935,3980,4758930.43  
"ID",1935,4100,46372.31    
"ID",1935,4110,966659.27   
"ID",1935,4111,131333.56   
"ID",1935,4112,867478.03   
"ID",1937,3000,8702652.87  
"ID",1937,3100,24643.71    
"ID",1937,3110,4175793.3   
"ID",1937,3111,134490.62   
"ID",1937,3113,6820.66     
"ID",1937,3130,815638.34   
"ID",1937,3210,448382.35   
"ID",1937,3220,378679.16   
"ID",1937,3230,1701.47     
"ID",1937,3240,3405651.94  
"ID",1937,3241,21543.97    
"ID",1937,3250,38377.66    
"ID",1937,3310,13525389.32 
"ID",1937,3320,12560.69    
"ID",1937,3360,999931.54   
"ID",1937,3410,1039140.47  
"ID",1937,3420,111408.83   
"ID",1937,3430,445539.62   
"ID",1937,3440,351472.83   
"ID",1937,3450,1615.08     
"ID",1937,3510,1596311.72  
"ID",1937,3520,24135.78    
"ID",1937,3550,330.25      
"ID",1937,3560,187690.74   
"ID",1937,3620,500         
"ID",1937,3630,10254.67    
"ID",1937,3650,85280.83    
"ID",1937,3670,7384.89     
"ID",1937,3680,104359.08   
"ID",1937,3684,629823.43   
"ID",1937,3690,169482.68   
"ID",1937,3710,22206.64    
"ID",1937,3750,9123613.43  
"ID",1937,3800,3113206.34  
"ID",1937,3911,1057205.05  
"ID",1937,3950,465.35      
"ID",1937,3951,2032223.24  
"ID",1937,3980,8017071.08  
"ID",1937,4100,26190.04    
"ID",1937,4110,1146417.89  
"ID",1937,4111,67557.7     
"IL",1933,3000,79191036.16 
"IL",1933,3110,503087.16   
"IL",1933,3111,868876.99   
"IL",1933,3130,6158284.88  
"IL",1933,3240,41499327.43 
"IL",1933,3241,159479.32   
"IL",1933,3250,248362.33   
"IL",1933,3310,69629325.81 
"IL",1933,3340,2019817.17  
"IL",1933,3420,191794.71   
"IL",1933,3510,1716881.84  
"IL",1933,3810,1849916.4   
"IL",1933,3930,41482477.25 
"IL",1933,3980,1849224.3   
"IL",1933,4101,59002304.9  
"IL",1935,3000,73112733.07 
"IL",1935,3110,682172.37   
"IL",1935,3111,794675.92   
"IL",1935,3130,7206373.34  
"IL",1935,3240,57322323.36 
"IL",1935,3250,319506.74   
"IL",1935,3310,74893512.81 
"IL",1935,3340,870025.12   
"IL",1935,3360,607051.73   
"IL",1935,3420,153026.08   
"IL",1935,3510,1632102.23  
"IL",1935,3560,7123.38     
"IL",1935,3810,2127945.76  
"IL",1935,3930,49197803.16 
"IL",1935,3980,14211691.59 
"IL",1935,4101,70997893.01 
"IL",1937,3000,102114147.54
"IL",1937,3110,899500.67   
"IL",1937,3111,963313.62   
"IL",1937,3130,7756903.58  
"IL",1937,3210,155504.45   
"IL",1937,3240,108935449.15
"IL",1937,3250,432147.85   
"IL",1937,3310,80402083.08 
"IL",1937,3340,41916.73    
"IL",1937,3360,6329945.02  
"IL",1937,3420,238607.69   
"IL",1937,3510,2089797.87  
"IL",1937,3560,813143.41   
"IL",1937,3810,2984757.96  
"IL",1937,3930,66192713.48 
"IL",1937,3980,4054416.81  
"IL",1937,4101,39331264.73 
