"KA",1866,3,368918.56   
"KA",1867,3,454462.27   
"KA",1868,3,670379.99   
"KA",1869,3,1287250.03  
"KA",1870,3,1367621.83  
"KA",1871,3,964228.01   
"KA",1872,3,1298227.53  
"KA",1873,3,1300469.993 
"KA",1874,3,990139.45   
"KA",1875,3,1064254.31  
"KA",1876,3,1096797.21  
"KA",1877,3,506645.66   
"KA",1878,3,1331123.35  
"KA",1879,3,1277460.24  
"KA",1880,3,1606319.9   
"KA",1881,3,1676995.44  
"KA",1882,3,1842963.19  
"KA",1883,3,1512668.36  
"KA",1884,3,2280124.6   
"KA",1885,3,2354401.26  
"KA",1886,3,2743438.24  
"KA",1887,3,2811090.98  
"KA",1888,3,3040409.93  
"KA",1889,3,2841558.19  
"KA",1890,3,2620218.88  
"KA",1891,3,3162536.21  
"KA",1892,3,2240570.15  
"KA",1893,3,2687403.48  
"KA",1894,3,2650163.24  
"KA",1895,3,2765530.68  
"KA",1896,3,2683775.71  
"KA",1897,3,2913251.86  
"KA",1898,3,2845043.92  
"KA",1899,3,3052529.15  
"KA",1900,3,3961150.26  
"KA",1901,3,3889360.14  
"KA",1902,3,3767437.683 
"KA",1903,3,4189992.59  
"KA",1904,3,3238338.94  
"KA",1905,3,4311395.02  
"KA",1906,3,4533162.35  
"KA",1907,3,4444364.43  
"KA",1908,3,5219740.03  
"KA",1909,3,5928072.5   
"KA",1910,3,6169899.95  
"KA",1911,3,6833348.8   
"KA",1912,3,8294032.36  
"KA",1913,3,8605594.35  
"KA",1914,3,9441272.68  
"KA",1915,3,10835316.76 
                        
"KA",1866,31,34083.59   
"KA",1866,34,19651.35   
"KA",1866,36,288405.26  
"KA",1866,41,26778.36   
"KA",1867,31,46592.19   
"KA",1867,34,22387.78   
"KA",1867,36,374499.55  
"KA",1867,41,10982.75   
"KA",1868,31,59001.17   
"KA",1868,33,154429.11  
"KA",1868,34,22376.97   
"KA",1868,36,389974.45  
"KA",1868,41,44598.29   
"KA",1869,30,252439.53  
"KA",1869,31,267111.67  
"KA",1869,33,307075.7   
"KA",1869,34,157134.51  
"KA",1869,36,66545.01   
"KA",1869,39,154429.11  
"KA",1869,40,82514.5    
"KA",1870,31,143918.05  
"KA",1870,33,409292.63  
"KA",1870,34,145329.13  
"KA",1870,36,589283.73  
"KA",1870,41,79798.29   
"KA",1871,31,294105.92  
"KA",1871,33,4958.84    
"KA",1871,34,952.11     
"KA",1871,36,629923.94  
"KA",1871,41,34287.2    
"KA",1872,31,425427.01  
"KA",1872,33,8232.58    
"KA",1872,34,401.21     
"KA",1872,36,510164.35  
"KA",1872,41,354002.38  
"KA",1873,31,466846.2   
"KA",1873,33,6060.31    
"KA",1873,34,3500       
"KA",1873,36,812841.113 
"KA",1873,41,11222.37   
"KA",1874,31,437906.01  
"KA",1874,32,73841.3    
"KA",1874,33,750        
"KA",1874,34,92887.9    
"KA",1874,35,17735.42   
"KA",1874,36,202805.55  
"KA",1874,39,19064.77   
"KA",1874,40,92454.35   
"KA",1874,41,52694.15   
"KA",1875,31,432963.03  
"KA",1875,32,136476.56  
"KA",1875,34,167145.93  
"KA",1875,35,13905.36   
"KA",1875,36,135205.69  
"KA",1875,39,32993.29   
"KA",1875,40,92970.5    
"KA",1875,41,52593.95   
"KA",1876,31,447381.76  
"KA",1876,32,98204.58   
"KA",1876,34,56260.68   
"KA",1876,35,9324.28    
"KA",1876,36,168523.99  
"KA",1876,39,69625.67   
"KA",1876,40,96086.5    
"KA",1876,41,151389.75  
"KA",1877,31,178857.62  
"KA",1877,32,71309.94   
"KA",1877,34,45292.8    
"KA",1877,35,12817.31   
"KA",1877,36,118460.91  
"KA",1877,39,36686.78   
"KA",1877,40,42607      
"KA",1877,41,613.3      
"KA",1878,31,689343.77  
"KA",1878,32,154105.98  
"KA",1878,34,105728.8   
"KA",1878,35,7800       
"KA",1878,36,119077.86  
"KA",1878,39,61897.79   
"KA",1878,40,111569     
"KA",1878,41,81600.15   
"KA",1879,31,574740.54  
"KA",1879,32,154836.85  
"KA",1879,33,500        
"KA",1879,34,120865.57  
"KA",1879,35,25811.28   
"KA",1879,36,196442.78  
"KA",1879,39,87704.32   
"KA",1879,40,81831.5    
"KA",1879,41,34727.4    
"KA",1880,31,736339.31  
"KA",1880,32,235383.94  
"KA",1880,34,174133.37  
"KA",1880,35,29540.91   
"KA",1880,36,260599.62  
"KA",1880,39,73541.38   
"KA",1880,40,81584.5    
"KA",1880,41,15196.87   
"KA",1881,31,614458.13  
"KA",1881,32,278296.31  
"KA",1881,34,189521.8   
"KA",1881,35,12127.76   
"KA",1881,36,373972.13  
"KA",1881,39,124606.56  
"KA",1881,40,56054      
"KA",1881,41,27958.75   
"KA",1882,31,912073.84  
"KA",1882,32,294032.86  
"KA",1882,34,142536.01  
"KA",1882,35,11786.43   
"KA",1882,36,221419.39  
"KA",1882,39,153042.11  
"KA",1882,40,81729.5    
"KA",1882,41,26343.05   
"KA",1883,30,711755.92  
"KA",1883,31,626589.76  
"KA",1883,36,91573.63   
"KA",1883,40,81705.5    
"KA",1883,41,1043.55    
"KA",1884,31,1267507.24 
"KA",1884,32,240969.05  
"KA",1884,33,2948.98    
"KA",1884,34,143098.2   
"KA",1884,35,16011.72   
"KA",1884,36,358640.35  
"KA",1884,39,34011.06   
"KA",1884,40,104588     
"KA",1884,41,112350     
"KA",1885,31,1028377.65 
"KA",1885,32,512495.55  
"KA",1885,33,12500      
"KA",1885,34,179975.51  
"KA",1885,35,24309.3    
"KA",1885,36,370076.24  
"KA",1885,39,37617.01   
"KA",1885,40,49925      
"KA",1885,41,139125     
"KA",1886,31,1254556.65 
"KA",1886,32,491947.19  
"KA",1886,33,13450.05   
"KA",1886,34,300227.4   
"KA",1886,35,36632.56   
"KA",1886,36,404164.36  
"KA",1886,39,26461.57   
"KA",1886,40,87221.94   
"KA",1886,41,128776.52  
"KA",1887,31,1444024.63 
"KA",1887,32,462583.8   
"KA",1887,33,12574.87   
"KA",1887,34,280467.93  
"KA",1887,35,27671.39   
"KA",1887,36,481833.1   
"KA",1887,39,26205.26   
"KA",1887,40,58730      
"KA",1887,41,17000      
"KA",1888,31,1764153.79 
"KA",1888,32,337866.94  
"KA",1888,33,12500      
"KA",1888,34,305856.65  
"KA",1888,35,29473.13   
"KA",1888,36,485897.82  
"KA",1888,39,31969.52   
"KA",1888,40,57192.08   
"KA",1888,41,15500      
"KA",1889,31,1343035.68 
"KA",1889,32,403718.88  
"KA",1889,33,12500      
"KA",1889,34,270665.53  
"KA",1889,35,48734.01   
"KA",1889,36,636017.34  
"KA",1889,39,25516.1    
"KA",1889,40,70745.65   
"KA",1889,41,30625      
"KA",1890,31,1440113.15 
"KA",1890,32,300701.22  
"KA",1890,33,12500      
"KA",1890,34,276599.67  
"KA",1890,35,27614.41   
"KA",1890,36,497801.22  
"KA",1890,39,5303.35    
"KA",1890,40,58585.86   
"KA",1890,41,1000       
"KA",1891,31,1609177.05 
"KA",1891,32,366723.69  
"KA",1891,33,12333.29   
"KA",1891,34,302319.13  
"KA",1891,35,141026.19  
"KA",1891,36,646112.87  
"KA",1891,39,18795.16   
"KA",1891,40,66048.83   
"KA",1892,31,1075103.89 
"KA",1892,32,445834.1   
"KA",1892,33,15750.47   
"KA",1892,34,227326.64  
"KA",1892,35,34567.69   
"KA",1892,36,374327.05  
"KA",1892,39,1745.83    
"KA",1892,40,65914.48   
"KA",1893,31,1406896.96 
"KA",1893,32,409470.29  
"KA",1893,33,16592.25   
"KA",1893,34,233935.81  
"KA",1893,35,47147.35   
"KA",1893,36,438981.22  
"KA",1893,39,80962.1    
"KA",1893,40,53417.5    
"KA",1894,31,1574692.26 
"KA",1894,32,447079.8   
"KA",1894,33,17000      
"KA",1894,34,233761.65  
"KA",1894,35,27027.93   
"KA",1894,36,277810.3   
"KA",1894,39,19754.08   
"KA",1894,40,53037.22   
"KA",1895,31,1301813.51 
"KA",1895,32,522637.65  
"KA",1895,33,17669.86   
"KA",1895,34,235327.98  
"KA",1895,35,108159.17  
"KA",1895,36,431009.24  
"KA",1895,37,3972.86    
"KA",1895,38,1775.81    
"KA",1895,39,41622.1    
"KA",1895,40,52542.5    
"KA",1895,41,49000      
"KA",1896,31,1264426.11 
"KA",1896,32,526658.7   
"KA",1896,33,11554.62   
"KA",1896,34,332568.67  
"KA",1896,35,51776.17   
"KA",1896,36,438636.69  
"KA",1896,38,600        
"KA",1896,39,8003.55    
"KA",1896,40,49551.2    
"KA",1897,31,1313022.19 
"KA",1897,32,511925.41  
"KA",1897,33,12241.79   
"KA",1897,34,310976.88  
"KA",1897,35,38013.72   
"KA",1897,36,579359.37  
"KA",1897,38,600        
"KA",1897,39,1416.53    
"KA",1897,40,75695.97   
"KA",1897,41,70000      
"KA",1898,31,1403323.95 
"KA",1898,32,498586.98  
"KA",1898,33,10223.84   
"KA",1898,34,332669.86  
"KA",1898,35,88716.07   
"KA",1898,36,383597.46  
"KA",1898,38,600        
"KA",1898,39,4973.75    
"KA",1898,40,72352.01   
"KA",1898,41,50000      
"KA",1899,31,1262852.71 
"KA",1899,32,693471.21  
"KA",1899,33,8635.08    
"KA",1899,34,339509.34  
"KA",1899,35,95795.83   
"KA",1899,36,593283.45  
"KA",1899,38,600        
"KA",1899,40,58381.53   
"KA",1900,31,2247956.97 
"KA",1900,32,524626.63  
"KA",1900,34,492016.65  
"KA",1900,35,91340.42   
"KA",1900,36,386280.6   
"KA",1900,38,600        
"KA",1900,40,108328.99  
"KA",1900,41,110000     
"KA",1901,31,1957811.37 
"KA",1901,32,512109.76  
"KA",1901,33,3335.85    
"KA",1901,34,520653.69  
"KA",1901,35,109845.98  
"KA",1901,36,602432.47  
"KA",1901,37,7500       
"KA",1901,38,1460.26    
"KA",1901,39,56629.45   
"KA",1901,40,117581.31  
"KA",1902,31,1809442.98 
"KA",1902,32,565186.83  
"KA",1902,33,12024.17   
"KA",1902,34,602942.203 
"KA",1902,35,89803.78   
"KA",1902,36,510407.27  
"KA",1902,37,36987.75   
"KA",1902,38,2844.81    
"KA",1902,39,17509.41   
"KA",1902,40,120288.48  
"KA",1903,31,2111457.49 
"KA",1903,32,545921.15  
"KA",1903,33,11340.82   
"KA",1903,34,681440.36  
"KA",1903,35,98849.69   
"KA",1903,36,620477.24  
"KA",1903,38,3936.62    
"KA",1903,39,45208.07   
"KA",1903,40,71361.15   
"KA",1904,31,1711971.14 
"KA",1904,32,599668.13  
"KA",1904,33,14382.29   
"KA",1904,34,517917.61  
"KA",1904,35,95536.32   
"KA",1904,36,117903.89  
"KA",1904,38,2816.14    
"KA",1904,39,115806.5   
"KA",1904,40,62336.92   
"KA",1905,31,2135980.99 
"KA",1905,32,685107.67  
"KA",1905,33,16198.5    
"KA",1905,34,499193.48  
"KA",1905,35,335300.03  
"KA",1905,36,548611.44  
"KA",1905,38,600        
"KA",1905,39,45093.5    
"KA",1905,40,45309.41   
"KA",1906,31,2584167.33 
"KA",1906,32,544066.74  
"KA",1906,33,16702.79   
"KA",1906,34,461016.25  
"KA",1906,35,121347.27  
"KA",1906,36,726636.51  
"KA",1906,38,300        
"KA",1906,39,6618.55    
"KA",1906,40,42435.66   
"KA",1906,41,29871.25   
"KA",1907,31,2473113.17 
"KA",1907,32,568404.84  
"KA",1907,33,20013.99   
"KA",1907,34,401321.05  
"KA",1907,35,165383.85  
"KA",1907,36,773696.71  
"KA",1907,38,300        
"KA",1907,39,1100       
"KA",1907,40,41030.82   
"KA",1908,31,2876683.59 
"KA",1908,32,810357.09  
"KA",1908,33,17289.85   
"KA",1908,34,561531.24  
"KA",1908,35,190155.02  
"KA",1908,36,712713.24  
"KA",1908,38,375        
"KA",1908,39,1000       
"KA",1908,40,40635      
"KA",1908,41,9000       
"KA",1909,31,3163513.64 
"KA",1909,32,979879.97  
"KA",1909,33,22983.51   
"KA",1909,34,617758.33  
"KA",1909,35,177462.33  
"KA",1909,36,915715.63  
"KA",1909,38,900        
"KA",1909,39,1000       
"KA",1909,40,28987.84   
"KA",1909,41,19871.25   
"KA",1910,31,3307332.79 
"KA",1910,32,922496.14  
"KA",1910,33,28962.15   
"KA",1910,34,517323.86  
"KA",1910,35,86519.26   
"KA",1910,36,1197608.72 
"KA",1910,38,600        
"KA",1910,39,1206.99    
"KA",1910,40,22850.04   
"KA",1910,41,85000      
"KA",1911,31,3102791.66 
"KA",1911,32,967551.9   
"KA",1911,33,21712.88   
"KA",1911,34,729979.12  
"KA",1911,35,154551.92  
"KA",1911,36,1827008.94 
"KA",1911,37,3891.54    
"KA",1911,38,600        
"KA",1911,39,1250       
"KA",1911,40,21052.09   
"KA",1911,41,2958.75    
"KA",1912,31,3638632.95 
"KA",1912,32,1132299.24 
"KA",1912,34,775472.22  
"KA",1912,35,248955.09  
"KA",1912,36,2289104.57 
"KA",1912,37,35787.91   
"KA",1912,38,1140       
"KA",1912,39,2318.07    
"KA",1912,40,19402.31   
"KA",1912,41,150920     
"KA",1913,31,3688773.64 
"KA",1913,32,1128618.68 
"KA",1913,34,841629.78  
"KA",1913,35,307041.34  
"KA",1913,36,2524156.56 
"KA",1913,37,47616.19   
"KA",1913,38,1175       
"KA",1913,39,51729.16   
"KA",1913,40,14854      
"KA",1914,31,3816357.04 
"KA",1914,32,1344549.29 
"KA",1914,34,839594.69  
"KA",1914,35,160525.78  
"KA",1914,36,3204382.34 
"KA",1914,37,43824.33   
"KA",1914,38,1065       
"KA",1914,39,16174.21   
"KA",1914,40,14800      
"KA",1915,31,4548315.8  
"KA",1915,32,1055745.09 
"KA",1915,33,48852.38   
"KA",1915,34,802287.58  
"KA",1915,35,335626.46  
"KA",1915,36,3722860.57 
"KA",1915,37,49625.42   
"KA",1915,38,1144.16    
"KA",1915,39,49279.3    
"KA",1915,40,10580      
"KA",1915,41,211000     
                        
"KA",1866,310,34083.59  
"KA",1866,345,19651.35  
"KA",1866,360,288405.26 
"KA",1866,410,26778.36  
"KA",1867,310,46592.19  
"KA",1867,345,22387.78  
"KA",1867,360,374499.55 
"KA",1867,410,10982.75  
"KA",1868,310,59001.17  
"KA",1868,337,154429.11 
"KA",1868,345,22376.97  
"KA",1868,360,389974.45 
"KA",1868,410,44598.29  
"KA",1869,300,252439.53 
"KA",1869,311,239768.59 
"KA",1869,313,27343.08  
"KA",1869,337,307075.7  
"KA",1869,345,157134.51 
"KA",1869,367,66545.01  
"KA",1869,398,154429.11 
"KA",1869,400,82514.5   
"KA",1870,310,143918.05 
"KA",1870,337,409292.63 
"KA",1870,340,141885.11 
"KA",1870,345,3444.02   
"KA",1870,360,589283.73 
"KA",1870,410,79798.29  
"KA",1871,311,285657.29 
"KA",1871,313,8448.63   
"KA",1871,337,4958.84   
"KA",1871,345,952.11    
"KA",1871,360,625239.65 
"KA",1871,368,4684.29   
"KA",1871,410,34287.2   
"KA",1872,310,201504.41 
"KA",1872,311,223922.6  
"KA",1872,337,8232.58   
"KA",1872,345,401.21    
"KA",1872,360,500630.47 
"KA",1872,367,559.16    
"KA",1872,368,8974.72   
"KA",1872,410,19502.38  
"KA",1872,413,334500    
"KA",1873,310,229625.97 
"KA",1873,311,237220.23 
"KA",1873,337,6060.31   
"KA",1873,345,3500      
"KA",1873,360,806548.623
"KA",1873,368,6292.49   
"KA",1873,410,8905      
"KA",1873,413,2317.37   
"KA",1874,311,357356.61 
"KA",1874,313,75842.85  
"KA",1874,316,4706.55   
"KA",1874,322,25293.9   
"KA",1874,323,48547.4   
"KA",1874,337,750       
"KA",1874,343,88071.01  
"KA",1874,345,4816.89   
"KA",1874,351,17735.42  
"KA",1874,361,56731.27  
"KA",1874,362,33873.27  
"KA",1874,363,60639.4   
"KA",1874,366,3468.8    
"KA",1874,368,1259.1    
"KA",1874,369,46833.71  
"KA",1874,393,5000      
"KA",1874,398,14064.77  
"KA",1874,400,92454.35  
"KA",1874,411,52694.15  
"KA",1875,310,9122      
"KA",1875,311,361381.66 
"KA",1875,313,56404.37  
"KA",1875,316,6055      
"KA",1875,321,11500     
"KA",1875,322,22606.21  
"KA",1875,323,102370.35 
"KA",1875,341,1492      
"KA",1875,343,91093.4   
"KA",1875,345,74560.53  
"KA",1875,351,13905.36  
"KA",1875,361,35559.6   
"KA",1875,362,34629.54  
"KA",1875,363,10080     
"KA",1875,365,3000      
"KA",1875,368,12864.05  
"KA",1875,369,39072.5   
"KA",1875,393,7500      
"KA",1875,398,20493.29  
"KA",1875,399,5000      
"KA",1875,400,92970.5   
"KA",1875,411,52593.95  
"KA",1876,311,397321.72 
"KA",1876,313,46810.04  
"KA",1876,316,3250      
"KA",1876,322,25630.43  
"KA",1876,323,72574.15  
"KA",1876,343,56246.33  
"KA",1876,345,14.35     
"KA",1876,351,9324.28   
"KA",1876,361,37578     
"KA",1876,362,37047.85  
"KA",1876,363,48225     
"KA",1876,368,3868.24   
"KA",1876,369,41804.9   
"KA",1876,390,830.89    
"KA",1876,394,12072.37  
"KA",1876,398,23097.41  
"KA",1876,399,33625     
"KA",1876,400,96086.5   
"KA",1876,411,151389.75 
"KA",1877,311,165019.88 
"KA",1877,313,11847.94  
"KA",1877,316,1989.8    
"KA",1877,322,19938.5   
"KA",1877,323,51371.44  
"KA",1877,343,45232.8   
"KA",1877,345,60        
"KA",1877,351,12817.31  
"KA",1877,361,43908.75  
"KA",1877,362,19565.19  
"KA",1877,363,25562.95  
"KA",1877,366,529.2     
"KA",1877,368,2684.79   
"KA",1877,369,26210.03  
"KA",1877,394,24450.41  
"KA",1877,398,12236.37  
"KA",1877,400,42607     
"KA",1877,411,613.3     
"KA",1878,311,638911.76 
"KA",1878,313,45989.56  
"KA",1878,316,4442.45   
"KA",1878,322,25990.91  
"KA",1878,323,128115.07 
"KA",1878,343,105669.54 
"KA",1878,345,59.26     
"KA",1878,351,7800      
"KA",1878,360,330.55    
"KA",1878,361,34        
"KA",1878,362,36232.2   
"KA",1878,363,48700     
"KA",1878,367,2000      
"KA",1878,368,5300      
"KA",1878,369,26481.11  
"KA",1878,394,56506.9   
"KA",1878,398,5390.89   
"KA",1878,400,111569    
"KA",1878,411,81600.15  
"KA",1879,311,511368.09 
"KA",1879,313,58309.9   
"KA",1879,316,5062.55   
"KA",1879,321,6500      
"KA",1879,322,28312     
"KA",1879,323,120024.85 
"KA",1879,337,500       
"KA",1879,343,109971.86 
"KA",1879,345,10893.71  
"KA",1879,351,25811.28  
"KA",1879,360,10025.09  
"KA",1879,361,47488.3   
"KA",1879,362,38596.7   
"KA",1879,363,52476.1   
"KA",1879,368,12720     
"KA",1879,369,35136.59  
"KA",1879,393,3482.45   
"KA",1879,394,64170.26  
"KA",1879,398,20051.61  
"KA",1879,400,81831.5   
"KA",1879,411,34727.4   
"KA",1880,311,614004.85 
"KA",1880,313,116749.41 
"KA",1880,316,5585.05   
"KA",1880,321,4000      
"KA",1880,322,52803.26  
"KA",1880,323,178580.68 
"KA",1880,342,1169.02   
"KA",1880,343,162104.86 
"KA",1880,345,10859.49  
"KA",1880,351,29540.91  
"KA",1880,361,92097.73  
"KA",1880,362,39324.02  
"KA",1880,363,60779.2   
"KA",1880,367,31592.43  
"KA",1880,368,6750      
"KA",1880,369,30056.24  
"KA",1880,394,73003.23  
"KA",1880,398,538.15    
"KA",1880,400,81584.5   
"KA",1880,411,15196.87  
"KA",1881,311,514679.31 
"KA",1881,313,93605.01  
"KA",1881,316,6173.81   
"KA",1881,321,20346.05  
"KA",1881,322,108221.05 
"KA",1881,323,149729.21 
"KA",1881,343,188448.97 
"KA",1881,345,1072.83   
"KA",1881,351,12127.76  
"KA",1881,360,17816.28  
"KA",1881,361,166688.28 
"KA",1881,362,38723.65  
"KA",1881,363,54140.37  
"KA",1881,368,6448      
"KA",1881,369,90155.55  
"KA",1881,393,472.41    
"KA",1881,394,107148.43 
"KA",1881,398,16985.72  
"KA",1881,400,56054     
"KA",1881,411,27958.75  
"KA",1882,311,822282.55 
"KA",1882,313,83041.49  
"KA",1882,316,6749.8    
"KA",1882,321,5645.8    
"KA",1882,322,63972.44  
"KA",1882,323,224414.62 
"KA",1882,343,140583.01 
"KA",1882,345,1953      
"KA",1882,351,11786.43  
"KA",1882,360,22112.83  
"KA",1882,361,2201.2    
"KA",1882,362,51624.29  
"KA",1882,363,60952.19  
"KA",1882,367,52131.88  
"KA",1882,368,4600      
"KA",1882,369,27797     
"KA",1882,394,148566.88 
"KA",1882,398,4475.23   
"KA",1882,400,81729.5   
"KA",1882,411,26343.05  
"KA",1883,300,711755.92 
"KA",1883,311,575746.35 
"KA",1883,313,50843.41  
"KA",1883,361,87098.13  
"KA",1883,368,4475.5    
"KA",1883,400,81705.5   
"KA",1883,411,1043.55   
"KA",1884,311,1007861.39
"KA",1884,313,235541.93 
"KA",1884,314,16499.87  
"KA",1884,316,7604.05   
"KA",1884,321,6963.7    
"KA",1884,322,36682.91  
"KA",1884,323,197322.44 
"KA",1884,337,2948.98   
"KA",1884,343,140965.2  
"KA",1884,345,2133      
"KA",1884,351,16011.72  
"KA",1884,360,8499.65   
"KA",1884,361,46604.95  
"KA",1884,362,51775.94  
"KA",1884,363,65238     
"KA",1884,367,101349.58 
"KA",1884,368,10140     
"KA",1884,369,75032.23  
"KA",1884,393,6205.91   
"KA",1884,398,27805.15  
"KA",1884,400,104588    
"KA",1884,411,112350    
"KA",1885,311,804053.59 
"KA",1885,313,194401.69 
"KA",1885,314,22716.22  
"KA",1885,316,7206.15   
"KA",1885,321,15680.1   
"KA",1885,322,47675.68  
"KA",1885,323,449139.77 
"KA",1885,337,12500     
"KA",1885,343,177075.51 
"KA",1885,345,2900      
"KA",1885,351,24309.3   
"KA",1885,360,37145.58  
"KA",1885,361,115832.78 
"KA",1885,362,49177.15  
"KA",1885,363,68889.89  
"KA",1885,368,5300      
"KA",1885,369,93730.84  
"KA",1885,393,13587.18  
"KA",1885,398,24029.83  
"KA",1885,400,49925     
"KA",1885,411,139125    
"KA",1886,311,1033092.74
"KA",1886,313,213595.56 
"KA",1886,316,7868.35   
"KA",1886,321,9771.2    
"KA",1886,322,86206.81  
"KA",1886,323,395969.18 
"KA",1886,337,13450.05  
"KA",1886,343,250688.25 
"KA",1886,345,49539.15  
"KA",1886,351,32407.69  
"KA",1886,356,4224.87   
"KA",1886,361,33180.34  
"KA",1886,362,53797.07  
"KA",1886,363,93086.85  
"KA",1886,365,1500      
"KA",1886,366,2248.87   
"KA",1886,367,128241.89 
"KA",1886,368,5500      
"KA",1886,369,86609.34  
"KA",1886,398,26461.57  
"KA",1886,400,87221.94  
"KA",1886,411,128776.52 
"KA",1887,311,1145510.79
"KA",1887,313,267158.99 
"KA",1887,314,22878.26  
"KA",1887,316,8476.59   
"KA",1887,321,10772     
"KA",1887,322,58248.34  
"KA",1887,323,393563.46 
"KA",1887,337,12574.87  
"KA",1887,341,746.18    
"KA",1887,343,240183.93 
"KA",1887,345,39537.82  
"KA",1887,351,24372.33  
"KA",1887,356,3299.06   
"KA",1887,361,63943.46  
"KA",1887,362,55816.22  
"KA",1887,363,92327.15  
"KA",1887,366,2249.4    
"KA",1887,367,109834.7  
"KA",1887,368,5500      
"KA",1887,369,152162.17 
"KA",1887,398,26205.26  
"KA",1887,400,58730     
"KA",1887,411,17000     
"KA",1888,311,1485541.06
"KA",1888,313,269362.73 
"KA",1888,316,9250      
"KA",1888,321,4997      
"KA",1888,322,90806.08  
"KA",1888,323,242063.86 
"KA",1888,337,12500     
"KA",1888,341,4424.76   
"KA",1888,343,296631.23 
"KA",1888,345,4800.66   
"KA",1888,351,22546.49  
"KA",1888,355,2974.93   
"KA",1888,356,3951.71   
"KA",1888,362,55886.67  
"KA",1888,363,225924.64 
"KA",1888,366,2498.5    
"KA",1888,367,124909.79 
"KA",1888,368,5499.95   
"KA",1888,369,71178.27  
"KA",1888,398,31969.52  
"KA",1888,400,57192.08  
"KA",1888,411,15500     
"KA",1889,311,1132220.06
"KA",1889,313,165714.82 
"KA",1889,314,35631.8   
"KA",1889,316,9469      
"KA",1889,321,4999.3    
"KA",1889,322,97726.9   
"KA",1889,323,300992.68 
"KA",1889,337,12500     
"KA",1889,341,2637.67   
"KA",1889,343,228061.06 
"KA",1889,345,39966.8   
"KA",1889,351,44624.24  
"KA",1889,356,4109.77   
"KA",1889,361,67525.3   
"KA",1889,362,48086.26  
"KA",1889,363,118919.64 
"KA",1889,366,2500      
"KA",1889,367,207231.43 
"KA",1889,368,8499.7    
"KA",1889,369,183255.01 
"KA",1889,398,25516.1   
"KA",1889,400,70745.65  
"KA",1889,411,30000     
"KA",1889,413,625       
"KA",1890,311,1183517.53
"KA",1890,313,220386.21 
"KA",1890,314,27613.83  
"KA",1890,316,8595.58   
"KA",1890,322,54389.91  
"KA",1890,323,246311.31 
"KA",1890,337,12500     
"KA",1890,343,203578.45 
"KA",1890,345,73021.22  
"KA",1890,351,22669.81  
"KA",1890,355,1500      
"KA",1890,356,3444.6    
"KA",1890,360,20353.99  
"KA",1890,362,49188.14  
"KA",1890,363,136807.72 
"KA",1890,366,2500      
"KA",1890,367,187488.01 
"KA",1890,368,9500      
"KA",1890,369,91963.36  
"KA",1890,398,5303.35   
"KA",1890,400,58585.86  
"KA",1890,411,1000      
"KA",1891,311,1321984.41
"KA",1891,313,250175.49 
"KA",1891,314,26717.15  
"KA",1891,316,10300     
"KA",1891,321,13456.8   
"KA",1891,322,57115.55  
"KA",1891,323,284913.79 
"KA",1891,325,11237.55  
"KA",1891,337,12333.29  
"KA",1891,341,18935     
"KA",1891,343,216696.99 
"KA",1891,344,1402      
"KA",1891,345,65285.14  
"KA",1891,351,137537.83 
"KA",1891,356,3488.36   
"KA",1891,360,16593.46  
"KA",1891,361,78375.8   
"KA",1891,362,51844.81  
"KA",1891,363,167455.59 
"KA",1891,366,11336.95  
"KA",1891,367,140013.56 
"KA",1891,368,9500      
"KA",1891,369,170992.7  
"KA",1891,398,18795.16  
"KA",1891,400,66048.83  
"KA",1892,311,841021.99 
"KA",1892,313,195955.43 
"KA",1892,314,28679.81  
"KA",1892,316,9446.66   
"KA",1892,321,6499.9    
"KA",1892,322,66252.77  
"KA",1892,323,336017.42 
"KA",1892,325,37064.01  
"KA",1892,336,4750.47   
"KA",1892,337,11000     
"KA",1892,341,8624.15   
"KA",1892,343,158195.51 
"KA",1892,344,5700      
"KA",1892,345,54806.98  
"KA",1892,351,26067.74  
"KA",1892,355,4999.95   
"KA",1892,356,3500      
"KA",1892,361,62733.34  
"KA",1892,362,50971.35  
"KA",1892,363,141835.34 
"KA",1892,366,2505.4    
"KA",1892,367,50522.69  
"KA",1892,368,9000      
"KA",1892,369,56758.93  
"KA",1892,398,1745.83   
"KA",1892,400,65914.48  
"KA",1893,311,911200.96 
"KA",1893,313,459001.55 
"KA",1893,314,27294.45  
"KA",1893,316,9400      
"KA",1893,321,6500      
"KA",1893,322,59005.68  
"KA",1893,323,296059.26 
"KA",1893,325,47905.35  
"KA",1893,336,5592.25   
"KA",1893,337,11000     
"KA",1893,341,8157.91   
"KA",1893,343,158657.52 
"KA",1893,344,7383.7    
"KA",1893,345,59736.68  
"KA",1893,351,38647.35  
"KA",1893,355,5000      
"KA",1893,356,3500      
"KA",1893,361,142122.34 
"KA",1893,362,59108.95  
"KA",1893,363,135287.62 
"KA",1893,366,2462.78   
"KA",1893,368,9000      
"KA",1893,369,90999.53  
"KA",1893,393,532       
"KA",1893,398,34090.04  
"KA",1893,399,46340.06  
"KA",1893,400,53417.5   
"KA",1894,311,986108.64 
"KA",1894,313,553389.58 
"KA",1894,314,25614.04  
"KA",1894,316,9580      
"KA",1894,321,6498.52   
"KA",1894,322,77414.71  
"KA",1894,323,326964.56 
"KA",1894,325,36202.01  
"KA",1894,336,6000      
"KA",1894,337,11000     
"KA",1894,341,8399.71   
"KA",1894,343,148300.93 
"KA",1894,344,10517.56  
"KA",1894,345,66543.45  
"KA",1894,351,16535.09  
"KA",1894,355,4995.84   
"KA",1894,356,5497      
"KA",1894,361,3841.82   
"KA",1894,362,54640.49  
"KA",1894,363,127047.93 
"KA",1894,366,2496.64   
"KA",1894,368,10000     
"KA",1894,369,79783.42  
"KA",1894,398,2738.41   
"KA",1894,399,17015.67  
"KA",1894,400,53037.22  
"KA",1895,311,807270.49 
"KA",1895,313,452813.55 
"KA",1895,314,32126.2   
"KA",1895,316,9603.27   
"KA",1895,321,7189.83   
"KA",1895,322,66921.54  
"KA",1895,323,410950.01 
"KA",1895,325,37576.27  
"KA",1895,336,5680.68   
"KA",1895,337,11989.18  
"KA",1895,341,8395.4    
"KA",1895,343,159419.43 
"KA",1895,344,8995.55   
"KA",1895,345,58517.6   
"KA",1895,351,104667.15 
"KA",1895,356,3492.02   
"KA",1895,361,93565.34  
"KA",1895,362,60697.23  
"KA",1895,363,134475.03 
"KA",1895,366,2500      
"KA",1895,368,9989.05   
"KA",1895,369,129782.59 
"KA",1895,371,3972.86   
"KA",1895,381,1775.81   
"KA",1895,393,1880.15   
"KA",1895,398,39741.95  
"KA",1895,400,52542.5   
"KA",1895,411,49000     
"KA",1896,311,825125.71 
"KA",1896,313,427802.4  
"KA",1896,315,798.5     
"KA",1896,316,10699.5   
"KA",1896,321,6500      
"KA",1896,322,92424.79  
"KA",1896,323,366495.4  
"KA",1896,325,61238.51  
"KA",1896,337,11554.62  
"KA",1896,341,8375.39   
"KA",1896,343,247419.01 
"KA",1896,344,9223.5    
"KA",1896,345,67550.77  
"KA",1896,351,48693.98  
"KA",1896,356,3082.19   
"KA",1896,361,163515.5  
"KA",1896,362,56603.18  
"KA",1896,363,138339.93 
"KA",1896,366,2495.2    
"KA",1896,368,8611.92   
"KA",1896,369,69070.96  
"KA",1896,381,600       
"KA",1896,393,7000      
"KA",1896,398,1003.55   
"KA",1896,400,49551.2   
"KA",1897,311,866533.84 
"KA",1897,313,433939.1  
"KA",1897,315,800       
"KA",1897,316,11749.25  
"KA",1897,321,8500      
"KA",1897,322,76025.91  
"KA",1897,323,387595.29 
"KA",1897,325,39804.21  
"KA",1897,336,500       
"KA",1897,337,11741.79  
"KA",1897,341,8398.51   
"KA",1897,343,238012.98 
"KA",1897,344,9090.58   
"KA",1897,345,55474.81  
"KA",1897,351,31265.55  
"KA",1897,355,4000      
"KA",1897,356,2748.17   
"KA",1897,361,228240.43 
"KA",1897,362,60922.75  
"KA",1897,363,146984.4  
"KA",1897,366,3318.49   
"KA",1897,367,38.25     
"KA",1897,368,8861.05   
"KA",1897,369,130994    
"KA",1897,381,600       
"KA",1897,394,1416.53   
"KA",1897,400,75695.97  
"KA",1897,411,70000     
"KA",1898,311,1011231.39
"KA",1898,313,380507.56 
"KA",1898,315,900       
"KA",1898,316,10685     
"KA",1898,321,6500      
"KA",1898,322,80788.47  
"KA",1898,323,331906.47 
"KA",1898,325,79392.04  
"KA",1898,337,10223.84  
"KA",1898,341,8392.2    
"KA",1898,342,11420     
"KA",1898,343,262554.21 
"KA",1898,344,9386.47   
"KA",1898,345,40916.98  
"KA",1898,351,82884.44  
"KA",1898,355,4000      
"KA",1898,356,1831.63   
"KA",1898,361,81689.69  
"KA",1898,362,59259.11  
"KA",1898,363,147908.79 
"KA",1898,366,21500     
"KA",1898,368,8320      
"KA",1898,369,64919.87  
"KA",1898,381,600       
"KA",1898,393,4837.41   
"KA",1898,394,136.34    
"KA",1898,400,72352.01  
"KA",1898,411,50000     
"KA",1899,311,826669.59 
"KA",1899,313,424957.62 
"KA",1899,315,900       
"KA",1899,316,10325.5   
"KA",1899,321,6500      
"KA",1899,322,72928.22  
"KA",1899,323,607444.99 
"KA",1899,325,6598      
"KA",1899,337,8635.08   
"KA",1899,341,2.73      
"KA",1899,343,249413.67 
"KA",1899,344,10060.28  
"KA",1899,345,80032.66  
"KA",1899,351,89819.1   
"KA",1899,355,4000      
"KA",1899,356,1976.73   
"KA",1899,361,77290.22  
"KA",1899,362,179128.14 
"KA",1899,363,177182.67 
"KA",1899,366,3187.6    
"KA",1899,367,16600     
"KA",1899,368,9869.39   
"KA",1899,369,130025.43 
"KA",1899,381,600       
"KA",1899,400,58381.53  
"KA",1900,311,1590470.43
"KA",1900,313,643626.93 
"KA",1900,315,1210      
"KA",1900,316,12649.61  
"KA",1900,321,8397.64   
"KA",1900,322,62695.19  
"KA",1900,323,407814.39 
"KA",1900,325,45719.41  
"KA",1900,343,467161.71 
"KA",1900,344,11064.92  
"KA",1900,345,13790.02  
"KA",1900,351,84961.53  
"KA",1900,355,4000      
"KA",1900,356,2378.89   
"KA",1900,361,1794.59   
"KA",1900,362,58907.57  
"KA",1900,363,220743.5  
"KA",1900,367,31513.01  
"KA",1900,368,13626.51  
"KA",1900,369,59695.42  
"KA",1900,381,600       
"KA",1900,400,108328.99 
"KA",1900,411,110000    
"KA",1901,311,1450875.25
"KA",1901,313,490474.21 
"KA",1901,315,1119.62   
"KA",1901,316,15342.29  
"KA",1901,321,8315.15   
"KA",1901,322,323479.34 
"KA",1901,323,134451.25 
"KA",1901,325,45864.02  
"KA",1901,337,3335.85   
"KA",1901,343,386558.09 
"KA",1901,344,11177.94  
"KA",1901,345,122917.66 
"KA",1901,351,102225.43 
"KA",1901,355,5145.81   
"KA",1901,356,2474.74   
"KA",1901,361,90888.37  
"KA",1901,362,57132.42  
"KA",1901,363,178275.58 
"KA",1901,364,510.6     
"KA",1901,365,2088      
"KA",1901,367,131497.24 
"KA",1901,368,14540.26  
"KA",1901,369,127500    
"KA",1901,371,7500      
"KA",1901,381,1460.26   
"KA",1901,393,310.6     
"KA",1901,398,56318.85  
"KA",1901,400,117581.31 
"KA",1902,311,1243367.26
"KA",1902,313,545226.86 
"KA",1902,315,1260.86   
"KA",1902,316,19588     
"KA",1902,321,10000     
"KA",1902,322,454224.57 
"KA",1902,323,35214.4   
"KA",1902,325,65747.86  
"KA",1902,337,12024.17  
"KA",1902,343,504974.833
"KA",1902,344,11307.69  
"KA",1902,345,86659.68  
"KA",1902,351,75712.77  
"KA",1902,355,9623.56   
"KA",1902,356,4467.45   
"KA",1902,361,11930.61  
"KA",1902,362,59837.51  
"KA",1902,363,181293.48 
"KA",1902,365,1825.65   
"KA",1902,367,179807.32 
"KA",1902,368,16013.12  
"KA",1902,369,59699.58  
"KA",1902,371,36987.75  
"KA",1902,381,2844.81   
"KA",1902,394,7000      
"KA",1902,398,10509.41  
"KA",1902,400,120288.48 
"KA",1903,311,1493051.95
"KA",1903,313,597730.3  
"KA",1903,315,1663.21   
"KA",1903,316,19012.03  
"KA",1903,321,10000     
"KA",1903,322,433175.18 
"KA",1903,323,33036.15  
"KA",1903,325,69709.82  
"KA",1903,337,11340.82  
"KA",1903,343,639179.91 
"KA",1903,344,11463.9   
"KA",1903,345,30796.55  
"KA",1903,351,81498.32  
"KA",1903,355,10150.69  
"KA",1903,356,7200.68   
"KA",1903,361,126302.6  
"KA",1903,362,63548.48  
"KA",1903,363,184174.89 
"KA",1903,365,47.2      
"KA",1903,367,91418.21  
"KA",1903,368,19833.79  
"KA",1903,369,135152.07 
"KA",1903,381,3936.62   
"KA",1903,393,800       
"KA",1903,394,25000     
"KA",1903,398,19408.07  
"KA",1903,400,71361.15  
"KA",1904,311,1181231.82
"KA",1904,313,508039.56 
"KA",1904,315,1187.47   
"KA",1904,316,21512.29  
"KA",1904,321,11500     
"KA",1904,322,543369.7  
"KA",1904,323,42098.43  
"KA",1904,325,2700      
"KA",1904,336,3000      
"KA",1904,337,11382.29  
"KA",1904,343,504410.61 
"KA",1904,344,13507     
"KA",1904,351,77111.53  
"KA",1904,355,12184.63  
"KA",1904,356,6240.16   
"KA",1904,360,2500      
"KA",1904,361,105.15    
"KA",1904,363,38900     
"KA",1904,367,6997.43   
"KA",1904,368,11486.51  
"KA",1904,369,57914.8   
"KA",1904,381,2816.14   
"KA",1904,393,800       
"KA",1904,394,115000    
"KA",1904,398,6.5       
"KA",1904,400,62336.92  
"KA",1905,311,1411112.87
"KA",1905,313,704372.12 
"KA",1905,315,1300      
"KA",1905,316,19196     
"KA",1905,321,10000     
"KA",1905,322,547747.9  
"KA",1905,323,34671.24  
"KA",1905,325,92688.53  
"KA",1905,336,3000      
"KA",1905,337,13198.5   
"KA",1905,343,445001.32 
"KA",1905,344,14107.38  
"KA",1905,345,40084.78  
"KA",1905,351,306588.49 
"KA",1905,355,22549.97  
"KA",1905,356,6161.57   
"KA",1905,360,2500      
"KA",1905,361,80874.93  
"KA",1905,362,105854.08 
"KA",1905,363,172762.07 
"KA",1905,365,423.3     
"KA",1905,368,19093.59  
"KA",1905,369,167103.47 
"KA",1905,381,600       
"KA",1905,393,800       
"KA",1905,394,27500     
"KA",1905,398,16793.5   
"KA",1905,400,45309.41  
"KA",1906,311,1521195.54
"KA",1906,313,1038655.99
"KA",1906,315,1300      
"KA",1906,316,23015.8   
"KA",1906,322,401879.78 
"KA",1906,323,64321.22  
"KA",1906,325,77865.74  
"KA",1906,336,3000      
"KA",1906,337,13702.79  
"KA",1906,343,429138.25 
"KA",1906,345,31878     
"KA",1906,351,109302.68 
"KA",1906,355,5749.38   
"KA",1906,356,6295.21   
"KA",1906,360,2500      
"KA",1906,361,1402.12   
"KA",1906,362,113713.09 
"KA",1906,363,176895.6  
"KA",1906,365,16947.12  
"KA",1906,366,7799.28   
"KA",1906,367,12357.88  
"KA",1906,368,290578.65 
"KA",1906,369,104442.77 
"KA",1906,381,300       
"KA",1906,393,3500      
"KA",1906,395,2500      
"KA",1906,398,618.55    
"KA",1906,400,42435.66  
"KA",1906,411,29871.25  
"KA",1907,311,1512331.74
"KA",1907,313,930559.04 
"KA",1907,315,1300      
"KA",1907,316,28922.39  
"KA",1907,320,16202.12  
"KA",1907,322,431296.73 
"KA",1907,323,43824.32  
"KA",1907,325,77081.67  
"KA",1907,331,1000      
"KA",1907,336,3000      
"KA",1907,337,16013.99  
"KA",1907,343,337520.81 
"KA",1907,344,17720     
"KA",1907,345,46080.24  
"KA",1907,351,149241.36 
"KA",1907,355,6099.11   
"KA",1907,356,10043.38  
"KA",1907,360,3762.15   
"KA",1907,361,107252.52 
"KA",1907,362,110461.56 
"KA",1907,363,191476.44 
"KA",1907,365,7950      
"KA",1907,366,2272.38   
"KA",1907,367,12.94     
"KA",1907,368,237519.05 
"KA",1907,369,112989.67 
"KA",1907,381,300       
"KA",1907,393,750       
"KA",1907,398,350       
"KA",1907,400,41030.82  
"KA",1908,311,1461422.93
"KA",1908,313,1284821.14
"KA",1908,314,100871.17 
"KA",1908,315,1300      
"KA",1908,316,28268.35  
"KA",1908,320,14827.8   
"KA",1908,322,626912.28 
"KA",1908,323,57099.44  
"KA",1908,325,111517.57 
"KA",1908,337,17289.85  
"KA",1908,343,486877.45 
"KA",1908,344,29726.96  
"KA",1908,345,44926.83  
"KA",1908,351,153496.38 
"KA",1908,353,4037.85   
"KA",1908,355,10116.68  
"KA",1908,356,22504.11  
"KA",1908,361,28436.43  
"KA",1908,362,119607.31 
"KA",1908,363,207325.36 
"KA",1908,365,24074.88  
"KA",1908,368,260880.31 
"KA",1908,369,72388.95  
"KA",1908,381,375       
"KA",1908,393,1000      
"KA",1908,400,40635     
"KA",1908,411,9000      
"KA",1909,311,1750312.4 
"KA",1909,313,1385188.54
"KA",1909,315,1300      
"KA",1909,316,26712.7   
"KA",1909,320,30969.06  
"KA",1909,321,80        
"KA",1909,322,634584.43 
"KA",1909,323,203912.78 
"KA",1909,325,110333.7  
"KA",1909,337,22983.51  
"KA",1909,343,424987.69 
"KA",1909,344,36275.69  
"KA",1909,345,156494.95 
"KA",1909,351,136253.78 
"KA",1909,355,11218.19  
"KA",1909,356,29990.36  
"KA",1909,360,5094.62   
"KA",1909,361,130715.03 
"KA",1909,362,98745.69  
"KA",1909,363,215400.42 
"KA",1909,364,540.3     
"KA",1909,365,97862.4   
"KA",1909,368,269975.09 
"KA",1909,369,97382.08  
"KA",1909,381,900       
"KA",1909,393,1000      
"KA",1909,400,28987.84  
"KA",1909,411,19871.25  
"KA",1910,311,1786872.41
"KA",1910,313,1420932.91
"KA",1910,314,71240.52  
"KA",1910,315,1300      
"KA",1910,316,26986.95  
"KA",1910,320,55264.79  
"KA",1910,321,240       
"KA",1910,322,581234.29 
"KA",1910,323,143934.91 
"KA",1910,325,141822.15 
"KA",1910,337,28962.15  
"KA",1910,343,415503.12 
"KA",1910,344,39639.81  
"KA",1910,345,62180.93  
"KA",1910,351,29163.98  
"KA",1910,355,11706.74  
"KA",1910,356,45648.54  
"KA",1910,360,5900      
"KA",1910,361,3054.2    
"KA",1910,362,116256.49 
"KA",1910,363,217079.61 
"KA",1910,365,432158.53 
"KA",1910,368,342783.41 
"KA",1910,369,80376.48  
"KA",1910,381,600       
"KA",1910,393,1000      
"KA",1910,398,206.99    
"KA",1910,400,22850.04  
"KA",1910,411,85000     
"KA",1911,311,1518534.6 
"KA",1911,313,1552092.26
"KA",1911,314,5478.6    
"KA",1911,315,1298      
"KA",1911,316,25388.2   
"KA",1911,320,62860.08  
"KA",1911,321,160       
"KA",1911,322,616079.18 
"KA",1911,323,140312.53 
"KA",1911,325,148140.11 
"KA",1911,337,21712.88  
"KA",1911,343,630036.85 
"KA",1911,344,40847.59  
"KA",1911,345,59094.68  
"KA",1911,351,95842.23  
"KA",1911,355,13116.12  
"KA",1911,356,45593.57  
"KA",1911,360,5197.9    
"KA",1911,361,135014.02 
"KA",1911,362,110350.19 
"KA",1911,363,225676.56 
"KA",1911,365,929003    
"KA",1911,368,316809.37 
"KA",1911,369,104957.9  
"KA",1911,371,3891.54   
"KA",1911,381,600       
"KA",1911,393,1000      
"KA",1911,398,250       
"KA",1911,400,21052.09  
"KA",1911,411,2958.75   
"KA",1912,311,1716563.85
"KA",1912,313,1878607.02
"KA",1912,314,12281.9   
"KA",1912,315,1292.86   
"KA",1912,316,29887.32  
"KA",1912,320,62059.59  
"KA",1912,321,16321.89  
"KA",1912,322,643901.01 
"KA",1912,323,129085.36 
"KA",1912,325,280931.39 
"KA",1912,343,662750.2  
"KA",1912,344,46384.61  
"KA",1912,345,66337.41  
"KA",1912,351,190637.75 
"KA",1912,355,12543.52  
"KA",1912,356,45773.82  
"KA",1912,360,8048.4    
"KA",1912,361,2536.17   
"KA",1912,362,109329.51 
"KA",1912,363,234792.78 
"KA",1912,365,1530808.91
"KA",1912,366,3947.22   
"KA",1912,368,324281.05 
"KA",1912,369,75360.53  
"KA",1912,371,35787.91  
"KA",1912,381,1140      
"KA",1912,393,1000      
"KA",1912,398,1318.07   
"KA",1912,400,19402.31  
"KA",1912,411,150920    
"KA",1913,311,1733050.94
"KA",1913,313,1919453.17
"KA",1913,314,10857.58  
"KA",1913,315,1278.25   
"KA",1913,316,24133.7   
"KA",1913,320,66314.29  
"KA",1913,321,16930.29  
"KA",1913,322,774392.6  
"KA",1913,323,76308.04  
"KA",1913,325,194673.46 
"KA",1913,342,1657.83   
"KA",1913,343,738064.13 
"KA",1913,344,44520.82  
"KA",1913,345,57387     
"KA",1913,351,253615.51 
"KA",1913,355,15631.37  
"KA",1913,356,37794.46  
"KA",1913,360,7872.51   
"KA",1913,361,106305.75 
"KA",1913,362,105209.2  
"KA",1913,363,235698.07 
"KA",1913,364,397.2     
"KA",1913,365,1919656.31
"KA",1913,366,4270.75   
"KA",1913,368,41025.7   
"KA",1913,369,103721.07 
"KA",1913,371,47616.19  
"KA",1913,381,1175      
"KA",1913,393,1000      
"KA",1913,394,50529.16  
"KA",1913,398,200       
"KA",1913,400,14854     
"KA",1914,311,1594249.95
"KA",1914,313,2039881.67
"KA",1914,314,128820.03 
"KA",1914,315,25325.93  
"KA",1914,316,28079.46  
"KA",1914,320,63508.58  
"KA",1914,322,828249.14 
"KA",1914,323,158846.49 
"KA",1914,325,293945.08 
"KA",1914,342,14989.05  
"KA",1914,343,667158.09 
"KA",1914,344,86362.15  
"KA",1914,345,71085.4   
"KA",1914,351,101579.91 
"KA",1914,355,12095.39  
"KA",1914,356,46850.48  
"KA",1914,360,6190.95   
"KA",1914,361,2269.09   
"KA",1914,362,159841.54 
"KA",1914,363,235215.36 
"KA",1914,365,2643003.56
"KA",1914,366,200       
"KA",1914,368,44158.25  
"KA",1914,369,113503.59 
"KA",1914,371,43824.33  
"KA",1914,381,1065      
"KA",1914,393,6250      
"KA",1914,399,9924.21   
"KA",1914,400,14800     
"KA",1915,311,2193187.72
"KA",1915,313,2286988.71
"KA",1915,314,7197.93   
"KA",1915,315,29028.46  
"KA",1915,316,31912.98  
"KA",1915,321,887.87    
"KA",1915,322,733341.12 
"KA",1915,323,181983.84 
"KA",1915,325,139532.26 
"KA",1915,331,48852.38  
"KA",1915,342,30484.18  
"KA",1915,343,648704.73 
"KA",1915,344,54747.91  
"KA",1915,345,68350.76  
"KA",1915,351,222229.76 
"KA",1915,353,6307.51   
"KA",1915,355,66895.39  
"KA",1915,356,40193.8   
"KA",1915,360,6199.42   
"KA",1915,361,106984.49 
"KA",1915,362,131548.59 
"KA",1915,363,241867.87 
"KA",1915,365,3035651.54
"KA",1915,368,64460.67  
"KA",1915,369,136147.99 
"KA",1915,371,49625.42  
"KA",1915,381,1144.16   
"KA",1915,393,1000      
"KA",1915,398,832       
"KA",1915,399,47447.3   
"KA",1915,400,10580     
"KA",1915,411,211000    
