"PA",1805,3,229527.3     
"PA",1806,3,309826.01    
"PA",1807,3,199623.4     
"PA",1811,3,389889.19    
"PA",1812,3,308960.84    
"PA",1813,3,336186.62    
"PA",1815,3,660737.37    
"PA",1818,3,619310.89    
"PA",1825,3,502879.95    
"PA",1826,3,590089.21    
"PA",1827,3,1575881.27   
"PA",1828,3,3107552.51   
"PA",1829,3,3624777.48   
"PA",1830,3,6357482.5    
"PA",1831,3,3058926.54   
"PA",1832,3,4602204.88   
"PA",1833,3,3796794.48   
"PA",1834,3,5190079.15   
"PA",1835,3,3191860.31   
"PA",1836,3,3673638.11   
"PA",1837,3,4173940.26   
"PA",1838,3,4889863.73   
"PA",1839,3,6971489.61   
"PA",1840,3,7278120.94   
"PA",1841,3,4895154.15   
"PA",1842,3,3336359.51   
"PA",1843,3,3499144      
"PA",1844,3,1847385.11   
"PA",1845,3,3289028.13   
"PA",1846,3,3529264.67   
"PA",1847,3,3680813.74   
"PA",1848,3,3934378.5    
"PA",1849,3,4084771.8    
"PA",1850,3,4569053.94   
"PA",1851,3,4780667.53   
"PA",1852,3,6876480.38   
"PA",1853,3,10144874.17  
"PA",1854,3,5424983.29   
"PA",1855,3,5385695.52   
"PA",1856,3,5377142.22   
"PA",1857,3,5407276.85   
"PA",1858,3,3775857.06   
"PA",1859,3,3879054.81   
"PA",1861,3,5873352.38   
"PA",1862,3,4590509.25   
"PA",1863,3,4314964.05   
"PA",1864,3,4938441.09   
"PA",1865,3,5788525.19   
"PA",1866,3,6462302.81   
"PA",1867,3,25502526.88  
"PA",1868,3,8862960.04   
"PA",1870,3,6434550.11   
"PA",1871,3,7022079.85   
"PA",1872,3,7142990.43   
"PA",1874,3,6642567.86   
"PA",1875,3,6541443.4    
"PA",1876,3,6087100.02   
"PA",1877,3,13482453.19  
"PA",1878,3,6653933.58   
"PA",1879,3,6529063.24   
"PA",1880,3,6820119.49   
"PA",1881,3,5360495.03   
"PA",1882,3,3958575      
"PA",1883,3,4330975.47   
"PA",1884,3,4377515.68   
"PA",1885,3,5062782.3    
"PA",1886,3,4361753.42   
"PA",1887,3,4993527.64   
"PA",1888,3,5497444.07   
"PA",1889,3,6601238.67   
"PA",1890,3,5950639.61   
"PA",1891,3,7306023.19   
"PA",1892,3,9936815.18   
"PA",1893,3,12975625.46  
"PA",1894,3,11820129.58  
"PA",1895,3,13402962.9   
"PA",1896,3,11004517.97  
"PA",1897,3,12768515.84  
"PA",1898,3,13700423.58  
"PA",1899,3,15063467.11  
"PA",1900,3,15181347.4   
"PA",1901,3,16362027.55  
"PA",1902,3,15210793.31  
"PA",1903,3,17791735.41  
"PA",1904,3,19570533.52  
"PA",1905,3,26740307.3   
"PA",1906,3,25574810.85  
"PA",1907,3,24589725.89  
"PA",1908,3,29158838.4   
"PA",1909,3,29865605.28  
"PA",1910,3,27291727.14  
"PA",1911,3,28945822.63  
"PA",1912,3,33817643.8   
"PA",1913,3,37482811.1   
"PA",1914,3,31541081.81  
"PA",1915,3,33120281.04  
"PA",1916,3,34636006.5   
                         
"PA",1805,32,5573.91     
"PA",1805,33,2449.3      
"PA",1805,34,14942.92    
"PA",1805,35,10385.89    
"PA",1805,36,126144.92   
"PA",1805,39,50067.5     
"PA",1805,40,394.01      
"PA",1805,41,19568.85    
"PA",1806,32,3559.13     
"PA",1806,33,4376.67     
"PA",1806,34,14497.75    
"PA",1806,36,141619.44   
"PA",1806,39,144618.4    
"PA",1806,41,1154.62     
"PA",1807,32,3500        
"PA",1807,33,6980        
"PA",1807,34,9894.4      
"PA",1807,36,141000      
"PA",1807,39,37749       
"PA",1807,41,500         
"PA",1811,32,4918.27     
"PA",1811,33,35524.87    
"PA",1811,34,9153.75     
"PA",1811,35,13956.87    
"PA",1811,36,137232.16   
"PA",1811,39,58303.27    
"PA",1811,41,130800      
"PA",1812,32,5540.47     
"PA",1812,33,38461       
"PA",1812,34,45567.62    
"PA",1812,35,13386.89    
"PA",1812,36,146683.91   
"PA",1812,39,59320.95    
"PA",1813,32,11343.85    
"PA",1813,33,28515.15    
"PA",1813,34,116223.56   
"PA",1813,35,13157.54    
"PA",1813,36,138203.14   
"PA",1813,39,28743.38    
"PA",1815,32,15734.82    
"PA",1815,33,103917.29   
"PA",1815,34,105403.28   
"PA",1815,35,12647.63    
"PA",1815,36,144470.96   
"PA",1815,39,4873.4      
"PA",1815,40,7305        
"PA",1815,41,266384.99   
"PA",1818,32,18389.8     
"PA",1818,33,354149.82   
"PA",1818,34,40733.25    
"PA",1818,35,10849.24    
"PA",1818,36,162537.5    
"PA",1818,39,32651.28    
"PA",1825,31,18582.65    
"PA",1825,32,24727.81    
"PA",1825,33,68560.51    
"PA",1825,34,129945.82   
"PA",1825,35,9494.75     
"PA",1825,36,169873.25   
"PA",1825,39,6436.16     
"PA",1825,40,75259       
"PA",1826,31,11958.77    
"PA",1826,32,26048.63    
"PA",1826,33,191208.5    
"PA",1826,34,89882.99    
"PA",1826,35,10104.37    
"PA",1826,36,172243.11   
"PA",1826,39,6101.18     
"PA",1826,40,82541.66    
"PA",1827,31,20946.02    
"PA",1827,32,29330.68    
"PA",1827,33,1134312.17  
"PA",1827,34,81804.05    
"PA",1827,36,202127.24   
"PA",1827,39,17922.14    
"PA",1827,40,89438.97    
"PA",1828,31,26259.28    
"PA",1828,32,2500        
"PA",1828,33,2714906.59  
"PA",1828,34,34513.52    
"PA",1828,35,6200.03     
"PA",1828,36,196561.93   
"PA",1828,38,26295.22    
"PA",1828,39,8590.94     
"PA",1828,40,91725       
"PA",1829,31,16702.48    
"PA",1829,32,2500        
"PA",1829,33,3220215.98  
"PA",1829,34,29903.32    
"PA",1829,35,5920.51     
"PA",1829,36,211480.79   
"PA",1829,38,27800.32    
"PA",1829,39,18529.08    
"PA",1829,40,91725       
"PA",1830,31,13827.73    
"PA",1830,32,24501.45    
"PA",1830,33,5975206.81  
"PA",1830,34,38556.88    
"PA",1830,35,6497.21     
"PA",1830,36,200129.22   
"PA",1830,39,7138.2      
"PA",1830,40,91625       
"PA",1831,31,11185.13    
"PA",1831,32,22226.84    
"PA",1831,33,2703284.07  
"PA",1831,34,31111.3     
"PA",1831,35,6173.14     
"PA",1831,36,183962.37   
"PA",1831,39,9458.69     
"PA",1831,40,91525       
"PA",1832,31,10970.98    
"PA",1832,32,24888.2     
"PA",1832,33,3521754.05  
"PA",1832,34,31199.96    
"PA",1832,36,228803.75   
"PA",1832,39,10283.3     
"PA",1832,40,774304.64   
"PA",1833,31,7954.48     
"PA",1833,32,34303.21    
"PA",1833,33,2594045.11  
"PA",1833,34,90228.96    
"PA",1833,35,5890.56     
"PA",1833,36,202422.71   
"PA",1833,39,12187.97    
"PA",1833,40,849761.48   
"PA",1834,31,40590.43    
"PA",1834,32,30613.78    
"PA",1834,33,3679095.39  
"PA",1834,34,172270.13   
"PA",1834,36,229372.36   
"PA",1834,39,15151.22    
"PA",1834,40,1022985.84  
"PA",1835,31,59408.02    
"PA",1835,32,35666.84    
"PA",1835,33,1644096.95  
"PA",1835,34,119819.62   
"PA",1835,36,235388.26   
"PA",1835,39,9080.53     
"PA",1835,40,1028400.09  
"PA",1835,41,60000       
"PA",1836,31,161838.55   
"PA",1836,32,50179.96    
"PA",1836,33,1156866.13  
"PA",1836,34,76696.73    
"PA",1836,36,259533.31   
"PA",1836,39,16526.19    
"PA",1836,40,1277557.24  
"PA",1836,41,674440      
"PA",1837,31,608732.22   
"PA",1837,32,49915.69    
"PA",1837,33,1629458.83  
"PA",1837,34,53652.19    
"PA",1837,36,273687.95   
"PA",1837,39,92307.95    
"PA",1837,40,1216185.43  
"PA",1837,41,250000      
"PA",1838,31,418288.1    
"PA",1838,32,52091.53    
"PA",1838,33,2618943.23  
"PA",1838,34,74417.49    
"PA",1838,36,295694.01   
"PA",1838,39,201566.12   
"PA",1838,40,1210500.16  
"PA",1838,41,18363.09    
"PA",1839,31,391272.05   
"PA",1839,32,58588.74    
"PA",1839,33,3616673.84  
"PA",1839,34,59010.54    
"PA",1839,36,419173.15   
"PA",1839,39,78649.28    
"PA",1839,40,143371.93   
"PA",1839,41,2204750.08  
"PA",1840,31,391258.57   
"PA",1840,32,65399.11    
"PA",1840,33,4201858.16  
"PA",1840,34,89176.89    
"PA",1840,35,6287.5      
"PA",1840,36,375200.15   
"PA",1840,39,23347.97    
"PA",1840,40,1608092.59  
"PA",1840,41,517500      
"PA",1841,31,366291.46   
"PA",1841,32,56407.34    
"PA",1841,33,3341736.89  
"PA",1841,34,59601.78    
"PA",1841,35,5628.91     
"PA",1841,36,306485.53   
"PA",1841,39,19834.11    
"PA",1841,40,64250       
"PA",1841,41,674918.13   
"PA",1842,31,317730.17   
"PA",1842,32,49151.66    
"PA",1842,33,2080333.15  
"PA",1842,34,58523.86    
"PA",1842,35,2751.58     
"PA",1842,36,331677.63   
"PA",1842,39,20439.91    
"PA",1842,40,44767.79    
"PA",1842,41,430983.76   
"PA",1843,31,412036.23   
"PA",1843,32,51007.76    
"PA",1843,33,751859.5    
"PA",1843,34,69255.96    
"PA",1843,35,1984.75     
"PA",1843,36,295486.24   
"PA",1843,39,13230.61    
"PA",1843,40,52328.83    
"PA",1843,41,1851954.12  
"PA",1844,31,294011.53   
"PA",1844,32,39369.6     
"PA",1844,33,724361.08   
"PA",1844,34,33724.13    
"PA",1844,35,600.21      
"PA",1844,36,255576.67   
"PA",1844,39,59005.74    
"PA",1844,40,50862.7     
"PA",1844,41,389873.45   
"PA",1845,31,235571.88   
"PA",1845,32,60501.64    
"PA",1845,33,687644.06   
"PA",1845,34,78768.18    
"PA",1845,35,222.5       
"PA",1845,36,242678.88   
"PA",1845,39,53538.76    
"PA",1845,40,1804308.07  
"PA",1845,41,125794.16   
"PA",1846,31,193946.01   
"PA",1846,32,50917.91    
"PA",1846,33,732067.74   
"PA",1846,34,57028.99    
"PA",1846,35,1277.7      
"PA",1846,36,217442.22   
"PA",1846,39,37080.58    
"PA",1846,40,2030345.5   
"PA",1846,41,209158.02   
"PA",1847,31,198728.84   
"PA",1847,32,57850.11    
"PA",1847,33,736109.72   
"PA",1847,34,41493.29    
"PA",1847,35,1751.54     
"PA",1847,36,201915.74   
"PA",1847,39,45726.12    
"PA",1847,40,2033040.41  
"PA",1847,41,364197.97   
"PA",1848,31,178634.5    
"PA",1848,32,53705.5     
"PA",1848,33,1034883     
"PA",1848,34,44775       
"PA",1848,35,190.5       
"PA",1848,36,235738.5    
"PA",1848,39,47586       
"PA",1848,40,2038240.5   
"PA",1848,41,300625      
"PA",1849,31,180635.9    
"PA",1849,32,78704.02    
"PA",1849,33,977286.33   
"PA",1849,34,49918.81    
"PA",1849,35,267.5       
"PA",1849,36,243788.94   
"PA",1849,39,49509.14    
"PA",1849,40,2040116.99  
"PA",1849,41,464544.17   
"PA",1850,31,214728.49   
"PA",1850,32,85545.76    
"PA",1850,33,1525392.83  
"PA",1850,34,35666.04    
"PA",1850,35,192.75      
"PA",1850,36,264471.89   
"PA",1850,39,61500.04    
"PA",1850,40,2037214.51  
"PA",1850,41,344341.63   
"PA",1851,31,167495.26   
"PA",1851,32,121906.02   
"PA",1851,33,1878227.72  
"PA",1851,34,29824.86    
"PA",1851,35,7573.19     
"PA",1851,36,258178.38   
"PA",1851,39,57809.71    
"PA",1851,40,2054777.54  
"PA",1851,41,204874.85   
"PA",1852,31,173984.63   
"PA",1852,32,104648.54   
"PA",1852,33,2297821.73  
"PA",1852,34,58853.6     
"PA",1852,35,2090        
"PA",1852,36,296391.83   
"PA",1852,39,39232       
"PA",1852,40,2174617.4   
"PA",1852,41,1728840.65  
"PA",1853,31,183490.95   
"PA",1853,32,90970.99    
"PA",1853,33,2799752.75  
"PA",1853,34,35083.62    
"PA",1853,35,2007.5      
"PA",1853,36,256259.46   
"PA",1853,39,57395.15    
"PA",1853,40,2153353.78  
"PA",1853,41,4566559.97  
"PA",1854,31,169524.41   
"PA",1854,32,88324.21    
"PA",1854,33,2335009.28  
"PA",1854,34,20550.54    
"PA",1854,35,2000        
"PA",1854,36,315830.84   
"PA",1854,39,106377.46   
"PA",1854,40,2101805.63  
"PA",1854,41,285560.92   
"PA",1855,31,246301.48   
"PA",1855,32,125158.6    
"PA",1855,33,1871388.82  
"PA",1855,34,25980.05    
"PA",1855,35,4240        
"PA",1855,36,356082.57   
"PA",1855,39,74968.11    
"PA",1855,40,2101557.44  
"PA",1855,41,580018.45   
"PA",1856,31,211135      
"PA",1856,32,125165.54   
"PA",1856,33,2132690.12  
"PA",1856,34,22693.54    
"PA",1856,35,2903.11     
"PA",1856,36,336103.58   
"PA",1856,39,109185.26   
"PA",1856,40,2070972.97  
"PA",1856,41,366293.1    
"PA",1857,31,358427.84   
"PA",1857,32,133110.74   
"PA",1857,33,1415235.39  
"PA",1857,34,48794.14    
"PA",1857,35,3834.56     
"PA",1857,36,540477.28   
"PA",1857,39,31490.68    
"PA",1857,40,2057388.24  
"PA",1857,41,818517.98   
"PA",1858,31,288450.18   
"PA",1858,32,178891.19   
"PA",1858,33,349355.4    
"PA",1858,34,40913.16    
"PA",1858,35,2117        
"PA",1858,36,476315.08   
"PA",1858,39,9622.38     
"PA",1858,40,2007914.82  
"PA",1858,41,422277.85   
"PA",1859,31,301602.17   
"PA",1859,32,172457.3    
"PA",1859,33,19811.83    
"PA",1859,34,41286.69    
"PA",1859,35,2120.78     
"PA",1859,36,421060.1    
"PA",1859,39,62396.47    
"PA",1859,40,2004664.85  
"PA",1859,41,853654.62   
"PA",1861,31,343340.82   
"PA",1861,32,160602.68   
"PA",1861,33,8157.28     
"PA",1861,34,2441256.17  
"PA",1861,35,2000        
"PA",1861,36,466158.17   
"PA",1861,39,43713.64    
"PA",1861,40,1925443.92  
"PA",1861,41,482679.7    
"PA",1862,31,287809.6    
"PA",1862,32,166816.25   
"PA",1862,34,554267.78   
"PA",1862,36,422887.04   
"PA",1862,39,412989.57   
"PA",1862,40,2217752.18  
"PA",1862,41,527986.83   
"PA",1863,31,338913.39   
"PA",1863,32,160388.04   
"PA",1863,34,244482.17   
"PA",1863,35,2000        
"PA",1863,36,465142.2    
"PA",1863,39,77864.53    
"PA",1863,40,2067748.61  
"PA",1863,41,958425.11   
"PA",1864,31,361201.44   
"PA",1864,32,323867.12   
"PA",1864,34,1007730.7   
"PA",1864,35,2000        
"PA",1864,36,615655.66   
"PA",1864,39,70517.13    
"PA",1864,40,2435378.84  
"PA",1864,41,122090.2    
"PA",1865,31,373874.07   
"PA",1865,32,335628.32   
"PA",1865,34,426086.66   
"PA",1865,35,2000        
"PA",1865,36,718784.37   
"PA",1865,39,32266.18    
"PA",1865,40,1994680.07  
"PA",1865,41,1905205.52  
"PA",1866,31,361968.86   
"PA",1866,32,1228261.83  
"PA",1866,33,32441.82    
"PA",1866,34,233994.61   
"PA",1866,35,2000        
"PA",1866,36,793317.19   
"PA",1866,39,50519.53    
"PA",1866,40,1892105.22  
"PA",1866,41,1867693.75  
"PA",1867,31,420403.24   
"PA",1867,32,741252.85   
"PA",1867,33,1677.63     
"PA",1867,34,210793.14   
"PA",1867,35,2000        
"PA",1867,36,854635.99   
"PA",1867,39,95816.24    
"PA",1867,40,2257033.37  
"PA",1867,41,20918914.42 
"PA",1868,31,348751.99   
"PA",1868,32,851550.64   
"PA",1868,33,2851.66     
"PA",1868,34,199383.68   
"PA",1868,35,2000        
"PA",1868,36,897309.9    
"PA",1868,39,151157.62   
"PA",1868,40,1979690.91  
"PA",1868,41,4430263.64  
"PA",1870,31,1162355.17  
"PA",1870,32,509435.45   
"PA",1870,33,6723.29     
"PA",1870,34,145694.58   
"PA",1870,35,5000        
"PA",1870,36,866020.44   
"PA",1870,39,84956.86    
"PA",1870,40,1864811.77  
"PA",1870,41,1789552.55  
"PA",1871,31,1078728.15  
"PA",1871,32,584504.06   
"PA",1871,33,5416.62     
"PA",1871,34,166463.7    
"PA",1871,35,2000        
"PA",1871,36,1093990.8   
"PA",1871,39,85716.02    
"PA",1871,40,1785035.91  
"PA",1871,41,2220224.59  
"PA",1872,31,1145727.91  
"PA",1872,32,574201.39   
"PA",1872,33,6334.99     
"PA",1872,34,105759.84   
"PA",1872,35,2000        
"PA",1872,36,1009650.75  
"PA",1872,39,82109.8     
"PA",1872,40,1705995.38  
"PA",1872,41,2511210.37  
"PA",1874,31,1262412.2   
"PA",1874,32,784047.01   
"PA",1874,33,26532.32    
"PA",1874,34,174322.58   
"PA",1874,35,22800       
"PA",1874,36,1221406.31  
"PA",1874,39,423979.77   
"PA",1874,40,1490881.1   
"PA",1874,41,1236186.57  
"PA",1875,31,1166028.77  
"PA",1875,32,563501.76   
"PA",1875,33,53844.97    
"PA",1875,34,211475.15   
"PA",1875,35,23251.26    
"PA",1875,36,1281826.98  
"PA",1875,39,470045.73   
"PA",1875,40,1432671.15  
"PA",1875,41,1338797.63  
"PA",1876,31,1495890.79  
"PA",1876,32,609671.1    
"PA",1876,33,54583.3     
"PA",1876,34,383196.04   
"PA",1876,35,43596.13    
"PA",1876,36,1400328.37  
"PA",1876,39,478137.26   
"PA",1876,40,1354922.11  
"PA",1876,41,266774.92   
"PA",1877,31,1282146.85  
"PA",1877,32,813409.25   
"PA",1877,33,63208.29    
"PA",1877,34,242477.65   
"PA",1877,35,10032.54    
"PA",1877,36,1330374.35  
"PA",1877,39,274732.37   
"PA",1877,40,1430877.51  
"PA",1877,41,8035194.38  
"PA",1878,31,1128308.65  
"PA",1878,32,615020.64   
"PA",1878,33,49897.82    
"PA",1878,34,863291.98   
"PA",1878,35,5868.82     
"PA",1878,36,1559361.87  
"PA",1878,39,140524.13   
"PA",1878,40,1223466.22  
"PA",1878,41,1068193.45  
"PA",1879,31,924218.56   
"PA",1879,32,581440.19   
"PA",1879,33,47084.2     
"PA",1879,34,329654.59   
"PA",1879,35,17914.21    
"PA",1879,36,1609137.63  
"PA",1879,39,88267.27    
"PA",1879,40,1246394.59  
"PA",1879,41,1684952     
"PA",1880,31,2062825.23  
"PA",1880,32,1194142.3   
"PA",1880,33,55321.2     
"PA",1880,34,608727.65   
"PA",1880,35,15500       
"PA",1880,36,1031165.29  
"PA",1880,39,67620.7     
"PA",1880,40,1156137.91  
"PA",1880,41,628679.21   
"PA",1881,31,2101076.45  
"PA",1881,32,1012110.98  
"PA",1881,33,44000       
"PA",1881,34,613205.92   
"PA",1881,35,5000        
"PA",1881,36,1488033.7   
"PA",1881,39,97067.98    
"PA",1882,31,1467619.97  
"PA",1882,32,759332.78   
"PA",1882,33,55500       
"PA",1882,34,557859.29   
"PA",1882,35,19030       
"PA",1882,36,1038945.29  
"PA",1882,39,60287.67    
"PA",1883,31,1444498.39  
"PA",1883,32,890377.84   
"PA",1883,33,44000       
"PA",1883,34,387040.92   
"PA",1883,35,16696.6     
"PA",1883,36,1500297.31  
"PA",1883,39,48064.41    
"PA",1884,31,1498911.25  
"PA",1884,32,915734.62   
"PA",1884,33,37000       
"PA",1884,34,487352.55   
"PA",1884,35,12896.86    
"PA",1884,36,1414309.31  
"PA",1884,39,11311.09    
"PA",1885,31,1514600.67  
"PA",1885,32,1345359.21  
"PA",1885,33,24000       
"PA",1885,34,491388.36   
"PA",1885,35,26983.59    
"PA",1885,36,1618412.28  
"PA",1885,39,42038.19    
"PA",1886,31,1486054.31  
"PA",1886,32,1222918.02  
"PA",1886,33,25500       
"PA",1886,34,558102.66   
"PA",1886,35,36043.21    
"PA",1886,36,976907.38   
"PA",1886,37,900         
"PA",1886,39,55327.84    
"PA",1887,31,1558424.81  
"PA",1887,32,1117494.14  
"PA",1887,33,31072.94    
"PA",1887,34,399310.35   
"PA",1887,35,31444.6     
"PA",1887,36,1692915.23  
"PA",1887,39,162865.57   
"PA",1888,31,2002219.69  
"PA",1888,32,1541925.24  
"PA",1888,33,50000       
"PA",1888,34,607295.33   
"PA",1888,35,34663.22    
"PA",1888,36,1182850.16  
"PA",1888,37,900         
"PA",1888,39,77590.43    
"PA",1889,31,2406267.58  
"PA",1889,32,1485739.07  
"PA",1889,33,24810       
"PA",1889,34,595482.31   
"PA",1889,35,51939.03    
"PA",1889,36,1830193.24  
"PA",1889,37,900         
"PA",1889,39,205907.44   
"PA",1890,31,2604349.43  
"PA",1890,32,1404640.98  
"PA",1890,33,212990      
"PA",1890,34,386870.34   
"PA",1890,35,32083.41    
"PA",1890,36,1119035.47  
"PA",1890,39,190669.98   
"PA",1891,31,2498711.05  
"PA",1891,32,1446031.04  
"PA",1891,33,9700        
"PA",1891,34,575751.11   
"PA",1891,35,46391.5     
"PA",1891,36,1792795.54  
"PA",1891,39,936642.95   
"PA",1892,31,5628824.13  
"PA",1892,32,1416658.94  
"PA",1892,33,7700        
"PA",1892,34,596180.32   
"PA",1892,35,55220       
"PA",1892,36,1145810.98  
"PA",1892,39,1086420.81  
"PA",1893,31,5112967.54  
"PA",1893,32,1643874.33  
"PA",1893,33,12271.25    
"PA",1893,34,1068264.82  
"PA",1893,35,101374.02   
"PA",1893,36,1738225.11  
"PA",1893,39,3296673.39  
"PA",1893,41,1975        
"PA",1894,31,6043266.07  
"PA",1894,32,1863036.86  
"PA",1894,33,14086.49    
"PA",1894,34,835900.03   
"PA",1894,35,136524.65   
"PA",1894,36,1655143.68  
"PA",1894,39,1270321.8   
"PA",1894,41,1850        
"PA",1895,31,6382108.25  
"PA",1895,32,1766535.5   
"PA",1895,33,20803.15    
"PA",1895,34,1284925.2   
"PA",1895,35,146607.89   
"PA",1895,36,1966531.48  
"PA",1895,39,1833771.6   
"PA",1895,41,1679.83     
"PA",1896,31,4105695.44  
"PA",1896,32,2168221.69  
"PA",1896,33,13783.25    
"PA",1896,34,796981.27   
"PA",1896,35,202225.32   
"PA",1896,36,1510488.89  
"PA",1896,39,2204897.11  
"PA",1896,41,2225        
"PA",1897,31,5132638.56  
"PA",1897,32,1926130     
"PA",1897,33,13929.2     
"PA",1897,34,754137.12   
"PA",1897,35,241058.83   
"PA",1897,36,2404395.17  
"PA",1897,39,2294395.37  
"PA",1897,41,1831.59     
"PA",1898,31,6236427.26  
"PA",1898,32,2027110.37  
"PA",1898,33,106723.59   
"PA",1898,34,945565.81   
"PA",1898,35,246213.14   
"PA",1898,36,1661801.86  
"PA",1898,39,2474718.63  
"PA",1898,41,1862.92     
"PA",1899,31,6460904.15  
"PA",1899,32,2220693.48  
"PA",1899,33,33556.23    
"PA",1899,34,881406.43   
"PA",1899,35,299837.92   
"PA",1899,36,2384449.03  
"PA",1899,39,2780469.87  
"PA",1899,41,2150        
"PA",1900,31,6839675.92  
"PA",1900,32,2324275.38  
"PA",1900,33,43693.84    
"PA",1900,34,959363.22   
"PA",1900,35,426610.28   
"PA",1900,36,1471209.97  
"PA",1900,39,3114843.79  
"PA",1900,41,1675        
"PA",1901,31,7276651.9   
"PA",1901,32,2293545.21  
"PA",1901,33,55968.41    
"PA",1901,34,875761.31   
"PA",1901,35,369451.04   
"PA",1901,36,2627540.24  
"PA",1901,39,2858434.44  
"PA",1901,41,4675        
"PA",1902,31,5496978.25  
"PA",1902,32,2666337.52  
"PA",1902,33,54604       
"PA",1902,34,942852.68   
"PA",1902,35,733267.54   
"PA",1902,36,1568406.09  
"PA",1902,39,3745972.23  
"PA",1902,41,2375        
"PA",1903,31,5821733.98  
"PA",1903,32,3260565.42  
"PA",1903,33,691780.29   
"PA",1903,34,1031646.3   
"PA",1903,35,844262.53   
"PA",1903,36,3146203.34  
"PA",1903,39,2995543.55  
"PA",1904,31,4778314.36  
"PA",1904,32,4072197.68  
"PA",1904,33,837210.71   
"PA",1904,34,1105299.6   
"PA",1904,35,924029.19   
"PA",1904,36,3877927.74  
"PA",1904,39,3973404.24  
"PA",1904,41,2150        
"PA",1905,31,8671226.08  
"PA",1905,32,4238311.65  
"PA",1905,33,1969166.54  
"PA",1905,34,1191165.49  
"PA",1905,35,841218.93   
"PA",1905,36,6619159.74  
"PA",1905,39,3208529.52  
"PA",1905,41,1529.35     
"PA",1906,31,6022931.43  
"PA",1906,32,4229167.22  
"PA",1906,33,1452642.82  
"PA",1906,34,1457499.12  
"PA",1906,35,805839.63   
"PA",1906,36,7275712     
"PA",1906,39,4328836.02  
"PA",1906,41,2182.61     
"PA",1907,31,6505640.21  
"PA",1907,32,4406177.99  
"PA",1907,33,2800484.04  
"PA",1907,34,1509698.23  
"PA",1907,35,965978.18   
"PA",1907,36,3035076.15  
"PA",1907,39,5364771.09  
"PA",1907,41,1900        
"PA",1908,31,8383468.27  
"PA",1908,32,5016162.72  
"PA",1908,33,3625583.58  
"PA",1908,34,2579176.72  
"PA",1908,35,1959805.77  
"PA",1908,36,2873964.23  
"PA",1908,39,4608214.59  
"PA",1908,41,112462.52   
"PA",1909,31,8608081.18  
"PA",1909,32,4819374.74  
"PA",1909,33,2695735.29  
"PA",1909,34,2157683.86  
"PA",1909,35,3049402.24  
"PA",1909,36,3098986.99  
"PA",1909,39,5434369.74  
"PA",1909,41,1971.24     
"PA",1910,31,8590686.11  
"PA",1910,32,5158128.49  
"PA",1910,33,1486973.71  
"PA",1910,34,1846840.94  
"PA",1910,35,2855040.89  
"PA",1910,36,2333808.28  
"PA",1910,39,5018348.72  
"PA",1910,41,1900        
"PA",1911,31,7770878.92  
"PA",1911,32,4922276.56  
"PA",1911,33,2387684.02  
"PA",1911,34,1931137.87  
"PA",1911,35,2944652.26  
"PA",1911,36,3376654.91  
"PA",1911,39,5610638.09  
"PA",1911,41,1900        
"PA",1912,31,9553558.13  
"PA",1912,32,5665149.48  
"PA",1912,33,4083908.63  
"PA",1912,34,1954740.67  
"PA",1912,35,3120008.79  
"PA",1912,36,3047533.21  
"PA",1912,39,6390844.9   
"PA",1912,41,1899.99     
"PA",1913,31,8939326.46  
"PA",1913,32,5722825.76  
"PA",1913,33,6998069.88  
"PA",1913,34,1879805.93  
"PA",1913,35,3527158.66  
"PA",1913,36,3999650.6   
"PA",1913,39,6414073.8   
"PA",1913,41,1900.01     
"PA",1914,31,9272421.07  
"PA",1914,32,6243901.11  
"PA",1914,33,4486250.41  
"PA",1914,34,2099638.39  
"PA",1914,35,3801598.4   
"PA",1914,36,3400314.08  
"PA",1914,39,2235058.36  
"PA",1914,41,1899.99     
"PA",1915,31,8281351.71  
"PA",1915,32,6029852.44  
"PA",1915,33,5390221.82  
"PA",1915,34,2442682.88  
"PA",1915,35,4386165.76  
"PA",1915,36,4737152.74  
"PA",1915,38,4764.74     
"PA",1915,39,1846232.98  
"PA",1915,41,1855.97     
"PA",1916,31,11954057.27 
"PA",1916,32,5615805.06  
"PA",1916,33,5542149.69  
"PA",1916,34,2601008.05  
"PA",1916,35,3674236.18  
"PA",1916,36,3506705.21  
"PA",1916,38,120111.38   
"PA",1916,39,1620129.53  
"PA",1916,41,1804.13     
                         
"PA",1805,325,5573.91    
"PA",1805,334,1123.3     
"PA",1805,336,1326       
"PA",1805,343,1794.18    
"PA",1805,345,13148.74   
"PA",1805,351,10385.89   
"PA",1805,360,3039.44    
"PA",1805,361,58376.76   
"PA",1805,362,11670.28   
"PA",1805,363,36133.53   
"PA",1805,364,875.2      
"PA",1805,365,10136.13   
"PA",1805,366,1900       
"PA",1805,369,4013.58    
"PA",1805,399,50067.5    
"PA",1805,400,394.01     
"PA",1805,413,18170.18   
"PA",1805,416,1398.67    
"PA",1806,325,3559.13    
"PA",1806,331,4376.67    
"PA",1806,345,14497.75   
"PA",1806,360,140530.34  
"PA",1806,369,1089.1     
"PA",1806,398,600.06     
"PA",1806,399,144018.34  
"PA",1806,415,501.02     
"PA",1806,416,653.6      
"PA",1807,325,3500       
"PA",1807,331,6980       
"PA",1807,345,9894.4     
"PA",1807,360,140000     
"PA",1807,369,1000       
"PA",1807,399,37749      
"PA",1807,415,500        
"PA",1811,325,4918.27    
"PA",1811,334,2153.66    
"PA",1811,336,33371.21   
"PA",1811,343,1853.54    
"PA",1811,345,7300.21    
"PA",1811,351,13956.87   
"PA",1811,360,11360.45   
"PA",1811,361,67811.19   
"PA",1811,362,11205.12   
"PA",1811,363,40400.74   
"PA",1811,365,6454.66    
"PA",1811,399,58303.27   
"PA",1811,415,130800     
"PA",1812,325,5540.47    
"PA",1812,336,38461      
"PA",1812,343,2575.52    
"PA",1812,345,42992.1    
"PA",1812,351,13386.89   
"PA",1812,360,18374.28   
"PA",1812,361,68722.26   
"PA",1812,362,11308.43   
"PA",1812,363,40921.25   
"PA",1812,365,7357.69    
"PA",1812,399,59320.95   
"PA",1813,325,11343.85   
"PA",1813,331,3740       
"PA",1813,333,22500      
"PA",1813,334,775.15     
"PA",1813,336,1500       
"PA",1813,343,4466.25    
"PA",1813,345,111757.31  
"PA",1813,351,13157.54   
"PA",1813,360,8767.28    
"PA",1813,361,65994.29   
"PA",1813,362,11556.32   
"PA",1813,363,44045.53   
"PA",1813,365,7839.72    
"PA",1813,399,28743.38   
"PA",1815,325,15734.82   
"PA",1815,330,86000      
"PA",1815,331,16252.5    
"PA",1815,333,150        
"PA",1815,334,1514.79    
"PA",1815,343,960.98     
"PA",1815,345,104442.3   
"PA",1815,351,12647.63   
"PA",1815,360,3155.63    
"PA",1815,361,70873.32   
"PA",1815,362,13361.8    
"PA",1815,363,47794.2    
"PA",1815,365,9286.01    
"PA",1815,399,4873.4     
"PA",1815,400,7305       
"PA",1815,412,266384.99  
"PA",1818,325,18389.8    
"PA",1818,331,252634.48  
"PA",1818,333,81600      
"PA",1818,334,11949.34   
"PA",1818,336,7966       
"PA",1818,343,15339.7    
"PA",1818,345,25393.55   
"PA",1818,351,10849.24   
"PA",1818,360,3017.49    
"PA",1818,361,84886.58   
"PA",1818,362,13076.8    
"PA",1818,363,51461.59   
"PA",1818,365,9389.27    
"PA",1818,367,705.77     
"PA",1818,399,32651.28   
"PA",1825,310,18582.65   
"PA",1825,325,24727.81   
"PA",1825,331,23289.1    
"PA",1825,333,5250.04    
"PA",1825,334,40021.37   
"PA",1825,343,106028.34  
"PA",1825,345,23917.48   
"PA",1825,351,9494.75    
"PA",1825,360,5405.23    
"PA",1825,361,83472.11   
"PA",1825,362,10261.22   
"PA",1825,363,62648.94   
"PA",1825,365,8085.75    
"PA",1825,399,6436.16    
"PA",1825,400,75259      
"PA",1826,310,11958.77   
"PA",1826,325,26048.63   
"PA",1826,331,22654.45   
"PA",1826,333,9000       
"PA",1826,334,150450.45  
"PA",1826,336,9103.6     
"PA",1826,343,66395.14   
"PA",1826,345,23487.85   
"PA",1826,351,10104.37   
"PA",1826,360,4365.22    
"PA",1826,361,84856.66   
"PA",1826,362,9214.8     
"PA",1826,363,65321.61   
"PA",1826,365,8484.82    
"PA",1826,399,6101.18    
"PA",1826,400,82541.66   
"PA",1827,311,20946.02   
"PA",1827,321,5000       
"PA",1827,325,24330.68   
"PA",1827,336,1134312.17 
"PA",1827,343,55137.3    
"PA",1827,345,26666.75   
"PA",1827,360,202127.24  
"PA",1827,399,17922.14   
"PA",1827,400,89438.97   
"PA",1828,310,26259.28   
"PA",1828,321,2500       
"PA",1828,331,19034.24   
"PA",1828,333,5681.5     
"PA",1828,334,2584251.5  
"PA",1828,336,105939.35  
"PA",1828,343,9970.72    
"PA",1828,345,24542.8    
"PA",1828,351,6200.03    
"PA",1828,360,6282.76    
"PA",1828,361,98268.73   
"PA",1828,362,11004.15   
"PA",1828,363,68740.1    
"PA",1828,365,9266.19    
"PA",1828,367,3000       
"PA",1828,381,26295.22   
"PA",1828,399,8590.94    
"PA",1828,400,91725      
"PA",1829,310,16702.48   
"PA",1829,321,2500       
"PA",1829,331,16455.09   
"PA",1829,333,18000      
"PA",1829,334,3011438.92 
"PA",1829,336,174321.97  
"PA",1829,343,12165.1    
"PA",1829,345,17738.22   
"PA",1829,351,5920.51    
"PA",1829,360,6891.68    
"PA",1829,361,107037.07  
"PA",1829,362,10520.42   
"PA",1829,363,73589.65   
"PA",1829,365,9441.97    
"PA",1829,367,4000       
"PA",1829,381,27800.32   
"PA",1829,399,18529.08   
"PA",1829,400,91725      
"PA",1830,311,5427.73    
"PA",1830,313,8400       
"PA",1830,325,24501.45   
"PA",1830,331,7423.83    
"PA",1830,334,5487124.43 
"PA",1830,336,480658.55  
"PA",1830,343,16456.64   
"PA",1830,345,22100.24   
"PA",1830,351,6497.21    
"PA",1830,360,8477.65    
"PA",1830,361,100231.73  
"PA",1830,362,12783.24   
"PA",1830,363,68050.91   
"PA",1830,365,9889.51    
"PA",1830,366,696.18     
"PA",1830,399,7138.2     
"PA",1830,400,91625      
"PA",1831,311,5285.13    
"PA",1831,313,5900       
"PA",1831,325,22226.84   
"PA",1831,331,131516.2   
"PA",1831,334,2199948.54 
"PA",1831,336,371819.33  
"PA",1831,343,8144.8     
"PA",1831,345,22966.5    
"PA",1831,351,6173.14    
"PA",1831,360,5467.82    
"PA",1831,361,87976.22   
"PA",1831,362,10694.84   
"PA",1831,363,69743.94   
"PA",1831,365,10023      
"PA",1831,366,56.55      
"PA",1831,399,9458.69    
"PA",1831,400,91525      
"PA",1832,310,10970.98   
"PA",1832,325,24888.2    
"PA",1832,331,33540.71   
"PA",1832,334,3488213.34 
"PA",1832,343,9493.69    
"PA",1832,345,21706.27   
"PA",1832,360,228803.75  
"PA",1832,399,10283.3    
"PA",1832,400,774304.64  
"PA",1833,311,4954.48    
"PA",1833,313,3000       
"PA",1833,321,5000       
"PA",1833,325,29303.21   
"PA",1833,331,24492.13   
"PA",1833,333,10000      
"PA",1833,334,2554387    
"PA",1833,336,5165.98    
"PA",1833,343,69291.97   
"PA",1833,345,20936.99   
"PA",1833,351,5890.56    
"PA",1833,360,10029.55   
"PA",1833,361,96666.55   
"PA",1833,362,11900.91   
"PA",1833,363,73134.14   
"PA",1833,365,10340.56   
"PA",1833,366,351        
"PA",1833,399,12187.97   
"PA",1833,400,849761.48  
"PA",1834,310,40590.43   
"PA",1834,321,5000       
"PA",1834,325,25613.78   
"PA",1834,331,49740.95   
"PA",1834,334,100000     
"PA",1834,336,3529354.44 
"PA",1834,343,151194.26  
"PA",1834,345,21075.87   
"PA",1834,360,227187.46  
"PA",1834,366,2184.9     
"PA",1834,399,15151.22   
"PA",1834,400,1022985.84 
"PA",1835,311,29460.33   
"PA",1835,313,29947.69   
"PA",1835,321,5000       
"PA",1835,325,30666.84   
"PA",1835,331,10757.82   
"PA",1835,334,78139.13   
"PA",1835,336,1555200    
"PA",1835,343,97957.18   
"PA",1835,345,21862.44   
"PA",1835,360,235128.03  
"PA",1835,366,260.23     
"PA",1835,399,9080.53    
"PA",1835,400,1028400.09 
"PA",1835,412,60000      
"PA",1836,311,146288.08  
"PA",1836,313,15550.47   
"PA",1836,321,5000       
"PA",1836,325,45179.96   
"PA",1836,331,167386.19  
"PA",1836,334,825700     
"PA",1836,336,163779.94  
"PA",1836,343,47095.08   
"PA",1836,345,29601.65   
"PA",1836,360,259191.38  
"PA",1836,366,341.93     
"PA",1836,399,16526.19   
"PA",1836,400,1277557.24 
"PA",1836,413,674440     
"PA",1837,311,553286.06  
"PA",1837,313,55446.16   
"PA",1837,321,5000       
"PA",1837,325,44915.69   
"PA",1837,331,36739.28   
"PA",1837,334,1321676.52 
"PA",1837,336,271043.03  
"PA",1837,343,31201.18   
"PA",1837,345,22451.01   
"PA",1837,360,273687.95  
"PA",1837,398,71739.67   
"PA",1837,399,20568.28   
"PA",1837,400,1216185.43 
"PA",1837,413,250000     
"PA",1838,311,363372.92  
"PA",1838,313,51455.18   
"PA",1838,316,3460       
"PA",1838,321,5000       
"PA",1838,325,47091.53   
"PA",1838,331,219211.42  
"PA",1838,333,62950      
"PA",1838,334,1800942.66 
"PA",1838,336,252682.97  
"PA",1838,337,283156.18  
"PA",1838,343,43753.25   
"PA",1838,345,30664.24   
"PA",1838,360,295694.01  
"PA",1838,398,157622.89  
"PA",1838,399,43943.23   
"PA",1838,400,1210500.16 
"PA",1838,415,18363.09   
"PA",1839,311,385253.14  
"PA",1839,316,2361       
"PA",1839,317,3657.91    
"PA",1839,321,5000       
"PA",1839,325,53588.74   
"PA",1839,331,58168      
"PA",1839,333,56201.3    
"PA",1839,336,3279920.29 
"PA",1839,337,222384.25  
"PA",1839,343,33029.37   
"PA",1839,345,25981.17   
"PA",1839,360,412751.63  
"PA",1839,367,6421.52    
"PA",1839,398,49977.76   
"PA",1839,399,28671.52   
"PA",1839,400,143371.93  
"PA",1839,413,2204750.08 
"PA",1840,311,342993.83  
"PA",1840,313,42872.74   
"PA",1840,316,2917       
"PA",1840,317,2475       
"PA",1840,321,6000       
"PA",1840,325,59399.11   
"PA",1840,331,25134.31   
"PA",1840,334,3801884.96 
"PA",1840,336,353982.32  
"PA",1840,337,20856.57   
"PA",1840,343,24230.74   
"PA",1840,345,33470.75   
"PA",1840,346,31475.4    
"PA",1840,351,6287.5     
"PA",1840,360,362924.01  
"PA",1840,367,12276.14   
"PA",1840,398,4575.73    
"PA",1840,399,18772.24   
"PA",1840,400,1608092.59 
"PA",1840,412,517500     
"PA",1841,311,313714.13  
"PA",1841,313,50051.91   
"PA",1841,316,2525.42    
"PA",1841,321,7000       
"PA",1841,325,49407.34   
"PA",1841,331,12700      
"PA",1841,334,42252.15   
"PA",1841,336,3179237.57 
"PA",1841,337,107547.17  
"PA",1841,343,25550.69   
"PA",1841,345,34051.09   
"PA",1841,351,5628.91    
"PA",1841,360,12819.63   
"PA",1841,361,150673.92  
"PA",1841,362,14297.05   
"PA",1841,363,106836.13  
"PA",1841,365,14079.38   
"PA",1841,366,7779.42    
"PA",1841,398,2273.04    
"PA",1841,399,17561.07   
"PA",1841,400,64250      
"PA",1841,413,674918.13  
"PA",1842,310,315372.43  
"PA",1842,316,2357.74    
"PA",1842,321,5000       
"PA",1842,325,44151.66   
"PA",1842,331,1600       
"PA",1842,334,27747.85   
"PA",1842,336,2020879.44 
"PA",1842,337,30105.86   
"PA",1842,343,25296.26   
"PA",1842,345,33227.6    
"PA",1842,351,2751.58    
"PA",1842,360,331677.63  
"PA",1842,398,1192.13    
"PA",1842,399,19247.78   
"PA",1842,400,44767.79   
"PA",1842,413,221394.33  
"PA",1842,415,209589.43  
"PA",1843,311,360396.05  
"PA",1843,313,48298.31   
"PA",1843,316,3341.87    
"PA",1843,321,5000       
"PA",1843,325,46007.76   
"PA",1843,336,749507.87  
"PA",1843,337,2351.63    
"PA",1843,343,26781.48   
"PA",1843,345,42474.48   
"PA",1843,351,1984.75    
"PA",1843,360,295486.24  
"PA",1843,398,971.35     
"PA",1843,399,12259.26   
"PA",1843,400,52328.83   
"PA",1843,413,82717.34   
"PA",1843,415,1261236.78 
"PA",1843,416,508000     
"PA",1844,311,284127.95  
"PA",1844,313,6789.58    
"PA",1844,316,3094       
"PA",1844,321,4000       
"PA",1844,325,35369.6    
"PA",1844,336,724361.08  
"PA",1844,343,14572.97   
"PA",1844,345,19151.16   
"PA",1844,351,600.21     
"PA",1844,360,254453.11  
"PA",1844,367,1123.56    
"PA",1844,398,284.18     
"PA",1844,399,58721.56   
"PA",1844,400,50862.7    
"PA",1844,413,19949.1    
"PA",1844,415,95837.35   
"PA",1844,416,274087     
"PA",1845,311,234331.88  
"PA",1845,316,1240       
"PA",1845,321,18643.35   
"PA",1845,325,41858.29   
"PA",1845,334,           
"PA",1845,336,687644.06  
"PA",1845,341,45252.32   
"PA",1845,343,14683.94   
"PA",1845,345,18831.92   
"PA",1845,351,222.5      
"PA",1845,360,239304.2   
"PA",1845,365,2236.82    
"PA",1845,367,1137.86    
"PA",1845,391,17685.89   
"PA",1845,398,799.72     
"PA",1845,399,35053.15   
"PA",1845,400,1804308.07 
"PA",1845,413,26033.01   
"PA",1845,415,14761.15   
"PA",1845,416,85000      
"PA",1846,311,193221.51  
"PA",1846,316,724.5      
"PA",1846,321,19492.77   
"PA",1846,325,31425.14   
"PA",1846,334,12219.39   
"PA",1846,336,719848.35  
"PA",1846,341,13019.8    
"PA",1846,343,17354      
"PA",1846,345,26655.19   
"PA",1846,351,1277.7     
"PA",1846,360,216632.22  
"PA",1846,367,810        
"PA",1846,391,33455.74   
"PA",1846,398,557.04     
"PA",1846,399,3067.8     
"PA",1846,400,2030345.5  
"PA",1846,413,25356.29   
"PA",1846,415,7501.73    
"PA",1846,416,176300     
"PA",1847,311,196804.04  
"PA",1847,316,1924.8     
"PA",1847,321,33000      
"PA",1847,325,24850.11   
"PA",1847,334,33066.56   
"PA",1847,336,703043.16  
"PA",1847,341,61         
"PA",1847,343,15594.57   
"PA",1847,345,25837.72   
"PA",1847,351,1751.54    
"PA",1847,360,200113.37  
"PA",1847,367,1802.37    
"PA",1847,391,40369.57   
"PA",1847,398,35         
"PA",1847,399,5321.55    
"PA",1847,400,2033040.41 
"PA",1847,413,209064.46  
"PA",1847,415,5133.51    
"PA",1847,416,150000     
"PA",1848,311,176590     
"PA",1848,316,2044.5     
"PA",1848,321,31000      
"PA",1848,325,22705.5    
"PA",1848,336,1034883    
"PA",1848,341,39.5       
"PA",1848,343,8011       
"PA",1848,345,36724.5    
"PA",1848,351,190.5      
"PA",1848,360,230460.5   
"PA",1848,365,2253.5     
"PA",1848,367,3024.5     
"PA",1848,391,41522.5    
"PA",1848,398,771.5      
"PA",1848,399,5292       
"PA",1848,400,2038240.5  
"PA",1848,413,148378.5   
"PA",1848,415,13246.5    
"PA",1848,416,139000     
"PA",1849,311,179360.41  
"PA",1849,316,1275.49    
"PA",1849,321,59000      
"PA",1849,325,19704.02   
"PA",1849,334,4480.1     
"PA",1849,336,972806.23  
"PA",1849,341,3000       
"PA",1849,343,23058.13   
"PA",1849,345,23860.68   
"PA",1849,351,267.5      
"PA",1849,360,237105.33  
"PA",1849,366,4738.16    
"PA",1849,367,1641.25    
"PA",1849,369,304.2      
"PA",1849,391,45508.45   
"PA",1849,398,1334.93    
"PA",1849,399,2665.76    
"PA",1849,400,2040116.99 
"PA",1849,411,100001.12  
"PA",1849,413,279227.8   
"PA",1849,415,9315.25    
"PA",1849,416,76000      
"PA",1850,311,213728.49  
"PA",1850,316,1000       
"PA",1850,321,68267.85   
"PA",1850,325,17277.91   
"PA",1850,334,244059     
"PA",1850,336,34483.09   
"PA",1850,337,1246850.74 
"PA",1850,343,19383.79   
"PA",1850,345,16282.25   
"PA",1850,351,192.75     
"PA",1850,360,703.66     
"PA",1850,361,102721.17  
"PA",1850,362,11453.02   
"PA",1850,363,95422.19   
"PA",1850,365,15737.59   
"PA",1850,366,5984.15    
"PA",1850,367,2002.78    
"PA",1850,369,30447.33   
"PA",1850,391,43525.04   
"PA",1850,398,4240.53    
"PA",1850,399,13734.47   
"PA",1850,400,2037214.51 
"PA",1850,411,318864.03  
"PA",1850,413,8150.19    
"PA",1850,415,6387.41    
"PA",1850,416,10940      
"PA",1851,311,164620.26  
"PA",1851,316,625        
"PA",1851,317,2250       
"PA",1851,321,106381.21  
"PA",1851,325,15524.81   
"PA",1851,336,1878227.72 
"PA",1851,343,15082.74   
"PA",1851,344,400        
"PA",1851,345,14342.12   
"PA",1851,351,3934.7     
"PA",1851,354,3638.49    
"PA",1851,360,245085.15  
"PA",1851,365,3273.8     
"PA",1851,366,4114.97    
"PA",1851,367,5704.46    
"PA",1851,391,46037.74   
"PA",1851,398,296.45     
"PA",1851,399,11475.52   
"PA",1851,400,2054777.54 
"PA",1851,411,185138.91  
"PA",1851,413,11241      
"PA",1851,415,6494.94    
"PA",1851,416,2000       
"PA",1852,311,167109.63  
"PA",1852,316,1000       
"PA",1852,317,5875       
"PA",1852,321,91763.33   
"PA",1852,325,12885.21   
"PA",1852,336,2297821.73 
"PA",1852,341,13         
"PA",1852,343,43932.5    
"PA",1852,345,14908.1    
"PA",1852,351,2090       
"PA",1852,360,258591.78  
"PA",1852,366,10893      
"PA",1852,367,13594.55   
"PA",1852,369,13312.5    
"PA",1852,391,32925.12   
"PA",1852,398,783.83     
"PA",1852,399,5523.05    
"PA",1852,400,2174617.4  
"PA",1852,411,115836.35  
"PA",1852,413,1568355.45 
"PA",1852,415,44648.85   
"PA",1853,311,164852.43  
"PA",1853,316,1350       
"PA",1853,317,17288.52   
"PA",1853,321,78113.58   
"PA",1853,325,12857.41   
"PA",1853,331,4000       
"PA",1853,336,2795752.75 
"PA",1853,341,950.25     
"PA",1853,343,31083      
"PA",1853,345,3050.37    
"PA",1853,351,2007.5     
"PA",1853,360,2329.92    
"PA",1853,361,97954.15   
"PA",1853,362,13501.32   
"PA",1853,363,81000.83   
"PA",1853,365,16616.37   
"PA",1853,366,7769.15    
"PA",1853,367,2898.85    
"PA",1853,369,34188.87   
"PA",1853,391,39052.28   
"PA",1853,395,625        
"PA",1853,398,813.61     
"PA",1853,399,16904.26   
"PA",1853,400,2153353.78 
"PA",1853,411,505057.55  
"PA",1853,413,4020287.26 
"PA",1853,415,41185.16   
"PA",1853,416,30         
"PA",1854,311,156762.04  
"PA",1854,316,2967.27    
"PA",1854,317,9795.1     
"PA",1854,321,74761.87   
"PA",1854,325,13562.34   
"PA",1854,336,2335009.28 
"PA",1854,343,16832      
"PA",1854,345,3718.54    
"PA",1854,351,2000       
"PA",1854,360,290605.54  
"PA",1854,362,4359.5     
"PA",1854,363,4.12       
"PA",1854,365,4333.19    
"PA",1854,366,11685.85   
"PA",1854,367,4842.64    
"PA",1854,391,75178.18   
"PA",1854,395,1250       
"PA",1854,398,789.19     
"PA",1854,399,29160.09   
"PA",1854,400,2101805.63 
"PA",1854,411,34456.66   
"PA",1854,413,235888.4   
"PA",1854,415,1915.86    
"PA",1854,416,13300      
"PA",1855,311,240574.05  
"PA",1855,316,2509.93    
"PA",1855,317,3217.5     
"PA",1855,321,111728.19  
"PA",1855,325,13430.41   
"PA",1855,336,1871388.82 
"PA",1855,343,24108      
"PA",1855,345,1872.05    
"PA",1855,351,4240       
"PA",1855,360,330081.22  
"PA",1855,366,12534.58   
"PA",1855,367,13466.77   
"PA",1855,391,60691.19   
"PA",1855,395,160        
"PA",1855,398,1039.05    
"PA",1855,399,13077.87   
"PA",1855,400,2101557.44 
"PA",1855,411,260838     
"PA",1855,413,316550.6   
"PA",1855,415,1629.85    
"PA",1855,416,1000       
"PA",1856,311,199715     
"PA",1856,316,4643       
"PA",1856,317,6777       
"PA",1856,321,113268.2   
"PA",1856,325,11897.34   
"PA",1856,336,2132690.12 
"PA",1856,343,18992      
"PA",1856,345,3701.54    
"PA",1856,351,2903.11    
"PA",1856,360,317969.11  
"PA",1856,366,6014.56    
"PA",1856,367,12014.91   
"PA",1856,369,105        
"PA",1856,391,62925.6    
"PA",1856,395,270        
"PA",1856,398,525.88     
"PA",1856,399,45463.78   
"PA",1856,400,2070972.97 
"PA",1856,411,38317      
"PA",1856,413,327824.47  
"PA",1856,415,151.63     
"PA",1857,311,347608.24  
"PA",1857,316,3996.6     
"PA",1857,317,6823       
"PA",1857,320,9926.99    
"PA",1857,321,123183.75  
"PA",1857,330,1312705.67 
"PA",1857,336,100101.22  
"PA",1857,337,2428.5     
"PA",1857,343,25925      
"PA",1857,345,22869.14   
"PA",1857,351,3834.56    
"PA",1857,360,425213.89  
"PA",1857,364,33137.85   
"PA",1857,365,58187.34   
"PA",1857,366,8924.59    
"PA",1857,367,15013.61   
"PA",1857,395,180        
"PA",1857,399,31310.68   
"PA",1857,400,2057388.24 
"PA",1857,410,713952.64  
"PA",1857,412,104565.34  
"PA",1858,311,283590.18  
"PA",1858,316,3593.5     
"PA",1858,317,1266.5     
"PA",1858,320,9482.7     
"PA",1858,321,169408.49  
"PA",1858,330,202665.62  
"PA",1858,331,2000       
"PA",1858,333,5000       
"PA",1858,336,138554.41  
"PA",1858,337,1135.37    
"PA",1858,343,27950.2    
"PA",1858,345,12962.96   
"PA",1858,351,2117       
"PA",1858,360,400265.79  
"PA",1858,364,7345.17    
"PA",1858,365,52038.81   
"PA",1858,366,1312.71    
"PA",1858,367,15352.6    
"PA",1858,395,240        
"PA",1858,398,1587.6     
"PA",1858,399,7794.78    
"PA",1858,400,2007914.82 
"PA",1858,410,422277.85  
"PA",1859,311,297090.37  
"PA",1859,316,4511.8     
"PA",1859,321,164701.68  
"PA",1859,325,7755.62    
"PA",1859,334,2659.77    
"PA",1859,336,16529.54   
"PA",1859,337,622.52     
"PA",1859,341,19         
"PA",1859,343,38194.7    
"PA",1859,345,3072.99    
"PA",1859,351,2120.78    
"PA",1859,360,408097.4   
"PA",1859,365,120        
"PA",1859,366,4988.8     
"PA",1859,367,7734.9     
"PA",1859,369,119        
"PA",1859,391,52006.55   
"PA",1859,395,1075       
"PA",1859,398,935.7      
"PA",1859,399,8379.22    
"PA",1859,400,2004664.85 
"PA",1859,411,853654.62  
"PA",1861,311,339853.36  
"PA",1861,316,2587.46    
"PA",1861,317,900        
"PA",1861,321,154990.04  
"PA",1861,325,5612.64    
"PA",1861,336,8157.28    
"PA",1861,343,83895.12   
"PA",1861,345,2357361.05 
"PA",1861,351,2000       
"PA",1861,360,449028.87  
"PA",1861,366,294.35     
"PA",1861,367,10626.27   
"PA",1861,368,2027.13    
"PA",1861,369,4181.55    
"PA",1861,391,31336.51   
"PA",1861,398,238.16     
"PA",1861,399,12138.97   
"PA",1861,400,1925443.92 
"PA",1861,411,107679.7   
"PA",1861,412,375000     
"PA",1862,311,285494.5   
"PA",1862,316,2315.1     
"PA",1862,321,161127.2   
"PA",1862,325,5689.05    
"PA",1862,343,70835.2    
"PA",1862,345,483432.58  
"PA",1862,360,413804.03  
"PA",1862,366,2226.1     
"PA",1862,367,6856.91    
"PA",1862,391,39497.83   
"PA",1862,398,721.75     
"PA",1862,399,372769.99  
"PA",1862,400,2217752.18 
"PA",1862,411,427881.51  
"PA",1862,412,100000     
"PA",1862,415,105.32     
"PA",1863,311,335744.47  
"PA",1863,316,3168.92    
"PA",1863,321,154955.53  
"PA",1863,325,5432.51    
"PA",1863,343,32423      
"PA",1863,345,212059.17  
"PA",1863,351,2000       
"PA",1863,360,446456.85  
"PA",1863,365,9356.42    
"PA",1863,366,1304.64    
"PA",1863,367,8024.29    
"PA",1863,391,60147.41   
"PA",1863,398,681.76     
"PA",1863,399,17035.36   
"PA",1863,400,2067748.61 
"PA",1863,411,6803.33    
"PA",1863,413,951608.78  
"PA",1863,415,13         
"PA",1864,311,356897.37  
"PA",1864,316,4304.07    
"PA",1864,321,317768.21  
"PA",1864,325,6098.91    
"PA",1864,341,1914.26    
"PA",1864,343,40580      
"PA",1864,345,965236.44  
"PA",1864,351,2000       
"PA",1864,360,600021.46  
"PA",1864,366,1491.71    
"PA",1864,367,14142.49   
"PA",1864,391,2732.81    
"PA",1864,398,5971.66    
"PA",1864,399,61812.66   
"PA",1864,400,2435378.84 
"PA",1864,411,122090.2   
"PA",1865,311,370263.03  
"PA",1865,316,3611.04    
"PA",1865,321,328980.1   
"PA",1865,325,6648.22    
"PA",1865,341,1089.41    
"PA",1865,343,41755      
"PA",1865,345,383242.25  
"PA",1865,351,2000       
"PA",1865,360,616226.59  
"PA",1865,366,9441.79    
"PA",1865,367,93115.99   
"PA",1865,398,11687.77   
"PA",1865,399,20578.41   
"PA",1865,400,1994680.07 
"PA",1865,411,1075       
"PA",1865,413,1902767.88 
"PA",1865,415,1362.64    
"PA",1866,311,327058.38  
"PA",1866,316,34910.48   
"PA",1866,321,1063725.24 
"PA",1866,325,164536.59  
"PA",1866,331,32441.82   
"PA",1866,343,41085      
"PA",1866,345,192909.61  
"PA",1866,351,2000       
"PA",1866,360,668909.62  
"PA",1866,365,1815       
"PA",1866,366,807.5      
"PA",1866,367,121785.07  
"PA",1866,398,12876.37   
"PA",1866,399,37643.16   
"PA",1866,400,1892105.22 
"PA",1866,411,1867650.25 
"PA",1866,415,43.5       
"PA",1867,311,389676.49  
"PA",1867,316,30726.75   
"PA",1867,321,652191.4   
"PA",1867,325,89061.45   
"PA",1867,331,1677.63    
"PA",1867,343,40064      
"PA",1867,345,170729.14  
"PA",1867,351,2000       
"PA",1867,360,802878.58  
"PA",1867,366,3665.76    
"PA",1867,367,48091.65   
"PA",1867,398,4005.11    
"PA",1867,399,91811.13   
"PA",1867,400,2257033.37 
"PA",1867,411,1262.5     
"PA",1867,413,20917567.39
"PA",1867,415,84.53      
"PA",1868,311,343866.99  
"PA",1868,316,4885       
"PA",1868,321,822566.2   
"PA",1868,325,28984.44   
"PA",1868,331,2851.66    
"PA",1868,343,76895      
"PA",1868,345,122488.68  
"PA",1868,351,2000       
"PA",1868,360,845539.89  
"PA",1868,366,3216.59    
"PA",1868,367,48553.42   
"PA",1868,398,17126.64   
"PA",1868,399,134030.98  
"PA",1868,400,1979690.91 
"PA",1868,411,12800      
"PA",1868,413,4417463.64 
"PA",1870,311,1157205.17 
"PA",1870,316,5150       
"PA",1870,321,416873.46  
"PA",1870,325,92561.99   
"PA",1870,331,1515       
"PA",1870,334,5208.29    
"PA",1870,343,104538.93  
"PA",1870,344,5342.01    
"PA",1870,345,35813.64   
"PA",1870,351,5000       
"PA",1870,360,826096.25  
"PA",1870,366,9585.77    
"PA",1870,367,30338.42   
"PA",1870,398,3615       
"PA",1870,399,81341.86   
"PA",1870,400,1864811.77 
"PA",1870,411,86673.5    
"PA",1870,413,1702879.05 
"PA",1871,311,1069415.15 
"PA",1871,316,9313       
"PA",1871,321,499222     
"PA",1871,325,85282.06   
"PA",1871,334,5416.62    
"PA",1871,341,37926.14   
"PA",1871,343,58811.61   
"PA",1871,344,22082.61   
"PA",1871,345,47643.34   
"PA",1871,351,2000       
"PA",1871,360,1027674.16 
"PA",1871,366,38933.66   
"PA",1871,367,27382.98   
"PA",1871,398,11023.53   
"PA",1871,399,74692.49   
"PA",1871,400,1785035.91 
"PA",1871,411,88634.42   
"PA",1871,413,2131590.17 
"PA",1872,311,1139177.91 
"PA",1872,316,6550       
"PA",1872,321,519370.28  
"PA",1872,325,54831.11   
"PA",1872,334,4374.99    
"PA",1872,336,1960       
"PA",1872,341,538.34     
"PA",1872,343,58324.3    
"PA",1872,344,24775.03   
"PA",1872,345,22122.17   
"PA",1872,351,2000       
"PA",1872,360,956211.66  
"PA",1872,365,1800       
"PA",1872,366,22002.45   
"PA",1872,367,29636.64   
"PA",1872,398,13784.65   
"PA",1872,399,68325.15   
"PA",1872,400,1705995.38 
"PA",1872,411,34884.37   
"PA",1872,413,2476326    
"PA",1874,311,1255312.2  
"PA",1874,316,7100       
"PA",1874,321,740157.24  
"PA",1874,325,43889.77   
"PA",1874,334,7208.32    
"PA",1874,336,19324      
"PA",1874,341,17079.6    
"PA",1874,343,68762.02   
"PA",1874,344,24474.88   
"PA",1874,345,64006.08   
"PA",1874,351,22800      
"PA",1874,360,1127548.03 
"PA",1874,366,14380.27   
"PA",1874,367,79478.01   
"PA",1874,391,1050       
"PA",1874,398,180290.67  
"PA",1874,399,242639.1   
"PA",1874,400,1490881.1  
"PA",1874,411,6000       
"PA",1874,413,1230186.57 
"PA",1875,311,1159128.77 
"PA",1875,316,6900       
"PA",1875,321,523840.1   
"PA",1875,325,39661.66   
"PA",1875,334,4999.97    
"PA",1875,336,48845      
"PA",1875,341,2992.8     
"PA",1875,343,53310      
"PA",1875,344,23931.52   
"PA",1875,345,131240.83  
"PA",1875,351,23251.26   
"PA",1875,360,1219581.13 
"PA",1875,365,1800       
"PA",1875,366,12850      
"PA",1875,367,47595.85   
"PA",1875,398,414287.33  
"PA",1875,399,55758.4    
"PA",1875,400,1432671.15 
"PA",1875,411,3300       
"PA",1875,413,1335497.63 
"PA",1876,311,1492025.48 
"PA",1876,316,3865.31    
"PA",1876,321,575151.39  
"PA",1876,325,34519.71   
"PA",1876,334,4583.3     
"PA",1876,336,50000      
"PA",1876,341,85717.03   
"PA",1876,343,66843.75   
"PA",1876,344,25166.23   
"PA",1876,345,205469.03  
"PA",1876,351,43596.13   
"PA",1876,360,381520.95  
"PA",1876,361,506234.97  
"PA",1876,362,4257.5     
"PA",1876,363,480616.7   
"PA",1876,366,2050       
"PA",1876,367,25648.25   
"PA",1876,398,424867.47  
"PA",1876,399,53269.79   
"PA",1876,400,1354922.11 
"PA",1876,413,266774.92  
"PA",1877,311,1270683.49 
"PA",1877,316,5463.36    
"PA",1877,317,6000       
"PA",1877,321,768196.25  
"PA",1877,325,45213      
"PA",1877,334,6208.29    
"PA",1877,336,57000      
"PA",1877,341,2355.25    
"PA",1877,343,96593.75   
"PA",1877,344,28689.3    
"PA",1877,345,114839.35  
"PA",1877,351,10032.54   
"PA",1877,360,367224.55  
"PA",1877,361,454431.89  
"PA",1877,363,474699.06  
"PA",1877,364,458        
"PA",1877,366,125        
"PA",1877,367,18500.01   
"PA",1877,369,14935.84   
"PA",1877,391,25         
"PA",1877,398,219825.24  
"PA",1877,399,54882.13   
"PA",1877,400,1430877.51 
"PA",1877,413,8035194.38 
"PA",1878,311,1124003.86 
"PA",1878,316,4304.79    
"PA",1878,321,566047.16  
"PA",1878,325,48973.48   
"PA",1878,331,325.91     
"PA",1878,334,5571.91    
"PA",1878,336,44000      
"PA",1878,341,584811.63  
"PA",1878,343,77587.49   
"PA",1878,344,29843.92   
"PA",1878,345,168650.51  
"PA",1878,346,2398.43    
"PA",1878,351,5868.82    
"PA",1878,360,519444.2   
"PA",1878,361,566394.93  
"PA",1878,363,447337.12  
"PA",1878,367,11199.98   
"PA",1878,369,14985.64   
"PA",1878,391,349.41     
"PA",1878,398,8917.55    
"PA",1878,399,131257.17  
"PA",1878,400,1223466.22 
"PA",1878,412,48.15      
"PA",1878,413,1068145.3  
"PA",1879,311,915440.61  
"PA",1879,316,6277.95    
"PA",1879,317,2500       
"PA",1879,321,526330.08  
"PA",1879,325,55110.11   
"PA",1879,331,84.2       
"PA",1879,336,47000      
"PA",1879,341,3569.08    
"PA",1879,342,700        
"PA",1879,343,112791.25  
"PA",1879,344,29652.5    
"PA",1879,345,3505.38    
"PA",1879,346,179436.38  
"PA",1879,351,17914.21   
"PA",1879,360,337986.47  
"PA",1879,361,547352.66  
"PA",1879,362,4098.11    
"PA",1879,363,439676.55  
"PA",1879,366,5102.29    
"PA",1879,367,23163.75   
"PA",1879,369,251757.8   
"PA",1879,391,1828.02    
"PA",1879,398,4235.36    
"PA",1879,399,82203.89   
"PA",1879,400,1246394.59 
"PA",1879,413,1684952    
"PA",1880,311,2018325.23 
"PA",1880,313,40000      
"PA",1880,316,4500       
"PA",1880,321,1143556.32 
"PA",1880,322,26747.21   
"PA",1880,325,23838.77   
"PA",1880,331,321.2      
"PA",1880,336,55000      
"PA",1880,341,1975.17    
"PA",1880,342,700        
"PA",1880,343,292645     
"PA",1880,344,31231.75   
"PA",1880,346,282175.73  
"PA",1880,351,15500      
"PA",1880,360,342419.59  
"PA",1880,361,22885.3    
"PA",1880,363,452590.74  
"PA",1880,366,5338.87    
"PA",1880,367,8149.26    
"PA",1880,369,199781.53  
"PA",1880,391,276.18     
"PA",1880,398,6180.92    
"PA",1880,399,61163.6    
"PA",1880,400,1156137.91 
"PA",1880,413,628679.21  
"PA",1881,311,2054376.45 
"PA",1881,313,40000      
"PA",1881,316,6700       
"PA",1881,321,928083.45  
"PA",1881,322,32252.79   
"PA",1881,323,40000      
"PA",1881,325,11774.74   
"PA",1881,336,44000      
"PA",1881,341,226.7      
"PA",1881,342,700        
"PA",1881,343,371743.75  
"PA",1881,344,32962.44   
"PA",1881,346,207573.03  
"PA",1881,351,5000       
"PA",1881,360,280144.22  
"PA",1881,361,417596.2   
"PA",1881,363,459933.39  
"PA",1881,364,950.39     
"PA",1881,366,23761.1    
"PA",1881,367,20011.11   
"PA",1881,369,285637.29  
"PA",1881,391,826.29     
"PA",1881,398,14856.41   
"PA",1881,399,81385.28   
"PA",1882,311,1457819.97 
"PA",1882,313,3000       
"PA",1882,316,6800       
"PA",1882,321,560239.35  
"PA",1882,322,21998.99   
"PA",1882,323,169116.01  
"PA",1882,325,7978.43    
"PA",1882,334,9500       
"PA",1882,336,46000      
"PA",1882,342,1000       
"PA",1882,343,279498.75  
"PA",1882,344,34565.31   
"PA",1882,346,242795.23  
"PA",1882,351,16230      
"PA",1882,356,2800       
"PA",1882,360,207285.99  
"PA",1882,361,181262     
"PA",1882,362,1500       
"PA",1882,363,481605.02  
"PA",1882,364,1500       
"PA",1882,366,4423.85    
"PA",1882,367,31082.87   
"PA",1882,368,9879.02    
"PA",1882,369,120406.54  
"PA",1882,391,2330.62    
"PA",1882,398,9709.62    
"PA",1882,399,48247.43   
"PA",1883,311,1435948.39 
"PA",1883,313,3000       
"PA",1883,316,5550       
"PA",1883,321,883008.71  
"PA",1883,325,7369.13    
"PA",1883,336,44000      
"PA",1883,343,126301.25  
"PA",1883,344,33458.41   
"PA",1883,345,13206.43   
"PA",1883,346,214074.83  
"PA",1883,351,13650      
"PA",1883,356,3046.6     
"PA",1883,360,203941.39  
"PA",1883,361,548594.37  
"PA",1883,362,2000       
"PA",1883,363,530378.53  
"PA",1883,366,26649.39   
"PA",1883,367,47327.87   
"PA",1883,368,11156.41   
"PA",1883,369,130249.35  
"PA",1883,391,3218.16    
"PA",1883,398,4420.76    
"PA",1883,399,40425.49   
"PA",1884,311,1494261.25 
"PA",1884,316,4650       
"PA",1884,321,906102.1   
"PA",1884,322,1684       
"PA",1884,325,7948.52    
"PA",1884,336,37000      
"PA",1884,342,900        
"PA",1884,343,221145     
"PA",1884,344,36273.9    
"PA",1884,345,1510.19    
"PA",1884,346,227523.46  
"PA",1884,351,8505       
"PA",1884,356,4391.86    
"PA",1884,360,212256.44  
"PA",1884,361,546463.66  
"PA",1884,362,2000       
"PA",1884,363,411557.47  
"PA",1884,366,52288.64   
"PA",1884,367,36183.15   
"PA",1884,369,153559.95  
"PA",1884,391,724.56     
"PA",1884,398,3750       
"PA",1884,399,6836.53    
"PA",1885,311,1512150.67 
"PA",1885,316,2450       
"PA",1885,321,936508.18  
"PA",1885,322,5000       
"PA",1885,323,364628.25  
"PA",1885,325,39222.78   
"PA",1885,336,24000      
"PA",1885,342,900        
"PA",1885,343,209819     
"PA",1885,344,37885.52   
"PA",1885,345,5909.33    
"PA",1885,346,236874.51  
"PA",1885,351,20940      
"PA",1885,356,6043.59    
"PA",1885,360,220556.58  
"PA",1885,361,541927.07  
"PA",1885,362,2000       
"PA",1885,363,549706.08  
"PA",1885,366,45306.7    
"PA",1885,367,63351.88   
"PA",1885,368,657.66     
"PA",1885,369,194906.31  
"PA",1885,391,749.42     
"PA",1885,398,437.83     
"PA",1885,399,40850.94   
"PA",1886,311,1483154.31 
"PA",1886,316,2900       
"PA",1886,321,821210     
"PA",1886,323,343774.92  
"PA",1886,325,57933.1    
"PA",1886,336,25500      
"PA",1886,342,700        
"PA",1886,343,217505     
"PA",1886,344,53777.52   
"PA",1886,345,2663.57    
"PA",1886,346,283456.57  
"PA",1886,351,26375      
"PA",1886,356,9668.21    
"PA",1886,360,210423.31  
"PA",1886,361,2000       
"PA",1886,362,1500       
"PA",1886,363,506329.1   
"PA",1886,366,46438.99   
"PA",1886,367,73866.37   
"PA",1886,369,136349.61  
"PA",1886,371,900        
"PA",1886,391,941.19     
"PA",1886,398,1808.16    
"PA",1886,399,52578.49   
"PA",1887,311,1531174.81 
"PA",1887,313,17750      
"PA",1887,316,9500       
"PA",1887,321,686928.83  
"PA",1887,322,540        
"PA",1887,323,353480.31  
"PA",1887,325,76545      
"PA",1887,336,31072.94   
"PA",1887,342,1200       
"PA",1887,343,121224     
"PA",1887,344,53618.77   
"PA",1887,345,12977.88   
"PA",1887,346,210289.7   
"PA",1887,351,20370      
"PA",1887,356,8074.6     
"PA",1887,357,3000       
"PA",1887,360,222226.09  
"PA",1887,361,648395.33  
"PA",1887,362,3000       
"PA",1887,363,430478.57  
"PA",1887,364,6835       
"PA",1887,366,48922.6    
"PA",1887,367,110668.72  
"PA",1887,369,222388.92  
"PA",1887,391,2076.96    
"PA",1887,398,81367.12   
"PA",1887,399,79421.49   
"PA",1888,311,1959519.69 
"PA",1888,313,35500      
"PA",1888,316,7200       
"PA",1888,321,1026584.81 
"PA",1888,323,357035.1   
"PA",1888,325,158305.33  
"PA",1888,336,50000      
"PA",1888,342,1000       
"PA",1888,343,200580     
"PA",1888,344,48908.89   
"PA",1888,345,2360.07    
"PA",1888,346,354446.37  
"PA",1888,351,27206.7    
"PA",1888,356,7456.52    
"PA",1888,360,226643.07  
"PA",1888,361,5929.07    
"PA",1888,362,3000       
"PA",1888,363,560611.01  
"PA",1888,366,38658.38   
"PA",1888,367,83461.95   
"PA",1888,369,264546.68  
"PA",1888,371,900        
"PA",1888,391,719.69     
"PA",1888,398,17663.25   
"PA",1888,399,59207.49   
"PA",1889,311,2286127.58 
"PA",1889,313,111440     
"PA",1889,316,8700       
"PA",1889,321,941897.86  
"PA",1889,323,443831.35  
"PA",1889,325,100009.86  
"PA",1889,334,2810       
"PA",1889,336,22000      
"PA",1889,342,1200       
"PA",1889,343,136404.55  
"PA",1889,344,48612.07   
"PA",1889,345,5480.86    
"PA",1889,346,403784.83  
"PA",1889,351,44968.76   
"PA",1889,356,5720.27    
"PA",1889,357,1250       
"PA",1889,360,226775.78  
"PA",1889,361,567013     
"PA",1889,362,4500       
"PA",1889,363,508468.94  
"PA",1889,364,59146.42   
"PA",1889,365,6000       
"PA",1889,366,37075.83   
"PA",1889,367,112436.43  
"PA",1889,369,308776.84  
"PA",1889,371,900        
"PA",1889,391,1139.53    
"PA",1889,398,95355.91   
"PA",1889,399,109412     
"PA",1890,311,2525839.43 
"PA",1890,313,68310      
"PA",1890,316,10200      
"PA",1890,321,907804.73  
"PA",1890,323,409650.93  
"PA",1890,325,87185.32   
"PA",1890,334,205190     
"PA",1890,336,7800       
"PA",1890,342,1000       
"PA",1890,343,98450      
"PA",1890,344,48948.32   
"PA",1890,345,10406.18   
"PA",1890,346,228065.84  
"PA",1890,351,28973.5    
"PA",1890,356,1859.91    
"PA",1890,357,1250       
"PA",1890,360,264496.61  
"PA",1890,361,9818       
"PA",1890,362,54.46      
"PA",1890,363,518839.96  
"PA",1890,366,38614.52   
"PA",1890,367,23961.85   
"PA",1890,368,3000       
"PA",1890,369,260250.07  
"PA",1890,391,21388.12   
"PA",1890,398,89677.93   
"PA",1890,399,79603.93   
"PA",1891,311,2433803.35 
"PA",1891,313,49057.7    
"PA",1891,316,15850      
"PA",1891,321,936253.03  
"PA",1891,323,431282     
"PA",1891,325,78496.01   
"PA",1891,334,2500       
"PA",1891,336,7200       
"PA",1891,342,1000       
"PA",1891,343,98475      
"PA",1891,344,58891.96   
"PA",1891,345,471.6      
"PA",1891,346,416912.55  
"PA",1891,351,39641.5    
"PA",1891,356,5500       
"PA",1891,357,1250       
"PA",1891,360,262159.71  
"PA",1891,361,612419.7   
"PA",1891,362,79.5       
"PA",1891,363,526616.05  
"PA",1891,364,5676.35    
"PA",1891,365,5876.65    
"PA",1891,366,12691.01   
"PA",1891,367,40650      
"PA",1891,368,3000       
"PA",1891,369,323626.57  
"PA",1891,391,438750.14  
"PA",1891,398,403584.22  
"PA",1891,399,94308.59   
"PA",1892,311,5501110.94 
"PA",1892,313,106213.19  
"PA",1892,316,21500      
"PA",1892,321,895105.23  
"PA",1892,323,442768.71  
"PA",1892,325,78785      
"PA",1892,336,7700       
"PA",1892,342,900        
"PA",1892,343,271521.87  
"PA",1892,344,52064.18   
"PA",1892,345,11577.27   
"PA",1892,346,260117     
"PA",1892,351,49020      
"PA",1892,356,6200       
"PA",1892,360,284748.54  
"PA",1892,361,5000.6     
"PA",1892,362,67.8       
"PA",1892,363,546678.69  
"PA",1892,364,840        
"PA",1892,365,1500       
"PA",1892,366,13813.54   
"PA",1892,367,87745.43   
"PA",1892,369,205416.38  
"PA",1892,391,542346.49  
"PA",1892,398,7419.21    
"PA",1892,399,536655.11  
"PA",1893,310,17488.46   
"PA",1893,311,4956062.72 
"PA",1893,313,121799.65  
"PA",1893,316,17616.71   
"PA",1893,321,1079659.73 
"PA",1893,323,492628.9   
"PA",1893,325,71585.7    
"PA",1893,334,12271.25   
"PA",1893,341,64985.85   
"PA",1893,342,1200       
"PA",1893,343,404021.42  
"PA",1893,344,80721.64   
"PA",1893,345,20504.36   
"PA",1893,346,496831.55  
"PA",1893,350,52487.5    
"PA",1893,351,26600.22   
"PA",1893,356,22286.3    
"PA",1893,361,607855.21  
"PA",1893,362,24383.26   
"PA",1893,363,502774.72  
"PA",1893,364,82944.46   
"PA",1893,365,52491.73   
"PA",1893,366,17347.68   
"PA",1893,367,127610.71  
"PA",1893,368,101536.59  
"PA",1893,369,221280.75  
"PA",1893,391,3019113.3  
"PA",1893,398,8056.98    
"PA",1893,399,269503.11  
"PA",1893,411,1975       
"PA",1894,310,20063.42   
"PA",1894,311,6006336.02 
"PA",1894,316,16866.63   
"PA",1894,321,986112.48  
"PA",1894,323,773839.43  
"PA",1894,325,103084.95  
"PA",1894,334,11739.49   
"PA",1894,336,2347       
"PA",1894,342,1300       
"PA",1894,343,304156.27  
"PA",1894,344,96263.76   
"PA",1894,345,21278.31   
"PA",1894,346,412901.69  
"PA",1894,350,53326.45   
"PA",1894,351,33021.25   
"PA",1894,356,50176.95   
"PA",1894,361,20558.13   
"PA",1894,362,59345.46   
"PA",1894,363,577142.06  
"PA",1894,364,498.87     
"PA",1894,365,21850.19   
"PA",1894,366,21816.65   
"PA",1894,367,663937.82  
"PA",1894,368,86028.77   
"PA",1894,369,203965.73  
"PA",1894,391,1050566.16 
"PA",1894,398,11482.63   
"PA",1894,399,208273.01  
"PA",1894,411,1850       
"PA",1895,310,19583.74   
"PA",1895,311,6342949.57 
"PA",1895,316,19574.94   
"PA",1895,321,1049129.66 
"PA",1895,323,609380.99  
"PA",1895,325,108024.85  
"PA",1895,334,12278.15   
"PA",1895,336,8525       
"PA",1895,342,900        
"PA",1895,343,361791.62  
"PA",1895,344,522435.87  
"PA",1895,345,21296.48   
"PA",1895,346,378501.23  
"PA",1895,350,54371.74   
"PA",1895,351,46573.35   
"PA",1895,356,45662.8    
"PA",1895,361,626284.37  
"PA",1895,362,65262.54   
"PA",1895,363,625152.48  
"PA",1895,365,25282.39   
"PA",1895,366,23332.95   
"PA",1895,367,241796.31  
"PA",1895,368,110801.81  
"PA",1895,369,248618.63  
"PA",1895,391,1575515.13 
"PA",1895,398,6447.23    
"PA",1895,399,251809.24  
"PA",1895,411,1679.83    
"PA",1896,310,23133      
"PA",1896,311,4057391.31 
"PA",1896,316,25171.13   
"PA",1896,321,1158750.04 
"PA",1896,323,909058.77  
"PA",1896,325,100412.88  
"PA",1896,334,13783.25   
"PA",1896,342,1300       
"PA",1896,343,332235.97  
"PA",1896,344,107925.99  
"PA",1896,345,24788.74   
"PA",1896,346,330730.57  
"PA",1896,350,55039.66   
"PA",1896,351,104442.1   
"PA",1896,356,42743.56   
"PA",1896,361,21228.27   
"PA",1896,362,72321.65   
"PA",1896,363,702320     
"PA",1896,364,735        
"PA",1896,365,26870.73   
"PA",1896,366,15558.22   
"PA",1896,367,263845.14  
"PA",1896,368,121833.2   
"PA",1896,369,285776.68  
"PA",1896,391,2049589.04 
"PA",1896,398,24249.16   
"PA",1896,399,131058.91  
"PA",1896,411,2225       
"PA",1897,310,22185      
"PA",1897,311,5085828.61 
"PA",1897,316,24624.95   
"PA",1897,321,1241412.5  
"PA",1897,323,588070.32  
"PA",1897,325,96647.18   
"PA",1897,334,13929.2    
"PA",1897,342,800        
"PA",1897,343,272146.6   
"PA",1897,344,107531.7   
"PA",1897,345,25993.59   
"PA",1897,346,347665.23  
"PA",1897,350,59523.11   
"PA",1897,351,143526.78  
"PA",1897,356,38008.94   
"PA",1897,361,685077.83  
"PA",1897,362,84135.71   
"PA",1897,363,683986.84  
"PA",1897,364,698.78     
"PA",1897,365,26956.45   
"PA",1897,366,11820.97   
"PA",1897,367,396982.99  
"PA",1897,368,119418.06  
"PA",1897,369,395317.54  
"PA",1897,391,1816593.39 
"PA",1897,398,16828.01   
"PA",1897,399,460973.97  
"PA",1897,411,1831.59    
"PA",1898,310,20800      
"PA",1898,311,6187952.26 
"PA",1898,316,27675      
"PA",1898,321,1206539.04 
"PA",1898,323,778700.3   
"PA",1898,325,41871.03   
"PA",1898,333,93689      
"PA",1898,334,13034.59   
"PA",1898,342,1000       
"PA",1898,343,349197.73  
"PA",1898,344,109883.97  
"PA",1898,345,24624.29   
"PA",1898,346,460859.82  
"PA",1898,350,69450      
"PA",1898,351,132454.82  
"PA",1898,356,44308.32   
"PA",1898,361,42961.24   
"PA",1898,362,86064.89   
"PA",1898,363,663873.47  
"PA",1898,364,886.5      
"PA",1898,365,26462.76   
"PA",1898,366,12364.8    
"PA",1898,367,418542.49  
"PA",1898,368,123644.65  
"PA",1898,369,287001.06  
"PA",1898,391,1966137.81 
"PA",1898,398,72084.97   
"PA",1898,399,436495.85  
"PA",1898,411,1862.92    
"PA",1899,310,19650      
"PA",1899,311,6414329.18 
"PA",1899,316,26924.97   
"PA",1899,321,1292744.74 
"PA",1899,323,882478     
"PA",1899,325,45470.74   
"PA",1899,334,13556.23   
"PA",1899,336,20000      
"PA",1899,341,2577.62    
"PA",1899,342,800        
"PA",1899,343,312973.87  
"PA",1899,344,109022.71  
"PA",1899,345,69586.01   
"PA",1899,346,386446.22  
"PA",1899,350,59899.99   
"PA",1899,351,186287.93  
"PA",1899,356,53650      
"PA",1899,361,584222.44  
"PA",1899,362,100114.62  
"PA",1899,363,703019.36  
"PA",1899,364,4957.6     
"PA",1899,365,26458.44   
"PA",1899,366,22070.52   
"PA",1899,367,465998.21  
"PA",1899,368,145299.91  
"PA",1899,369,332307.93  
"PA",1899,391,2361738.03 
"PA",1899,398,11162.66   
"PA",1899,399,407569.18  
"PA",1899,411,2150       
"PA",1900,310,18700      
"PA",1900,311,6794775.99 
"PA",1900,313,250        
"PA",1900,316,25949.93   
"PA",1900,321,1236403.43 
"PA",1900,323,1034572.72 
"PA",1900,325,53299.23   
"PA",1900,331,10000      
"PA",1900,334,13693.84   
"PA",1900,336,20000      
"PA",1900,342,1200       
"PA",1900,343,331053.6   
"PA",1900,344,108625.15  
"PA",1900,345,21385.95   
"PA",1900,346,497098.52  
"PA",1900,350,69999.95   
"PA",1900,351,309760.33  
"PA",1900,356,46850      
"PA",1900,361,12615      
"PA",1900,362,102718.72  
"PA",1900,363,692374.04  
"PA",1900,365,25624.96   
"PA",1900,366,22672.09   
"PA",1900,367,251992.53  
"PA",1900,368,135646.45  
"PA",1900,369,227566.18  
"PA",1900,391,2853278.65 
"PA",1900,398,2998.43    
"PA",1900,399,258566.71  
"PA",1900,411,1675       
"PA",1901,310,21500      
"PA",1901,311,7246651.9  
"PA",1901,316,8500       
"PA",1901,321,1313410.73 
"PA",1901,323,929306.02  
"PA",1901,325,50828.46   
"PA",1901,331,10000      
"PA",1901,333,33000      
"PA",1901,334,12968.41   
"PA",1901,342,900        
"PA",1901,343,343819.49  
"PA",1901,344,123942.27  
"PA",1901,345,21374.32   
"PA",1901,346,385725.23  
"PA",1901,350,63600.75   
"PA",1901,351,265804.4   
"PA",1901,356,40045.89   
"PA",1901,361,658890.39  
"PA",1901,362,100164.94  
"PA",1901,363,679437.84  
"PA",1901,365,39500      
"PA",1901,366,30582.9    
"PA",1901,367,626778.37  
"PA",1901,368,148832.46  
"PA",1901,369,343353.34  
"PA",1901,391,2582418.55 
"PA",1901,398,8307.17    
"PA",1901,399,267708.72  
"PA",1901,411,4675       
"PA",1902,310,21500      
"PA",1902,311,5453928.31 
"PA",1902,313,500        
"PA",1902,316,21049.94   
"PA",1902,321,1651926.84 
"PA",1902,323,959737.68  
"PA",1902,325,54673      
"PA",1902,331,10000      
"PA",1902,333,28479      
"PA",1902,334,16125      
"PA",1902,342,1200       
"PA",1902,343,342559.17  
"PA",1902,344,128102.04  
"PA",1902,345,22288.56   
"PA",1902,346,448702.91  
"PA",1902,350,65440.07   
"PA",1902,351,618419.92  
"PA",1902,356,49407.55   
"PA",1902,361,22045      
"PA",1902,362,106605.63  
"PA",1902,363,763347.06  
"PA",1902,365,29374.61   
"PA",1902,366,18601.98   
"PA",1902,367,155356.91  
"PA",1902,368,156451.38  
"PA",1902,369,316623.52  
"PA",1902,391,2583545.13 
"PA",1902,398,8149.83    
"PA",1902,399,1154277.27 
"PA",1902,411,2375       
"PA",1903,310,23429.28   
"PA",1903,311,5773192.15 
"PA",1903,316,25112.55   
"PA",1903,321,2160806.29 
"PA",1903,323,1042706.13 
"PA",1903,325,57053      
"PA",1903,331,13896.1    
"PA",1903,333,663566.34  
"PA",1903,334,14317.85   
"PA",1903,342,1200       
"PA",1903,343,433715.65  
"PA",1903,344,187839.99  
"PA",1903,345,24341.15   
"PA",1903,346,384549.51  
"PA",1903,350,68741.63   
"PA",1903,351,607752.8   
"PA",1903,356,167768.1   
"PA",1903,361,610702.6   
"PA",1903,362,108440.97  
"PA",1903,363,759955.82  
"PA",1903,365,27682.98   
"PA",1903,366,25938.15   
"PA",1903,367,1129161.89 
"PA",1903,368,159437.84  
"PA",1903,369,324883.09  
"PA",1903,391,2061532.29 
"PA",1903,398,3048.44    
"PA",1903,399,930962.82  
"PA",1904,310,27794.25   
"PA",1904,311,4722336.78 
"PA",1904,313,250        
"PA",1904,316,27933.33   
"PA",1904,321,2637338.57 
"PA",1904,323,1375531.08 
"PA",1904,325,59328.03   
"PA",1904,331,132505.98  
"PA",1904,333,652966.3   
"PA",1904,334,51738.43   
"PA",1904,342,1000       
"PA",1904,343,482471.47  
"PA",1904,344,214046.57  
"PA",1904,345,22324.93   
"PA",1904,347,385456.63  
"PA",1904,350,72440.03   
"PA",1904,351,744671.91  
"PA",1904,356,106917.25  
"PA",1904,361,20037.5    
"PA",1904,362,119081.1   
"PA",1904,363,752069.9   
"PA",1904,365,32240.26   
"PA",1904,366,74307.4    
"PA",1904,367,2339346.87 
"PA",1904,368,161001.77  
"PA",1904,369,379842.94  
"PA",1904,391,2901768.22 
"PA",1904,398,7841.07    
"PA",1904,399,1063794.95 
"PA",1904,411,2150       
"PA",1905,310,27535.27   
"PA",1905,311,8600264.23 
"PA",1905,313,250        
"PA",1905,316,43176.58   
"PA",1905,321,2896578.92 
"PA",1905,323,1282568.73 
"PA",1905,325,59164      
"PA",1905,331,692647.09  
"PA",1905,333,879738     
"PA",1905,334,396781.45  
"PA",1905,341,106250     
"PA",1905,342,1100       
"PA",1905,343,454681.33  
"PA",1905,344,226434.28  
"PA",1905,345,25019.91   
"PA",1905,347,377679.97  
"PA",1905,350,92500      
"PA",1905,351,598408.93  
"PA",1905,356,150310     
"PA",1905,361,615985.08  
"PA",1905,362,131772.03  
"PA",1905,363,1167442.63 
"PA",1905,365,2099.35    
"PA",1905,366,92473.4    
"PA",1905,367,4076227.88 
"PA",1905,368,162449.99  
"PA",1905,369,370709.38  
"PA",1905,391,2554554.54 
"PA",1905,398,4413.61    
"PA",1905,399,649561.37  
"PA",1905,411,1529.35    
"PA",1906,310,23807      
"PA",1906,311,5957679.55 
"PA",1906,313,250        
"PA",1906,316,41194.88   
"PA",1906,321,2292956.83 
"PA",1906,323,1904486.39 
"PA",1906,325,31724      
"PA",1906,331,1130775.64 
"PA",1906,333,301716.35  
"PA",1906,334,20150.83   
"PA",1906,341,159375     
"PA",1906,342,1000       
"PA",1906,343,558253.75  
"PA",1906,344,243565.48  
"PA",1906,345,102501     
"PA",1906,347,392803.89  
"PA",1906,350,87498.36   
"PA",1906,351,584153.56  
"PA",1906,356,134187.71  
"PA",1906,361,217624.47  
"PA",1906,362,127035.61  
"PA",1906,363,993282.75  
"PA",1906,365,1773.51    
"PA",1906,366,15263.65   
"PA",1906,367,5362975.78 
"PA",1906,368,194635.94  
"PA",1906,369,363120.29  
"PA",1906,391,2814594.06 
"PA",1906,398,3746.54    
"PA",1906,399,1510495.42 
"PA",1906,411,2182.61    
"PA",1907,310,19500      
"PA",1907,311,6434936.14 
"PA",1907,316,51204.07   
"PA",1907,321,1127172.72 
"PA",1907,323,3234064.02 
"PA",1907,325,44941.25   
"PA",1907,331,2552658.5  
"PA",1907,333,232649.8   
"PA",1907,334,15175.74   
"PA",1907,341,266876.18  
"PA",1907,342,1200       
"PA",1907,343,418641.58  
"PA",1907,344,263988.64  
"PA",1907,345,183306.68  
"PA",1907,346,375685.15  
"PA",1907,350,89043.94   
"PA",1907,351,484641.57  
"PA",1907,356,392292.67  
"PA",1907,361,804360.06  
"PA",1907,362,124148.57  
"PA",1907,363,1017261.59 
"PA",1907,364,68868.23   
"PA",1907,365,40612.02   
"PA",1907,366,33667.68   
"PA",1907,367,441847.69  
"PA",1907,368,189595.56  
"PA",1907,369,314714.75  
"PA",1907,391,3509620.32 
"PA",1907,398,2608.53    
"PA",1907,399,1852542.24 
"PA",1907,411,1900       
"PA",1908,310,25300.51   
"PA",1908,311,8263767.47 
"PA",1908,313,35000      
"PA",1908,316,59400.29   
"PA",1908,321,2798409.99 
"PA",1908,323,2213737.73 
"PA",1908,325,4015       
"PA",1908,331,3443156.52 
"PA",1908,333,117612.12  
"PA",1908,334,24987.55   
"PA",1908,335,375        
"PA",1908,337,39452.39   
"PA",1908,341,267472.88  
"PA",1908,342,1100       
"PA",1908,343,502017.8   
"PA",1908,344,958404.46  
"PA",1908,345,377789.59  
"PA",1908,346,472391.99  
"PA",1908,350,89271.13   
"PA",1908,351,672986     
"PA",1908,353,342757.26  
"PA",1908,355,47106.66   
"PA",1908,356,807684.72  
"PA",1908,361,33269      
"PA",1908,362,141137.83  
"PA",1908,363,1046877.61 
"PA",1908,364,658576.52  
"PA",1908,365,43396.51   
"PA",1908,366,3979.05    
"PA",1908,367,429256.35  
"PA",1908,368,191726.31  
"PA",1908,369,325745.05  
"PA",1908,391,3295422.15 
"PA",1908,395,44203.63   
"PA",1908,398,4995.51    
"PA",1908,399,1263593.3  
"PA",1908,411,112462.52  
"PA",1909,310,26261.3    
"PA",1909,311,8476400.87 
"PA",1909,313,40019.25   
"PA",1909,316,65399.76   
"PA",1909,321,25105      
"PA",1909,322,2767921.37 
"PA",1909,323,2022385.29 
"PA",1909,325,3963.08    
"PA",1909,331,2586859.8  
"PA",1909,333,11652.86   
"PA",1909,334,33678.44   
"PA",1909,337,63544.19   
"PA",1909,341,231105.64  
"PA",1909,342,2600       
"PA",1909,343,786104.35  
"PA",1909,344,361691.36  
"PA",1909,345,384523.23  
"PA",1909,346,391659.28  
"PA",1909,350,92942.63   
"PA",1909,351,1249384.99 
"PA",1909,353,323246.91  
"PA",1909,355,39866.19   
"PA",1909,356,1343961.52 
"PA",1909,361,520081.35  
"PA",1909,362,143992.24  
"PA",1909,363,1135330.33 
"PA",1909,364,363773.83  
"PA",1909,365,44751.48   
"PA",1909,366,4141.9     
"PA",1909,367,351877.86  
"PA",1909,368,195285.55  
"PA",1909,369,339752.45  
"PA",1909,391,3278904.29 
"PA",1909,395,49398.73   
"PA",1909,398,1543.5     
"PA",1909,399,2104523.22 
"PA",1909,411,1971.24    
"PA",1910,310,26989.5    
"PA",1910,311,8445974.85 
"PA",1910,313,45250      
"PA",1910,316,72471.76   
"PA",1910,321,25350      
"PA",1910,322,3079613.2  
"PA",1910,323,2048629.46 
"PA",1910,325,4535.83    
"PA",1910,331,1384654.85 
"PA",1910,334,29832.22   
"PA",1910,337,72486.64   
"PA",1910,341,254870.75  
"PA",1910,342,2400       
"PA",1910,343,724040.87  
"PA",1910,344,365974.01  
"PA",1910,345,144293.37  
"PA",1910,346,355261.94  
"PA",1910,350,94509.85   
"PA",1910,351,688358.57  
"PA",1910,353,389089.37  
"PA",1910,355,23930.78   
"PA",1910,356,1659152.32 
"PA",1910,361,24271.8    
"PA",1910,362,153950.82  
"PA",1910,363,1055627.03 
"PA",1910,364,180278.91  
"PA",1910,365,47700      
"PA",1910,367,367651.41  
"PA",1910,368,193571.48  
"PA",1910,369,310756.83  
"PA",1910,391,3362839.47 
"PA",1910,395,51787.87   
"PA",1910,398,5679.32    
"PA",1910,399,1598042.06 
"PA",1910,411,1900       
"PA",1911,310,31179.69   
"PA",1911,311,7612520.47 
"PA",1911,313,51250      
"PA",1911,316,75928.76   
"PA",1911,321,25390      
"PA",1911,322,2985829.27 
"PA",1911,323,1906870.96 
"PA",1911,325,4186.33    
"PA",1911,331,2252048.79 
"PA",1911,334,54620.23   
"PA",1911,337,81015      
"PA",1911,341,302837.21  
"PA",1911,342,2800       
"PA",1911,343,669220.48  
"PA",1911,344,376471.25  
"PA",1911,345,162188.44  
"PA",1911,346,417620.49  
"PA",1911,350,95864.36   
"PA",1911,351,830546.18  
"PA",1911,353,408538.33  
"PA",1911,355,23455.27   
"PA",1911,356,1586248.12 
"PA",1911,361,756740.32  
"PA",1911,362,161999.91  
"PA",1911,363,1245276.92 
"PA",1911,364,269928.29  
"PA",1911,365,52801.46   
"PA",1911,366,9222.55    
"PA",1911,367,382475.01  
"PA",1911,368,200321.94  
"PA",1911,369,297888.51  
"PA",1911,391,3569370.36 
"PA",1911,395,56733.79   
"PA",1911,398,7963.46    
"PA",1911,399,1976570.48 
"PA",1911,411,1900       
"PA",1912,310,56693.35   
"PA",1912,311,9369181.58 
"PA",1912,313,56000      
"PA",1912,316,71683.2    
"PA",1912,321,25275      
"PA",1912,322,3420665.13 
"PA",1912,323,2215181.85 
"PA",1912,325,4027.5     
"PA",1912,331,3843516.37 
"PA",1912,334,177263.1   
"PA",1912,337,63129.16   
"PA",1912,341,292555.17  
"PA",1912,342,14770.9    
"PA",1912,343,642287.72  
"PA",1912,344,420725.32  
"PA",1912,345,217373.23  
"PA",1912,346,367028.33  
"PA",1912,350,94788.71   
"PA",1912,351,808260.1   
"PA",1912,353,460957.57  
"PA",1912,355,35333.78   
"PA",1912,356,1720668.63 
"PA",1912,361,63345.7    
"PA",1912,362,169465.42  
"PA",1912,363,1331833.01 
"PA",1912,364,393452.4   
"PA",1912,365,59710.48   
"PA",1912,366,5355.42    
"PA",1912,367,472120.94  
"PA",1912,368,232486.15  
"PA",1912,369,319763.69  
"PA",1912,391,3773956.73 
"PA",1912,395,71953.35   
"PA",1912,398,5503.96    
"PA",1912,399,2539430.86 
"PA",1912,411,1899.99    
"PA",1913,310,88002.22   
"PA",1913,311,8769574.3  
"PA",1913,313,8300       
"PA",1913,316,59350.09   
"PA",1913,317,14099.85   
"PA",1913,320,38762.01   
"PA",1913,321,26586.43   
"PA",1913,322,2971583.12 
"PA",1913,323,2615776.26 
"PA",1913,325,70117.94   
"PA",1913,331,6717575.96 
"PA",1913,333,1875       
"PA",1913,334,239415.61  
"PA",1913,337,39203.31   
"PA",1913,341,333778.77  
"PA",1913,342,43834.81   
"PA",1913,343,437170.66  
"PA",1913,344,409493.96  
"PA",1913,345,245002.41  
"PA",1913,346,410525.32  
"PA",1913,350,85891.97   
"PA",1913,351,1036173    
"PA",1913,353,340050.95  
"PA",1913,355,36760.3    
"PA",1913,356,2028282.44 
"PA",1913,360,3291.25    
"PA",1913,361,819836.34  
"PA",1913,362,189078.42  
"PA",1913,363,1325040.4  
"PA",1913,364,9068.79    
"PA",1913,365,65409.74   
"PA",1913,366,4770.47    
"PA",1913,367,995691.43  
"PA",1913,368,240716.66  
"PA",1913,369,346747.1   
"PA",1913,391,3979476.51 
"PA",1913,395,133314.33  
"PA",1913,398,12645.15   
"PA",1913,399,2288637.81 
"PA",1913,411,1900.01    
"PA",1914,310,154459.08  
"PA",1914,311,8976854.11 
"PA",1914,313,61544.61   
"PA",1914,316,72287.9    
"PA",1914,317,7275.37    
"PA",1914,320,172138.09  
"PA",1914,321,55196.14   
"PA",1914,322,3404961.78 
"PA",1914,323,2515278.6  
"PA",1914,325,96326.5    
"PA",1914,331,4293507.33 
"PA",1914,333,42924      
"PA",1914,334,98909.4    
"PA",1914,336,50909.68   
"PA",1914,341,297696.04  
"PA",1914,342,61307.14   
"PA",1914,343,604789.64  
"PA",1914,344,518927.04  
"PA",1914,345,259143.24  
"PA",1914,346,357775.29  
"PA",1914,350,62489.49   
"PA",1914,351,924389.71  
"PA",1914,353,376359.62  
"PA",1914,355,137938.6   
"PA",1914,356,2300420.98 
"PA",1914,360,4288.16    
"PA",1914,361,96870.82   
"PA",1914,362,209792.05  
"PA",1914,363,1360053.84 
"PA",1914,364,333099.59  
"PA",1914,365,61949.06   
"PA",1914,366,4895.24    
"PA",1914,367,618471     
"PA",1914,368,229702.84  
"PA",1914,369,481191.48  
"PA",1914,391,393980.9   
"PA",1914,395,92928.88   
"PA",1914,398,5055.41    
"PA",1914,399,1743093.17 
"PA",1914,411,1899.99    
"PA",1915,310,164845.88  
"PA",1915,311,7979520.26 
"PA",1915,313,62078.44   
"PA",1915,316,72757.13   
"PA",1915,317,2150       
"PA",1915,320,210521.07  
"PA",1915,321,86292.68   
"PA",1915,322,3036836.79 
"PA",1915,323,2623833.24 
"PA",1915,325,72368.66   
"PA",1915,331,5107653.48 
"PA",1915,333,30081      
"PA",1915,334,251012.02  
"PA",1915,335,562.5      
"PA",1915,336,912.82     
"PA",1915,341,329361.87  
"PA",1915,342,62436.59   
"PA",1915,343,748299.96  
"PA",1915,344,578004.43  
"PA",1915,345,303442.12  
"PA",1915,346,421137.91  
"PA",1915,350,67785.65   
"PA",1915,351,1483638.41 
"PA",1915,353,432800.73  
"PA",1915,355,100010.04  
"PA",1915,356,2301930.93 
"PA",1915,361,799460.42  
"PA",1915,362,253370.53  
"PA",1915,363,1434371.75 
"PA",1915,364,296895.99  
"PA",1915,365,137066.55  
"PA",1915,366,5332.4     
"PA",1915,367,1021450.13 
"PA",1915,368,228326.9   
"PA",1915,369,560878.07  
"PA",1915,380,4764.74    
"PA",1915,391,5108.65    
"PA",1915,395,66729.7    
"PA",1915,398,9867.26    
"PA",1915,399,1764527.37 
"PA",1915,411,1855.97    
"PA",1916,310,135732.19  
"PA",1916,311,11689799.89
"PA",1916,313,58807.97   
"PA",1916,316,63607.22   
"PA",1916,317,6110       
"PA",1916,320,265827.42  
"PA",1916,321,123829.3   
"PA",1916,322,2842823.41 
"PA",1916,323,2356510.07 
"PA",1916,325,26814.86   
"PA",1916,331,5338271.02 
"PA",1916,333,28385.96   
"PA",1916,334,150663.85  
"PA",1916,335,937.5      
"PA",1916,336,23891.36   
"PA",1916,341,335789.52  
"PA",1916,342,46845.32   
"PA",1916,343,651986.68  
"PA",1916,344,839015     
"PA",1916,345,546131.11  
"PA",1916,346,181240.42  
"PA",1916,350,78320.78   
"PA",1916,351,756391.23  
"PA",1916,353,442013.04  
"PA",1916,355,83755.99   
"PA",1916,356,2313755.14 
"PA",1916,361,85996.25   
"PA",1916,362,239001.35  
"PA",1916,363,1474382.72 
"PA",1916,365,139487.72  
"PA",1916,366,6222.96    
"PA",1916,367,884791.44  
"PA",1916,368,238938.18  
"PA",1916,369,437884.59  
"PA",1916,380,120111.38  
"PA",1916,391,6308.17    
"PA",1916,395,53949.34   
"PA",1916,398,15525.75   
"PA",1916,399,1544346.27 
"PA",1916,411,1804.13    
