"DE",1795,1,20572.97   
"DE",1796,1,16035.05   
"DE",1797,1,15695.76   
"DE",1798,1,20444.79   
"DE",1799,1,27832.97   
"DE",1800,1,19770.03   
"DE",1801,1,18086.15   
"DE",1802,1,17850.97   
"DE",1803,1,20164.37   
"DE",1804,1,19236.11   
"DE",1805,1,19766.73   
"DE",1806,1,15788.06   
"DE",1807,1,20482.94   
"DE",1808,1,24089.57   
"DE",1809,1,34499.7    
"DE",1810,1,30086.54   
"DE",1811,1,19925.8    
"DE",1812,1,46003.07   
"DE",1813,1,68831.04   
"DE",1814,1,36209.22   
"DE",1815,1,20857.61   
"DE",1816,1,25951.84   
"DE",1817,1,27697.13   
"DE",1818,1,49467.96   
"DE",1819,1,12692.62   
"DE",1820,1,21973.18   
"DE",1821,1,17388.12   
"DE",1822,1,10352.56   
"DE",1823,1,16188.99   
"DE",1824,1,14695.97   
"DE",1825,1,16547      
"DE",1826,1,21585.83   
"DE",1827,1,16365.72   
"DE",1828,1,8581.99    
"DE",1829,1,20582.96   
"DE",1830,1,27082.29   
"DE",1831,1,21933.02   
"DE",1832,1,22588.81   
"DE",1833,1,20932.59   
"DE",1834,1,17215.3    
"DE",1836,1,24971.51   
"DE",1838,1,32577.53   
"DE",1840,1,38176.73   
"DE",1842,1,33899.35   
"DE",1844,1,42352.06   
"DE",1846,1,38031.65   
"DE",1848,1,31143.1    
"DE",1850,1,31863.33   
"DE",1851,1,39316.45   
"DE",1852,1,74592.12   
"DE",1854,1,73384.49   
"DE",1858,1,54031.43   
"DE",1862,1,47520.91   
"DE",1866,1,141972.74  
"DE",1872,1,289937.6   
"DE",1874,1,337135.07  
"DE",1876,1,160468.34  
"DE",1878,1,154846.14  
"DE",1880,1,122019.57  
"DE",1882,1,141238.19  
"DE",1887,1,405537.88  
"DE",1888,1,169603.99  
"DE",1889,1,242928.42  
"DE",1890,1,170243.09  
"DE",1891,1,534644.3   
"DE",1892,1,157090.99  
"DE",1893,1,301856.91  
"DE",1894,1,205171.56  
"DE",1895,1,257726.18  
"DE",1896,1,199329.38  
"DE",1897,1,513073.66  
"DE",1898,1,331438.43  
"DE",1899,1,490451.25  
"DE",1900,1,381813.95  
"DE",1901,1,356693.17  
"DE",1902,1,416773.03  
"DE",1903,1,420704.74  
"DE",1904,1,432438.98  
"DE",1905,1,450234.8   
"DE",1906,1,455040.14  
"DE",1907,1,576219.18  
"DE",1908,1,557426.52  
"DE",1909,1,624269.49  
"DE",1910,1,562341.27  
"DE",1911,1,629312.79  
"DE",1912,1,656481.03  
"DE",1913,1,676953     
"DE",1914,1,685273.64  
"DE",1915,1,810321.54  
"DE",1916,1,904066.63  
                       
"DE",1795,19,10627.44  
"DE",1795,22,2187.67   
"DE",1795,29,7757.86   
"DE",1796,18,1449      
"DE",1796,19,9830.94   
"DE",1796,22,372.32    
"DE",1796,29,4382.79   
"DE",1797,19,4649.04   
"DE",1797,26,2089.33   
"DE",1797,29,8957.39   
"DE",1798,19,14867.49  
"DE",1798,22,425.68    
"DE",1798,26,742       
"DE",1798,29,4409.62   
"DE",1799,19,13374.1   
"DE",1799,22,572.56    
"DE",1799,26,3423.54   
"DE",1799,29,10462.77  
"DE",1800,19,13588.51  
"DE",1800,22,145.2     
"DE",1800,26,1732      
"DE",1800,29,4304.32   
"DE",1801,19,10984.74  
"DE",1801,22,640.21    
"DE",1801,26,600       
"DE",1801,29,5861.2    
"DE",1802,19,8060.01   
"DE",1802,22,81.23     
"DE",1802,26,3155.48   
"DE",1802,29,6554.25   
"DE",1803,19,12874.26  
"DE",1803,22,1150.83   
"DE",1803,26,2269      
"DE",1803,29,3870.28   
"DE",1804,19,11308.24  
"DE",1804,22,136.66    
"DE",1804,26,1835      
"DE",1804,29,5956.21   
"DE",1805,19,9135.03   
"DE",1805,22,50        
"DE",1805,26,3312      
"DE",1805,29,7269.7    
"DE",1806,19,6361.17   
"DE",1806,22,408.17    
"DE",1806,26,2626.09   
"DE",1806,29,6392.63   
"DE",1807,19,12451.67  
"DE",1807,22,757.96    
"DE",1807,26,2625      
"DE",1807,29,4648.31   
"DE",1808,19,7830.61   
"DE",1808,22,242.06    
"DE",1808,26,2858      
"DE",1808,29,13158.9   
"DE",1809,19,11437.36  
"DE",1809,22,272.92    
"DE",1809,29,22789.42  
"DE",1810,19,23479.52  
"DE",1810,29,6607.02   
"DE",1811,19,13570.04  
"DE",1811,22,156.92    
"DE",1811,29,6198.84   
"DE",1812,19,13573.85  
"DE",1812,22,71.22     
"DE",1812,26,65        
"DE",1812,29,10228.79  
"DE",1812,50,22064.21  
"DE",1813,19,13426.12  
"DE",1813,22,198.99    
"DE",1813,26,296.31    
"DE",1813,29,54909.62  
"DE",1814,19,13561.08  
"DE",1814,22,95.85     
"DE",1814,29,22552.29  
"DE",1815,19,8699.03   
"DE",1815,22,288.12    
"DE",1815,29,11870.46  
"DE",1816,19,15846.62  
"DE",1816,22,639.32    
"DE",1816,29,9465.9    
"DE",1817,19,17770.07  
"DE",1817,22,328.2     
"DE",1817,29,9598.86   
"DE",1818,19,14518.83  
"DE",1818,22,485.71    
"DE",1818,23,25000     
"DE",1818,29,9463.42   
"DE",1819,19,4269.74   
"DE",1819,22,884.19    
"DE",1819,29,7538.69   
"DE",1820,19,1652.97   
"DE",1820,22,1496.24   
"DE",1820,29,7373.46   
"DE",1820,99,11450.51  
"DE",1821,18,4377.04   
"DE",1821,19,738.77    
"DE",1821,22,1296.11   
"DE",1821,29,6477.13   
"DE",1821,99,4499.07   
"DE",1822,18,715.02    
"DE",1822,19,32        
"DE",1822,22,846.03    
"DE",1822,29,6255.43   
"DE",1822,99,2504.08   
"DE",1823,18,989.54    
"DE",1823,19,340.06    
"DE",1823,22,640.25    
"DE",1823,23,9045.72   
"DE",1823,29,4361.18   
"DE",1823,99,812.24    
"DE",1824,19,876.7     
"DE",1824,22,139.04    
"DE",1824,29,12911.24  
"DE",1824,99,768.99    
"DE",1825,19,7607.91   
"DE",1825,22,436.27    
"DE",1825,29,7159.29   
"DE",1825,99,1343.53   
"DE",1826,19,7748.43   
"DE",1826,22,301.85    
"DE",1826,29,6312.32   
"DE",1826,99,7223.23   
"DE",1827,14,1974.8    
"DE",1827,19,2691.15   
"DE",1827,22,47.05     
"DE",1827,23,6130      
"DE",1827,29,3645.54   
"DE",1827,99,1877.18   
"DE",1828,14,2112.17   
"DE",1828,19,631.12    
"DE",1828,22,49.75     
"DE",1828,29,3666.26   
"DE",1828,99,2122.69   
"DE",1829,14,2022      
"DE",1829,19,2861.13   
"DE",1829,22,459.97    
"DE",1829,29,15170.05  
"DE",1829,99,69.81     
"DE",1830,14,2022      
"DE",1830,19,13958.45  
"DE",1830,22,309.93    
"DE",1830,29,10327.91  
"DE",1830,99,464       
"DE",1831,14,1923.4    
"DE",1831,19,12539.7   
"DE",1831,22,298.24    
"DE",1831,29,4222.79   
"DE",1831,99,2948.89   
"DE",1832,14,1537.5    
"DE",1832,19,9781.68   
"DE",1832,22,156.44    
"DE",1832,29,4289.67   
"DE",1832,99,6823.52   
"DE",1833,14,2120.8    
"DE",1833,19,5743.91   
"DE",1833,22,131.53    
"DE",1833,27,750       
"DE",1833,29,5362.83   
"DE",1833,99,6823.52   
"DE",1834,14,2022.2    
"DE",1834,19,1389.91   
"DE",1834,22,1154      
"DE",1834,27,1500      
"DE",1834,29,5684.75   
"DE",1834,99,5464.44   
"DE",1836,14,4522.2    
"DE",1836,19,378.32    
"DE",1836,22,514.07    
"DE",1836,26,2962.95   
"DE",1836,29,8993.97   
"DE",1836,99,7600      
"DE",1838,14,5042.21   
"DE",1838,22,289.57    
"DE",1838,26,1944.43   
"DE",1838,29,20949.88  
"DE",1838,99,4351.44   
"DE",1840,19,5594.44   
"DE",1840,22,1375.95   
"DE",1840,27,100       
"DE",1840,29,22589.55  
"DE",1840,99,8516.79   
"DE",1842,14,5594.6    
"DE",1842,22,1928.3    
"DE",1842,26,750       
"DE",1842,29,23278.93  
"DE",1842,99,2347.52   
"DE",1844,14,7282.1    
"DE",1844,22,2654.44   
"DE",1844,26,6213.79   
"DE",1844,29,26201.73  
"DE",1844,99,          
"DE",1846,14,7287.5    
"DE",1846,22,3031.1    
"DE",1846,29,27713.05  
"DE",1846,99,          
"DE",1848,14,6350      
"DE",1848,22,4727.73   
"DE",1848,29,20065.37  
"DE",1850,14,5962.61   
"DE",1850,22,3822.61   
"DE",1850,26,1090      
"DE",1850,29,20988.11  
"DE",1851,14,5866.58   
"DE",1851,22,4061.75   
"DE",1851,29,29388.12  
"DE",1852,14,14887.86  
"DE",1852,22,3668.05   
"DE",1852,27,20000     
"DE",1852,29,36036.21  
"DE",1854,14,14667.8   
"DE",1854,18,5194.66   
"DE",1854,22,1464      
"DE",1854,26,4.75      
"DE",1854,27,10000     
"DE",1854,29,42053.28  
"DE",1858,14,7136.54   
"DE",1858,18,2285.78   
"DE",1858,22,1298.61   
"DE",1858,27,10000     
"DE",1858,29,23310.5   
"DE",1858,50,10000     
"DE",1862,14,17076.44  
"DE",1862,18,2365.4    
"DE",1862,22,1211      
"DE",1862,29,5471.61   
"DE",1862,88,21396.46  
"DE",1866,14,102596.8  
"DE",1866,18,4406.57   
"DE",1866,22,1369.01   
"DE",1866,88,33600.36  
"DE",1872,14,81151.34  
"DE",1872,18,55587.72  
"DE",1872,22,1054.33   
"DE",1872,23,81861.24  
"DE",1872,29,28687.07  
"DE",1872,88,41595.9   
"DE",1874,12,1570.96   
"DE",1874,14,54017.32  
"DE",1874,18,48790.46  
"DE",1874,19,92138.79  
"DE",1874,22,975.66    
"DE",1874,29,73934.66  
"DE",1874,50,25440     
"DE",1874,88,40267.22  
"DE",1876,12,30956.69  
"DE",1876,14,37840.35  
"DE",1876,18,49590.16  
"DE",1876,19,10903.29  
"DE",1876,22,2116.48   
"DE",1876,26,2056.12   
"DE",1876,29,27005.25  
"DE",1878,12,31225.19  
"DE",1878,14,39539.13  
"DE",1878,18,48038.97  
"DE",1878,19,1794.85   
"DE",1878,22,3101.5    
"DE",1878,29,31146.5   
"DE",1880,12,9676.22   
"DE",1880,14,36835.68  
"DE",1880,18,50549.37  
"DE",1880,19,1665.85   
"DE",1880,22,2050.75   
"DE",1880,26,214.7     
"DE",1880,29,21027     
"DE",1882,14,41740.89  
"DE",1882,18,64760.85  
"DE",1882,19,1782.78   
"DE",1882,22,850.27    
"DE",1882,26,1806.27   
"DE",1882,29,30297.13  
"DE",1887,12,320.64    
"DE",1887,14,63274.59  
"DE",1887,18,54232.7   
"DE",1887,22,1306.62   
"DE",1887,26,5879.98   
"DE",1887,29,30523.35  
"DE",1887,50,250000    
"DE",1888,12,677.64    
"DE",1888,14,84775.93  
"DE",1888,18,53391.04  
"DE",1888,22,425       
"DE",1888,26,1720.28   
"DE",1888,29,28614.1   
"DE",1889,12,6146.05   
"DE",1889,14,75160.93  
"DE",1889,18,55353.56  
"DE",1889,19,46.9      
"DE",1889,22,1325      
"DE",1889,26,1027.88   
"DE",1889,29,28868.1   
"DE",1889,50,75000     
"DE",1890,12,1649.3    
"DE",1890,14,71237.13  
"DE",1890,18,53361.02  
"DE",1890,22,115       
"DE",1890,23,15000     
"DE",1890,29,28880.64  
"DE",1891,12,936.06    
"DE",1891,14,334211.12 
"DE",1891,18,51224.26  
"DE",1891,22,2492.5    
"DE",1891,23,33000     
"DE",1891,26,327.6     
"DE",1891,29,37312.13  
"DE",1891,50,75140.63  
"DE",1892,12,1231.95   
"DE",1892,14,80212.76  
"DE",1892,18,43794.6   
"DE",1892,22,1201.25   
"DE",1892,23,18000     
"DE",1892,26,171.27    
"DE",1892,29,12479.16  
"DE",1893,12,1696.04   
"DE",1893,14,81239.1   
"DE",1893,18,46522.07  
"DE",1893,22,1832.5    
"DE",1893,23,19000     
"DE",1893,26,392.2     
"DE",1893,29,151175    
"DE",1894,12,532.07    
"DE",1894,14,79835.44  
"DE",1894,18,47139.75  
"DE",1894,22,632.5     
"DE",1894,23,20000     
"DE",1894,26,676.85    
"DE",1894,29,56354.95  
"DE",1895,12,1582.41   
"DE",1895,14,80608.99  
"DE",1895,18,740       
"DE",1895,22,46387.54  
"DE",1895,23,21000     
"DE",1895,26,250       
"DE",1895,29,107157.24 
"DE",1896,12,805.01    
"DE",1896,14,79937.99  
"DE",1896,18,440       
"DE",1896,22,51131.98  
"DE",1896,23,22000     
"DE",1896,26,375       
"DE",1896,29,44639.4   
"DE",1897,12,1101.69   
"DE",1897,14,79158.09  
"DE",1897,18,43521.86  
"DE",1897,22,3255      
"DE",1897,23,23000     
"DE",1897,26,251.75    
"DE",1897,29,116018.07 
"DE",1897,50,246767.2  
"DE",1898,12,3065.24   
"DE",1898,14,81114.48  
"DE",1898,18,127787.29 
"DE",1898,22,268.75    
"DE",1898,23,24000     
"DE",1898,26,459.1     
"DE",1898,29,94743.57  
"DE",1899,12,1375.61   
"DE",1899,13,36000     
"DE",1899,14,80185.86  
"DE",1899,18,147409.79 
"DE",1899,22,1361.57   
"DE",1899,23,25000     
"DE",1899,26,43386.43  
"DE",1899,29,155731.99 
"DE",1900,12,2189.78   
"DE",1900,13,79047.84  
"DE",1900,14,81283.94  
"DE",1900,18,155863.73 
"DE",1900,23,25000     
"DE",1900,26,250       
"DE",1900,29,16313.93  
"DE",1900,88,21864.73  
"DE",1901,12,1332      
"DE",1901,13,76710.38  
"DE",1901,14,87761.06  
"DE",1901,18,126666.04 
"DE",1901,23,42770.83  
"DE",1901,26,644.5     
"DE",1901,29,20808.36  
"DE",1902,12,987.79    
"DE",1902,13,110805.96 
"DE",1902,14,84631.61  
"DE",1902,18,152070.21 
"DE",1902,19,429.11    
"DE",1902,22,22.5      
"DE",1902,23,31525.85  
"DE",1902,26,250       
"DE",1902,29,36050     
"DE",1903,12,1617.94   
"DE",1903,13,122889.9  
"DE",1903,14,95065.99  
"DE",1903,18,118637.06 
"DE",1903,19,847.25    
"DE",1903,22,29539.13  
"DE",1903,23,25000     
"DE",1903,26,988.1     
"DE",1903,29,26119.37  
"DE",1904,12,3271.67   
"DE",1904,13,127474.01 
"DE",1904,14,83187.54  
"DE",1904,18,138787.66 
"DE",1904,19,610.55    
"DE",1904,22,30856.1   
"DE",1904,23,25000     
"DE",1904,26,382.2     
"DE",1904,29,22869.25  
"DE",1905,12,3101.63   
"DE",1905,13,145040.79 
"DE",1905,14,82402.38  
"DE",1905,18,167452.74 
"DE",1905,19,1243.43   
"DE",1905,22,5         
"DE",1905,23,25000     
"DE",1905,26,5769.37   
"DE",1905,29,20219.46  
"DE",1906,12,1142.54   
"DE",1906,13,148861.95 
"DE",1906,14,87708.72  
"DE",1906,18,166596.72 
"DE",1906,19,894       
"DE",1906,22,9         
"DE",1906,23,25000     
"DE",1906,26,8746.96   
"DE",1906,29,16080.25  
"DE",1907,12,1244.07   
"DE",1907,13,152807.85 
"DE",1907,14,123964.74 
"DE",1907,18,184562.57 
"DE",1907,23,30000     
"DE",1907,26,10226.42  
"DE",1907,29,13110.33  
"DE",1907,50,60303.2   
"DE",1908,12,1151.42   
"DE",1908,13,102835.11 
"DE",1908,14,125619.65 
"DE",1908,18,182658.57 
"DE",1908,23,118250.5  
"DE",1908,26,12910.47  
"DE",1908,29,14000.8   
"DE",1909,12,3443.79   
"DE",1909,13,110565.28 
"DE",1909,14,137767.57 
"DE",1909,18,216800.07 
"DE",1909,19,539       
"DE",1909,22,16718.5   
"DE",1909,23,40000     
"DE",1909,26,10592.16  
"DE",1909,29,77843.12  
"DE",1909,50,10000     
"DE",1910,12,4778.2    
"DE",1910,13,134108.46 
"DE",1910,14,176114.27 
"DE",1910,18,155852.29 
"DE",1910,19,902       
"DE",1910,22,20033.5   
"DE",1910,23,45000     
"DE",1910,26,13489.85  
"DE",1910,29,12062.7   
"DE",1911,12,11023.23  
"DE",1911,13,125224.45 
"DE",1911,14,188971.96 
"DE",1911,18,206631.67 
"DE",1911,19,526       
"DE",1911,22,21678.5   
"DE",1911,23,50000     
"DE",1911,26,12956.4   
"DE",1911,29,12300.58  
"DE",1912,12,8381.66   
"DE",1912,13,168244.26 
"DE",1912,14,184864.64 
"DE",1912,18,195108.5  
"DE",1912,19,761       
"DE",1912,22,22771.5   
"DE",1912,23,50000     
"DE",1912,26,14140.59  
"DE",1912,29,12208.88  
"DE",1913,12,11002.57  
"DE",1913,13,179428.02 
"DE",1913,14,188340.2  
"DE",1913,18,195728.44 
"DE",1913,19,423       
"DE",1913,22,25999.75  
"DE",1913,23,50000     
"DE",1913,26,13763.41  
"DE",1913,29,12267.61  
"DE",1914,12,13463.96  
"DE",1914,13,165610.52 
"DE",1914,14,191933.23 
"DE",1914,18,202958.41 
"DE",1914,19,857       
"DE",1914,22,26662.5   
"DE",1914,23,55000     
"DE",1914,26,16138.14  
"DE",1914,29,12649.88  
"DE",1915,12,11095.96  
"DE",1915,13,214052.63 
"DE",1915,14,193755.52 
"DE",1915,18,221831.64 
"DE",1915,19,884.48    
"DE",1915,22,30499     
"DE",1915,23,55000     
"DE",1915,26,19710.02  
"DE",1915,29,63492.29  
"DE",1916,12,8876      
"DE",1916,13,315780.99 
"DE",1916,14,194019.89 
"DE",1916,18,259300.4  
"DE",1916,19,1002      
"DE",1916,22,40401.5   
"DE",1916,23,50000     
"DE",1916,26,21793.88  
"DE",1916,29,12891.97  
                       
"DE",1795,190,9947.56  
"DE",1795,191,679.88   
"DE",1795,223,432.07   
"DE",1795,225,1755.6   
"DE",1795,291,198.48   
"DE",1795,293,1652.56  
"DE",1795,294,5906.82  
"DE",1796,180,1449     
"DE",1796,190,9351.51  
"DE",1796,191,479.43   
"DE",1796,223,372.32   
"DE",1796,293,485.85   
"DE",1796,294,3896.94  
"DE",1797,190,4559.04  
"DE",1797,191,90       
"DE",1797,261,2089.33  
"DE",1797,291,396.97   
"DE",1797,293,1123.53  
"DE",1797,294,7436.89  
"DE",1798,190,14867.49 
"DE",1798,223,425.68   
"DE",1798,261,742      
"DE",1798,292,232      
"DE",1798,293,1196.39  
"DE",1798,294,2981.23  
"DE",1799,190,13128.1  
"DE",1799,192,246      
"DE",1799,220,572.56   
"DE",1799,261,3423.54  
"DE",1799,290,5609.79  
"DE",1799,291,305.32   
"DE",1799,292,360      
"DE",1799,293,2080.38  
"DE",1799,294,2107.28  
"DE",1800,190,13487.51 
"DE",1800,192,101      
"DE",1800,220,145.2    
"DE",1800,261,1732     
"DE",1800,290,915.6    
"DE",1800,291,305.32   
"DE",1800,292,400      
"DE",1800,293,848.21   
"DE",1800,294,1835.19  
"DE",1801,190,10984.74 
"DE",1801,220,640.21   
"DE",1801,261,600      
"DE",1801,290,146.96   
"DE",1801,291,1127.5   
"DE",1801,292,400      
"DE",1801,293,2884.2   
"DE",1801,294,1302.54  
"DE",1802,190,8005.01  
"DE",1802,192,55       
"DE",1802,220,81.23    
"DE",1802,261,3013.82  
"DE",1802,264,141.66   
"DE",1802,290,1500     
"DE",1802,291,1682.96  
"DE",1802,292,400      
"DE",1802,293,1646.68  
"DE",1802,294,1324.61  
"DE",1803,190,12695.26 
"DE",1803,192,179      
"DE",1803,220,1150.83  
"DE",1803,261,2269     
"DE",1803,290,228.95   
"DE",1803,291,1682.96  
"DE",1803,292,400      
"DE",1803,293,930.29   
"DE",1803,294,628.08   
"DE",1804,190,11308.24 
"DE",1804,220,136.66   
"DE",1804,261,1835     
"DE",1804,290,499.31   
"DE",1804,291,3121.78  
"DE",1804,292,450      
"DE",1804,293,884.39   
"DE",1804,294,1000.73  
"DE",1805,190,8940.03  
"DE",1805,192,195      
"DE",1805,220,50       
"DE",1805,261,3312     
"DE",1805,290,778.07   
"DE",1805,291,5708.91  
"DE",1805,294,782.72   
"DE",1806,190,6326.17  
"DE",1806,192,35       
"DE",1806,220,408.17   
"DE",1806,261,2626.09  
"DE",1806,290,21.25    
"DE",1806,291,5896.78  
"DE",1806,294,474.6    
"DE",1807,190,12367.67 
"DE",1807,192,84       
"DE",1807,220,757.96   
"DE",1807,261,2625     
"DE",1807,291,3598.11  
"DE",1807,292,480      
"DE",1807,294,570.2    
"DE",1808,190,7715.61  
"DE",1808,192,115      
"DE",1808,220,242.06   
"DE",1808,261,2858     
"DE",1808,290,5899.28  
"DE",1808,291,6189.98  
"DE",1808,292,480      
"DE",1808,294,589.64   
"DE",1809,190,11376.36 
"DE",1809,192,61       
"DE",1809,220,272.92   
"DE",1809,291,3424.22  
"DE",1809,292,849      
"DE",1809,293,15120    
"DE",1809,294,408.94   
"DE",1809,299,2987.26  
"DE",1810,190,23306.52 
"DE",1810,192,173      
"DE",1810,291,3802.13  
"DE",1810,292,2096     
"DE",1810,293,200      
"DE",1810,294,508.89   
"DE",1811,190,13570.04 
"DE",1811,220,156.92   
"DE",1811,290,3.4      
"DE",1811,291,3802.13  
"DE",1811,292,2156     
"DE",1811,294,237.31   
"DE",1812,190,13279.85 
"DE",1812,192,294      
"DE",1812,222,71.22    
"DE",1812,264,65       
"DE",1812,291,5755.68  
"DE",1812,292,3407.18  
"DE",1812,293,286.86   
"DE",1812,294,411.53   
"DE",1812,299,367.54   
"DE",1812,501,22064.21 
"DE",1813,190,13356.12 
"DE",1813,192,70       
"DE",1813,220,198.99   
"DE",1813,264,296.31   
"DE",1813,290,19496.77 
"DE",1813,291,309.5    
"DE",1813,292,4556.7   
"DE",1813,293,19400    
"DE",1813,294,515.91   
"DE",1813,299,10630.74 
"DE",1814,190,13404.08 
"DE",1814,192,157      
"DE",1814,220,95.85    
"DE",1814,290,276.68   
"DE",1814,291,110      
"DE",1814,292,5721.26  
"DE",1814,293,14550    
"DE",1814,294,469.35   
"DE",1814,299,1425     
"DE",1815,190,8373.03  
"DE",1815,192,326      
"DE",1815,220,288.12   
"DE",1815,290,460.08   
"DE",1815,291,257.06   
"DE",1815,292,5562.89  
"DE",1815,294,3478.21  
"DE",1815,299,2112.22  
"DE",1816,190,15728.62 
"DE",1816,192,118      
"DE",1816,220,639.32   
"DE",1816,290,9.37     
"DE",1816,292,6177.5   
"DE",1816,294,679.03   
"DE",1816,299,2600     
"DE",1817,190,17597.07 
"DE",1817,192,173      
"DE",1817,220,328.2    
"DE",1817,292,6137.5   
"DE",1817,294,1086.36  
"DE",1817,299,2375     
"DE",1818,190,14268.83 
"DE",1818,192,250      
"DE",1818,220,485.71   
"DE",1818,235,25000    
"DE",1818,290,20       
"DE",1818,291,174.88   
"DE",1818,292,6137.5   
"DE",1818,294,756.04   
"DE",1818,299,2375     
"DE",1819,190,4182.74  
"DE",1819,192,87       
"DE",1819,220,884.19   
"DE",1819,290,106      
"DE",1819,292,4862.5   
"DE",1819,294,195.19   
"DE",1819,299,2375     
"DE",1820,190,1445.97  
"DE",1820,192,207      
"DE",1820,220,1496.24  
"DE",1820,290,599.33   
"DE",1820,292,4225     
"DE",1820,294,174.13   
"DE",1820,299,2375     
"DE",1820,999,11450.51 
"DE",1821,180,4377.04  
"DE",1821,190,288.77   
"DE",1821,192,450      
"DE",1821,220,1296.11  
"DE",1821,292,4225     
"DE",1821,294,102.13   
"DE",1821,299,2150     
"DE",1821,999,4499.07  
"DE",1822,180,715.02   
"DE",1822,192,32       
"DE",1822,220,846.03   
"DE",1822,290,359      
"DE",1822,292,4225     
"DE",1822,294,873.93   
"DE",1822,299,797.5    
"DE",1822,999,2504.08  
"DE",1823,180,989.54   
"DE",1823,192,340.06   
"DE",1823,220,640.25   
"DE",1823,235,9045.72  
"DE",1823,292,2312.5   
"DE",1823,294,98.88    
"DE",1823,299,1949.8   
"DE",1823,999,812.24   
"DE",1824,192,876.7    
"DE",1824,220,139.04   
"DE",1824,292,3706.25  
"DE",1824,293,5820     
"DE",1824,294,2038.43  
"DE",1824,299,1346.56  
"DE",1824,999,768.99   
"DE",1825,190,7182.87  
"DE",1825,192,425.04   
"DE",1825,220,436.27   
"DE",1825,290,210      
"DE",1825,292,3787.5   
"DE",1825,294,562.09   
"DE",1825,299,2599.7   
"DE",1825,999,1343.53  
"DE",1826,190,6338.06  
"DE",1826,192,1410.37  
"DE",1826,220,71.64    
"DE",1826,223,230.21   
"DE",1826,292,3387.5   
"DE",1826,294,1025.02  
"DE",1826,299,1899.8   
"DE",1826,999,7223.23  
"DE",1827,142,1974.8   
"DE",1827,190,1232.28  
"DE",1827,192,1458.87  
"DE",1827,220,47.05    
"DE",1827,235,6130     
"DE",1827,292,3587.5   
"DE",1827,294,58.04    
"DE",1827,999,1877.18  
"DE",1828,142,2112.17  
"DE",1828,190,81.3     
"DE",1828,192,549.82   
"DE",1828,220,49.75    
"DE",1828,292,3468.75  
"DE",1828,293,55.48    
"DE",1828,294,142.03   
"DE",1828,999,2122.69  
"DE",1829,142,2022     
"DE",1829,190,209.59   
"DE",1829,192,2651.54  
"DE",1829,220,459.97   
"DE",1829,290,1033.99  
"DE",1829,292,3587.5   
"DE",1829,293,10100    
"DE",1829,294,448.56   
"DE",1829,999,69.81    
"DE",1830,142,2022     
"DE",1830,190,12811.6  
"DE",1830,192,1146.85  
"DE",1830,220,309.93   
"DE",1830,292,1993.75  
"DE",1830,293,8000     
"DE",1830,294,334.16   
"DE",1830,999,464      
"DE",1831,142,1923.4   
"DE",1831,190,10969.03 
"DE",1831,192,1570.67  
"DE",1831,220,298.24   
"DE",1831,292,3686.1   
"DE",1831,294,536.69   
"DE",1831,999,2948.89  
"DE",1832,142,1537.5   
"DE",1832,190,9781.68  
"DE",1832,220,156.44   
"DE",1832,290,452.74   
"DE",1832,292,3387.5   
"DE",1832,294,449.43   
"DE",1832,999,6823.52  
"DE",1833,142,2120.8   
"DE",1833,190,5743.91  
"DE",1833,220,131.53   
"DE",1833,273,750      
"DE",1833,290,1576.41  
"DE",1833,292,3587.5   
"DE",1833,294,198.92   
"DE",1833,999,6823.52  
"DE",1834,142,2022.2   
"DE",1834,190,1389.91  
"DE",1834,220,1154     
"DE",1834,273,1500     
"DE",1834,290,2034.7   
"DE",1834,291,10.92    
"DE",1834,292,3587.5   
"DE",1834,294,51.63    
"DE",1834,999,5464.44  
"DE",1836,141,2500     
"DE",1836,142,2022.2   
"DE",1836,190,378.32   
"DE",1836,223,514.07   
"DE",1836,266,2962.95  
"DE",1836,290,513      
"DE",1836,292,3946.25  
"DE",1836,293,4500     
"DE",1836,294,34.72    
"DE",1836,999,7600     
"DE",1838,141,2500     
"DE",1838,142,2542.21  
"DE",1838,223,289.57   
"DE",1838,266,1944.43  
"DE",1838,290,1018.93  
"DE",1838,291,4847.63  
"DE",1838,292,14918.01 
"DE",1838,294,165.31   
"DE",1838,999,4351.44  
"DE",1840,190,5594.44  
"DE",1840,221,1035     
"DE",1840,223,340.95   
"DE",1840,273,100      
"DE",1840,290,10       
"DE",1840,291,4847.62  
"DE",1840,292,17515    
"DE",1840,294,216.93   
"DE",1840,999,8516.79  
"DE",1842,141,2500     
"DE",1842,142,3094.6   
"DE",1842,221,1300.3   
"DE",1842,223,628      
"DE",1842,266,750      
"DE",1842,291,5147.62  
"DE",1842,292,15386.25 
"DE",1842,294,2745.06  
"DE",1842,999,2347.52  
"DE",1844,141,3750     
"DE",1844,142,3532.1   
"DE",1844,221,2158.4   
"DE",1844,223,496.04   
"DE",1844,266,6213.79  
"DE",1844,290,1581.99  
"DE",1844,291,5147.62  
"DE",1844,292,18761.25 
"DE",1844,294,710.87   
"DE",1844,999,         
"DE",1846,141,1250     
"DE",1846,142,6037.5   
"DE",1846,220,699      
"DE",1846,221,219.7    
"DE",1846,223,2112.4   
"DE",1846,290,400      
"DE",1846,291,10247.62 
"DE",1846,292,17017    
"DE",1846,294,48.43    
"DE",1846,999,         
"DE",1848,141,3250     
"DE",1848,142,3100     
"DE",1848,220,1650.91  
"DE",1848,221,2400.76  
"DE",1848,223,676.06   
"DE",1848,290,5.75     
"DE",1848,291,4947.62  
"DE",1848,292,15105    
"DE",1848,294,7        
"DE",1850,141,2500     
"DE",1850,142,3462.61  
"DE",1850,220,717      
"DE",1850,221,2555.8   
"DE",1850,223,549.81   
"DE",1850,261,1080     
"DE",1850,266,10       
"DE",1850,290,26.12    
"DE",1850,291,5147.62  
"DE",1850,292,15305    
"DE",1850,294,9.37     
"DE",1850,299,500      
"DE",1851,141,2500     
"DE",1851,142,3366.58  
"DE",1851,220,500      
"DE",1851,221,2520.58  
"DE",1851,223,1041.17  
"DE",1851,291,5147.62  
"DE",1851,292,13966.25 
"DE",1851,293,9750     
"DE",1851,294,24.25    
"DE",1851,299,500      
"DE",1852,141,11410.64 
"DE",1852,142,3477.22  
"DE",1852,220,500      
"DE",1852,221,2834.75  
"DE",1852,223,333.3    
"DE",1852,277,20000    
"DE",1852,291,5164.62  
"DE",1852,292,12847.5  
"DE",1852,293,17250    
"DE",1852,294,274.09   
"DE",1852,299,500      
"DE",1854,141,11000    
"DE",1854,142,3667.8   
"DE",1854,180,5194.66  
"DE",1854,220,1264.5   
"DE",1854,222,140      
"DE",1854,223,59.5     
"DE",1854,266,4.75     
"DE",1854,277,10000    
"DE",1854,292,15385    
"DE",1854,293,26127.62 
"DE",1854,294,40.66    
"DE",1854,299,500      
"DE",1858,141,1000     
"DE",1858,142,6136.54  
"DE",1858,180,2285.78  
"DE",1858,220,1019.75  
"DE",1858,222,253.86   
"DE",1858,223,25       
"DE",1858,277,10000    
"DE",1858,292,3910.5   
"DE",1858,293,19400    
"DE",1858,501,10000    
"DE",1862,141,11000    
"DE",1862,142,6076.44  
"DE",1862,180,2365.4   
"DE",1862,220,513      
"DE",1862,222,583      
"DE",1862,223,115      
"DE",1862,290,1107.11  
"DE",1862,292,4364.5   
"DE",1862,888,21396.46 
"DE",1866,141,87733.95 
"DE",1866,142,14862.85 
"DE",1866,180,4406.57  
"DE",1866,220,765.5    
"DE",1866,222,603.51   
"DE",1866,888,33600.36 
"DE",1872,141,70852.63 
"DE",1872,142,8648.71  
"DE",1872,143,1650     
"DE",1872,180,55587.72 
"DE",1872,220,536.2    
"DE",1872,222,518.13   
"DE",1872,236,81861.24 
"DE",1872,291,24000    
"DE",1872,292,4545     
"DE",1872,294,142.07   
"DE",1872,888,41595.9  
"DE",1874,123,1570.96  
"DE",1874,141,46750    
"DE",1874,142,6967.32  
"DE",1874,143,300      
"DE",1874,180,48790.46 
"DE",1874,190,92138.79 
"DE",1874,220,712.5    
"DE",1874,222,263.16   
"DE",1874,290,805      
"DE",1874,291,29220    
"DE",1874,292,4545     
"DE",1874,293,39266.66 
"DE",1874,294,96       
"DE",1874,298,2        
"DE",1874,501,25440    
"DE",1874,888,40267.22 
"DE",1876,121,30956.69 
"DE",1876,141,33813    
"DE",1876,142,3577.35  
"DE",1876,143,450      
"DE",1876,180,49590.16 
"DE",1876,193,10903.29 
"DE",1876,220,588.75   
"DE",1876,222,1527.73  
"DE",1876,261,2056.12  
"DE",1876,291,24000    
"DE",1876,292,2992.5   
"DE",1876,294,12.75    
"DE",1878,121,31225.19 
"DE",1878,141,33944.56 
"DE",1878,142,5294.57  
"DE",1878,143,300      
"DE",1878,180,48038.97 
"DE",1878,193,1794.85  
"DE",1878,220,3101.5   
"DE",1878,291,28874    
"DE",1878,292,2272.5   
"DE",1880,121,9676.22  
"DE",1880,141,33897.61 
"DE",1880,142,2638.07  
"DE",1880,143,300      
"DE",1880,180,50549.37 
"DE",1880,193,1665.85  
"DE",1880,220,2050.75  
"DE",1880,266,214.7    
"DE",1880,291,18000    
"DE",1880,292,3027     
"DE",1882,141,40428.29 
"DE",1882,142,1012.6   
"DE",1882,143,300      
"DE",1882,180,64760.85 
"DE",1882,193,1782.78  
"DE",1882,220,850.27   
"DE",1882,261,1733.07  
"DE",1882,266,73.2     
"DE",1882,291,24000    
"DE",1882,292,3067     
"DE",1882,293,3230.13  
"DE",1887,122,320.64   
"DE",1887,141,62594.79 
"DE",1887,143,450      
"DE",1887,146,229.8    
"DE",1887,180,54232.7  
"DE",1887,220,1306.62  
"DE",1887,261,5640.98  
"DE",1887,266,239      
"DE",1887,290,3748.35  
"DE",1887,291,24000    
"DE",1887,292,2775     
"DE",1887,501,250000   
"DE",1888,122,677.64   
"DE",1888,141,84411.23 
"DE",1888,143,300      
"DE",1888,146,64.7     
"DE",1888,180,53391.04 
"DE",1888,222,425      
"DE",1888,261,1720.28  
"DE",1888,290,69.1     
"DE",1888,291,24000    
"DE",1888,292,4545     
"DE",1889,122,6146.05  
"DE",1889,141,74789.46 
"DE",1889,143,300      
"DE",1889,146,71.47    
"DE",1889,180,55353.56 
"DE",1889,190,46.9     
"DE",1889,223,1325     
"DE",1889,261,1027.88  
"DE",1889,290,323.1    
"DE",1889,291,24000    
"DE",1889,292,4545     
"DE",1889,501,75000    
"DE",1890,122,1649.3   
"DE",1890,141,69125.4  
"DE",1890,143,300      
"DE",1890,146,1811.73  
"DE",1890,180,53361.02 
"DE",1890,223,115      
"DE",1890,235,15000    
"DE",1890,290,255.64   
"DE",1890,291,24000    
"DE",1890,292,4625     
"DE",1891,122,936.06   
"DE",1891,141,283917.09
"DE",1891,142,48990.94 
"DE",1891,146,1303.09  
"DE",1891,180,51224.26 
"DE",1891,223,2492.5   
"DE",1891,235,33000    
"DE",1891,266,327.6    
"DE",1891,290,1353.79  
"DE",1891,291,31333.34 
"DE",1891,292,4625     
"DE",1891,501,75140.63 
"DE",1892,122,1231.95  
"DE",1892,141,69015.6  
"DE",1892,142,9396.24  
"DE",1892,146,1800.92  
"DE",1892,180,43794.6  
"DE",1892,223,1201.25  
"DE",1892,235,18000    
"DE",1892,266,171.27   
"DE",1892,290,154.16   
"DE",1892,291,7700     
"DE",1892,292,4625     
"DE",1893,122,1696.04  
"DE",1893,141,69312    
"DE",1893,142,9490.18  
"DE",1893,146,2436.92  
"DE",1893,180,46522.07 
"DE",1893,223,1832.5   
"DE",1893,235,19000    
"DE",1893,266,392.2    
"DE",1893,291,11550    
"DE",1893,292,4625     
"DE",1893,293,135000   
"DE",1894,122,532.07   
"DE",1894,141,68673.1  
"DE",1894,142,9492.69  
"DE",1894,146,1669.65  
"DE",1894,180,47139.75 
"DE",1894,223,632.5    
"DE",1894,235,20000    
"DE",1894,266,676.85   
"DE",1894,290,134.95   
"DE",1894,291,11675    
"DE",1894,292,4545     
"DE",1894,293,40000    
"DE",1895,122,1582.41  
"DE",1895,141,69690.02 
"DE",1895,142,9499.67  
"DE",1895,146,1419.3   
"DE",1895,180,740      
"DE",1895,223,46387.54 
"DE",1895,235,21000    
"DE",1895,266,250      
"DE",1895,290,902.24   
"DE",1895,291,11550    
"DE",1895,292,4705     
"DE",1895,293,90000    
"DE",1896,122,805.01   
"DE",1896,141,69069.29 
"DE",1896,142,9592.45  
"DE",1896,146,1276.25  
"DE",1896,180,440      
"DE",1896,222,96       
"DE",1896,223,51035.98 
"DE",1896,235,22000    
"DE",1896,266,375      
"DE",1896,290,504.4    
"DE",1896,291,11550    
"DE",1896,292,4385     
"DE",1896,293,28200    
"DE",1897,122,1101.69  
"DE",1897,141,68653.3  
"DE",1897,142,9177.03  
"DE",1897,146,1327.76  
"DE",1897,180,43521.86 
"DE",1897,223,3255     
"DE",1897,235,23000    
"DE",1897,266,251.75   
"DE",1897,290,163.07   
"DE",1897,291,11550    
"DE",1897,292,4305     
"DE",1897,293,100000   
"DE",1897,501,246767.2 
"DE",1898,122,3065.24  
"DE",1898,140,808.81   
"DE",1898,141,69365.43 
"DE",1898,142,8848.32  
"DE",1898,146,2091.92  
"DE",1898,180,127787.29
"DE",1898,223,268.75   
"DE",1898,235,24000    
"DE",1898,266,459.1    
"DE",1898,290,696.4    
"DE",1898,291,11550    
"DE",1898,292,4265     
"DE",1898,293,70000    
"DE",1898,298,8232.17  
"DE",1899,122,1375.61  
"DE",1899,132,36000    
"DE",1899,140,1311.35  
"DE",1899,141,68976.49 
"DE",1899,142,9166.05  
"DE",1899,146,731.97   
"DE",1899,180,147409.79
"DE",1899,223,1361.57  
"DE",1899,235,25000    
"DE",1899,261,42702.43 
"DE",1899,266,684      
"DE",1899,290,81.99    
"DE",1899,291,11550    
"DE",1899,292,4225     
"DE",1899,293,35000    
"DE",1899,298,22000    
"DE",1899,299,82875    
"DE",1900,122,2189.78  
"DE",1900,132,79047.84 
"DE",1900,140,624.84   
"DE",1900,141,69495.12 
"DE",1900,142,9243     
"DE",1900,146,1920.98  
"DE",1900,180,155863.73
"DE",1900,235,25000    
"DE",1900,266,250      
"DE",1900,290,46.5     
"DE",1900,291,11550    
"DE",1900,292,200      
"DE",1900,293,1267.43  
"DE",1900,298,3250     
"DE",1900,888,21864.73 
"DE",1901,122,1332     
"DE",1901,132,76710.38 
"DE",1901,140,1713     
"DE",1901,141,77565.7  
"DE",1901,142,6497.59  
"DE",1901,146,1984.77  
"DE",1901,180,126666.04
"DE",1901,235,42770.83 
"DE",1901,266,644.5    
"DE",1901,290,358.36   
"DE",1901,291,11550    
"DE",1901,292,400      
"DE",1901,293,5000     
"DE",1901,298,3500     
"DE",1902,122,987.79   
"DE",1902,132,110805.96
"DE",1902,141,78800    
"DE",1902,142,3033.24  
"DE",1902,146,2798.37  
"DE",1902,180,152070.21
"DE",1902,190,429.11   
"DE",1902,222,22.5     
"DE",1902,235,25625.85 
"DE",1902,236,5900     
"DE",1902,266,250      
"DE",1902,290,400      
"DE",1902,291,11550    
"DE",1902,292,600      
"DE",1902,298,23500    
"DE",1903,122,1617.94  
"DE",1903,132,122889.9 
"DE",1903,141,88527.34 
"DE",1903,142,1483.86  
"DE",1903,146,5054.79  
"DE",1903,180,118637.06
"DE",1903,190,847.25   
"DE",1903,223,29539.13 
"DE",1903,235,25000    
"DE",1903,266,988.1    
"DE",1903,290,2394.37  
"DE",1903,291,17325    
"DE",1903,292,400      
"DE",1903,298,6000     
"DE",1904,122,3271.67  
"DE",1904,132,127474.01
"DE",1904,141,78800    
"DE",1904,142,1222.03  
"DE",1904,146,3165.51  
"DE",1904,180,138787.66
"DE",1904,190,610.55   
"DE",1904,223,30856.1  
"DE",1904,235,25000    
"DE",1904,266,382.2    
"DE",1904,290,919.25   
"DE",1904,291,11550    
"DE",1904,292,400      
"DE",1904,293,10000    
"DE",1905,122,3101.63  
"DE",1905,132,145040.79
"DE",1905,141,78800    
"DE",1905,142,597.2    
"DE",1905,146,3005.18  
"DE",1905,180,167452.74
"DE",1905,190,1243.43  
"DE",1905,222,5        
"DE",1905,235,25000    
"DE",1905,261,6        
"DE",1905,262,4930.22  
"DE",1905,266,833.15   
"DE",1905,290,769.46   
"DE",1905,291,11550    
"DE",1905,292,400      
"DE",1905,298,7500     
"DE",1906,122,1142.54  
"DE",1906,132,148861.95
"DE",1906,141,78800    
"DE",1906,142,91.41    
"DE",1906,146,8817.31  
"DE",1906,180,166596.72
"DE",1906,193,894      
"DE",1906,222,9        
"DE",1906,235,25000    
"DE",1906,262,8221.51  
"DE",1906,266,525.45   
"DE",1906,290,1230.25  
"DE",1906,291,11550    
"DE",1906,292,400      
"DE",1906,298,2900     
"DE",1907,122,1244.07  
"DE",1907,132,152807.85
"DE",1907,141,101300   
"DE",1907,142,15349.87 
"DE",1907,146,7314.87  
"DE",1907,180,184562.57
"DE",1907,235,30000    
"DE",1907,262,10226.42 
"DE",1907,290,1160.33  
"DE",1907,291,11550    
"DE",1907,292,400      
"DE",1907,501,60303.2  
"DE",1908,122,1151.42  
"DE",1908,132,102835.11
"DE",1908,141,101300   
"DE",1908,142,16322.96 
"DE",1908,146,7996.69  
"DE",1908,180,180483.57
"DE",1908,184,2175     
"DE",1908,235,118250.5 
"DE",1908,262,12910.47 
"DE",1908,290,2050.8   
"DE",1908,291,11550    
"DE",1908,292,400      
"DE",1909,122,3443.79  
"DE",1909,132,110565.28
"DE",1909,141,107125   
"DE",1909,142,17100.29 
"DE",1909,146,13542.28 
"DE",1909,180,211315.07
"DE",1909,184,5485     
"DE",1909,193,539      
"DE",1909,220,16718.5  
"DE",1909,235,40000    
"DE",1909,262,10592.16 
"DE",1909,290,3393.12  
"DE",1909,291,11550    
"DE",1909,292,400      
"DE",1909,293,62500    
"DE",1909,501,10000    
"DE",1910,122,4778.2   
"DE",1910,132,134108.46
"DE",1910,141,107000   
"DE",1910,142,17488.99 
"DE",1910,143,37467.77 
"DE",1910,146,14157.51 
"DE",1910,180,146458.29
"DE",1910,184,9394     
"DE",1910,193,902      
"DE",1910,220,20033.5  
"DE",1910,235,45000    
"DE",1910,262,13489.85 
"DE",1910,290,112.7    
"DE",1910,291,11550    
"DE",1910,292,400      
"DE",1911,122,11023.23 
"DE",1911,132,125224.45
"DE",1911,141,112000   
"DE",1911,142,17966.83 
"DE",1911,143,44093.22 
"DE",1911,146,14911.91 
"DE",1911,180,187005.67
"DE",1911,184,13284    
"DE",1911,185,6342     
"DE",1911,193,526      
"DE",1911,220,21670    
"DE",1911,222,8.5      
"DE",1911,235,50000    
"DE",1911,261,125.5    
"DE",1911,262,12705.7  
"DE",1911,266,125.2    
"DE",1911,290,350.58   
"DE",1911,291,11550    
"DE",1911,292,400      
"DE",1912,122,8381.66  
"DE",1912,132,168244.26
"DE",1912,141,112000   
"DE",1912,142,18281    
"DE",1912,143,38558.9  
"DE",1912,146,16024.74 
"DE",1912,180,166862.5 
"DE",1912,184,17998    
"DE",1912,185,10248    
"DE",1912,193,761      
"DE",1912,220,22771.5  
"DE",1912,235,50000    
"DE",1912,262,13508.59 
"DE",1912,266,632      
"DE",1912,290,258.88   
"DE",1912,291,11950    
"DE",1913,122,11002.57 
"DE",1913,132,179428.02
"DE",1913,141,112000   
"DE",1913,142,17935.99 
"DE",1913,143,42005.86 
"DE",1913,146,16398.35 
"DE",1913,180,168497.44
"DE",1913,184,24735    
"DE",1913,185,2496     
"DE",1913,193,423      
"DE",1913,220,25983.75 
"DE",1913,222,16       
"DE",1913,235,50000    
"DE",1913,262,13178.26 
"DE",1913,266,585.15   
"DE",1913,290,317.61   
"DE",1913,291,11550    
"DE",1913,292,400      
"DE",1914,122,13463.96 
"DE",1914,132,165610.52
"DE",1914,141,112000   
"DE",1914,142,18825.47 
"DE",1914,143,44104.48 
"DE",1914,146,17003.28 
"DE",1914,180,167286.41
"DE",1914,184,35672    
"DE",1914,193,857      
"DE",1914,220,26646.5  
"DE",1914,222,16       
"DE",1914,235,55000    
"DE",1914,262,15933.29 
"DE",1914,266,204.85   
"DE",1914,290,699.88   
"DE",1914,291,11550    
"DE",1914,292,400      
"DE",1915,122,11095.96 
"DE",1915,132,214052.63
"DE",1915,141,112000   
"DE",1915,142,17882.91 
"DE",1915,143,46006.5  
"DE",1915,146,17866.11 
"DE",1915,180,166355.64
"DE",1915,184,55476    
"DE",1915,193,884.48   
"DE",1915,220,30470.5  
"DE",1915,222,4.5      
"DE",1915,223,24       
"DE",1915,235,55000    
"DE",1915,262,17633.47 
"DE",1915,265,1373     
"DE",1915,266,703.55   
"DE",1915,290,2558.58  
"DE",1915,291,12273.12 
"DE",1915,292,400      
"DE",1915,298,48260.59 
"DE",1916,122,8876     
"DE",1916,132,315780.99
"DE",1916,141,112000   
"DE",1916,142,18594.47 
"DE",1916,143,44053.1  
"DE",1916,146,19372.32 
"DE",1916,180,174091.4 
"DE",1916,184,85209    
"DE",1916,193,1002     
"DE",1916,222,1        
"DE",1916,223,40400.5  
"DE",1916,235,50000    
"DE",1916,262,18507.38 
"DE",1916,265,1913.5   
"DE",1916,266,1373     
"DE",1916,290,941.97   
"DE",1916,291,11950    
