"OH",1810,1,34494       
"OH",1811,1,48190       
"OH",1812,1,51516       
"OH",1813,1,53242       
"OH",1814,1,90155       
"OH",1815,1,265573.26   
"OH",1816,1,311453      
"OH",1817,1,196416      
"OH",1818,1,130190      
"OH",1819,1,199439      
"OH",1820,1,133959.55   
"OH",1821,1,127847.61   
"OH",1822,1,89236.37    
"OH",1823,1,125451.49   
"OH",1824,1,125875.96   
"OH",1825,1,592666.22   
"OH",1826,1,836123.27   
"OH",1827,1,1186467.01  
"OH",1828,1,1426457.7   
"OH",1829,1,1604301.49  
"OH",1830,1,1654435.91  
"OH",1831,1,829227.16   
"OH",1832,1,1103177.55  
"OH",1833,1,1376300.67  
"OH",1834,1,1551359.23  
"OH",1835,1,1255150.04  
"OH",1836,1,1330673.38  
"OH",1837,1,1714137.39  
"OH",1838,1,3795956.05  
"OH",1839,1,4326002.48  
"OH",1840,1,4052754.15  
"OH",1841,1,3443245.5   
"OH",1842,1,3057106.04  
"OH",1843,1,4320142.7   
"OH",1844,1,2404514.56  
"OH",1845,1,1593556     
"OH",1846,1,2081383     
"OH",1847,1,2644786.71  
"OH",1848,1,2473703.02  
"OH",1849,1,3499476.41  
"OH",1850,1,2536558.23  
"OH",1851,1,3042221.18  
"OH",1852,1,3016414     
"OH",1853,1,2865909     
"OH",1854,1,3715104     
"OH",1855,1,3631173     
"OH",1856,1,3588352.65  
"OH",1857,1,3189155     
"OH",1858,1,3758721     
"OH",1859,1,3520153.04  
"OH",1900,1,8031818     
"OH",1901,1,8036426     
"OH",1902,1,9855946     
"OH",1903,1,7715634     
"OH",1904,1,8427885     
"OH",1905,1,9298174     
"OH",1906,1,10086376    
"OH",1907,1,10891437    
"OH",1908,1,11636880    
"OH",1909,1,11282811    
"OH",1910,1,11567121    
"OH",1911,1,13037290    
"OH",1912,1,14572675    
                        
"OH",1810,11,34494      
"OH",1811,11,48190      
"OH",1812,11,51516      
"OH",1813,11,53242      
"OH",1814,11,62655      
"OH",1814,29,27500      
"OH",1815,11,265573.26  
"OH",1816,11,201776     
"OH",1816,29,109677     
"OH",1817,11,196416     
"OH",1818,11,128285     
"OH",1818,22,59         
"OH",1818,29,1846       
"OH",1819,11,195599     
"OH",1819,14,1274       
"OH",1819,29,2566       
"OH",1820,12,78786.38   
"OH",1820,14,933        
"OH",1820,23,40155.28   
"OH",1820,27,75         
"OH",1820,29,14009.89   
"OH",1821,12,79110      
"OH",1821,14,692        
"OH",1821,23,2802.85    
"OH",1821,27,110        
"OH",1821,29,11879.07   
"OH",1821,33,28253.69   
"OH",1821,61,5000       
"OH",1822,12,74307      
"OH",1822,18,55         
"OH",1822,23,3257.54    
"OH",1822,26,5          
"OH",1822,27,194        
"OH",1822,29,9571.83    
"OH",1822,61,1846       
"OH",1823,12,118768     
"OH",1823,26,11.25      
"OH",1823,27,120        
"OH",1823,29,2700.24    
"OH",1823,61,3852       
"OH",1824,12,120399     
"OH",1824,18,219        
"OH",1824,22,21         
"OH",1824,26,14         
"OH",1824,27,133        
"OH",1824,29,5089.96    
"OH",1825,12,96385      
"OH",1825,14,8661       
"OH",1825,18,171        
"OH",1825,23,9197.27    
"OH",1825,26,13         
"OH",1825,27,153        
"OH",1825,29,412576.95  
"OH",1825,61,25509      
"OH",1825,63,40000      
"OH",1826,12,113625     
"OH",1826,14,2141       
"OH",1826,18,154        
"OH",1826,23,27623.56   
"OH",1826,26,25         
"OH",1826,27,40         
"OH",1826,29,653892.64  
"OH",1826,61,5094       
"OH",1826,63,33528.07   
"OH",1827,12,120053     
"OH",1827,14,1870       
"OH",1827,18,1200       
"OH",1827,19,833        
"OH",1827,23,7390.91    
"OH",1827,25,827.1      
"OH",1827,26,15         
"OH",1827,27,64         
"OH",1827,29,930515.41  
"OH",1827,61,95846.86   
"OH",1827,63,27851.73   
"OH",1828,12,183831     
"OH",1828,14,2608       
"OH",1828,18,1500       
"OH",1828,23,6673.91    
"OH",1828,25,1491.98    
"OH",1828,26,10         
"OH",1828,29,999604.37  
"OH",1828,61,55031.46   
"OH",1828,62,49236.81   
"OH",1828,63,126470.17  
"OH",1829,10,1460       
"OH",1829,11,8393       
"OH",1829,12,178282     
"OH",1829,14,2650       
"OH",1829,18,1806       
"OH",1829,23,3577.93    
"OH",1829,25,35581.44   
"OH",1829,26,22         
"OH",1829,29,1207470.6  
"OH",1829,61,10000      
"OH",1829,62,58333.34   
"OH",1829,63,96725.18   
"OH",1830,10,369        
"OH",1830,11,8787       
"OH",1830,12,180081     
"OH",1830,14,5028       
"OH",1830,18,2700       
"OH",1830,19,2848       
"OH",1830,22,81         
"OH",1830,23,12371.21   
"OH",1830,25,73566.47   
"OH",1830,29,932851.1   
"OH",1830,60,150        
"OH",1830,61,435603.13  
"OH",1831,10,701        
"OH",1831,12,216134     
"OH",1831,14,4686       
"OH",1831,18,2996       
"OH",1831,19,9697       
"OH",1831,22,600        
"OH",1831,23,2670.27    
"OH",1831,25,98282.51   
"OH",1831,29,144612.03  
"OH",1831,61,348848.35  
"OH",1832,10,636        
"OH",1832,11,13534      
"OH",1832,12,234820     
"OH",1832,14,10619.6    
"OH",1832,18,3523       
"OH",1832,19,1068       
"OH",1832,22,1308       
"OH",1832,23,5118.94    
"OH",1832,25,113352.52  
"OH",1832,29,285053.99  
"OH",1832,61,434143.5   
"OH",1833,11,3588       
"OH",1833,12,256934     
"OH",1833,14,17400.55   
"OH",1833,18,2934       
"OH",1833,22,380        
"OH",1833,23,23141.58   
"OH",1833,25,182617.79  
"OH",1833,29,330425.71  
"OH",1833,61,558879.04  
"OH",1834,11,12547      
"OH",1834,12,216995     
"OH",1834,14,16089      
"OH",1834,18,2185       
"OH",1834,23,20012.79   
"OH",1834,25,204138.19  
"OH",1834,29,442943.69  
"OH",1834,61,616448.56  
"OH",1834,63,20000      
"OH",1835,10,350        
"OH",1835,11,11224      
"OH",1835,12,188323.65  
"OH",1835,14,26061      
"OH",1835,18,2522       
"OH",1835,19,390        
"OH",1835,22,25         
"OH",1835,23,17243.89   
"OH",1835,25,500408.27  
"OH",1835,29,508602.23  
"OH",1836,11,15428.02   
"OH",1836,12,136614.88  
"OH",1836,14,74892.43   
"OH",1836,18,2658.62    
"OH",1836,19,307.24     
"OH",1836,23,59787.2    
"OH",1836,25,263647.74  
"OH",1836,29,383413.25  
"OH",1836,63,393924     
"OH",1837,11,13134.15   
"OH",1837,12,210345.91  
"OH",1837,14,65265.62   
"OH",1837,18,2996.67    
"OH",1837,19,427.3      
"OH",1837,23,852.21     
"OH",1837,25,376557.75  
"OH",1837,29,1044557.78 
"OH",1838,11,16239      
"OH",1838,12,313634     
"OH",1838,14,46818      
"OH",1838,18,3300       
"OH",1838,19,1924       
"OH",1838,23,33075.38   
"OH",1838,25,489111.51  
"OH",1838,29,2261080.73 
"OH",1838,63,630773.43  
"OH",1839,11,16022      
"OH",1839,12,396559     
"OH",1839,14,85471      
"OH",1839,18,4571       
"OH",1839,19,6041       
"OH",1839,22,271        
"OH",1839,23,102590.74  
"OH",1839,25,541429.61  
"OH",1839,29,2480434.97 
"OH",1839,63,692612.16  
"OH",1840,11,2184       
"OH",1840,12,509504.47  
"OH",1840,14,106469.9   
"OH",1840,18,6485       
"OH",1840,19,5769       
"OH",1840,22,253        
"OH",1840,23,125115.59  
"OH",1840,25,573694.45  
"OH",1840,29,2670891.63 
"OH",1840,62,245.11     
"OH",1840,63,52142      
"OH",1841,11,2669       
"OH",1841,12,258430.38  
"OH",1841,14,37574.38   
"OH",1841,18,5938       
"OH",1841,19,11769      
"OH",1841,22,551        
"OH",1841,23,249230.04  
"OH",1841,25,507067.08  
"OH",1841,27,2749       
"OH",1841,29,1827496.21 
"OH",1841,63,539771.41  
"OH",1842,11,7477       
"OH",1842,12,554944.37  
"OH",1842,14,18109.28   
"OH",1842,18,7481       
"OH",1842,19,8910       
"OH",1842,23,97932.79   
"OH",1842,25,477593.09  
"OH",1842,29,1861254.32 
"OH",1842,63,23404.19   
"OH",1843,11,17149      
"OH",1843,12,606911.41  
"OH",1843,14,30245.9    
"OH",1843,18,9147       
"OH",1843,19,10112      
"OH",1843,22,48         
"OH",1843,23,101240.64  
"OH",1843,25,705984.19  
"OH",1843,26,248652.76  
"OH",1843,29,2590085.24 
"OH",1843,63,566.56     
"OH",1844,11,20557      
"OH",1844,12,881023.55  
"OH",1844,14,18693.07   
"OH",1844,18,10085      
"OH",1844,19,20679      
"OH",1844,22,66         
"OH",1844,23,101156.69  
"OH",1844,25,546225.5   
"OH",1844,29,769515.71  
"OH",1844,63,36513.04   
"OH",1845,11,32664      
"OH",1845,12,916637     
"OH",1845,14,18306      
"OH",1845,18,10000      
"OH",1845,22,459        
"OH",1845,23,98323      
"OH",1845,25,473211     
"OH",1845,29,43956      
"OH",1846,12,998610     
"OH",1846,14,28844      
"OH",1846,18,10821      
"OH",1846,23,189932     
"OH",1846,25,624425     
"OH",1846,29,228751     
"OH",1847,11,32170      
"OH",1847,12,1140636    
"OH",1847,14,57609.52   
"OH",1847,18,11027      
"OH",1847,22,1483       
"OH",1847,23,306219.02  
"OH",1847,24,439.28     
"OH",1847,25,840749.23  
"OH",1847,29,254453.66  
"OH",1848,10,13577.76   
"OH",1848,11,25594.51   
"OH",1848,12,1088075.46 
"OH",1848,14,59950.68   
"OH",1848,18,13828.28   
"OH",1848,23,294370     
"OH",1848,24,356        
"OH",1848,25,826655     
"OH",1848,29,151295.33  
"OH",1849,10,1706       
"OH",1849,12,1236943    
"OH",1849,14,73234.23   
"OH",1849,18,13339      
"OH",1849,23,81378.16   
"OH",1849,25,777426.88  
"OH",1849,26,152.3      
"OH",1849,29,139465.98  
"OH",1849,63,1175830.86 
"OH",1850,11,37380.47   
"OH",1850,12,1241561.69 
"OH",1850,14,73435.05   
"OH",1850,18,15294.55   
"OH",1850,23,235956     
"OH",1850,25,777190     
"OH",1850,29,155740.47  
"OH",1851,11,59335.38   
"OH",1851,12,1338725.88 
"OH",1851,14,77706.74   
"OH",1851,18,14414.8    
"OH",1851,23,337323.87  
"OH",1851,24,232        
"OH",1851,25,861045     
"OH",1851,29,246437.51  
"OH",1851,63,107000     
"OH",1852,11,59631      
"OH",1852,12,1608964    
"OH",1852,14,7086       
"OH",1852,23,322587     
"OH",1852,25,713841     
"OH",1852,29,304305     
"OH",1853,12,1676825    
"OH",1853,18,2693       
"OH",1853,22,5572       
"OH",1853,23,134187     
"OH",1853,24,232        
"OH",1853,25,650983     
"OH",1853,29,395417     
"OH",1854,12,2851571    
"OH",1854,14,2612       
"OH",1854,18,8098       
"OH",1854,22,7359       
"OH",1854,23,114519     
"OH",1854,24,232        
"OH",1854,25,495096     
"OH",1854,29,235617     
"OH",1855,12,2871255    
"OH",1855,14,1457       
"OH",1855,18,5750       
"OH",1855,22,4224       
"OH",1855,23,55516      
"OH",1855,25,452979     
"OH",1855,29,239992     
"OH",1856,12,2672018.65 
"OH",1856,14,227011     
"OH",1856,18,4760       
"OH",1856,22,1001       
"OH",1856,25,395768     
"OH",1856,29,287794     
"OH",1857,12,2559562    
"OH",1857,14,1978       
"OH",1857,18,6174       
"OH",1857,22,1620       
"OH",1857,23,36254      
"OH",1857,25,329669     
"OH",1857,29,253898     
"OH",1858,12,2509807    
"OH",1858,14,2768       
"OH",1858,18,6739       
"OH",1858,23,20633      
"OH",1858,25,291407     
"OH",1858,29,927367     
"OH",1859,12,2961328    
"OH",1859,14,24281      
"OH",1859,18,22599      
"OH",1859,22,2913       
"OH",1859,23,25144.04   
"OH",1859,25,232062     
"OH",1859,29,251826     
"OH",1900,11,4866447    
"OH",1900,12,22943      
"OH",1900,14,1147145    
"OH",1900,16,581137     
"OH",1900,18,302432     
"OH",1900,22,4282       
"OH",1900,23,569876     
"OH",1900,29,537556     
"OH",1901,11,4952614    
"OH",1901,12,13525      
"OH",1901,14,1159184    
"OH",1901,16,606337     
"OH",1901,18,454165     
"OH",1901,22,1305       
"OH",1901,23,123149     
"OH",1901,26,83579      
"OH",1901,29,642568     
"OH",1902,11,5323301    
"OH",1902,12,13055      
"OH",1902,14,1177225    
"OH",1902,16,594595     
"OH",1902,18,1393842    
"OH",1902,22,2108       
"OH",1902,23,601279     
"OH",1902,26,90583      
"OH",1902,27,7250       
"OH",1902,29,644339     
"OH",1902,36,8369       
"OH",1903,11,2365059    
"OH",1903,12,39276      
"OH",1903,14,1259439    
"OH",1903,16,1363705    
"OH",1903,18,1750335    
"OH",1903,22,1012       
"OH",1903,23,122142     
"OH",1903,26,104440     
"OH",1903,27,35078      
"OH",1903,29,675148     
"OH",1904,11,2378011    
"OH",1904,12,24544      
"OH",1904,14,1306730    
"OH",1904,16,1714462    
"OH",1904,18,1945834    
"OH",1904,22,1056       
"OH",1904,23,119862     
"OH",1904,26,90138      
"OH",1904,27,107355     
"OH",1904,29,739893     
"OH",1905,11,2415673    
"OH",1905,12,406744     
"OH",1905,14,1331831    
"OH",1905,16,1831212    
"OH",1905,18,2109947    
"OH",1905,22,516        
"OH",1905,23,85583      
"OH",1905,26,125473     
"OH",1905,27,104036     
"OH",1905,29,887159     
"OH",1906,11,2488123    
"OH",1906,12,124457     
"OH",1906,14,2090266    
"OH",1906,16,1793176    
"OH",1906,18,2361291    
"OH",1906,22,615        
"OH",1906,23,158537     
"OH",1906,26,92499      
"OH",1906,27,115188     
"OH",1906,29,862224     
"OH",1907,11,2541771    
"OH",1907,12,20571      
"OH",1907,14,2794276    
"OH",1907,16,1938490    
"OH",1907,17,57085      
"OH",1907,18,2256076    
"OH",1907,22,4929       
"OH",1907,23,130678     
"OH",1907,26,114520     
"OH",1907,27,62291      
"OH",1907,29,970750     
"OH",1908,11,2504987    
"OH",1908,12,24554      
"OH",1908,14,2680493    
"OH",1908,16,2314424    
"OH",1908,18,2676219    
"OH",1908,22,3725       
"OH",1908,23,128055     
"OH",1908,26,95315      
"OH",1908,27,152038     
"OH",1908,29,1057070    
"OH",1909,11,2623189    
"OH",1909,12,45139      
"OH",1909,14,2159714    
"OH",1909,16,86         
"OH",1909,18,4906788    
"OH",1909,22,3589       
"OH",1909,23,132730     
"OH",1909,26,138238     
"OH",1909,27,188332     
"OH",1909,29,1085006    
"OH",1910,11,2596587    
"OH",1910,12,16757      
"OH",1910,14,2255267    
"OH",1910,16,95         
"OH",1910,18,5321200    
"OH",1910,22,3959       
"OH",1910,23,133250     
"OH",1910,26,148807     
"OH",1910,27,197910     
"OH",1910,29,893289     
"OH",1911,11,2719233    
"OH",1911,12,30743      
"OH",1911,14,2232704    
"OH",1911,16,2638288    
"OH",1911,18,3589146    
"OH",1911,22,4071       
"OH",1911,23,134975     
"OH",1911,26,115212     
"OH",1911,27,217241     
"OH",1911,29,1355677    
"OH",1912,11,4796642    
"OH",1912,12,80882      
"OH",1912,14,112281     
"OH",1912,16,2951399    
"OH",1912,18,4271661    
"OH",1912,22,6593       
"OH",1912,23,138715     
"OH",1912,26,124647     
"OH",1912,27,405829     
"OH",1912,29,1684026    
                        
"OH",1810,110,34494     
"OH",1811,110,48190     
"OH",1812,110,51516     
"OH",1813,110,53242     
"OH",1814,110,62655     
"OH",1814,293,27500     
"OH",1815,110,265573.26 
"OH",1816,110,201776    
"OH",1816,293,109677    
"OH",1817,110,196416    
"OH",1818,110,128285    
"OH",1818,220,59        
"OH",1818,290,129       
"OH",1818,293,1717      
"OH",1819,110,195599    
"OH",1819,140,1274      
"OH",1819,296,2566      
"OH",1820,121,78786.38  
"OH",1820,142,933       
"OH",1820,235,40155.28  
"OH",1820,274,75        
"OH",1820,291,23        
"OH",1820,296,13986.89  
"OH",1821,121,79110     
"OH",1821,142,692       
"OH",1821,235,2802.85   
"OH",1821,274,110       
"OH",1821,291,363       
"OH",1821,296,9295      
"OH",1821,298,2221.07   
"OH",1821,331,28253.69  
"OH",1821,611,5000      
"OH",1822,121,74307     
"OH",1822,180,55        
"OH",1822,235,3257.54   
"OH",1822,266,5         
"OH",1822,274,194       
"OH",1822,294,1953      
"OH",1822,295,3092.62   
"OH",1822,296,2680      
"OH",1822,298,1846.21   
"OH",1822,611,1846      
"OH",1823,121,118768    
"OH",1823,266,11.25     
"OH",1823,274,120       
"OH",1823,296,1509      
"OH",1823,298,1191.24   
"OH",1823,611,3852      
"OH",1824,121,120399    
"OH",1824,180,219       
"OH",1824,220,21        
"OH",1824,266,14        
"OH",1824,274,133       
"OH",1824,290,576       
"OH",1824,294,4513.96   
"OH",1825,121,96385     
"OH",1825,142,8661      
"OH",1825,180,171       
"OH",1825,235,9197.27   
"OH",1825,266,13        
"OH",1825,274,153       
"OH",1825,290,643.75    
"OH",1825,291,6608.2    
"OH",1825,293,400000    
"OH",1825,298,5325      
"OH",1825,611,25509     
"OH",1825,632,40000     
"OH",1826,121,113625    
"OH",1826,142,2141      
"OH",1826,180,154       
"OH",1826,235,27623.56  
"OH",1826,266,25        
"OH",1826,274,40        
"OH",1826,290,1641.35   
"OH",1826,291,264       
"OH",1826,293,634840.76 
"OH",1826,294,17146.53  
"OH",1826,611,5094      
"OH",1826,632,33528.07  
"OH",1827,121,120053    
"OH",1827,142,1870      
"OH",1827,180,1200      
"OH",1827,193,833       
"OH",1827,235,7390.91   
"OH",1827,253,827.1     
"OH",1827,266,15        
"OH",1827,274,64        
"OH",1827,290,1023      
"OH",1827,291,21167.88  
"OH",1827,293,894715.18 
"OH",1827,294,13609.35  
"OH",1827,611,4834      
"OH",1827,612,91012.86  
"OH",1827,632,27851.73  
"OH",1828,121,183831    
"OH",1828,142,2608      
"OH",1828,180,1500      
"OH",1828,235,6673.91   
"OH",1828,253,1491.98   
"OH",1828,266,10        
"OH",1828,290,100       
"OH",1828,291,20609.96  
"OH",1828,293,168840    
"OH",1828,294,810054.41 
"OH",1828,612,55031.46  
"OH",1828,622,6688.52   
"OH",1828,624,42548.29  
"OH",1828,632,126470.17 
"OH",1829,100,1460      
"OH",1829,110,8393      
"OH",1829,121,178282    
"OH",1829,142,2650      
"OH",1829,180,1806      
"OH",1829,235,3577.93   
"OH",1829,253,35581.44  
"OH",1829,266,22        
"OH",1829,290,500       
"OH",1829,291,26762.66  
"OH",1829,293,1060535.3 
"OH",1829,294,119672.64 
"OH",1829,613,10000     
"OH",1829,626,58333.34  
"OH",1829,632,96725.18  
"OH",1830,100,369       
"OH",1830,110,8787      
"OH",1830,121,180081    
"OH",1830,142,4980      
"OH",1830,143,48        
"OH",1830,180,2700      
"OH",1830,191,2848      
"OH",1830,220,81        
"OH",1830,235,12371.21  
"OH",1830,253,73566.47  
"OH",1830,290,16        
"OH",1830,291,41234.47  
"OH",1830,293,725297.75 
"OH",1830,294,166302.88 
"OH",1830,600,150       
"OH",1830,612,435603.13 
"OH",1831,100,701       
"OH",1831,121,216134    
"OH",1831,142,3914      
"OH",1831,143,772       
"OH",1831,180,2996      
"OH",1831,191,9697      
"OH",1831,220,600       
"OH",1831,235,2670.27   
"OH",1831,251,2777.16   
"OH",1831,253,95505.35  
"OH",1831,290,8         
"OH",1831,291,15860.27  
"OH",1831,294,128743.76 
"OH",1831,612,348848.35 
"OH",1832,100,636       
"OH",1832,110,13534     
"OH",1832,121,234820    
"OH",1832,140,10619.6   
"OH",1832,180,3523      
"OH",1832,191,1068      
"OH",1832,220,1308      
"OH",1832,235,5118.94   
"OH",1832,251,9067.99   
"OH",1832,253,104284.53 
"OH",1832,290,12        
"OH",1832,291,5131.24   
"OH",1832,293,124000    
"OH",1832,294,155910.75 
"OH",1832,612,434143.5  
"OH",1833,110,3588      
"OH",1833,121,256934    
"OH",1833,140,17400.55  
"OH",1833,180,2934      
"OH",1833,220,380       
"OH",1833,235,23141.58  
"OH",1833,251,12259.35  
"OH",1833,253,170358.44 
"OH",1833,290,3341.77   
"OH",1833,291,555.85    
"OH",1833,294,326528.09 
"OH",1833,612,558879.04 
"OH",1834,110,12547     
"OH",1834,121,216995    
"OH",1834,140,16089     
"OH",1834,180,2185      
"OH",1834,235,20012.79  
"OH",1834,251,12693.65  
"OH",1834,253,191444.54 
"OH",1834,290,2766      
"OH",1834,291,1063.7    
"OH",1834,294,439113.99 
"OH",1834,612,616448.56 
"OH",1834,632,20000     
"OH",1835,100,350       
"OH",1835,110,11224     
"OH",1835,121,188323.65 
"OH",1835,142,26061     
"OH",1835,180,2522      
"OH",1835,191,390       
"OH",1835,220,25        
"OH",1835,235,17243.89  
"OH",1835,251,20393.92  
"OH",1835,253,480014.35 
"OH",1835,290,1211      
"OH",1835,291,17        
"OH",1835,294,505272.27 
"OH",1835,298,2101.96   
"OH",1836,110,15428.02  
"OH",1836,121,136614.88 
"OH",1836,142,74892.43  
"OH",1836,180,2658.62   
"OH",1836,191,307.24    
"OH",1836,235,58591.16  
"OH",1836,236,1196.04   
"OH",1836,251,26704.07  
"OH",1836,253,236943.67 
"OH",1836,290,2043.35   
"OH",1836,291,5345.26   
"OH",1836,293,70000     
"OH",1836,294,305428.08 
"OH",1836,298,596.56    
"OH",1836,632,393924    
"OH",1837,110,13134.15  
"OH",1837,121,210345.91 
"OH",1837,142,64931.53  
"OH",1837,143,334.09    
"OH",1837,180,2996.67   
"OH",1837,191,427.3     
"OH",1837,235,588.3     
"OH",1837,236,263.91    
"OH",1837,251,39843.35  
"OH",1837,253,336714.4  
"OH",1837,290,2318.33   
"OH",1837,291,681.54    
"OH",1837,293,700000    
"OH",1837,294,340332.57 
"OH",1837,298,1225.34   
"OH",1838,110,16239     
"OH",1838,121,313634    
"OH",1838,142,46581     
"OH",1838,143,237       
"OH",1838,180,3300      
"OH",1838,191,1924      
"OH",1838,235,6956      
"OH",1838,236,26119.38  
"OH",1838,251,50413.17  
"OH",1838,253,438698.34 
"OH",1838,290,24        
"OH",1838,291,39935.6   
"OH",1838,293,2203490.63
"OH",1838,294,4692.54   
"OH",1838,296,9044      
"OH",1838,298,3893.96   
"OH",1838,632,630773.43 
"OH",1839,110,16022     
"OH",1839,121,396559    
"OH",1839,142,75230     
"OH",1839,143,332       
"OH",1839,144,409       
"OH",1839,145,9500      
"OH",1839,180,4571      
"OH",1839,191,6041      
"OH",1839,220,271       
"OH",1839,236,102590.74 
"OH",1839,251,62496.1   
"OH",1839,253,478933.51 
"OH",1839,290,618       
"OH",1839,291,31922.05  
"OH",1839,293,2420612.58
"OH",1839,294,8282.34   
"OH",1839,296,19000     
"OH",1839,632,692612.16 
"OH",1840,110,2184      
"OH",1840,121,509504.47 
"OH",1840,142,105858.9  
"OH",1840,143,611       
"OH",1840,180,6485      
"OH",1840,191,5769      
"OH",1840,220,228       
"OH",1840,222,25        
"OH",1840,235,14832.79  
"OH",1840,236,110282.8  
"OH",1840,251,51364.67  
"OH",1840,253,522329.78 
"OH",1840,290,601.27    
"OH",1840,291,2201.03   
"OH",1840,292,16555.93  
"OH",1840,293,2637214.38
"OH",1840,294,319.02    
"OH",1840,296,14000     
"OH",1840,621,245.11    
"OH",1840,637,52000     
"OH",1840,638,142       
"OH",1841,110,2669      
"OH",1841,121,258430.38 
"OH",1841,142,36941.38  
"OH",1841,143,469       
"OH",1841,144,164       
"OH",1841,180,5938      
"OH",1841,191,11769     
"OH",1841,220,551       
"OH",1841,235,14976.94  
"OH",1841,236,234253.1  
"OH",1841,253,507067.08 
"OH",1841,273,2749      
"OH",1841,290,1090.85   
"OH",1841,291,7540.63   
"OH",1841,292,31237.94  
"OH",1841,293,1768438.85
"OH",1841,294,5187.94   
"OH",1841,296,14000     
"OH",1841,631,94.87     
"OH",1841,632,539676.54 
"OH",1842,110,7477      
"OH",1842,121,554944.37 
"OH",1842,142,17428.28  
"OH",1842,143,681       
"OH",1842,180,7481      
"OH",1842,191,8910      
"OH",1842,236,97932.79  
"OH",1842,253,477593.09 
"OH",1842,290,7         
"OH",1842,291,13991.64  
"OH",1842,292,25300.62  
"OH",1842,293,1788857.23
"OH",1842,294,30097.83  
"OH",1842,296,3000      
"OH",1842,631,23404.19  
"OH",1843,110,17149     
"OH",1843,121,606911.41 
"OH",1843,140,3580      
"OH",1843,142,26107.9   
"OH",1843,143,558       
"OH",1843,180,9147      
"OH",1843,191,10112     
"OH",1843,220,48        
"OH",1843,236,101240.64 
"OH",1843,251,30167.86  
"OH",1843,253,675816.33 
"OH",1843,263,248652.76 
"OH",1843,290,47065.37  
"OH",1843,291,8661.49   
"OH",1843,292,39472.92  
"OH",1843,293,2348853.82
"OH",1843,294,127031.64 
"OH",1843,296,19000     
"OH",1843,631,566.56    
"OH",1844,110,20557     
"OH",1844,121,881023.55 
"OH",1844,140,4017      
"OH",1844,142,14150.07  
"OH",1844,143,526       
"OH",1844,180,10085     
"OH",1844,191,20679     
"OH",1844,220,40        
"OH",1844,222,26        
"OH",1844,236,101156.69 
"OH",1844,253,546225.5  
"OH",1844,290,4501      
"OH",1844,291,2451.84   
"OH",1844,292,29456.01  
"OH",1844,293,501262.62 
"OH",1844,294,67245.38  
"OH",1844,296,10919     
"OH",1844,298,153679.86 
"OH",1844,631,11513.04  
"OH",1844,632,25000     
"OH",1845,110,32664     
"OH",1845,121,916637    
"OH",1845,140,1012      
"OH",1845,142,14438     
"OH",1845,143,1559      
"OH",1845,145,1297      
"OH",1845,180,10000     
"OH",1845,220,459       
"OH",1845,236,98323     
"OH",1845,251,6613      
"OH",1845,253,466598    
"OH",1845,290,2082      
"OH",1845,292,27165     
"OH",1845,294,14709     
"OH",1846,121,998610    
"OH",1846,142,28844     
"OH",1846,180,10821     
"OH",1846,236,189932    
"OH",1846,251,28946     
"OH",1846,253,595479    
"OH",1846,290,11123     
"OH",1846,292,35291     
"OH",1846,293,125643    
"OH",1846,294,56694     
"OH",1847,110,32170     
"OH",1847,121,1140636   
"OH",1847,140,11863     
"OH",1847,142,40559.2   
"OH",1847,143,2057.32   
"OH",1847,146,3130      
"OH",1847,180,11027     
"OH",1847,223,1483      
"OH",1847,235,52599.28  
"OH",1847,236,253619.74 
"OH",1847,240,439.28    
"OH",1847,251,49955.48  
"OH",1847,253,790793.75 
"OH",1847,290,24890.95  
"OH",1847,292,36848.1   
"OH",1847,293,97175.79  
"OH",1847,294,95538.82  
"OH",1848,100,13577.76  
"OH",1848,110,25594.51  
"OH",1848,121,1088075.46
"OH",1848,140,9032.39   
"OH",1848,142,44324.44  
"OH",1848,143,3151.5    
"OH",1848,146,3442.35   
"OH",1848,180,13828.28  
"OH",1848,236,294370    
"OH",1848,240,356       
"OH",1848,251,57569     
"OH",1848,253,769086    
"OH",1848,290,409.33    
"OH",1848,292,31362     
"OH",1848,293,1789      
"OH",1848,294,117735    
"OH",1849,100,1706      
"OH",1849,121,1236943   
"OH",1849,140,12202     
"OH",1849,142,53862.58  
"OH",1849,143,3760.65   
"OH",1849,146,3409      
"OH",1849,180,13339     
"OH",1849,235,13246.57  
"OH",1849,236,68131.59  
"OH",1849,251,57151.46  
"OH",1849,253,720275.42 
"OH",1849,263,152.3     
"OH",1849,290,6344.51   
"OH",1849,291,513.84    
"OH",1849,292,38049.1   
"OH",1849,293,3668.78   
"OH",1849,294,90889.75  
"OH",1849,631,51792.37  
"OH",1849,632,940612.33 
"OH",1849,633,183426.16 
"OH",1850,110,37380.47  
"OH",1850,121,1241561.69
"OH",1850,140,13978.12  
"OH",1850,142,56136.86  
"OH",1850,143,3320.07   
"OH",1850,180,15294.55  
"OH",1850,236,235956    
"OH",1850,251,49104     
"OH",1850,253,728086    
"OH",1850,290,14840.47  
"OH",1850,292,29838     
"OH",1850,294,111062    
"OH",1851,110,59335.38  
"OH",1851,121,1338725.88
"OH",1851,140,14270.86  
"OH",1851,142,59083.61  
"OH",1851,143,4352.27   
"OH",1851,180,14414.8   
"OH",1851,236,337323.87 
"OH",1851,240,232       
"OH",1851,251,51115     
"OH",1851,253,809930    
"OH",1851,290,655.51    
"OH",1851,292,77689     
"OH",1851,293,20854     
"OH",1851,294,141594    
"OH",1851,298,5645      
"OH",1851,631,107000    
"OH",1852,110,59631     
"OH",1852,121,1608964   
"OH",1852,143,7086      
"OH",1852,236,322587    
"OH",1852,251,56882     
"OH",1852,253,656959    
"OH",1852,290,9122      
"OH",1852,291,129514    
"OH",1852,292,45031     
"OH",1852,294,120638    
"OH",1853,121,1676825   
"OH",1853,180,2693      
"OH",1853,223,5572      
"OH",1853,236,134187    
"OH",1853,240,232       
"OH",1853,251,45817     
"OH",1853,253,605166    
"OH",1853,290,3224      
"OH",1853,291,145810    
"OH",1853,292,73836     
"OH",1853,294,169795    
"OH",1853,298,2752      
"OH",1854,121,2851571   
"OH",1854,140,2612      
"OH",1854,180,8098      
"OH",1854,223,7359      
"OH",1854,235,8268      
"OH",1854,236,106251    
"OH",1854,240,232       
"OH",1854,251,20832     
"OH",1854,253,474264    
"OH",1854,290,5030      
"OH",1854,292,39813     
"OH",1854,293,514       
"OH",1854,294,156738    
"OH",1854,296,33522     
"OH",1855,121,2871255   
"OH",1855,140,1357      
"OH",1855,141,100       
"OH",1855,180,5750      
"OH",1855,223,4224      
"OH",1855,235,2609      
"OH",1855,236,52907     
"OH",1855,251,8151      
"OH",1855,253,444828    
"OH",1855,290,4114      
"OH",1855,292,33400     
"OH",1855,293,514       
"OH",1855,294,134565    
"OH",1855,296,64250     
"OH",1855,298,3149      
"OH",1856,121,2672018.65
"OH",1856,140,1606      
"OH",1856,142,225405    
"OH",1856,180,4760      
"OH",1856,223,1001      
"OH",1856,251,7304      
"OH",1856,253,388464    
"OH",1856,290,2492      
"OH",1856,291,52585     
"OH",1856,292,35968     
"OH",1856,294,196486    
"OH",1856,298,263       
"OH",1857,121,2559562   
"OH",1857,140,1978      
"OH",1857,180,6174      
"OH",1857,223,1620      
"OH",1857,236,36254     
"OH",1857,251,14890     
"OH",1857,253,314779    
"OH",1857,290,136       
"OH",1857,292,34236     
"OH",1857,294,109079    
"OH",1857,296,80605     
"OH",1857,299,29842     
"OH",1858,121,2509807   
"OH",1858,140,1975      
"OH",1858,142,793       
"OH",1858,180,6739      
"OH",1858,236,20633     
"OH",1858,251,8378      
"OH",1858,253,283029    
"OH",1858,290,58038     
"OH",1858,292,25839     
"OH",1858,293,704658    
"OH",1858,294,73054     
"OH",1858,296,65778     
"OH",1859,121,2961328   
"OH",1859,140,2597      
"OH",1859,142,21684     
"OH",1859,180,22599     
"OH",1859,223,2913      
"OH",1859,235,10166.04  
"OH",1859,236,14978     
"OH",1859,251,10330     
"OH",1859,253,221732    
"OH",1859,290,37724     
"OH",1859,292,36284     
"OH",1859,294,92639     
"OH",1859,296,85179     
"OH",1900,110,4866447   
"OH",1900,122,22943     
"OH",1900,141,15179     
"OH",1900,146,1131966   
"OH",1900,160,581137    
"OH",1900,180,302432    
"OH",1900,220,1211      
"OH",1900,222,3071      
"OH",1900,235,483214    
"OH",1900,236,86662     
"OH",1900,290,471       
"OH",1900,294,12435     
"OH",1900,296,105171    
"OH",1900,297,167063    
"OH",1900,298,252416    
"OH",1901,110,4952614   
"OH",1901,122,13525     
"OH",1901,140,15000     
"OH",1901,146,1144184   
"OH",1901,160,606337    
"OH",1901,180,454165    
"OH",1901,220,868       
"OH",1901,222,437       
"OH",1901,235,123149    
"OH",1901,263,83579     
"OH",1901,290,574       
"OH",1901,294,14187     
"OH",1901,296,88007     
"OH",1901,297,175470    
"OH",1901,298,364330    
"OH",1902,110,5323301   
"OH",1902,122,13055     
"OH",1902,140,3000      
"OH",1902,141,15000     
"OH",1902,146,1159225   
"OH",1902,160,594595    
"OH",1902,180,1393842   
"OH",1902,220,1220      
"OH",1902,222,888       
"OH",1902,235,601279    
"OH",1902,263,90583     
"OH",1902,270,7250      
"OH",1902,294,9647      
"OH",1902,296,70215     
"OH",1902,297,189757    
"OH",1902,298,374720    
"OH",1902,369,8369      
"OH",1903,110,2365059   
"OH",1903,122,39276     
"OH",1903,141,17500     
"OH",1903,146,1241939   
"OH",1903,160,1363705   
"OH",1903,180,1750335   
"OH",1903,220,1012      
"OH",1903,235,122142    
"OH",1903,263,104440    
"OH",1903,273,35078     
"OH",1903,290,9608      
"OH",1903,294,7505      
"OH",1903,296,47551     
"OH",1903,297,172340    
"OH",1903,298,438144    
"OH",1904,110,2378011   
"OH",1904,122,24544     
"OH",1904,141,17484     
"OH",1904,146,1289246   
"OH",1904,160,1714462   
"OH",1904,180,1945834   
"OH",1904,220,1056      
"OH",1904,235,119862    
"OH",1904,263,90138     
"OH",1904,272,46057     
"OH",1904,273,61298     
"OH",1904,290,15953     
"OH",1904,294,4092      
"OH",1904,296,74024     
"OH",1904,297,190515    
"OH",1904,298,455309    
"OH",1905,110,2415673   
"OH",1905,122,406744    
"OH",1905,141,17516     
"OH",1905,146,1314315   
"OH",1905,160,1831212   
"OH",1905,180,2109947   
"OH",1905,220,516       
"OH",1905,235,85583     
"OH",1905,263,125473    
"OH",1905,270,104036    
"OH",1905,290,116061    
"OH",1905,291,32669     
"OH",1905,294,4074      
"OH",1905,296,56751     
"OH",1905,297,210134    
"OH",1905,298,467470    
"OH",1906,110,2488123   
"OH",1906,122,124457    
"OH",1906,141,17500     
"OH",1906,146,2072766   
"OH",1906,160,1793176   
"OH",1906,180,2361291   
"OH",1906,220,615       
"OH",1906,235,158537    
"OH",1906,263,92499     
"OH",1906,270,67518     
"OH",1906,272,47670     
"OH",1906,290,43058     
"OH",1906,291,53568     
"OH",1906,294,52753     
"OH",1906,297,231310    
"OH",1906,298,481535    
"OH",1907,110,2541771   
"OH",1907,122,20571     
"OH",1907,141,17500     
"OH",1907,146,2776776   
"OH",1907,160,1938490   
"OH",1907,170,57085     
"OH",1907,180,2256076   
"OH",1907,220,4929      
"OH",1907,235,130678    
"OH",1907,263,114520    
"OH",1907,272,62291     
"OH",1907,290,61254     
"OH",1907,291,86240     
"OH",1907,294,834       
"OH",1907,296,40641     
"OH",1907,297,235695    
"OH",1907,298,546086    
"OH",1908,110,2504987   
"OH",1908,122,24554     
"OH",1908,141,17509     
"OH",1908,146,2662984   
"OH",1908,160,2314424   
"OH",1908,180,2676219   
"OH",1908,220,3725      
"OH",1908,235,128055    
"OH",1908,263,95315     
"OH",1908,270,66284     
"OH",1908,272,82152     
"OH",1908,273,3602      
"OH",1908,290,29449     
"OH",1908,291,163345    
"OH",1908,294,5958      
"OH",1908,296,46933     
"OH",1908,297,254024    
"OH",1908,298,557361    
"OH",1909,110,2623189   
"OH",1909,122,45139     
"OH",1909,141,17500     
"OH",1909,145,74076     
"OH",1909,146,2068138   
"OH",1909,160,86        
"OH",1909,180,4906788   
"OH",1909,220,3589      
"OH",1909,235,132730    
"OH",1909,263,138238    
"OH",1909,270,78996     
"OH",1909,272,109336    
"OH",1909,290,73368     
"OH",1909,291,155384    
"OH",1909,294,2075      
"OH",1909,296,55064     
"OH",1909,297,216272    
"OH",1909,298,582843    
"OH",1910,110,2596587   
"OH",1910,122,16757     
"OH",1910,141,17500     
"OH",1910,145,132517    
"OH",1910,146,2105250   
"OH",1910,160,95        
"OH",1910,180,5321200   
"OH",1910,220,3959      
"OH",1910,235,133250    
"OH",1910,263,148807    
"OH",1910,270,72700     
"OH",1910,272,125210    
"OH",1910,290,26817     
"OH",1910,291,19524     
"OH",1910,294,510       
"OH",1910,296,59061     
"OH",1910,297,205809    
"OH",1910,298,581568    
"OH",1911,110,2719233   
"OH",1911,122,30743     
"OH",1911,145,17500     
"OH",1911,146,2215204   
"OH",1911,160,2638288   
"OH",1911,180,3589146   
"OH",1911,220,4071      
"OH",1911,235,134975    
"OH",1911,263,115212    
"OH",1911,270,71105     
"OH",1911,272,129790    
"OH",1911,273,16346     
"OH",1911,290,374190    
"OH",1911,291,156537    
"OH",1911,294,8326      
"OH",1911,296,208159    
"OH",1911,298,608465    
"OH",1912,110,4796642   
"OH",1912,122,80882     
"OH",1912,145,77311     
"OH",1912,146,34970     
"OH",1912,160,2951399   
"OH",1912,180,4271661   
"OH",1912,220,5196      
"OH",1912,222,1397      
"OH",1912,235,138715    
"OH",1912,263,124647    
"OH",1912,270,85205     
"OH",1912,272,141284    
"OH",1912,273,179340    
"OH",1912,290,330710    
"OH",1912,291,196323    
"OH",1912,294,5867      
"OH",1912,296,108157    
"OH",1912,298,1042969   
