"WV",1872,3,391898.5    
"WV",1873,3,353385.42   
"WV",1874,3,416824.19   
"WV",1877,3,591319.07   
"WV",1878,3,571260.43   
"WV",1879,3,724858.6    
"WV",1880,3,590352.62   
"WV",1881,3,682502.54   
"WV",1882,3,796581.61   
"WV",1885,3,1037902.53  
"WV",1886,3,953693.86   
"WV",1887,3,1232145.55  
"WV",1888,3,1183401.58  
"WV",1889,3,1177055.93  
"WV",1890,3,1012869.23  
"WV",1891,3,1261840.06  
"WV",1892,3,1257028.62  
"WV",1893,3,7457842.42  
"WV",1894,3,1337222.34  
"WV",1895,3,1411741.86  
"WV",1896,3,1574025.27  
"WV",1897,3,1762342.48  
"WV",1898,3,1542131.83  
"WV",1899,3,1787747.36  
"WV",1900,3,1785135.63  
"WV",1872,31,32643.9    
"WV",1872,32,93427.87   
"WV",1872,33,1031.96    
"WV",1872,34,115187.67  
"WV",1872,35,75         
"WV",1872,36,99518.87   
"WV",1872,39,50013.23   
"WV",1873,31,3193.75    
"WV",1873,32,67106      
"WV",1873,34,98341.04   
"WV",1873,35,25         
"WV",1873,36,155987.77  
"WV",1873,39,28731.86   
"WV",1874,31,28116.71   
"WV",1874,32,114502     
"WV",1874,33,5422.35    
"WV",1874,34,105797.86  
"WV",1874,35,200        
"WV",1874,36,112688.86  
"WV",1874,39,42501.11   
"WV",1874,41,7595.3     
"WV",1877,31,231651.42  
"WV",1877,32,94381      
"WV",1877,33,58.3       
"WV",1877,34,91025.4    
"WV",1877,35,175        
"WV",1877,36,116176.67  
"WV",1877,39,33251.28   
"WV",1877,41,24600      
"WV",1878,31,225452.29  
"WV",1878,32,89406      
"WV",1878,33,1303.57    
"WV",1878,34,73627.75   
"WV",1878,35,3025       
"WV",1878,36,65453.26   
"WV",1878,39,30064.44   
"WV",1878,41,82928.12   
"WV",1879,31,284470.22  
"WV",1879,32,125679.93  
"WV",1879,33,1094.2     
"WV",1879,34,104030.81  
"WV",1879,35,1925       
"WV",1879,36,170770.12  
"WV",1879,37,186.5      
"WV",1879,39,36701.82   
"WV",1880,31,230721.45  
"WV",1880,32,138352.52  
"WV",1880,33,363.5      
"WV",1880,34,94277.4    
"WV",1880,35,1125       
"WV",1880,36,71680.56   
"WV",1880,39,23040.52   
"WV",1880,41,30791.67   
"WV",1881,31,285866.92  
"WV",1881,32,100989.52  
"WV",1881,33,2127.65    
"WV",1881,34,64128.65   
"WV",1881,35,2083.12    
"WV",1881,36,125744.05  
"WV",1881,37,500        
"WV",1881,39,42018.11   
"WV",1881,40,27827      
"WV",1881,41,31217.52   
"WV",1882,31,237209.8   
"WV",1882,32,108929.45  
"WV",1882,33,250        
"WV",1882,34,69857.9    
"WV",1882,35,2767.55    
"WV",1882,36,187401.09  
"WV",1882,39,130098.47  
"WV",1882,40,7650.69    
"WV",1882,41,52416.66   
"WV",1885,31,246141.6   
"WV",1885,32,118485.96  
"WV",1885,34,46641.7    
"WV",1885,35,1665.06    
"WV",1885,36,433803.73  
"WV",1885,39,58746.64   
"WV",1885,41,132417.84  
"WV",1886,31,275214.18  
"WV",1886,32,144887.42  
"WV",1886,33,1250       
"WV",1886,34,79731.56   
"WV",1886,35,1648       
"WV",1886,36,96027.92   
"WV",1886,39,180309.22  
"WV",1886,40,15301.38   
"WV",1886,41,124424.18  
"WV",1886,99,34900      
"WV",1887,31,468018.11  
"WV",1887,32,145808.64  
"WV",1887,34,157154     
"WV",1887,35,1821.6     
"WV",1887,36,210519.7   
"WV",1887,39,189912.31  
"WV",1887,40,8322.85    
"WV",1887,41,50588.34   
"WV",1888,31,440821.4   
"WV",1888,32,161150     
"WV",1888,34,97813.64   
"WV",1888,35,2124.28    
"WV",1888,36,292252.25  
"WV",1888,39,127669.59  
"WV",1888,40,11191      
"WV",1888,41,50379.42   
"WV",1889,31,400777.52  
"WV",1889,32,155638.57  
"WV",1889,34,121112.08  
"WV",1889,35,1951.03    
"WV",1889,36,155637.92  
"WV",1889,39,255158.12  
"WV",1889,40,10170.69   
"WV",1889,41,76610      
"WV",1890,31,362753.3   
"WV",1890,32,153067.73  
"WV",1890,34,106798.65  
"WV",1890,35,1654.95    
"WV",1890,36,133972.26  
"WV",1890,39,244451.65  
"WV",1890,40,10170.69   
"WV",1891,31,370976.58  
"WV",1891,32,204420.86  
"WV",1891,33,300        
"WV",1891,34,104872.2   
"WV",1891,35,2308.92    
"WV",1891,36,251469.69  
"WV",1891,39,319734.38  
"WV",1891,40,7757.43    
"WV",1892,31,469580.58  
"WV",1892,32,216950     
"WV",1892,33,31287.5    
"WV",1892,34,123008.2   
"WV",1892,35,4334.73    
"WV",1892,36,126651.24  
"WV",1892,39,279158.17  
"WV",1892,40,6058.2     
"WV",1893,30,1.5        
"WV",1893,31,559408.73  
"WV",1893,32,196277.82  
"WV",1893,33,9344.23    
"WV",1893,34,452209.46  
"WV",1893,35,3873.06    
"WV",1893,36,5870411.58 
"WV",1893,39,363316.04  
"WV",1893,99,3000       
"WV",1894,31,419040.5   
"WV",1894,32,223353.85  
"WV",1894,33,3695.51    
"WV",1894,34,150182.66  
"WV",1894,35,3510.45    
"WV",1894,36,143687.49  
"WV",1894,39,393751.88  
"WV",1895,31,465887.79  
"WV",1895,32,217077.82  
"WV",1895,34,144533.02  
"WV",1895,35,4304.66    
"WV",1895,36,182121.08  
"WV",1895,39,379066.98  
"WV",1895,40,2383.3     
"WV",1895,41,16367.21   
"WV",1896,31,564188.65  
"WV",1896,32,250298.77  
"WV",1896,34,147281.82  
"WV",1896,35,3094.4     
"WV",1896,36,125604.34  
"WV",1896,39,365657.29  
"WV",1896,41,117900     
"WV",1897,31,545597.93  
"WV",1897,32,200030.05  
"WV",1897,34,282058.5   
"WV",1897,35,9544.1     
"WV",1897,36,237058.26  
"WV",1897,39,351903.05  
"WV",1897,41,119000     
"WV",1897,99,17150.59   
"WV",1898,31,544134.47  
"WV",1898,32,202200     
"WV",1898,34,186598.59  
"WV",1898,35,10535.72   
"WV",1898,36,156651.4   
"WV",1898,39,371684.5   
"WV",1898,40,390        
"WV",1898,41,52000      
"WV",1898,99,17937.15   
"WV",1899,31,641770.1   
"WV",1899,32,265225.2   
"WV",1899,33,4650       
"WV",1899,34,222689.57  
"WV",1899,35,11120.71   
"WV",1899,36,220068.96  
"WV",1899,39,422222.82  
"WV",1900,31,592367.9   
"WV",1900,32,344901.59  
"WV",1900,34,201092.14  
"WV",1900,35,40053.08   
"WV",1900,36,147121.76  
"WV",1900,39,427496.28  
"WV",1900,99,32102.88   
"WV",1872,310,967.35    
"WV",1872,311,940       
"WV",1872,313,18990.05  
"WV",1872,316,1746.5    
"WV",1872,317,10000     
"WV",1872,322,28000     
"WV",1872,323,65427.87  
"WV",1872,331,300       
"WV",1872,337,731.96    
"WV",1872,343,111830.01 
"WV",1872,344,50        
"WV",1872,345,3307.66   
"WV",1872,356,75        
"WV",1872,360,7381.82   
"WV",1872,361,20169.71  
"WV",1872,362,2489.45   
"WV",1872,363,33978.73  
"WV",1872,364,395.97    
"WV",1872,365,8077.08   
"WV",1872,366,42.75     
"WV",1872,367,2266.27   
"WV",1872,368,1103.8    
"WV",1872,369,23613.29  
"WV",1872,391,10625.76  
"WV",1872,395,685.51    
"WV",1872,398,34974.58  
"WV",1872,399,3727.38   
"WV",1873,313,2500      
"WV",1873,316,693.75    
"WV",1873,322,17000     
"WV",1873,323,50106     
"WV",1873,343,98006.29  
"WV",1873,345,334.75    
"WV",1873,356,25        
"WV",1873,360,7920.43   
"WV",1873,361,75016.5   
"WV",1873,362,1310.55   
"WV",1873,363,32505.71  
"WV",1873,365,6847.5    
"WV",1873,369,32387.08  
"WV",1873,391,28160.49  
"WV",1873,398,44.08     
"WV",1873,399,527.29    
"WV",1874,310,191.02    
"WV",1874,313,27112.68  
"WV",1874,316,813.01    
"WV",1874,322,28000     
"WV",1874,323,86502     
"WV",1874,331,2000      
"WV",1874,337,3422.35   
"WV",1874,343,103520.35 
"WV",1874,345,2277.51   
"WV",1874,356,200       
"WV",1874,360,8840.75   
"WV",1874,361,32244.36  
"WV",1874,362,2000      
"WV",1874,363,33695.8   
"WV",1874,365,5858.5    
"WV",1874,366,1475.8    
"WV",1874,367,823.75    
"WV",1874,369,27749.9   
"WV",1874,391,41773.22  
"WV",1874,398,76.14     
"WV",1874,399,651.75    
"WV",1874,413,7595.3    
"WV",1877,310,219.8     
"WV",1877,311,209849.8  
"WV",1877,313,20689.88  
"WV",1877,316,891.94    
"WV",1877,322,28300     
"WV",1877,323,66081     
"WV",1877,337,58.3      
"WV",1877,343,90825.4   
"WV",1877,344,200       
"WV",1877,356,175       
"WV",1877,360,8508.39   
"WV",1877,361,32456.59  
"WV",1877,362,2442.12   
"WV",1877,363,34682.1   
"WV",1877,364,328.4     
"WV",1877,365,7154      
"WV",1877,366,47.56     
"WV",1877,367,4100      
"WV",1877,369,26457.51  
"WV",1877,391,16958.93  
"WV",1877,395,15541.48  
"WV",1877,399,750.87    
"WV",1877,412,24600     
"WV",1878,310,837.75    
"WV",1878,311,199336.14 
"WV",1878,313,23029     
"WV",1878,316,2249.4    
"WV",1878,322,28900     
"WV",1878,323,60506     
"WV",1878,336,1001.67   
"WV",1878,337,301.9     
"WV",1878,343,73500.35  
"WV",1878,344,127.4     
"WV",1878,351,3000      
"WV",1878,356,25        
"WV",1878,360,8175      
"WV",1878,362,2544.86   
"WV",1878,363,31793.37  
"WV",1878,365,7368.05   
"WV",1878,366,1464.07   
"WV",1878,367,600       
"WV",1878,368,537.75    
"WV",1878,369,12970.16  
"WV",1878,391,30064.44  
"WV",1878,412,82928.12  
"WV",1879,310,767.59    
"WV",1879,311,256243.61 
"WV",1879,313,25484.5   
"WV",1879,316,1974.52   
"WV",1879,322,25400     
"WV",1879,323,99779.93  
"WV",1879,324,500       
"WV",1879,336,491.25    
"WV",1879,337,602.95    
"WV",1879,343,95145.2   
"WV",1879,344,262.4     
"WV",1879,345,8623.21   
"WV",1879,351,1600      
"WV",1879,356,325       
"WV",1879,360,8900      
"WV",1879,361,37286.04  
"WV",1879,362,2678.81   
"WV",1879,363,38537.25  
"WV",1879,365,7257.31   
"WV",1879,366,1165.9    
"WV",1879,367,52302.65  
"WV",1879,369,22642.16  
"WV",1879,372,186.5     
"WV",1879,391,32439.65  
"WV",1879,398,3587.79   
"WV",1879,399,674.38    
"WV",1880,310,589.31    
"WV",1880,311,216474.49 
"WV",1880,313,11650     
"WV",1880,316,2007.65   
"WV",1880,322,25400     
"WV",1880,323,112952.52 
"WV",1880,336,28        
"WV",1880,337,335.5     
"WV",1880,343,94277.4   
"WV",1880,351,1000      
"WV",1880,356,125       
"WV",1880,360,8711.32   
"WV",1880,362,2403.34   
"WV",1880,363,34892.25  
"WV",1880,365,8095.72   
"WV",1880,366,521.23    
"WV",1880,369,17056.7   
"WV",1880,391,23040.52  
"WV",1880,413,30791.67  
"WV",1881,310,10.41     
"WV",1881,311,266006.26 
"WV",1881,313,18408     
"WV",1881,316,1442.25   
"WV",1881,322,29650     
"WV",1881,323,71339.52  
"WV",1881,336,922.2     
"WV",1881,337,1205.45   
"WV",1881,343,62789.42  
"WV",1881,345,1339.23   
"WV",1881,351,1500      
"WV",1881,356,583.12    
"WV",1881,360,8559.83   
"WV",1881,361,31654.14  
"WV",1881,362,2796.66   
"WV",1881,363,40565.27  
"WV",1881,364,289.6     
"WV",1881,365,8476.11   
"WV",1881,366,1081.98   
"WV",1881,369,32320.46  
"WV",1881,372,500       
"WV",1881,391,40691.9   
"WV",1881,393,35        
"WV",1881,399,1291.21   
"WV",1881,401,27827     
"WV",1881,413,31217.52  
"WV",1882,310,823.01    
"WV",1882,311,209407.73 
"WV",1882,313,24075.88  
"WV",1882,316,2903.18   
"WV",1882,322,28650     
"WV",1882,323,80279.45  
"WV",1882,337,250       
"WV",1882,343,68938.64  
"WV",1882,345,919.26    
"WV",1882,351,500       
"WV",1882,356,2267.55   
"WV",1882,360,8142.87   
"WV",1882,361,44712.58  
"WV",1882,362,2916.66   
"WV",1882,363,43300.3   
"WV",1882,365,9074.76   
"WV",1882,366,2635.88   
"WV",1882,367,31207.62  
"WV",1882,369,45410.42  
"WV",1882,391,72016.84  
"WV",1882,395,36325     
"WV",1882,399,21756.63  
"WV",1882,401,7650.69   
"WV",1882,413,52416.66  
"WV",1885,310,871.48    
"WV",1885,311,216756.9  
"WV",1885,313,26972.66  
"WV",1885,316,1540.56   
"WV",1885,322,21200     
"WV",1885,323,97285.96  
"WV",1885,343,44939.91  
"WV",1885,344,1701.79   
"WV",1885,351,500       
"WV",1885,356,1165.06   
"WV",1885,360,8790.46   
"WV",1885,361,28420.12  
"WV",1885,362,3657.76   
"WV",1885,363,276476.9  
"WV",1885,364,272.4     
"WV",1885,365,10397.21  
"WV",1885,366,1159.5    
"WV",1885,367,68911.61  
"WV",1885,369,35717.77  
"WV",1885,391,58214.23  
"WV",1885,398,33.71     
"WV",1885,399,498.7     
"WV",1885,413,132417.84 
"WV",1886,310,657.3     
"WV",1886,311,238920.93 
"WV",1886,313,34080.7   
"WV",1886,316,1555.25   
"WV",1886,322,30700     
"WV",1886,323,114187.42 
"WV",1886,336,1250      
"WV",1886,343,78140.78  
"WV",1886,344,1590.78   
"WV",1886,351,750       
"WV",1886,356,898       
"WV",1886,360,9708.34   
"WV",1886,361,300       
"WV",1886,362,3345.7    
"WV",1886,363,12662.53  
"WV",1886,365,9055.21   
"WV",1886,366,919.18    
"WV",1886,367,30998.06  
"WV",1886,369,29038.9   
"WV",1886,391,179763.78 
"WV",1886,398,545.44    
"WV",1886,401,15301.38  
"WV",1886,413,124424.18 
"WV",1886,999,34900     
"WV",1887,310,1010.8    
"WV",1887,311,416508.51 
"WV",1887,313,49537.36  
"WV",1887,316,961.44    
"WV",1887,322,25800     
"WV",1887,323,120008.64 
"WV",1887,343,154919.91 
"WV",1887,345,2234.09   
"WV",1887,351,750       
"WV",1887,356,1071.6    
"WV",1887,360,9955.84   
"WV",1887,361,45355.13  
"WV",1887,362,4300.16   
"WV",1887,363,44558.7   
"WV",1887,365,11643.37  
"WV",1887,366,8222.84   
"WV",1887,367,42979.8   
"WV",1887,368,1786.26   
"WV",1887,369,41717.6   
"WV",1887,391,188388.36 
"WV",1887,398,157.47    
"WV",1887,399,1366.48   
"WV",1887,401,8322.85   
"WV",1887,413,50588.34  
"WV",1888,310,1077.15   
"WV",1888,311,396328.37 
"WV",1888,313,42324.98  
"WV",1888,316,1090.9    
"WV",1888,322,27300     
"WV",1888,323,133850    
"WV",1888,343,28919.86  
"WV",1888,344,68853.78  
"WV",1888,345,40        
"WV",1888,351,500       
"WV",1888,356,1624.28   
"WV",1888,360,8551.95   
"WV",1888,361,30.9      
"WV",1888,362,3536.69   
"WV",1888,363,46802.69  
"WV",1888,365,208131.76 
"WV",1888,366,295.31    
"WV",1888,367,10879.55  
"WV",1888,368,20        
"WV",1888,369,14003.4   
"WV",1888,391,51078.54  
"WV",1888,395,40000     
"WV",1888,398,460       
"WV",1888,399,36131.05  
"WV",1888,401,11191     
"WV",1888,412,50379.42  
"WV",1889,310,361.75    
"WV",1889,311,347589.57 
"WV",1889,313,50226.32  
"WV",1889,316,2599.88   
"WV",1889,322,25494.73  
"WV",1889,323,130143.84 
"WV",1889,343,115939.1  
"WV",1889,344,3964.38   
"WV",1889,345,1208.6    
"WV",1889,351,500       
"WV",1889,356,1451.03   
"WV",1889,360,8616.74   
"WV",1889,361,29926.74  
"WV",1889,362,8860.13   
"WV",1889,363,41509.46  
"WV",1889,364,300.6     
"WV",1889,365,10935.62  
"WV",1889,366,1381.99   
"WV",1889,367,17766.01  
"WV",1889,368,200       
"WV",1889,369,36140.63  
"WV",1889,391,220947.28 
"WV",1889,395,13568.41  
"WV",1889,398,909.2     
"WV",1889,399,19733.23  
"WV",1889,401,10170.69  
"WV",1889,412,76610     
"WV",1890,310,508.5     
"WV",1890,311,304173.81 
"WV",1890,313,56577     
"WV",1890,316,1493.99   
"WV",1890,322,25700     
"WV",1890,323,127367.73 
"WV",1890,343,101685.81 
"WV",1890,344,5112.84   
"WV",1890,356,1654.95   
"WV",1890,360,9840.09   
"WV",1890,361,27804.15  
"WV",1890,362,7817.81   
"WV",1890,363,22502.25  
"WV",1890,365,10584.28  
"WV",1890,366,3339.12   
"WV",1890,367,8188.17   
"WV",1890,368,2372.5    
"WV",1890,369,41523.89  
"WV",1890,391,242103.35 
"WV",1890,398,1192.6    
"WV",1890,399,1155.7    
"WV",1890,401,10170.69  
"WV",1891,310,1103.82   
"WV",1891,311,309107.09 
"WV",1891,312,3019.45   
"WV",1891,313,55856.2   
"WV",1891,316,1890.02   
"WV",1891,322,30000     
"WV",1891,323,174420.86 
"WV",1891,331,300       
"WV",1891,343,95722.14  
"WV",1891,344,3422.06   
"WV",1891,345,5728      
"WV",1891,351,1137.7    
"WV",1891,356,1171.22   
"WV",1891,360,10929.31  
"WV",1891,361,39305.25  
"WV",1891,362,5549.29   
"WV",1891,363,46645.81  
"WV",1891,365,10922.96  
"WV",1891,366,52933.96  
"WV",1891,367,15226.61  
"WV",1891,368,2740      
"WV",1891,369,67216.5   
"WV",1891,391,281443.19 
"WV",1891,395,14933.33  
"WV",1891,398,1682.67   
"WV",1891,399,21675.19  
"WV",1891,400,679.92    
"WV",1891,401,7077.51   
"WV",1892,310,1295.9    
"WV",1892,311,374126.18 
"WV",1892,312,7368.03   
"WV",1892,313,84148.97  
"WV",1892,316,2641.5    
"WV",1892,322,32850     
"WV",1892,323,184100    
"WV",1892,336,31287.5   
"WV",1892,343,118932    
"WV",1892,344,4076.2    
"WV",1892,351,2691.05   
"WV",1892,356,1643.68   
"WV",1892,360,9977.9    
"WV",1892,362,5703.9    
"WV",1892,363,51359.9   
"WV",1892,365,11391.05  
"WV",1892,366,1637.21   
"WV",1892,367,3659.62   
"WV",1892,368,2842.27   
"WV",1892,369,40079.39  
"WV",1892,391,237685.9  
"WV",1892,395,10000     
"WV",1892,398,1568.41   
"WV",1892,399,29903.86  
"WV",1892,401,6058.2    
"WV",1893,301,1.5       
"WV",1893,310,1065.71   
"WV",1893,311,349423.03 
"WV",1893,312,4108.88   
"WV",1893,313,107551.34 
"WV",1893,316,97259.77  
"WV",1893,322,41355.25  
"WV",1893,323,154922.57 
"WV",1893,331,1756.5    
"WV",1893,336,7587.73   
"WV",1893,343,278253.62 
"WV",1893,344,172289.62 
"WV",1893,345,1666.22   
"WV",1893,351,2338.59   
"WV",1893,356,1534.47   
"WV",1893,360,356478.44 
"WV",1893,361,43626.26  
"WV",1893,362,4232.54   
"WV",1893,363,5078609.61
"WV",1893,364,253.8     
"WV",1893,365,13475.79  
"WV",1893,366,2924.52   
"WV",1893,367,22821.23  
"WV",1893,368,200733    
"WV",1893,369,147256.39 
"WV",1893,391,304012.41 
"WV",1893,395,1000      
"WV",1893,398,308.92    
"WV",1893,399,57994.71  
"WV",1893,999,3000      
"WV",1894,310,1334.69   
"WV",1894,311,334273.94 
"WV",1894,312,4490      
"WV",1894,313,75860.46  
"WV",1894,316,3081.41   
"WV",1894,322,25700     
"WV",1894,323,197653.85 
"WV",1894,336,3695.51   
"WV",1894,343,128050.49 
"WV",1894,344,3708.34   
"WV",1894,345,18423.83  
"WV",1894,351,2259      
"WV",1894,356,1251.45   
"WV",1894,360,9917.85   
"WV",1894,362,4663.47   
"WV",1894,363,60214.97  
"WV",1894,365,12354.06  
"WV",1894,366,517.89    
"WV",1894,367,16781.82  
"WV",1894,368,1622      
"WV",1894,369,37615.43  
"WV",1894,391,343978.82 
"WV",1894,395,44333.33  
"WV",1894,398,2153.9    
"WV",1894,399,3285.83   
"WV",1895,310,600       
"WV",1895,311,372598.86 
"WV",1895,312,36242.38  
"WV",1895,313,53321.9   
"WV",1895,316,3124.65   
"WV",1895,322,1200      
"WV",1895,323,215877.82 
"WV",1895,343,119619.47 
"WV",1895,344,5833.87   
"WV",1895,345,19079.68  
"WV",1895,351,2697.05   
"WV",1895,356,1607.61   
"WV",1895,360,12103.75  
"WV",1895,361,39780.17  
"WV",1895,362,4160.75   
"WV",1895,363,59834.99  
"WV",1895,365,11782.12  
"WV",1895,366,4401.71   
"WV",1895,367,7597.21   
"WV",1895,368,2716.64   
"WV",1895,369,39743.74  
"WV",1895,391,361100.61 
"WV",1895,398,1135.98   
"WV",1895,399,16830.39  
"WV",1895,401,2383.3    
"WV",1895,413,10267.21  
"WV",1895,415,6100      
"WV",1896,310,218.2     
"WV",1896,311,420864.44 
"WV",1896,312,50864.25  
"WV",1896,313,89826.38  
"WV",1896,316,2415.38   
"WV",1896,323,250298.77 
"WV",1896,343,127516.02 
"WV",1896,344,5009.04   
"WV",1896,345,14756.76  
"WV",1896,351,2994.4    
"WV",1896,356,100       
"WV",1896,360,11675     
"WV",1896,362,4242.6    
"WV",1896,363,58092.29  
"WV",1896,365,11288.15  
"WV",1896,366,2207.67   
"WV",1896,367,7512.39   
"WV",1896,368,2699.95   
"WV",1896,369,27886.29  
"WV",1896,391,358888.79 
"WV",1896,392,3932.43   
"WV",1896,398,2586.07   
"WV",1896,399,250       
"WV",1896,415,117900    
"WV",1897,311,374410.05 
"WV",1897,312,71738.98  
"WV",1897,313,96766.33  
"WV",1897,316,2682.57   
"WV",1897,323,200030.05 
"WV",1897,343,241311.69 
"WV",1897,344,6543.99   
"WV",1897,345,34202.82  
"WV",1897,351,7143.2    
"WV",1897,356,2400.9    
"WV",1897,360,10072.22  
"WV",1897,361,42846.15  
"WV",1897,362,5914.42   
"WV",1897,363,57750.04  
"WV",1897,364,348.8     
"WV",1897,365,16914.84  
"WV",1897,366,16702.49  
"WV",1897,367,19840.37  
"WV",1897,368,2680.57   
"WV",1897,369,63988.36  
"WV",1897,391,339433.56 
"WV",1897,398,6601.15   
"WV",1897,399,5868.34   
"WV",1897,413,22000     
"WV",1897,415,97000     
"WV",1897,999,17150.59  
"WV",1898,311,382880.13 
"WV",1898,312,69384.69  
"WV",1898,313,90243.4   
"WV",1898,316,1626.25   
"WV",1898,323,202200    
"WV",1898,343,162560.61 
"WV",1898,344,7856.92   
"WV",1898,345,16181.06  
"WV",1898,351,7437.15   
"WV",1898,356,3098.57   
"WV",1898,360,9916.65   
"WV",1898,361,98        
"WV",1898,362,6304.86   
"WV",1898,363,61034.36  
"WV",1898,365,15406.83  
"WV",1898,366,34843.5   
"WV",1898,367,5223.05   
"WV",1898,368,3119.41   
"WV",1898,369,20704.74  
"WV",1898,391,365624.65 
"WV",1898,398,4513.35   
"WV",1898,399,1546.5    
"WV",1898,401,390       
"WV",1898,415,52000     
"WV",1898,999,17937.15  
"WV",1899,310,15000     
"WV",1899,311,400477.62 
"WV",1899,312,84180.38  
"WV",1899,313,140113.76 
"WV",1899,316,1998.34   
"WV",1899,322,1500      
"WV",1899,323,263725.2  
"WV",1899,336,4650      
"WV",1899,343,167493.75 
"WV",1899,344,9058.33   
"WV",1899,345,46137.49  
"WV",1899,351,8401.31   
"WV",1899,356,2719.4    
"WV",1899,360,10269.11  
"WV",1899,361,53661.35  
"WV",1899,362,9103.55   
"WV",1899,363,60366.37  
"WV",1899,365,13500.66  
"WV",1899,366,3873.75   
"WV",1899,367,25342.91  
"WV",1899,368,3036.93   
"WV",1899,369,40914.33  
"WV",1899,391,412556.87 
"WV",1899,398,4504.52   
"WV",1899,399,5161.43   
"WV",1900,310,2300      
"WV",1900,311,381179.29 
"WV",1900,312,42879.34  
"WV",1900,313,163314    
"WV",1900,316,2695.27   
"WV",1900,322,87651.59  
"WV",1900,323,109250    
"WV",1900,328,148000    
"WV",1900,343,158698.94 
"WV",1900,344,11269.56  
"WV",1900,345,31123.64  
"WV",1900,351,37284.35  
"WV",1900,356,2768.73   
"WV",1900,360,10022.21  
"WV",1900,361,45.5      
"WV",1900,362,5275.93   
"WV",1900,363,59224.09  
"WV",1900,365,14355.95  
"WV",1900,366,1458.01   
"WV",1900,367,38674.46  
"WV",1900,368,3796.25   
"WV",1900,369,14269.36  
"WV",1900,391,391709.58 
"WV",1900,395,14020.2   
"WV",1900,398,6263.9    
"WV",1900,399,15502.6   
"WV",1900,999,32102.88  
