"MA",1830,3,528040    
"MA",1831,3,1013532   
"MA",1833,3,558905    
"MA",1834,3,543080    
"MA",1835,3,726671    
"MA",1836,3,907398    
"MA",1837,3,2511414   
"MA",1838,3,954004    
"MA",1839,3,1312780   
"MA",1841,3,1005191   
"MA",1842,3,1473436   
"MA",1843,3,920004    
"MA",1844,3,1674951   
"MA",1845,3,1067803   
"MA",1846,3,843398    
"MA",1847,3,919769    
"MA",1848,3,1171825   
"MA",1849,3,1111913   
"MA",1850,3,1534512   
"MA",1851,3,1616316   
"MA",1852,3,1763020   
"MA",1853,3,2364011   
"MA",1854,3,2328685   
"MA",1855,3,2443969   
"MA",1856,3,2556438   
"MA",1857,3,4668237   
"MA",1858,3,2068255   
"MA",1859,3,3073211   
"MA",1860,3,3334201   
"MA",1861,3,8904674   
"MA",1862,3,6464155   
"MA",1863,3,12479695  
"MA",1864,3,25268395  
"MA",1865,3,23916738  
"MA",1866,3,16324644  
"MA",1867,3,11799791  
"MA",1868,3,17213973  
"MA",1869,3,15724420  
"MA",1870,3,15076234  
"MA",1871,3,16551688  
"MA",1872,3,18401674  
"MA",1873,3,11034060  
"MA",1874,3,11777463  
"MA",1875,3,13147011  
"MA",1876,3,12862455  
"MA",1877,3,9033495   
"MA",1878,3,5638427   
"MA",1879,3,8807053   
"MA",1880,3,10314818  
"MA",1881,3,14138963  
"MA",1882,3,7597687   
"MA",1883,3,8676513   
"MA",1884,3,8405195   
"MA",1885,3,9187072   
"MA",1886,3,9317611   
"MA",1887,3,11071292  
"MA",1888,3,14171908  
"MA",1889,3,16548121  
"MA",1890,3,11481502  
"MA",1891,3,18954572  
"MA",1892,3,11927041  
"MA",1893,3,12660970  
"MA",1894,3,24972550  
"MA",1895,3,20060710  
"MA",1896,3,15455652  
"MA",1897,3,14904958  
"MA",1898,3,15308657  
"MA",1899,3,20207316  
"MA",1900,3,21393991  
                      
"MA",1830,32,8258     
"MA",1830,34,24713    
"MA",1830,35,5445     
"MA",1830,36,384851   
"MA",1830,39,97086    
"MA",1830,40,7548     
"MA",1830,41,139      
"MA",1831,32,30350    
"MA",1831,34,428650   
"MA",1831,35,3231     
"MA",1831,36,426220   
"MA",1831,39,118221   
"MA",1831,40,6860     
"MA",1833,32,37316    
"MA",1833,34,6826     
"MA",1833,35,5061     
"MA",1833,36,394125   
"MA",1833,39,105156   
"MA",1833,40,10421    
"MA",1834,32,31721    
"MA",1834,34,9600     
"MA",1834,35,3914     
"MA",1834,36,397597   
"MA",1834,39,92739    
"MA",1834,40,7509     
"MA",1835,32,30972    
"MA",1835,34,23471    
"MA",1835,35,4334     
"MA",1835,36,410103   
"MA",1835,39,120942   
"MA",1835,40,20848    
"MA",1835,41,116001   
"MA",1836,32,39265    
"MA",1836,34,37190    
"MA",1836,35,5085     
"MA",1836,36,357053   
"MA",1836,39,83679    
"MA",1836,40,42616    
"MA",1836,41,342510   
"MA",1837,32,53744    
"MA",1837,33,1813     
"MA",1837,34,34718    
"MA",1837,35,4612     
"MA",1837,36,604390   
"MA",1837,39,1437620  
"MA",1837,40,158698   
"MA",1837,41,215819   
"MA",1838,32,36348    
"MA",1838,33,2545     
"MA",1838,34,36745    
"MA",1838,35,4765     
"MA",1838,36,340052   
"MA",1838,39,112094   
"MA",1838,40,235361   
"MA",1838,41,186094   
"MA",1839,31,2750     
"MA",1839,32,72014    
"MA",1839,33,3072     
"MA",1839,34,54156    
"MA",1839,35,15869    
"MA",1839,36,282275   
"MA",1839,39,217180   
"MA",1839,40,109010   
"MA",1839,41,556454   
"MA",1841,31,2750     
"MA",1841,32,66437    
"MA",1841,33,17343    
"MA",1841,34,41954    
"MA",1841,35,11408    
"MA",1841,36,207647   
"MA",1841,39,17032    
"MA",1841,40,151706   
"MA",1841,41,488914   
"MA",1842,31,2300     
"MA",1842,32,18146    
"MA",1842,34,28741    
"MA",1842,35,7333     
"MA",1842,36,180982   
"MA",1842,39,63392    
"MA",1842,40,46076    
"MA",1842,41,1126466  
"MA",1843,31,2900     
"MA",1843,32,16233    
"MA",1843,34,30295    
"MA",1843,35,5874     
"MA",1843,36,178217   
"MA",1843,39,225925   
"MA",1843,40,55679    
"MA",1843,41,404881   
"MA",1844,31,3600     
"MA",1844,32,21207    
"MA",1844,34,36383    
"MA",1844,35,4996     
"MA",1844,36,180675   
"MA",1844,39,93311    
"MA",1844,40,70868    
"MA",1844,41,1263911  
"MA",1845,31,8265     
"MA",1845,32,16350    
"MA",1845,34,36648    
"MA",1845,35,5965     
"MA",1845,36,197608   
"MA",1845,39,89752    
"MA",1845,40,59336    
"MA",1845,41,653879   
"MA",1846,31,5465     
"MA",1846,32,18648    
"MA",1846,34,30756    
"MA",1846,35,3647     
"MA",1846,36,202819   
"MA",1846,39,102612   
"MA",1846,40,54643    
"MA",1846,41,424808   
"MA",1847,31,2600     
"MA",1847,32,26143    
"MA",1847,34,58421    
"MA",1847,35,6706     
"MA",1847,36,219809   
"MA",1847,39,108573   
"MA",1847,40,54084    
"MA",1847,41,443433   
"MA",1848,31,600      
"MA",1848,32,30404    
"MA",1848,34,75071    
"MA",1848,35,7154     
"MA",1848,36,245932   
"MA",1848,39,132107   
"MA",1848,40,54989    
"MA",1848,41,625568   
"MA",1849,31,300      
"MA",1849,32,39648    
"MA",1849,33,64350    
"MA",1849,34,60062    
"MA",1849,35,7032     
"MA",1849,36,244395   
"MA",1849,39,150564   
"MA",1849,40,110265   
"MA",1849,41,435297   
"MA",1850,31,1267     
"MA",1850,32,151497   
"MA",1850,33,51075    
"MA",1850,34,102931   
"MA",1850,35,7455     
"MA",1850,36,271108   
"MA",1850,39,17833    
"MA",1850,40,131387   
"MA",1850,41,799959   
"MA",1851,31,1267     
"MA",1851,32,143029   
"MA",1851,33,51175    
"MA",1851,34,117541   
"MA",1851,35,7480     
"MA",1851,36,307852   
"MA",1851,39,48821    
"MA",1851,40,148584   
"MA",1851,41,790567   
"MA",1852,31,1567     
"MA",1852,32,347643   
"MA",1852,33,53675    
"MA",1852,34,75026    
"MA",1852,35,10303    
"MA",1852,36,344017   
"MA",1852,38,50       
"MA",1852,39,30621    
"MA",1852,40,148411   
"MA",1852,41,751707   
"MA",1853,31,1771     
"MA",1853,32,378248   
"MA",1853,33,58000    
"MA",1853,34,111374   
"MA",1853,35,10914    
"MA",1853,36,402391   
"MA",1853,39,183461   
"MA",1853,40,155356   
"MA",1853,41,1062496  
"MA",1854,31,25071    
"MA",1854,32,426452   
"MA",1854,33,67050    
"MA",1854,34,204824   
"MA",1854,35,19381    
"MA",1854,36,482659   
"MA",1854,38,381      
"MA",1854,39,63509    
"MA",1854,40,99071    
"MA",1854,41,940287   
"MA",1855,31,43496    
"MA",1855,32,379010   
"MA",1855,33,89525    
"MA",1855,34,170976   
"MA",1855,35,64480    
"MA",1855,36,412314   
"MA",1855,38,5401     
"MA",1855,39,168247   
"MA",1855,40,33122    
"MA",1855,41,1077398  
"MA",1856,31,52339    
"MA",1856,32,446926   
"MA",1856,33,67575    
"MA",1856,34,173653   
"MA",1856,35,19302    
"MA",1856,36,573722   
"MA",1856,38,7290     
"MA",1856,39,61839    
"MA",1856,40,152448   
"MA",1856,41,1001344  
"MA",1857,31,3872     
"MA",1857,32,451549   
"MA",1857,33,1595000  
"MA",1857,34,150380   
"MA",1857,35,23343    
"MA",1857,36,553810   
"MA",1857,38,7886     
"MA",1857,39,72957    
"MA",1857,40,201210   
"MA",1857,41,1608230  
"MA",1858,31,54492    
"MA",1858,32,335078   
"MA",1858,33,150000   
"MA",1858,34,156942   
"MA",1858,35,30469    
"MA",1858,36,319706   
"MA",1858,38,5088     
"MA",1858,39,31283    
"MA",1858,40,137856   
"MA",1858,41,847341   
"MA",1859,31,2763     
"MA",1859,32,318226   
"MA",1859,33,50937    
"MA",1859,34,331899   
"MA",1859,35,122601   
"MA",1859,36,517692   
"MA",1859,38,5909     
"MA",1859,39,93822    
"MA",1859,40,83796    
"MA",1859,41,1545566  
"MA",1860,31,65931    
"MA",1860,32,285703   
"MA",1860,33,4840     
"MA",1860,34,250862   
"MA",1860,35,29719    
"MA",1860,36,470389   
"MA",1860,38,4703     
"MA",1860,39,14686    
"MA",1860,40,163923   
"MA",1860,41,2043445  
"MA",1861,31,45436    
"MA",1861,32,306611   
"MA",1861,33,23533    
"MA",1861,34,210941   
"MA",1861,35,30220    
"MA",1861,36,459622   
"MA",1861,38,5669     
"MA",1861,39,19597    
"MA",1861,40,192632   
"MA",1861,41,7561611  
"MA",1861,44,48802    
"MA",1862,31,102731   
"MA",1862,32,782950   
"MA",1862,33,5962     
"MA",1862,34,193388   
"MA",1862,35,83748    
"MA",1862,36,1020719  
"MA",1862,38,5503     
"MA",1862,39,245859   
"MA",1862,40,455981   
"MA",1862,41,3567314  
"MA",1863,31,56189    
"MA",1863,32,2083453  
"MA",1863,33,1334     
"MA",1863,34,1244593  
"MA",1863,35,924346   
"MA",1863,36,418012   
"MA",1863,38,5738     
"MA",1863,39,4212472  
"MA",1863,40,525463   
"MA",1863,41,3008095  
"MA",1864,32,2717150  
"MA",1864,33,39772    
"MA",1864,34,603198   
"MA",1864,35,43985    
"MA",1864,36,569994   
"MA",1864,38,6289     
"MA",1864,39,608090   
"MA",1864,40,463565   
"MA",1864,41,20216352 
"MA",1865,32,2694490  
"MA",1865,33,5571     
"MA",1865,34,642072   
"MA",1865,35,54970    
"MA",1865,36,642537   
"MA",1865,38,7194     
"MA",1865,39,1169679  
"MA",1865,40,1369210  
"MA",1865,41,17331015 
"MA",1866,31,56983    
"MA",1866,32,420503   
"MA",1866,33,626769   
"MA",1866,34,2213567  
"MA",1866,35,167814   
"MA",1866,36,638037   
"MA",1866,38,9081     
"MA",1866,39,1957372  
"MA",1866,40,1739546  
"MA",1866,41,8494972  
"MA",1867,31,10000    
"MA",1867,32,487928   
"MA",1867,33,18237    
"MA",1867,34,1759924  
"MA",1867,35,34314    
"MA",1867,36,708816   
"MA",1867,38,14691    
"MA",1867,39,1203989  
"MA",1867,40,1434128  
"MA",1867,41,6127764  
"MA",1868,31,146828   
"MA",1868,32,480755   
"MA",1868,33,25741    
"MA",1868,34,1612465  
"MA",1868,35,35308    
"MA",1868,36,957089   
"MA",1868,38,12626    
"MA",1868,39,1005031  
"MA",1868,40,1486372  
"MA",1868,41,11451758 
"MA",1869,31,237138   
"MA",1869,32,433197   
"MA",1869,33,49398    
"MA",1869,34,1456864  
"MA",1869,35,587913   
"MA",1869,36,833384   
"MA",1869,38,17003    
"MA",1869,39,1233779  
"MA",1869,40,1097989  
"MA",1869,41,9777755  
"MA",1870,31,110781   
"MA",1870,32,649320   
"MA",1870,33,788401   
"MA",1870,34,1282328  
"MA",1870,35,37217    
"MA",1870,36,803800   
"MA",1870,38,20927    
"MA",1870,39,1096533  
"MA",1870,40,1670100  
"MA",1870,41,8616827  
"MA",1871,31,235155   
"MA",1871,32,443616   
"MA",1871,33,2507563  
"MA",1871,34,1251990  
"MA",1871,35,48441    
"MA",1871,36,881716   
"MA",1871,38,324      
"MA",1871,39,1696309  
"MA",1871,40,1517678  
"MA",1871,41,7968896  
"MA",1872,31,94889    
"MA",1872,32,407290   
"MA",1872,33,996503   
"MA",1872,34,1102862  
"MA",1872,35,317560   
"MA",1872,36,902306   
"MA",1872,39,1163425  
"MA",1872,40,1782819  
"MA",1872,41,11634020 
"MA",1873,31,127264   
"MA",1873,32,413616   
"MA",1873,33,1176874  
"MA",1873,34,1215232  
"MA",1873,35,93237    
"MA",1873,36,1063549  
"MA",1873,39,1799462  
"MA",1873,40,1643810  
"MA",1873,41,3501016  
"MA",1874,31,44694    
"MA",1874,32,656413   
"MA",1874,33,1860179  
"MA",1874,34,1350961  
"MA",1874,35,56375    
"MA",1874,36,1390819  
"MA",1874,39,2072885  
"MA",1874,40,1821787  
"MA",1874,41,2523350  
"MA",1875,31,168740   
"MA",1875,32,1445875  
"MA",1875,33,1899404  
"MA",1875,34,815555   
"MA",1875,35,146155   
"MA",1875,36,1123702  
"MA",1875,39,2354394  
"MA",1875,40,1889714  
"MA",1875,41,3303472  
"MA",1876,31,125258   
"MA",1876,32,348075   
"MA",1876,33,300      
"MA",1876,34,491604   
"MA",1876,35,48066    
"MA",1876,36,1030659  
"MA",1876,38,26098    
"MA",1876,39,8857855  
"MA",1876,40,1934540  
"MA",1877,31,120715   
"MA",1877,32,375008   
"MA",1877,33,216      
"MA",1877,34,170098   
"MA",1877,35,39131    
"MA",1877,36,975129   
"MA",1877,38,24633    
"MA",1877,39,5496724  
"MA",1877,40,1801085  
"MA",1877,41,30756    
"MA",1878,31,115805   
"MA",1878,32,418558   
"MA",1878,33,96301    
"MA",1878,34,570880   
"MA",1878,35,23786    
"MA",1878,36,865895   
"MA",1878,38,24025    
"MA",1878,39,1819123  
"MA",1878,40,1704054  
"MA",1879,31,113716   
"MA",1879,32,457850   
"MA",1879,33,163517   
"MA",1879,34,490696   
"MA",1879,35,52391    
"MA",1879,36,726058   
"MA",1879,38,20474    
"MA",1879,39,5100433  
"MA",1879,40,1663277  
"MA",1879,41,18641    
"MA",1880,31,90524    
"MA",1880,32,417225   
"MA",1880,33,194067   
"MA",1880,34,583017   
"MA",1880,35,20493    
"MA",1880,36,671172   
"MA",1880,38,18520    
"MA",1880,39,5770200  
"MA",1880,40,1688600  
"MA",1880,41,861000   
"MA",1881,31,107142   
"MA",1881,32,461180   
"MA",1881,33,528563   
"MA",1881,34,483212   
"MA",1881,35,25764    
"MA",1881,36,806141   
"MA",1881,38,18610    
"MA",1881,39,8706097  
"MA",1881,40,1174     
"MA",1881,41,3001080  
"MA",1882,31,100533   
"MA",1882,32,520508   
"MA",1882,33,481189   
"MA",1882,34,473434   
"MA",1882,35,27050    
"MA",1882,36,766048   
"MA",1882,38,18780    
"MA",1882,39,2707218  
"MA",1882,40,1652927  
"MA",1882,41,850000   
"MA",1883,31,100851   
"MA",1883,32,472082   
"MA",1883,33,536701   
"MA",1883,34,464126   
"MA",1883,35,41839    
"MA",1883,36,890211   
"MA",1883,38,17618    
"MA",1883,39,2609068  
"MA",1883,40,1631245  
"MA",1883,41,1912772  
"MA",1884,31,100396   
"MA",1884,32,476343   
"MA",1884,33,650080   
"MA",1884,34,496936   
"MA",1884,35,67147    
"MA",1884,36,1075993  
"MA",1884,38,19821    
"MA",1884,39,2793109  
"MA",1884,40,1621370  
"MA",1884,41,1104000  
"MA",1885,31,100919   
"MA",1885,32,499209   
"MA",1885,33,1989257  
"MA",1885,34,685649   
"MA",1885,35,63450    
"MA",1885,36,1171222  
"MA",1885,38,18179    
"MA",1885,39,1784130  
"MA",1885,40,1615057  
"MA",1885,41,1260000  
"MA",1886,31,97125    
"MA",1886,32,574300   
"MA",1886,33,427371   
"MA",1886,34,656287   
"MA",1886,35,63586    
"MA",1886,36,1340050  
"MA",1886,38,19422    
"MA",1886,39,3024571  
"MA",1886,40,1726899  
"MA",1886,41,1388000  
"MA",1887,29,7519     
"MA",1887,31,110033   
"MA",1887,32,691937   
"MA",1887,33,101595   
"MA",1887,34,689927   
"MA",1887,35,49846    
"MA",1887,36,1290695  
"MA",1887,38,621      
"MA",1887,39,3107360  
"MA",1887,40,2436722  
"MA",1887,41,2585037  
"MA",1888,31,103748   
"MA",1888,32,730519   
"MA",1888,33,47202    
"MA",1888,34,941799   
"MA",1888,35,80544    
"MA",1888,36,1119493  
"MA",1888,38,22519    
"MA",1888,39,3912455  
"MA",1888,40,2265568  
"MA",1888,41,4948061  
"MA",1889,31,171369   
"MA",1889,32,625109   
"MA",1889,33,44042    
"MA",1889,34,962679   
"MA",1889,35,145405   
"MA",1889,36,1418088  
"MA",1889,38,500      
"MA",1889,39,3415061  
"MA",1889,40,4031986  
"MA",1889,41,5733882  
"MA",1890,31,138958   
"MA",1890,32,632867   
"MA",1890,33,19281    
"MA",1890,34,1087640  
"MA",1890,35,88042    
"MA",1890,36,1587991  
"MA",1890,38,25229    
"MA",1890,39,3318294  
"MA",1890,40,2209734  
"MA",1890,41,2373466  
"MA",1891,31,159896   
"MA",1891,32,655234   
"MA",1891,33,114986   
"MA",1891,34,1073123  
"MA",1891,35,101656   
"MA",1891,36,1662263  
"MA",1891,38,336      
"MA",1891,39,4466839  
"MA",1891,40,1586492  
"MA",1891,41,9133747  
"MA",1892,31,260014   
"MA",1892,32,645239   
"MA",1892,33,46315    
"MA",1892,34,1080162  
"MA",1892,35,113166   
"MA",1892,36,1694382  
"MA",1892,38,26959    
"MA",1892,39,4126340  
"MA",1892,40,1812259  
"MA",1892,41,2122205  
"MA",1893,31,229879   
"MA",1893,32,735106   
"MA",1893,33,20170    
"MA",1893,34,1119563  
"MA",1893,35,121974   
"MA",1893,36,1858498  
"MA",1893,38,400      
"MA",1893,39,4133683  
"MA",1893,40,1873087  
"MA",1893,41,2568610  
"MA",1894,31,421664   
"MA",1894,32,755690   
"MA",1894,33,12669    
"MA",1894,34,1164291  
"MA",1894,35,123918   
"MA",1894,36,2206856  
"MA",1894,38,30139    
"MA",1894,39,3891016  
"MA",1894,40,4861914  
"MA",1894,41,11504393 
"MA",1895,31,404911   
"MA",1895,32,802521   
"MA",1895,33,8483     
"MA",1895,34,1203720  
"MA",1895,35,154273   
"MA",1895,36,2337403  
"MA",1895,38,300      
"MA",1895,39,3924455  
"MA",1895,40,2971818  
"MA",1895,41,8252826  
"MA",1896,31,454322   
"MA",1896,32,814836   
"MA",1896,33,99556    
"MA",1896,34,2127875  
"MA",1896,35,210671   
"MA",1896,36,2596448  
"MA",1896,38,38454    
"MA",1896,39,3470009  
"MA",1896,40,1411131  
"MA",1896,41,4232350  
"MA",1897,31,473057   
"MA",1897,32,878231   
"MA",1897,33,91203    
"MA",1897,34,2098105  
"MA",1897,35,204470   
"MA",1897,36,2434273  
"MA",1897,38,41400    
"MA",1897,39,3527590  
"MA",1897,40,1963761  
"MA",1897,41,3192868  
"MA",1898,31,555421   
"MA",1898,32,976112   
"MA",1898,33,90438    
"MA",1898,34,2531192  
"MA",1898,35,267983   
"MA",1898,36,2155263  
"MA",1898,38,47657    
"MA",1898,39,3388171  
"MA",1898,40,2174712  
"MA",1898,41,3121708  
"MA",1899,31,571041   
"MA",1899,32,1084091  
"MA",1899,33,173849   
"MA",1899,34,2695101  
"MA",1899,35,309556   
"MA",1899,36,1859693  
"MA",1899,38,46631    
"MA",1899,39,5014100  
"MA",1899,40,5977440  
"MA",1899,41,2475814  
"MA",1900,31,681672   
"MA",1900,32,1124962  
"MA",1900,33,171873   
"MA",1900,34,2647718  
"MA",1900,35,252601   
"MA",1900,36,2155875  
"MA",1900,38,48066    
"MA",1900,39,4625186  
"MA",1900,40,2384594  
"MA",1900,41,7301444  
                      
"MA",1830,322,5258    
"MA",1830,323,3000    
"MA",1830,343,20000   
"MA",1830,345,4713    
"MA",1830,351,5445    
"MA",1830,360,354561  
"MA",1830,365,30290   
"MA",1830,398,97086   
"MA",1830,401,7548    
"MA",1830,413,139     
"MA",1831,320,1605    
"MA",1831,322,6745    
"MA",1831,323,22000   
"MA",1831,343,8000    
"MA",1831,345,420650  
"MA",1831,351,3231    
"MA",1831,360,387129  
"MA",1831,365,39091   
"MA",1831,398,118221  
"MA",1831,401,6860    
"MA",1833,320,1280    
"MA",1833,322,18036   
"MA",1833,323,18000   
"MA",1833,343,376     
"MA",1833,345,6450    
"MA",1833,351,5061    
"MA",1833,360,356955  
"MA",1833,365,31591   
"MA",1833,369,5579    
"MA",1833,398,105156  
"MA",1833,401,10421   
"MA",1834,320,2064    
"MA",1834,322,16928   
"MA",1834,323,12729   
"MA",1834,345,9600    
"MA",1834,351,3914    
"MA",1834,360,353405  
"MA",1834,365,37819   
"MA",1834,369,6373    
"MA",1834,398,92739   
"MA",1834,401,7509    
"MA",1835,320,2077    
"MA",1835,322,14895   
"MA",1835,323,14000   
"MA",1835,345,23471   
"MA",1835,351,4334    
"MA",1835,360,351881  
"MA",1835,365,45120   
"MA",1835,366,1000    
"MA",1835,369,12102   
"MA",1835,398,120942  
"MA",1835,401,20848   
"MA",1835,411,116001  
"MA",1836,320,2865    
"MA",1836,322,10400   
"MA",1836,323,26000   
"MA",1836,345,37190   
"MA",1836,351,5085    
"MA",1836,360,291883  
"MA",1836,365,51656   
"MA",1836,369,13514   
"MA",1836,398,83679   
"MA",1836,401,42616   
"MA",1836,410,100000  
"MA",1836,411,142510  
"MA",1836,412,100000  
"MA",1837,320,4734    
"MA",1837,322,19664   
"MA",1837,323,29346   
"MA",1837,331,1813    
"MA",1837,345,34718   
"MA",1837,351,4612    
"MA",1837,360,539769  
"MA",1837,365,50949   
"MA",1837,366,2285    
"MA",1837,369,11387   
"MA",1837,390,1338174 
"MA",1837,398,99446   
"MA",1837,401,158698  
"MA",1837,410,50000   
"MA",1837,411,165819  
"MA",1838,320,4641    
"MA",1838,322,14915   
"MA",1838,323,16792   
"MA",1838,331,2545    
"MA",1838,345,36745   
"MA",1838,351,4765    
"MA",1838,360,250903  
"MA",1838,365,68681   
"MA",1838,366,1242    
"MA",1838,369,19226   
"MA",1838,398,112094  
"MA",1838,400,10290   
"MA",1838,401,225071  
"MA",1838,410,150000  
"MA",1838,411,36094   
"MA",1839,310,450     
"MA",1839,311,2000    
"MA",1839,316,300     
"MA",1839,320,51506   
"MA",1839,322,13358   
"MA",1839,323,7150    
"MA",1839,331,3072    
"MA",1839,345,54156   
"MA",1839,350,9280    
"MA",1839,351,6589    
"MA",1839,360,86862   
"MA",1839,361,109488  
"MA",1839,363,3494    
"MA",1839,365,67710   
"MA",1839,367,976     
"MA",1839,369,13745   
"MA",1839,391,151     
"MA",1839,398,217029  
"MA",1839,400,22605   
"MA",1839,401,86405   
"MA",1839,411,260809  
"MA",1839,413,269959  
"MA",1839,414,25686   
"MA",1841,310,450     
"MA",1841,311,2000    
"MA",1841,316,300     
"MA",1841,320,1872    
"MA",1841,321,45703   
"MA",1841,322,14362   
"MA",1841,323,4500    
"MA",1841,331,17343   
"MA",1841,345,41954   
"MA",1841,351,11408   
"MA",1841,360,85342   
"MA",1841,361,66106   
"MA",1841,363,2954    
"MA",1841,365,41866   
"MA",1841,367,1436    
"MA",1841,369,9943    
"MA",1841,398,17032   
"MA",1841,400,18509   
"MA",1841,401,133197  
"MA",1841,410,150000  
"MA",1841,411,124146  
"MA",1841,413,212400  
"MA",1841,414,2368    
"MA",1842,311,2000    
"MA",1842,316,300     
"MA",1842,320,1753    
"MA",1842,322,14393   
"MA",1842,323,2000    
"MA",1842,345,28741   
"MA",1842,351,7333    
"MA",1842,360,80945   
"MA",1842,361,60834   
"MA",1842,363,3298    
"MA",1842,365,22794   
"MA",1842,367,3221    
"MA",1842,369,9890    
"MA",1842,398,63392   
"MA",1842,400,17301   
"MA",1842,401,28775   
"MA",1842,410,786488  
"MA",1842,411,235397  
"MA",1842,412,100000  
"MA",1842,414,4581    
"MA",1843,311,2600    
"MA",1843,316,300     
"MA",1843,320,1494    
"MA",1843,322,14739   
"MA",1843,345,30295   
"MA",1843,351,5874    
"MA",1843,360,64040   
"MA",1843,361,70160   
"MA",1843,363,3609    
"MA",1843,365,29801   
"MA",1843,367,1030    
"MA",1843,369,9577    
"MA",1843,398,225925  
"MA",1843,400,8917    
"MA",1843,401,46762   
"MA",1843,411,199026  
"MA",1843,412,2520    
"MA",1843,413,200613  
"MA",1843,414,2722    
"MA",1844,311,300     
"MA",1844,313,3000    
"MA",1844,316,300     
"MA",1844,320,1352    
"MA",1844,322,14855   
"MA",1844,323,5000    
"MA",1844,343,6000    
"MA",1844,345,30383   
"MA",1844,351,4996    
"MA",1844,360,74263   
"MA",1844,361,59715   
"MA",1844,363,2760    
"MA",1844,365,30890   
"MA",1844,367,3675    
"MA",1844,369,9372    
"MA",1844,398,93311   
"MA",1844,400,9461    
"MA",1844,401,61407   
"MA",1844,411,1003853 
"MA",1844,412,2520    
"MA",1844,413,257538  
"MA",1845,311,300     
"MA",1845,313,7665    
"MA",1845,316,300     
"MA",1845,320,1363    
"MA",1845,322,14987   
"MA",1845,343,4611    
"MA",1845,345,32037   
"MA",1845,351,5965    
"MA",1845,360,66833   
"MA",1845,361,58753   
"MA",1845,363,3055    
"MA",1845,365,51203   
"MA",1845,367,6836    
"MA",1845,369,10928   
"MA",1845,398,89752   
"MA",1845,400,9586    
"MA",1845,401,49750   
"MA",1845,411,349809  
"MA",1845,412,2520    
"MA",1845,413,301550  
"MA",1846,311,300     
"MA",1846,313,4865    
"MA",1846,316,300     
"MA",1846,320,1292    
"MA",1846,322,15356   
"MA",1846,323,2000    
"MA",1846,345,30756   
"MA",1846,351,3647    
"MA",1846,360,71362   
"MA",1846,361,66744   
"MA",1846,363,2984    
"MA",1846,365,40536   
"MA",1846,367,5679    
"MA",1846,369,15514   
"MA",1846,398,102612  
"MA",1846,400,4705    
"MA",1846,401,49938   
"MA",1846,410,37140   
"MA",1846,411,288332  
"MA",1846,412,2536    
"MA",1846,413,90800   
"MA",1846,415,6000    
"MA",1847,311,300     
"MA",1847,313,2000    
"MA",1847,316,300     
"MA",1847,320,1105    
"MA",1847,322,21838   
"MA",1847,323,3200    
"MA",1847,343,31483   
"MA",1847,345,26938   
"MA",1847,351,6706    
"MA",1847,360,68435   
"MA",1847,361,71466   
"MA",1847,363,3171    
"MA",1847,365,55089   
"MA",1847,367,6576    
"MA",1847,369,15072   
"MA",1847,398,108573  
"MA",1847,400,1849    
"MA",1847,401,52235   
"MA",1847,410,44100   
"MA",1847,411,266913  
"MA",1847,412,2420    
"MA",1847,413,85900   
"MA",1847,415,44100   
"MA",1848,311,300     
"MA",1848,316,300     
"MA",1848,320,2174    
"MA",1848,322,23880   
"MA",1848,323,4350    
"MA",1848,343,53517   
"MA",1848,345,21554   
"MA",1848,351,7154    
"MA",1848,360,71023   
"MA",1848,361,93099   
"MA",1848,363,4440    
"MA",1848,365,60014   
"MA",1848,367,862     
"MA",1848,369,16494   
"MA",1848,398,132107  
"MA",1848,400,3602    
"MA",1848,401,51387   
"MA",1848,411,349648  
"MA",1848,412,124920  
"MA",1848,413,151000  
"MA",1849,311,300     
"MA",1849,320,1387    
"MA",1849,322,24155   
"MA",1849,323,14106   
"MA",1849,333,64350   
"MA",1849,343,34849   
"MA",1849,345,25213   
"MA",1849,351,7032    
"MA",1849,360,73213   
"MA",1849,361,81147   
"MA",1849,363,3779    
"MA",1849,365,63359   
"MA",1849,367,5193    
"MA",1849,369,17704   
"MA",1849,398,150564  
"MA",1849,401,110265  
"MA",1849,411,171779  
"MA",1849,412,2468    
"MA",1849,413,251250  
"MA",1849,415,9800    
"MA",1850,313,667     
"MA",1850,316,600     
"MA",1850,320,113818  
"MA",1850,322,31979   
"MA",1850,323,5700    
"MA",1850,333,51075   
"MA",1850,343,76106   
"MA",1850,345,26825   
"MA",1850,351,7455    
"MA",1850,360,76109   
"MA",1850,361,90912   
"MA",1850,363,4918    
"MA",1850,365,69947   
"MA",1850,366,1500    
"MA",1850,367,8257    
"MA",1850,369,19465   
"MA",1850,391,1000    
"MA",1850,398,16833   
"MA",1850,400,7083    
"MA",1850,401,124304  
"MA",1850,411,298477  
"MA",1850,412,2213    
"MA",1850,413,495600  
"MA",1850,414,3669    
"MA",1851,313,967     
"MA",1851,316,300     
"MA",1851,320,115580  
"MA",1851,322,20499   
"MA",1851,323,6950    
"MA",1851,333,51175   
"MA",1851,343,87920   
"MA",1851,345,29621   
"MA",1851,351,7480    
"MA",1851,360,78268   
"MA",1851,361,139469  
"MA",1851,363,5153    
"MA",1851,364,1806    
"MA",1851,365,53199   
"MA",1851,367,9081    
"MA",1851,369,20876   
"MA",1851,391,2000    
"MA",1851,398,46821   
"MA",1851,400,10267   
"MA",1851,401,138317  
"MA",1851,411,420271  
"MA",1851,412,2140    
"MA",1851,413,365000  
"MA",1851,414,3156    
"MA",1852,313,1267    
"MA",1852,316,300     
"MA",1852,320,217212  
"MA",1852,322,23481   
"MA",1852,323,106950  
"MA",1852,333,51175   
"MA",1852,334,2500    
"MA",1852,343,45373   
"MA",1852,345,29653   
"MA",1852,351,10303   
"MA",1852,360,81139   
"MA",1852,361,134330  
"MA",1852,363,5481    
"MA",1852,364,711     
"MA",1852,365,86269   
"MA",1852,366,485     
"MA",1852,367,10433   
"MA",1852,369,25169   
"MA",1852,380,50      
"MA",1852,391,2000    
"MA",1852,398,28621   
"MA",1852,401,148411  
"MA",1852,411,269669  
"MA",1852,412,2149    
"MA",1852,413,475000  
"MA",1852,414,4889    
"MA",1853,313,967     
"MA",1853,316,804     
"MA",1853,320,259383  
"MA",1853,322,21030   
"MA",1853,323,97835   
"MA",1853,333,58000   
"MA",1853,343,74812   
"MA",1853,345,36562   
"MA",1853,351,10914   
"MA",1853,360,84996   
"MA",1853,361,105288  
"MA",1853,363,6104    
"MA",1853,364,1542    
"MA",1853,365,99095   
"MA",1853,366,1862    
"MA",1853,367,76495   
"MA",1853,369,27009   
"MA",1853,391,2000    
"MA",1853,398,181461  
"MA",1853,401,155356  
"MA",1853,411,508081  
"MA",1853,412,2040    
"MA",1853,413,546800  
"MA",1853,414,5575    
"MA",1854,310,23604   
"MA",1854,313,967     
"MA",1854,316,500     
"MA",1854,320,319113  
"MA",1854,322,20812   
"MA",1854,323,86527   
"MA",1854,331,9000    
"MA",1854,333,58050   
"MA",1854,343,136198  
"MA",1854,345,68626   
"MA",1854,350,404     
"MA",1854,351,18977   
"MA",1854,360,92191   
"MA",1854,361,139039  
"MA",1854,365,110885  
"MA",1854,366,7419    
"MA",1854,367,100683  
"MA",1854,369,32442   
"MA",1854,380,381     
"MA",1854,391,2000    
"MA",1854,398,61509   
"MA",1854,400,25170   
"MA",1854,401,73901   
"MA",1854,411,449023  
"MA",1854,412,1971    
"MA",1854,413,482500  
"MA",1854,414,6793    
"MA",1855,310,33637   
"MA",1855,313,867     
"MA",1855,316,8992    
"MA",1855,320,220814  
"MA",1855,322,23142   
"MA",1855,323,135054  
"MA",1855,333,89525   
"MA",1855,343,154926  
"MA",1855,345,16050   
"MA",1855,350,3067    
"MA",1855,351,61413   
"MA",1855,360,13503   
"MA",1855,361,50      
"MA",1855,365,182236  
"MA",1855,366,9158    
"MA",1855,367,117513  
"MA",1855,369,89854   
"MA",1855,380,5401    
"MA",1855,391,2500    
"MA",1855,398,165747  
"MA",1855,400,30500   
"MA",1855,401,2622    
"MA",1855,411,430948  
"MA",1855,412,197912  
"MA",1855,413,442660  
"MA",1855,414,5878    
"MA",1856,310,47216   
"MA",1856,311,463     
"MA",1856,313,967     
"MA",1856,316,3693    
"MA",1856,320,287706  
"MA",1856,322,25368   
"MA",1856,323,133852  
"MA",1856,333,67575   
"MA",1856,343,90182   
"MA",1856,345,83471   
"MA",1856,350,1000    
"MA",1856,351,18302   
"MA",1856,360,114855  
"MA",1856,361,199156  
"MA",1856,363,7124    
"MA",1856,364,234     
"MA",1856,365,135134  
"MA",1856,366,10639   
"MA",1856,367,23966   
"MA",1856,369,82614   
"MA",1856,380,7290    
"MA",1856,391,2500    
"MA",1856,398,59339   
"MA",1856,401,152448  
"MA",1856,411,327067  
"MA",1856,412,1640    
"MA",1856,413,665653  
"MA",1856,414,6984    
"MA",1857,310,300     
"MA",1857,316,3572    
"MA",1857,320,253824  
"MA",1857,322,23595   
"MA",1857,323,174130  
"MA",1857,333,1595000 
"MA",1857,343,72612   
"MA",1857,345,77768   
"MA",1857,350,1118    
"MA",1857,351,22225   
"MA",1857,360,120245  
"MA",1857,361,217613  
"MA",1857,363,29116   
"MA",1857,365,128280  
"MA",1857,366,10421   
"MA",1857,367,100     
"MA",1857,369,48035   
"MA",1857,380,7886    
"MA",1857,391,2847    
"MA",1857,395,5177    
"MA",1857,398,64933   
"MA",1857,400,71977   
"MA",1857,401,129233  
"MA",1857,411,560615  
"MA",1857,412,1640    
"MA",1857,413,1039000 
"MA",1857,414,6975    
"MA",1858,310,28909   
"MA",1858,311,9398    
"MA",1858,313,13500   
"MA",1858,316,2685    
"MA",1858,320,213700  
"MA",1858,322,47703   
"MA",1858,323,73675   
"MA",1858,333,150000  
"MA",1858,343,82921   
"MA",1858,345,74021   
"MA",1858,350,17329   
"MA",1858,351,13140   
"MA",1858,360,2839    
"MA",1858,361,6880    
"MA",1858,365,286075  
"MA",1858,366,925     
"MA",1858,369,22987   
"MA",1858,380,5088    
"MA",1858,390,4000    
"MA",1858,398,27283   
"MA",1858,400,55590   
"MA",1858,401,82266   
"MA",1858,411,229725  
"MA",1858,412,1640    
"MA",1858,413,611500  
"MA",1858,414,4476    
"MA",1859,316,2763    
"MA",1859,320,318226  
"MA",1859,333,50937   
"MA",1859,343,262378  
"MA",1859,345,69521   
"MA",1859,350,96424   
"MA",1859,351,26017   
"MA",1859,353,160     
"MA",1859,360,200     
"MA",1859,361,282743  
"MA",1859,362,13915   
"MA",1859,363,102723  
"MA",1859,365,5010    
"MA",1859,367,63727   
"MA",1859,369,49374   
"MA",1859,380,5909    
"MA",1859,398,93822   
"MA",1859,400,83796   
"MA",1859,411,460354  
"MA",1859,412,298000  
"MA",1859,413,780000  
"MA",1859,414,7212    
"MA",1860,310,41053   
"MA",1860,311,22000   
"MA",1860,316,2878    
"MA",1860,320,256685  
"MA",1860,322,29018   
"MA",1860,333,2341    
"MA",1860,334,2499    
"MA",1860,340,182038  
"MA",1860,345,68824   
"MA",1860,350,281     
"MA",1860,351,29438   
"MA",1860,361,153554  
"MA",1860,362,16982   
"MA",1860,363,122397  
"MA",1860,365,21304   
"MA",1860,366,15255   
"MA",1860,367,82678   
"MA",1860,369,58219   
"MA",1860,380,4703    
"MA",1860,398,14686   
"MA",1860,400,46107   
"MA",1860,401,117816  
"MA",1860,410,5800    
"MA",1860,411,1157778 
"MA",1860,412,1740    
"MA",1860,413,870147  
"MA",1860,414,7980    
"MA",1861,311,45436   
"MA",1861,320,306611  
"MA",1861,333,18905   
"MA",1861,334,4628    
"MA",1861,343,115318  
"MA",1861,345,95623   
"MA",1861,350,932     
"MA",1861,351,29288   
"MA",1861,360,24724   
"MA",1861,361,169983  
"MA",1861,362,17415   
"MA",1861,363,170881  
"MA",1861,364,193     
"MA",1861,365,12544   
"MA",1861,366,2226    
"MA",1861,367,57671   
"MA",1861,369,3985    
"MA",1861,380,5669    
"MA",1861,398,19597   
"MA",1861,400,117796  
"MA",1861,401,74836   
"MA",1861,411,6777267 
"MA",1861,413,774500  
"MA",1861,414,9844    
"MA",1861,440,48802   
"MA",1862,310,99806   
"MA",1862,316,2925    
"MA",1862,320,782950  
"MA",1862,333,1048    
"MA",1862,334,4914    
"MA",1862,343,154922  
"MA",1862,345,38466   
"MA",1862,350,52866   
"MA",1862,351,30882   
"MA",1862,360,22969   
"MA",1862,361,128506  
"MA",1862,362,19240   
"MA",1862,363,110834  
"MA",1862,364,8       
"MA",1862,365,714856  
"MA",1862,366,5579    
"MA",1862,367,15418   
"MA",1862,369,3309    
"MA",1862,380,5503    
"MA",1862,390,140     
"MA",1862,398,245719  
"MA",1862,400,340601  
"MA",1862,401,115380  
"MA",1862,410,52444   
"MA",1862,411,2926482 
"MA",1862,413,580000  
"MA",1862,414,8388    
"MA",1863,310,53689   
"MA",1863,313,2500    
"MA",1863,320,2076796 
"MA",1863,322,6657    
"MA",1863,333,1334    
"MA",1863,341,632     
"MA",1863,343,242585  
"MA",1863,345,1001376 
"MA",1863,350,893885  
"MA",1863,351,30461   
"MA",1863,360,19511   
"MA",1863,361,162377  
"MA",1863,362,26083   
"MA",1863,363,171694  
"MA",1863,365,15949   
"MA",1863,367,14970   
"MA",1863,369,7428    
"MA",1863,380,5738    
"MA",1863,395,23      
"MA",1863,398,4212449 
"MA",1863,400,407774  
"MA",1863,401,117689  
"MA",1863,411,2071629 
"MA",1863,412,553463  
"MA",1863,413,375000  
"MA",1863,414,8003    
"MA",1864,320,2717150 
"MA",1864,330,1192    
"MA",1864,333,38580   
"MA",1864,341,1019    
"MA",1864,343,185689  
"MA",1864,345,416490  
"MA",1864,351,43985   
"MA",1864,360,21675   
"MA",1864,361,231100  
"MA",1864,362,31355   
"MA",1864,363,171521  
"MA",1864,365,93986   
"MA",1864,367,16293   
"MA",1864,369,4064    
"MA",1864,380,6289    
"MA",1864,398,608090  
"MA",1864,400,463565  
"MA",1864,411,20208182
"MA",1864,414,8170    
"MA",1865,320,2694490 
"MA",1865,330,5571    
"MA",1865,341,429     
"MA",1865,343,244310  
"MA",1865,345,397333  
"MA",1865,350,983     
"MA",1865,351,53987   
"MA",1865,360,25785   
"MA",1865,361,287718  
"MA",1865,362,27699   
"MA",1865,363,172665  
"MA",1865,364,179     
"MA",1865,365,48242   
"MA",1865,367,21556   
"MA",1865,369,58693   
"MA",1865,380,7194    
"MA",1865,398,1169679 
"MA",1865,400,1369210 
"MA",1865,410,17318821
"MA",1865,411,3582    
"MA",1865,412,62      
"MA",1865,414,8550    
"MA",1866,310,56983   
"MA",1866,320,420503  
"MA",1866,330,1355    
"MA",1866,333,622981  
"MA",1866,334,2433    
"MA",1866,343,333602  
"MA",1866,345,1879965 
"MA",1866,350,135477  
"MA",1866,351,32337   
"MA",1866,360,24960   
"MA",1866,361,292435  
"MA",1866,362,26518   
"MA",1866,363,199919  
"MA",1866,364,3000    
"MA",1866,365,40588   
"MA",1866,367,23283   
"MA",1866,369,27334   
"MA",1866,380,9081    
"MA",1866,395,4996    
"MA",1866,398,1952376 
"MA",1866,400,1581373 
"MA",1866,401,158173  
"MA",1866,411,2532603 
"MA",1866,412,796619  
"MA",1866,413,2410743 
"MA",1866,414,2755007 
"MA",1867,310,10000   
"MA",1867,320,487928  
"MA",1867,330,45      
"MA",1867,334,18192   
"MA",1867,343,425825  
"MA",1867,345,1334099 
"MA",1867,351,34314   
"MA",1867,360,34192   
"MA",1867,361,333579  
"MA",1867,362,36279   
"MA",1867,363,222869  
"MA",1867,364,3500    
"MA",1867,365,40184   
"MA",1867,367,33155   
"MA",1867,369,5058    
"MA",1867,380,14691   
"MA",1867,395,1767    
"MA",1867,398,1202222 
"MA",1867,400,1434128 
"MA",1867,410,5845784 
"MA",1867,411,278980  
"MA",1867,414,3000    
"MA",1868,310,56828   
"MA",1868,313,90000   
"MA",1868,320,480755  
"MA",1868,330,8943    
"MA",1868,334,16798   
"MA",1868,343,357548  
"MA",1868,345,1254917 
"MA",1868,350,175     
"MA",1868,351,35133   
"MA",1868,360,30229   
"MA",1868,361,353318  
"MA",1868,362,35268   
"MA",1868,363,201014  
"MA",1868,364,3495    
"MA",1868,365,42543   
"MA",1868,367,289645  
"MA",1868,369,1577    
"MA",1868,380,12626   
"MA",1868,395,1809    
"MA",1868,398,1003222 
"MA",1868,400,1486372 
"MA",1868,410,11256714
"MA",1868,411,195044  
"MA",1869,310,153133  
"MA",1869,311,5000    
"MA",1869,313,79005   
"MA",1869,320,432845  
"MA",1869,322,352     
"MA",1869,330,49398   
"MA",1869,343,405400  
"MA",1869,345,1051464 
"MA",1869,350,546067  
"MA",1869,351,41846   
"MA",1869,360,27977   
"MA",1869,361,316125  
"MA",1869,362,38226   
"MA",1869,363,203302  
"MA",1869,364,3000    
"MA",1869,365,46779   
"MA",1869,367,99289   
"MA",1869,369,98686   
"MA",1869,380,17003   
"MA",1869,398,1233779 
"MA",1869,400,1073514 
"MA",1869,401,24475   
"MA",1869,410,2017726 
"MA",1869,411,828961  
"MA",1869,412,4892715 
"MA",1869,413,2032227 
"MA",1869,414,6126    
"MA",1870,310,25000   
"MA",1870,311,5000    
"MA",1870,313,75000   
"MA",1870,316,5781    
"MA",1870,320,454320  
"MA",1870,322,95000   
"MA",1870,323,100000  
"MA",1870,331,400     
"MA",1870,333,788001  
"MA",1870,343,394645  
"MA",1870,345,887683  
"MA",1870,350,3996    
"MA",1870,351,33221   
"MA",1870,360,33959   
"MA",1870,361,401117  
"MA",1870,362,32693   
"MA",1870,363,188787  
"MA",1870,365,75822   
"MA",1870,367,1467    
"MA",1870,369,69955   
"MA",1870,380,20927   
"MA",1870,398,1096533 
"MA",1870,400,1670100 
"MA",1870,410,5726682 
"MA",1870,413,2890145 
"MA",1871,310,174415  
"MA",1871,313,55000   
"MA",1871,316,5740    
"MA",1871,320,443616  
"MA",1871,330,827997  
"MA",1871,331,2643    
"MA",1871,333,1674309 
"MA",1871,334,2614    
"MA",1871,343,351716  
"MA",1871,345,900274  
"MA",1871,350,10013   
"MA",1871,351,38428   
"MA",1871,360,28186   
"MA",1871,361,315333  
"MA",1871,362,34834   
"MA",1871,363,217093  
"MA",1871,365,49788   
"MA",1871,367,68439   
"MA",1871,369,168043  
"MA",1871,380,324     
"MA",1871,398,1696309 
"MA",1871,400,1441827 
"MA",1871,401,75851   
"MA",1871,410,3681841 
"MA",1871,411,283654  
"MA",1871,412,2909901 
"MA",1871,413,1093500 
"MA",1872,310,88729   
"MA",1872,316,6160    
"MA",1872,320,407290  
"MA",1872,331,995926  
"MA",1872,336,577     
"MA",1872,342,1990    
"MA",1872,343,350881  
"MA",1872,345,749991  
"MA",1872,350,283923  
"MA",1872,351,33637   
"MA",1872,360,29954   
"MA",1872,361,367892  
"MA",1872,362,31449   
"MA",1872,363,232582  
"MA",1872,365,51016   
"MA",1872,367,27638   
"MA",1872,369,161775  
"MA",1872,398,1163425 
"MA",1872,400,1720389 
"MA",1872,401,62430   
"MA",1872,410,184686  
"MA",1872,411,7919188 
"MA",1872,412,454946  
"MA",1872,413,3075200 
"MA",1873,310,120834  
"MA",1873,316,6430    
"MA",1873,320,413616  
"MA",1873,331,1088    
"MA",1873,333,1163761 
"MA",1873,334,12025   
"MA",1873,342,49836   
"MA",1873,343,393261  
"MA",1873,345,772135  
"MA",1873,350,59080   
"MA",1873,351,34157   
"MA",1873,360,32421   
"MA",1873,361,318277  
"MA",1873,362,28567   
"MA",1873,363,253788  
"MA",1873,364,179     
"MA",1873,365,49137   
"MA",1873,366,2000    
"MA",1873,367,194989  
"MA",1873,369,184191  
"MA",1873,395,6566    
"MA",1873,398,1792896 
"MA",1873,400,1578052 
"MA",1873,401,65758   
"MA",1873,411,2876267 
"MA",1873,412,624749  
"MA",1874,310,44694   
"MA",1874,320,510118  
"MA",1874,323,146295  
"MA",1874,331,150     
"MA",1874,333,1711202 
"MA",1874,334,148827  
"MA",1874,341,308     
"MA",1874,343,414947  
"MA",1874,345,935706  
"MA",1874,351,56375   
"MA",1874,360,33689   
"MA",1874,361,322590  
"MA",1874,362,30337   
"MA",1874,363,285353  
"MA",1874,365,52128   
"MA",1874,367,477984  
"MA",1874,369,188738  
"MA",1874,395,4511    
"MA",1874,398,2068374 
"MA",1874,400,1783445 
"MA",1874,401,38342   
"MA",1874,411,1846476 
"MA",1874,412,676874  
"MA",1875,310,161743  
"MA",1875,316,6997    
"MA",1875,320,383965  
"MA",1875,323,1061910 
"MA",1875,331,300     
"MA",1875,333,1702214 
"MA",1875,334,196890  
"MA",1875,341,438     
"MA",1875,343,454111  
"MA",1875,345,361006  
"MA",1875,350,106677  
"MA",1875,351,39478   
"MA",1875,360,33967   
"MA",1875,361,326762  
"MA",1875,362,28875   
"MA",1875,363,310538  
"MA",1875,365,56991   
"MA",1875,367,140290  
"MA",1875,369,226279  
"MA",1875,395,349     
"MA",1875,398,2354045 
"MA",1875,400,1863992 
"MA",1875,401,25722   
"MA",1875,411,2443872 
"MA",1875,412,427600  
"MA",1875,413,432000  
"MA",1876,310,118532  
"MA",1876,316,6726    
"MA",1876,320,348075  
"MA",1876,331,300     
"MA",1876,341,324     
"MA",1876,343,303929  
"MA",1876,345,187351  
"MA",1876,350,4448    
"MA",1876,351,40621   
"MA",1876,354,2997    
"MA",1876,360,27135   
"MA",1876,361,272889  
"MA",1876,362,32764   
"MA",1876,363,314828  
"MA",1876,365,51449   
"MA",1876,367,91621   
"MA",1876,369,239973  
"MA",1876,380,26098   
"MA",1876,395,13004   
"MA",1876,398,2083836 
"MA",1876,399,6761015 
"MA",1876,400,1934540 
"MA",1877,310,114785  
"MA",1877,316,5930    
"MA",1877,320,374730  
"MA",1877,322,278     
"MA",1877,333,216     
"MA",1877,341,525     
"MA",1877,345,169573  
"MA",1877,350,411     
"MA",1877,351,38720   
"MA",1877,360,24158   
"MA",1877,361,265639  
"MA",1877,362,31609   
"MA",1877,363,315247  
"MA",1877,364,429     
"MA",1877,365,46866   
"MA",1877,367,97465   
"MA",1877,369,193716  
"MA",1877,380,24633   
"MA",1877,398,2250356 
"MA",1877,399,3246368 
"MA",1877,400,1801085 
"MA",1877,412,30756   
"MA",1878,310,109085  
"MA",1878,316,6720    
"MA",1878,320,417063  
"MA",1878,322,1495    
"MA",1878,331,600     
"MA",1878,333,67192   
"MA",1878,334,28509   
"MA",1878,341,608     
"MA",1878,343,413489  
"MA",1878,345,156783  
"MA",1878,350,182     
"MA",1878,351,23604   
"MA",1878,360,23069   
"MA",1878,361,254645  
"MA",1878,362,25829   
"MA",1878,363,204743  
"MA",1878,364,58      
"MA",1878,365,46985   
"MA",1878,367,136749  
"MA",1878,369,173817  
"MA",1878,380,24025   
"MA",1878,398,1819123 
"MA",1878,400,1704054 
"MA",1879,310,106700  
"MA",1879,316,7016    
"MA",1879,320,455761  
"MA",1879,322,2089    
"MA",1879,331,300     
"MA",1879,333,84372   
"MA",1879,334,78845   
"MA",1879,341,834     
"MA",1879,343,358911  
"MA",1879,345,130951  
"MA",1879,351,52391   
"MA",1879,360,18341   
"MA",1879,361,197485  
"MA",1879,362,21207   
"MA",1879,363,189367  
"MA",1879,365,43290   
"MA",1879,367,137610  
"MA",1879,369,118758  
"MA",1879,380,20474   
"MA",1879,398,2019271 
"MA",1879,399,3081162 
"MA",1879,400,1663277 
"MA",1879,412,18641   
"MA",1880,310,82907   
"MA",1880,316,7617    
"MA",1880,320,417225  
"MA",1880,331,300     
"MA",1880,333,184327  
"MA",1880,334,9440    
"MA",1880,341,560     
"MA",1880,343,337247  
"MA",1880,345,245210  
"MA",1880,351,20493   
"MA",1880,360,19060   
"MA",1880,361,196966  
"MA",1880,362,19568   
"MA",1880,363,182869  
"MA",1880,365,40309   
"MA",1880,367,90663   
"MA",1880,369,121737  
"MA",1880,380,18520   
"MA",1880,398,2447837 
"MA",1880,399,3322363 
"MA",1880,400,1688600 
"MA",1880,412,220000  
"MA",1880,413,641000  
"MA",1881,310,98849   
"MA",1881,316,8293    
"MA",1881,320,461180  
"MA",1881,331,300     
"MA",1881,333,528263  
"MA",1881,341,255     
"MA",1881,343,331852  
"MA",1881,345,151105  
"MA",1881,350,406     
"MA",1881,351,25358   
"MA",1881,360,18793   
"MA",1881,361,281908  
"MA",1881,362,19187   
"MA",1881,363,184129  
"MA",1881,365,42170   
"MA",1881,367,146382  
"MA",1881,369,113572  
"MA",1881,380,18610   
"MA",1881,398,2680993 
"MA",1881,399,6025104 
"MA",1881,400,1174    
"MA",1881,411,100000  
"MA",1881,412,2060539 
"MA",1881,413,840312  
"MA",1881,414,229     
"MA",1882,310,92409   
"MA",1882,316,8124    
"MA",1882,320,520508  
"MA",1882,331,300     
"MA",1882,333,456278  
"MA",1882,334,19610   
"MA",1882,336,5001    
"MA",1882,341,594     
"MA",1882,343,315620  
"MA",1882,345,157220  
"MA",1882,351,25051   
"MA",1882,354,1999    
"MA",1882,360,20659   
"MA",1882,361,227448  
"MA",1882,362,18894   
"MA",1882,363,196227  
"MA",1882,365,52195   
"MA",1882,367,122887  
"MA",1882,369,127738  
"MA",1882,380,18780   
"MA",1882,398,2707218 
"MA",1882,400,70193   
"MA",1882,401,1582734 
"MA",1882,413,850000  
"MA",1883,310,92744   
"MA",1883,316,8107    
"MA",1883,320,472082  
"MA",1883,331,300     
"MA",1883,333,505361  
"MA",1883,334,31040   
"MA",1883,341,268     
"MA",1883,343,303971  
"MA",1883,345,159887  
"MA",1883,351,41839   
"MA",1883,360,21166   
"MA",1883,361,233009  
"MA",1883,362,20384   
"MA",1883,363,196794  
"MA",1883,365,48749   
"MA",1883,367,240850  
"MA",1883,369,129259  
"MA",1883,380,17618   
"MA",1883,398,2609068 
"MA",1883,400,1006    
"MA",1883,401,1630239 
"MA",1883,411,100000  
"MA",1883,412,1075000 
"MA",1883,413,710009  
"MA",1883,414,27763   
"MA",1884,310,92311   
"MA",1884,316,8085    
"MA",1884,320,475865  
"MA",1884,322,478     
"MA",1884,331,300     
"MA",1884,333,610537  
"MA",1884,334,39243   
"MA",1884,341,262     
"MA",1884,343,299077  
"MA",1884,345,197597  
"MA",1884,350,25373   
"MA",1884,351,41774   
"MA",1884,360,21481   
"MA",1884,361,270784  
"MA",1884,362,19934   
"MA",1884,363,200348  
"MA",1884,364,209     
"MA",1884,365,51334   
"MA",1884,367,335765  
"MA",1884,369,176138  
"MA",1884,380,19821   
"MA",1884,398,2793109 
"MA",1884,400,1621370 
"MA",1884,412,4000    
"MA",1884,413,1100000 
"MA",1885,310,91046   
"MA",1885,316,9873    
"MA",1885,320,499087  
"MA",1885,322,122     
"MA",1885,331,300     
"MA",1885,333,1970840 
"MA",1885,334,18117   
"MA",1885,341,25      
"MA",1885,343,483476  
"MA",1885,345,202148  
"MA",1885,350,13500   
"MA",1885,351,49950   
"MA",1885,360,21266   
"MA",1885,361,265460  
"MA",1885,362,22110   
"MA",1885,363,200574  
"MA",1885,365,53248   
"MA",1885,367,314511  
"MA",1885,369,294053  
"MA",1885,380,18179   
"MA",1885,398,1784130 
"MA",1885,400,1615057 
"MA",1885,411,160000  
"MA",1885,413,1100000 
"MA",1886,310,87948   
"MA",1886,316,9177    
"MA",1886,320,573034  
"MA",1886,322,1266    
"MA",1886,331,300     
"MA",1886,333,384844  
"MA",1886,334,42227   
"MA",1886,341,18      
"MA",1886,343,461771  
"MA",1886,345,194498  
"MA",1886,350,7500    
"MA",1886,351,56086   
"MA",1886,360,23299   
"MA",1886,361,294015  
"MA",1886,362,21273   
"MA",1886,363,207385  
"MA",1886,365,52833   
"MA",1886,367,440833  
"MA",1886,369,300412  
"MA",1886,380,19422   
"MA",1886,390,15329   
"MA",1886,398,3009242 
"MA",1886,400,1616970 
"MA",1886,401,109929  
"MA",1886,411,135000  
"MA",1886,412,3000    
"MA",1886,413,1250000 
"MA",1887,290,7519    
"MA",1887,310,92407   
"MA",1887,311,7706    
"MA",1887,316,9920    
"MA",1887,320,665481  
"MA",1887,322,26456   
"MA",1887,331,300     
"MA",1887,333,74853   
"MA",1887,334,26442   
"MA",1887,341,8       
"MA",1887,342,1513    
"MA",1887,343,491365  
"MA",1887,345,197041  
"MA",1887,350,4000    
"MA",1887,351,40452   
"MA",1887,354,5394    
"MA",1887,360,24724   
"MA",1887,361,301497  
"MA",1887,362,22033   
"MA",1887,363,213338  
"MA",1887,365,50934   
"MA",1887,367,375624  
"MA",1887,369,302545  
"MA",1887,381,621     
"MA",1887,390,9112    
"MA",1887,398,3098248 
"MA",1887,400,1746579 
"MA",1887,401,690143  
"MA",1887,411,135000  
"MA",1887,413,2450000 
"MA",1887,414,37      
"MA",1888,310,92957   
"MA",1888,316,10791   
"MA",1888,320,694910  
"MA",1888,322,35609   
"MA",1888,331,300     
"MA",1888,333,23391   
"MA",1888,334,23511   
"MA",1888,342,8419    
"MA",1888,343,659847  
"MA",1888,345,273533  
"MA",1888,350,14634   
"MA",1888,351,45852   
"MA",1888,354,20058   
"MA",1888,360,24974   
"MA",1888,361,311750  
"MA",1888,362,21835   
"MA",1888,363,232050  
"MA",1888,365,53994   
"MA",1888,367,233650  
"MA",1888,369,241240  
"MA",1888,380,22019   
"MA",1888,381,500     
"MA",1888,390,42677   
"MA",1888,398,3869778 
"MA",1888,400,1458729 
"MA",1888,401,806839  
"MA",1888,411,70000   
"MA",1888,412,3078061 
"MA",1888,413,1800000 
"MA",1889,310,160569  
"MA",1889,316,10800   
"MA",1889,320,59253   
"MA",1889,321,491115  
"MA",1889,322,8256    
"MA",1889,323,66485   
"MA",1889,331,300     
"MA",1889,333,12593   
"MA",1889,334,23380   
"MA",1889,336,7769    
"MA",1889,342,8862    
"MA",1889,343,749389  
"MA",1889,345,204428  
"MA",1889,350,60885   
"MA",1889,351,82877   
"MA",1889,354,1643    
"MA",1889,360,26721   
"MA",1889,361,315018  
"MA",1889,362,22347   
"MA",1889,363,255522  
"MA",1889,364,287     
"MA",1889,365,61841   
"MA",1889,367,374744  
"MA",1889,369,361608  
"MA",1889,381,500     
"MA",1889,390,32727   
"MA",1889,398,3382334 
"MA",1889,400,1549949 
"MA",1889,401,2482037 
"MA",1889,411,135000  
"MA",1889,412,2993463 
"MA",1889,413,2605419 
"MA",1890,310,127654  
"MA",1890,316,11304   
"MA",1890,320,67789   
"MA",1890,321,554624  
"MA",1890,322,10454   
"MA",1890,331,300     
"MA",1890,333,2073    
"MA",1890,334,16908   
"MA",1890,341,613     
"MA",1890,342,20577   
"MA",1890,343,777333  
"MA",1890,345,289117  
"MA",1890,350,3000    
"MA",1890,351,85042   
"MA",1890,360,28108   
"MA",1890,361,314914  
"MA",1890,362,23965   
"MA",1890,363,251086  
"MA",1890,365,56779   
"MA",1890,367,605317  
"MA",1890,369,307822  
"MA",1890,380,24729   
"MA",1890,381,500     
"MA",1890,390,26831   
"MA",1890,398,3283454 
"MA",1890,399,8009    
"MA",1890,400,1523557 
"MA",1890,401,686177  
"MA",1890,411,187000  
"MA",1890,412,614466  
"MA",1890,413,1572000 
"MA",1891,311,147823  
"MA",1891,316,12073   
"MA",1891,320,38370   
"MA",1891,321,592227  
"MA",1891,322,10387   
"MA",1891,323,14250   
"MA",1891,331,300     
"MA",1891,333,100065  
"MA",1891,334,14621   
"MA",1891,341,4916    
"MA",1891,342,20963   
"MA",1891,343,810544  
"MA",1891,345,236700  
"MA",1891,350,758     
"MA",1891,351,100898  
"MA",1891,360,28589   
"MA",1891,361,312988  
"MA",1891,362,28542   
"MA",1891,363,255737  
"MA",1891,364,1675    
"MA",1891,365,36416   
"MA",1891,367,555454  
"MA",1891,369,442862  
"MA",1891,381,336     
"MA",1891,390,703421  
"MA",1891,398,3763418 
"MA",1891,400,1586492 
"MA",1891,411,80000   
"MA",1891,412,6553747 
"MA",1891,413,2500000 
"MA",1892,310,180981  
"MA",1892,311,66000   
"MA",1892,316,13033   
"MA",1892,320,10854   
"MA",1892,321,556783  
"MA",1892,322,8884    
"MA",1892,323,68718   
"MA",1892,330,21038   
"MA",1892,331,7590    
"MA",1892,333,2645    
"MA",1892,334,15042   
"MA",1892,342,19940   
"MA",1892,343,830777  
"MA",1892,345,229445  
"MA",1892,351,94800   
"MA",1892,354,18366   
"MA",1892,360,29223   
"MA",1892,361,343498  
"MA",1892,362,28908   
"MA",1892,363,279160  
"MA",1892,364,55      
"MA",1892,365,60940   
"MA",1892,367,515523  
"MA",1892,368,3461    
"MA",1892,369,433614  
"MA",1892,380,26659   
"MA",1892,381,300     
"MA",1892,390,112565  
"MA",1892,398,4012777 
"MA",1892,399,998     
"MA",1892,400,1439972 
"MA",1892,401,372287  
"MA",1892,411,322205  
"MA",1892,413,1800000 
"MA",1893,310,210667  
"MA",1893,311,19000   
"MA",1893,316,212     
"MA",1893,320,19401   
"MA",1893,321,668078  
"MA",1893,322,47627   
"MA",1893,331,8538    
"MA",1893,334,11632   
"MA",1893,342,20593   
"MA",1893,343,859297  
"MA",1893,345,239673  
"MA",1893,351,91463   
"MA",1893,354,30511   
"MA",1893,360,33055   
"MA",1893,361,356221  
"MA",1893,362,33595   
"MA",1893,363,296032  
"MA",1893,364,3010    
"MA",1893,365,64604   
"MA",1893,367,490082  
"MA",1893,369,581899  
"MA",1893,381,400     
"MA",1893,390,109978  
"MA",1893,398,4023705 
"MA",1893,400,1503233 
"MA",1893,401,369854  
"MA",1893,411,292039  
"MA",1893,412,1113000 
"MA",1893,413,1150000 
"MA",1893,416,13571   
"MA",1894,310,257039  
"MA",1894,311,150000  
"MA",1894,316,14625   
"MA",1894,320,19247   
"MA",1894,321,688408  
"MA",1894,322,48035   
"MA",1894,331,800     
"MA",1894,333,800     
"MA",1894,334,11069   
"MA",1894,341,1974    
"MA",1894,342,33024   
"MA",1894,343,869757  
"MA",1894,345,259536  
"MA",1894,351,70870   
"MA",1894,354,25779   
"MA",1894,355,27269   
"MA",1894,360,55235   
"MA",1894,361,363809  
"MA",1894,362,37146   
"MA",1894,363,313799  
"MA",1894,364,2483    
"MA",1894,365,64286   
"MA",1894,367,798187  
"MA",1894,368,500     
"MA",1894,369,571411  
"MA",1894,380,29839   
"MA",1894,381,300     
"MA",1894,390,29635   
"MA",1894,396,3653    
"MA",1894,398,3857728 
"MA",1894,400,1361900 
"MA",1894,401,3500014 
"MA",1894,411,275744  
"MA",1894,412,9628649 
"MA",1894,413,1600000 
"MA",1895,311,390361  
"MA",1895,316,14550   
"MA",1895,320,8598    
"MA",1895,321,735047  
"MA",1895,322,56876   
"MA",1895,323,2000    
"MA",1895,331,800     
"MA",1895,333,88      
"MA",1895,334,7595    
"MA",1895,342,58052   
"MA",1895,343,917073  
"MA",1895,345,228595  
"MA",1895,351,79219   
"MA",1895,354,68052   
"MA",1895,355,7002    
"MA",1895,360,53963   
"MA",1895,361,345609  
"MA",1895,362,35757   
"MA",1895,363,319703  
"MA",1895,364,5       
"MA",1895,365,70735   
"MA",1895,367,557786  
"MA",1895,369,953845  
"MA",1895,381,300     
"MA",1895,390,20239   
"MA",1895,398,3904216 
"MA",1895,400,1158560 
"MA",1895,401,1813258 
"MA",1895,411,206479  
"MA",1895,412,6546347 
"MA",1895,413,1500000 
"MA",1896,311,439960  
"MA",1896,316,14362   
"MA",1896,320,81478   
"MA",1896,322,733358  
"MA",1896,331,12745   
"MA",1896,334,86811   
"MA",1896,342,49625   
"MA",1896,343,1044564 
"MA",1896,345,1033686 
"MA",1896,351,75833   
"MA",1896,354,134838  
"MA",1896,360,49072   
"MA",1896,361,368166  
"MA",1896,362,32423   
"MA",1896,363,326193  
"MA",1896,364,12500   
"MA",1896,365,71424   
"MA",1896,367,873480  
"MA",1896,369,863190  
"MA",1896,380,38154   
"MA",1896,381,300     
"MA",1896,390,2302    
"MA",1896,398,3330057 
"MA",1896,399,137650  
"MA",1896,400,1279127 
"MA",1896,401,132004  
"MA",1896,411,53350   
"MA",1896,412,794000  
"MA",1896,413,3385000 
"MA",1897,310,304294  
"MA",1897,311,152000  
"MA",1897,316,16763   
"MA",1897,320,3743    
"MA",1897,321,816048  
"MA",1897,322,58440   
"MA",1897,331,12817   
"MA",1897,334,78386   
"MA",1897,342,10000   
"MA",1897,343,1063515 
"MA",1897,345,1024590 
"MA",1897,351,87454   
"MA",1897,354,117016  
"MA",1897,360,45876   
"MA",1897,361,366454  
"MA",1897,362,35399   
"MA",1897,363,353303  
"MA",1897,365,79391   
"MA",1897,367,713814  
"MA",1897,369,840036  
"MA",1897,380,41119   
"MA",1897,381,281     
"MA",1897,390,16409   
"MA",1897,398,3354255 
"MA",1897,399,156926  
"MA",1897,400,1816622 
"MA",1897,401,147139  
"MA",1897,411,20344   
"MA",1897,412,1092787 
"MA",1897,413,2079737 
"MA",1898,310,346617  
"MA",1898,311,193000  
"MA",1898,316,15804   
"MA",1898,320,4285    
"MA",1898,321,912765  
"MA",1898,322,59062   
"MA",1898,331,800     
"MA",1898,333,70399   
"MA",1898,334,19239   
"MA",1898,342,10000   
"MA",1898,343,1314201 
"MA",1898,345,1206991 
"MA",1898,351,81890   
"MA",1898,354,186093  
"MA",1898,360,44348   
"MA",1898,361,359642  
"MA",1898,362,32171   
"MA",1898,363,360572  
"MA",1898,364,5000    
"MA",1898,365,82492   
"MA",1898,367,651223  
"MA",1898,369,619815  
"MA",1898,380,47457   
"MA",1898,381,200     
"MA",1898,390,16636   
"MA",1898,398,3180945 
"MA",1898,399,190590  
"MA",1898,400,2058646 
"MA",1898,401,116066  
"MA",1898,411,116708  
"MA",1898,412,5000    
"MA",1898,413,3000000 
"MA",1899,310,373840  
"MA",1899,311,180000  
"MA",1899,316,17201   
"MA",1899,320,7703    
"MA",1899,321,994094  
"MA",1899,322,62834   
"MA",1899,323,19460   
"MA",1899,331,14451   
"MA",1899,333,84625   
"MA",1899,334,74773   
"MA",1899,342,44311   
"MA",1899,343,1456753 
"MA",1899,345,1194037 
"MA",1899,351,84720   
"MA",1899,353,73031   
"MA",1899,354,151805  
"MA",1899,360,45568   
"MA",1899,361,344701  
"MA",1899,362,43319   
"MA",1899,363,314575  
"MA",1899,364,500     
"MA",1899,365,91137   
"MA",1899,367,516579  
"MA",1899,369,503314  
"MA",1899,380,46431   
"MA",1899,381,200     
"MA",1899,390,15070   
"MA",1899,398,4786996 
"MA",1899,399,212034  
"MA",1899,400,2385105 
"MA",1899,401,3592335 
"MA",1899,411,25814   
"MA",1899,413,2450000 
"MA",1900,310,396049  
"MA",1900,311,231015  
"MA",1900,316,54608   
"MA",1900,320,14266   
"MA",1900,321,1014800 
"MA",1900,322,72134   
"MA",1900,323,23762   
"MA",1900,331,13086   
"MA",1900,333,88767   
"MA",1900,334,70020   
"MA",1900,340,11276   
"MA",1900,342,44803   
"MA",1900,343,1388066 
"MA",1900,345,1203573 
"MA",1900,351,86708   
"MA",1900,354,165893  
"MA",1900,360,45003   
"MA",1900,361,369171  
"MA",1900,362,30674   
"MA",1900,363,396156  
"MA",1900,365,85074   
"MA",1900,367,473244  
"MA",1900,369,756553  
"MA",1900,380,47866   
"MA",1900,381,200     
"MA",1900,390,50702   
"MA",1900,398,4554624 
"MA",1900,399,19860   
"MA",1900,400,2384594 
"MA",1900,411,362846  
"MA",1900,412,3638598 
"MA",1900,413,3300000 
