"WV",1872,1,741536.14    
"WV",1873,1,679689.74    
"WV",1874,1,695951.14    
"WV",1877,1,577460.43    
"WV",1878,1,693276.29    
"WV",1879,1,679297.41    
"WV",1880,1,624798.29    
"WV",1881,1,685128.44    
"WV",1882,1,832561.43565 
"WV",1885,1,735499.23    
"WV",1886,1,1142541.46   
"WV",1887,1,1239701.2    
"WV",1888,1,1152431.92   
"WV",1889,1,1133507.6    
"WV",1890,1,1218038.55   
"WV",1891,1,1268181.19   
"WV",1892,1,1257908.03   
"WV",1893,1,1491565.26   
"WV",1894,1,1496319.95   
"WV",1895,1,4381809.88   
"WV",1896,1,1514879.45   
"WV",1897,1,1742893.31   
"WV",1898,1,1824624.07   
"WV",1899,1,1838493.04   
"WV",1900,1,1805720.95   
"WV",1901,1,2188805.37   
"WV",1902,1,2292162.1    
"WV",1903,1,2680984.36   
"WV",1904,1,2319500.96   
"WV",1905,1,2898191.38   
"WV",1906,1,2790413.85   
"WV",1907,1,3786429.37   
"WV",1908,1,3710580.15   
"WV",1909,1,4725739.48   
"WV",1910,1,3693446.37   
"WV",1911,1,4961973.7    
"WV",1912,1,5016916.55   
"WV",1913,1,3885472.16   
"WV",1914,1,6564791.68   
"WV",1872,11,587975.13   
"WV",1872,14,3400.47     
"WV",1872,18,70181.19    
"WV",1872,19,77          
"WV",1872,22,4361.41     
"WV",1872,26,385.56      
"WV",1872,29,75155.38    
"WV",1873,11,479727.82   
"WV",1873,12,62878.51    
"WV",1873,14,5936.7      
"WV",1873,18,56904.53    
"WV",1873,19,38.43       
"WV",1873,22,3250.53     
"WV",1873,29,70953.22    
"WV",1874,11,463372.26   
"WV",1874,12,67637.01    
"WV",1874,14,6933.06     
"WV",1874,18,48581.87    
"WV",1874,19,106.7       
"WV",1874,22,3358.93     
"WV",1874,24,4674.8      
"WV",1874,29,101286.51   
"WV",1877,11,437162.79   
"WV",1877,13,4902.57     
"WV",1877,14,8154.45     
"WV",1877,18,31871.27    
"WV",1877,19,41.34       
"WV",1877,22,4967.52     
"WV",1877,29,90360.49    
"WV",1878,11,497671.59   
"WV",1878,12,1234.88     
"WV",1878,13,4309.49     
"WV",1878,14,10279.62    
"WV",1878,18,56141.51    
"WV",1878,22,6526.23     
"WV",1878,29,117112.97   
"WV",1879,11,493121.28   
"WV",1879,13,4506.17     
"WV",1879,14,9419.53     
"WV",1879,18,36142.51    
"WV",1879,19,57.23       
"WV",1879,22,3392.64     
"WV",1879,29,132658.05   
"WV",1880,11,451152.26   
"WV",1880,13,4718.24     
"WV",1880,14,32547.33    
"WV",1880,18,41851       
"WV",1880,19,65.96       
"WV",1880,22,3324.22     
"WV",1880,29,91139.28    
"WV",1881,11,424476.45   
"WV",1881,14,49421.28    
"WV",1881,18,48924.93    
"WV",1881,19,90.21       
"WV",1881,22,3921.9      
"WV",1881,26,770         
"WV",1881,29,157523.67   
"WV",1882,11,513850.46   
"WV",1882,14,61519.32    
"WV",1882,18,31479.38    
"WV",1882,19,158.11      
"WV",1882,22,22786.22    
"WV",1882,26,565         
"WV",1882,29,202202.94565
"WV",1885,11,415079.91   
"WV",1885,14,113644.48   
"WV",1885,18,38292.62    
"WV",1885,19,204.07      
"WV",1885,22,7431.08     
"WV",1885,26,60          
"WV",1885,29,160787.07   
"WV",1886,11,735587.18   
"WV",1886,14,226783.13   
"WV",1886,18,82790.92    
"WV",1886,19,302.87      
"WV",1886,22,19323.91    
"WV",1886,26,10          
"WV",1886,29,77743.45    
"WV",1887,11,723908.4    
"WV",1887,14,238160.33   
"WV",1887,18,127649.58   
"WV",1887,19,258         
"WV",1887,22,12486.55    
"WV",1887,26,30          
"WV",1887,29,137208.34   
"WV",1888,11,666403.65   
"WV",1888,12,36.24       
"WV",1888,14,236242.54   
"WV",1888,18,94195.36    
"WV",1888,19,484         
"WV",1888,22,13197.64    
"WV",1888,26,30          
"WV",1888,29,141842.49   
"WV",1889,11,593990.29   
"WV",1889,12,69.44       
"WV",1889,14,245846.92   
"WV",1889,18,173053.02   
"WV",1889,19,330         
"WV",1889,22,12063.92    
"WV",1889,26,220         
"WV",1889,29,104767.55   
"WV",1889,39,3166.46     
"WV",1890,11,718475.26   
"WV",1890,12,245         
"WV",1890,14,274782.33   
"WV",1890,18,138371.55   
"WV",1890,19,470         
"WV",1890,22,23350.26    
"WV",1890,26,120         
"WV",1890,29,62224.15    
"WV",1891,11,644297.04   
"WV",1891,12,314.08      
"WV",1891,14,331533.6    
"WV",1891,18,197315.57   
"WV",1891,19,860         
"WV",1891,22,14283.85    
"WV",1891,26,30          
"WV",1891,27,6378.69     
"WV",1891,29,73168.36    
"WV",1892,11,613429.3    
"WV",1892,12,1004.48     
"WV",1892,14,313899.35   
"WV",1892,18,170611.62   
"WV",1892,19,390         
"WV",1892,22,13915.28    
"WV",1892,26,550.36      
"WV",1892,29,116238.07   
"WV",1892,99,27869.57    
"WV",1893,11,749502.29   
"WV",1893,12,4656.09     
"WV",1893,14,328722.6    
"WV",1893,18,295881.08   
"WV",1893,19,1240        
"WV",1893,22,23258.79    
"WV",1893,26,40          
"WV",1893,29,88264.41    
"WV",1894,11,785096.47   
"WV",1894,12,6621.94     
"WV",1894,14,409227.49   
"WV",1894,18,202566.21   
"WV",1894,22,12503.07    
"WV",1894,26,50          
"WV",1894,29,80254.77    
"WV",1895,11,3655653.08  
"WV",1895,12,1026.12     
"WV",1895,14,411947.49   
"WV",1895,18,185922.73   
"WV",1895,19,35231.91    
"WV",1895,22,15256.88    
"WV",1895,26,200         
"WV",1895,29,76571.67    
"WV",1896,11,750091.17   
"WV",1896,12,1436.32     
"WV",1896,14,424249.28   
"WV",1896,18,212272.14   
"WV",1896,22,9194.56     
"WV",1896,26,760         
"WV",1896,29,116875.98   
"WV",1897,11,790748.58   
"WV",1897,12,1813.23     
"WV",1897,14,432963      
"WV",1897,18,342554.86   
"WV",1897,19,442         
"WV",1897,22,26322.96    
"WV",1897,26,510.63      
"WV",1897,29,147538.05   
"WV",1898,11,835689.6    
"WV",1898,12,2506.53     
"WV",1898,14,439327.23   
"WV",1898,18,313327.02   
"WV",1898,19,4149.14     
"WV",1898,22,58489.6     
"WV",1898,26,2916.4      
"WV",1898,29,168218.55   
"WV",1899,11,718275.4    
"WV",1899,12,15503.07    
"WV",1899,14,464115.22   
"WV",1899,18,332692.22   
"WV",1899,19,1595        
"WV",1899,22,14505.91    
"WV",1899,26,5985.75     
"WV",1899,29,285820.47   
"WV",1900,11,812877.76   
"WV",1900,12,3840.34     
"WV",1900,14,474021.2    
"WV",1900,18,359111.82   
"WV",1900,19,2182        
"WV",1900,22,17439.75    
"WV",1900,26,2079.43     
"WV",1900,29,134168.65   
"WV",1901,11,841516.84   
"WV",1901,12,2573.19     
"WV",1901,14,487985.79   
"WV",1901,18,687364.99   
"WV",1901,19,3040        
"WV",1901,22,16127.31    
"WV",1901,26,2648.93     
"WV",1901,29,147500.82   
"WV",1901,99,47.5        
"WV",1902,11,954696.1    
"WV",1902,12,6542.06     
"WV",1902,14,470721.49   
"WV",1902,18,618407.18   
"WV",1902,19,2331        
"WV",1902,22,26762.87    
"WV",1902,26,2950.35     
"WV",1902,29,209740.05   
"WV",1902,99,11          
"WV",1903,11,919666.75   
"WV",1903,12,1366.86     
"WV",1903,14,514898.87   
"WV",1903,18,846983.93   
"WV",1903,19,2742        
"WV",1903,22,35190.5     
"WV",1903,26,3222.28     
"WV",1903,29,356913.17   
"WV",1904,11,937770.25   
"WV",1904,12,6442.31     
"WV",1904,14,574228.55   
"WV",1904,18,631256.92   
"WV",1904,19,2003        
"WV",1904,22,42673.28    
"WV",1904,26,2416.16     
"WV",1904,29,122710.49   
"WV",1905,11,952318.51   
"WV",1905,12,10494.86    
"WV",1905,14,643705.05   
"WV",1905,18,1053540.71  
"WV",1905,19,2442        
"WV",1905,22,71838.16    
"WV",1905,26,1967.63     
"WV",1905,29,161884.46   
"WV",1906,11,817851.91   
"WV",1906,12,29052.1     
"WV",1906,14,638920.94   
"WV",1906,18,984114      
"WV",1906,19,3360        
"WV",1906,22,130219.01   
"WV",1906,26,2235.8      
"WV",1906,29,184660.09   
"WV",1907,11,690697.96   
"WV",1907,12,260909.51   
"WV",1907,14,1498525.94  
"WV",1907,18,661492.65   
"WV",1907,19,3269        
"WV",1907,22,121787.41   
"WV",1907,26,18297.45    
"WV",1907,29,531449.45   
"WV",1908,11,332811.33   
"WV",1908,12,254942.78   
"WV",1908,18,655944.18   
"WV",1908,19,2462        
"WV",1908,22,121180.97   
"WV",1908,26,10405.38    
"WV",1908,29,521932.87   
"WV",1908,99,1810900.64  
"WV",1909,11,330524.11   
"WV",1909,12,343130.83   
"WV",1909,14,1950781.77  
"WV",1909,18,1584259.36  
"WV",1909,19,2683        
"WV",1909,22,133529.1    
"WV",1909,26,15531.17    
"WV",1909,29,365300.14   
"WV",1910,11,411164.21   
"WV",1910,12,305607.31   
"WV",1910,14,1181604.23  
"WV",1910,18,1384385.88  
"WV",1910,19,4569        
"WV",1910,22,161521.15   
"WV",1910,26,12729.53    
"WV",1910,29,231865.06   
"WV",1911,11,427913.13   
"WV",1911,12,315597.06   
"WV",1911,14,2145036.65  
"WV",1911,18,1417884.3   
"WV",1911,19,2765.07     
"WV",1911,22,146714.84   
"WV",1911,26,13790.74    
"WV",1911,29,140059.12   
"WV",1911,99,352212.79   
"WV",1912,11,224137.01   
"WV",1912,12,364172.55   
"WV",1912,14,2221946.51  
"WV",1912,18,1397751.27  
"WV",1912,19,2745        
"WV",1912,22,163777.98   
"WV",1912,26,14127.17    
"WV",1912,29,215805.01   
"WV",1912,99,412454.05   
"WV",1913,11,2352985.3   
"WV",1913,12,228891.23   
"WV",1913,14,13343.22    
"WV",1913,18,614860.91   
"WV",1913,19,2112        
"WV",1913,22,117229.98   
"WV",1913,26,13296.31    
"WV",1913,29,247210.14   
"WV",1913,99,295543.07   
"WV",1914,11,3255068.31  
"WV",1914,12,512370.61   
"WV",1914,14,542718.42   
"WV",1914,18,1404059.33  
"WV",1914,19,3263        
"WV",1914,22,178487.11   
"WV",1914,26,17697.2     
"WV",1914,29,182901.73   
"WV",1914,99,468225.97   
"WV",1872,110,587975.13  
"WV",1872,140,1441.25    
"WV",1872,141,1959.22    
"WV",1872,181,70181.19   
"WV",1872,192,77         
"WV",1872,221,3939.36    
"WV",1872,222,422.05     
"WV",1872,266,385.56     
"WV",1872,290,5018.37    
"WV",1872,291,12812.31   
"WV",1872,292,12880      
"WV",1872,294,44444.7    
"WV",1873,110,479727.82  
"WV",1873,120,62878.51   
"WV",1873,140,307.63     
"WV",1873,141,4466.74    
"WV",1873,145,1162.33    
"WV",1873,181,56904.53   
"WV",1873,192,38.43      
"WV",1873,221,3198.33    
"WV",1873,222,52.2       
"WV",1873,290,1125.52    
"WV",1873,291,13807.52   
"WV",1873,292,16432      
"WV",1873,294,39588.18   
"WV",1874,110,463372.26  
"WV",1874,120,67637.01   
"WV",1874,140,5216.85    
"WV",1874,141,771.17     
"WV",1874,145,945.04     
"WV",1874,181,48581.87   
"WV",1874,192,106.7      
"WV",1874,221,3263.93    
"WV",1874,226,95         
"WV",1874,241,4674.8     
"WV",1874,290,1249.92    
"WV",1874,291,26809.13   
"WV",1874,292,10260      
"WV",1874,293,25925      
"WV",1874,294,37042.46   
"WV",1877,110,437162.79  
"WV",1877,132,4902.57    
"WV",1877,141,8154.45    
"WV",1877,181,31871.27   
"WV",1877,192,41.34      
"WV",1877,220,3491.4     
"WV",1877,221,1335.12    
"WV",1877,223,141        
"WV",1877,290,4303.4     
"WV",1877,291,10310.15   
"WV",1877,292,13600      
"WV",1877,293,40541.48   
"WV",1877,294,21605.46   
"WV",1878,110,497671.59  
"WV",1878,120,1234.88    
"WV",1878,132,4309.49    
"WV",1878,140,63.05      
"WV",1878,141,10216.57   
"WV",1878,181,56141.51   
"WV",1878,221,6136.23    
"WV",1878,227,390        
"WV",1878,290,114        
"WV",1878,291,20962.42   
"WV",1878,292,11330      
"WV",1878,293,55000      
"WV",1878,294,29706.55   
"WV",1879,110,493121.28  
"WV",1879,132,4506.17    
"WV",1879,141,9419.53    
"WV",1879,181,36142.51   
"WV",1879,192,57.23      
"WV",1879,221,2879.37    
"WV",1879,223,245        
"WV",1879,227,268.27     
"WV",1879,290,3266.28    
"WV",1879,291,17122.35   
"WV",1879,292,12862.5    
"WV",1879,293,64000      
"WV",1879,294,35406.92   
"WV",1880,110,451152.26  
"WV",1880,132,4718.24    
"WV",1880,141,32547.33   
"WV",1880,181,41851      
"WV",1880,192,65.96      
"WV",1880,221,3324.22    
"WV",1880,290,2270.93    
"WV",1880,291,11951.61   
"WV",1880,292,10300      
"WV",1880,293,40000      
"WV",1880,294,26616.74   
"WV",1881,110,424476.45  
"WV",1881,141,44970.3    
"WV",1881,143,4450.98    
"WV",1881,181,48924.93   
"WV",1881,192,90.21      
"WV",1881,221,2940.33    
"WV",1881,227,981.57     
"WV",1881,268,770        
"WV",1881,290,1707.65    
"WV",1881,291,36942.1    
"WV",1881,292,10470      
"WV",1881,293,80000      
"WV",1881,294,28403.92   
"WV",1882,110,513850.46  
"WV",1882,141,57698.62   
"WV",1882,143,3820.7     
"WV",1882,181,31479.38   
"WV",1882,192,158.11     
"WV",1882,221,4902.8     
"WV",1882,227,17883.42   
"WV",1882,268,565        
"WV",1882,290,22674.56565
"WV",1882,291,19696.79   
"WV",1882,292,15331.5    
"WV",1882,293,110000     
"WV",1882,294,34500.09   
"WV",1885,110,415079.91  
"WV",1885,141,107375.88  
"WV",1885,143,6268.6     
"WV",1885,181,38292.62   
"WV",1885,192,204.07     
"WV",1885,221,4007.86    
"WV",1885,227,3423.22    
"WV",1885,268,60         
"WV",1885,290,3962.91    
"WV",1885,291,14676.93   
"WV",1885,292,9806       
"WV",1885,293,110000     
"WV",1885,294,22341.23   
"WV",1886,110,735587.18  
"WV",1886,141,219889.68  
"WV",1886,143,6893.45    
"WV",1886,181,82790.92   
"WV",1886,192,302.87     
"WV",1886,221,11438.7    
"WV",1886,227,7885.21    
"WV",1886,268,10         
"WV",1886,290,3222.37    
"WV",1886,291,37256.9    
"WV",1886,292,6931       
"WV",1886,293,10000      
"WV",1886,294,20333.18   
"WV",1887,110,723908.4   
"WV",1887,141,231289.6   
"WV",1887,143,6870.73    
"WV",1887,181,127649.58  
"WV",1887,192,258        
"WV",1887,221,9838.98    
"WV",1887,223,163        
"WV",1887,227,2484.57    
"WV",1887,268,30         
"WV",1887,290,1953.26    
"WV",1887,291,42566.94   
"WV",1887,292,7600       
"WV",1887,293,50000      
"WV",1887,294,35088.14   
"WV",1888,110,666403.65  
"WV",1888,122,36.24      
"WV",1888,141,227979.05  
"WV",1888,143,8263.49    
"WV",1888,181,94195.36   
"WV",1888,192,484        
"WV",1888,221,10615.89   
"WV",1888,224,242.25     
"WV",1888,227,2339.5     
"WV",1888,268,30         
"WV",1888,290,1644.05    
"WV",1888,291,33346.03   
"WV",1888,292,8560       
"WV",1888,293,75000      
"WV",1888,294,23292.41   
"WV",1889,110,593990.29  
"WV",1889,122,69.44      
"WV",1889,141,236717.37  
"WV",1889,143,9129.55    
"WV",1889,181,173053.02  
"WV",1889,192,280        
"WV",1889,193,50         
"WV",1889,221,9612.69    
"WV",1889,223,480.4      
"WV",1889,227,1970.83    
"WV",1889,268,220        
"WV",1889,290,222.77     
"WV",1889,291,27701.58   
"WV",1889,292,8720       
"WV",1889,293,40000      
"WV",1889,294,28123.2    
"WV",1889,399,3166.46    
"WV",1890,110,718475.26  
"WV",1890,122,245        
"WV",1890,141,262435.47  
"WV",1890,143,12177.26   
"WV",1890,145,169.6      
"WV",1890,181,138371.55  
"WV",1890,192,420        
"WV",1890,193,50         
"WV",1890,221,16976.83   
"WV",1890,227,6373.43    
"WV",1890,268,120        
"WV",1890,290,2196.4     
"WV",1890,291,28893.69   
"WV",1890,292,8000       
"WV",1890,294,22385.1    
"WV",1890,297,748.96     
"WV",1891,110,644297.04  
"WV",1891,122,314.08     
"WV",1891,141,316144.95  
"WV",1891,143,14071.96   
"WV",1891,145,218.3      
"WV",1891,146,1098.39    
"WV",1891,181,197315.57  
"WV",1891,192,860        
"WV",1891,221,10854.47   
"WV",1891,223,16         
"WV",1891,224,252.16     
"WV",1891,227,3161.22    
"WV",1891,268,30         
"WV",1891,277,6378.69    
"WV",1891,290,3336.95    
"WV",1891,291,35240.66   
"WV",1891,292,8600       
"WV",1891,294,25990.75   
"WV",1892,110,613429.3   
"WV",1892,122,1004.48    
"WV",1892,141,297038.91  
"WV",1892,143,16147.48   
"WV",1892,145,340.47     
"WV",1892,146,372.49     
"WV",1892,181,170611.62  
"WV",1892,192,390        
"WV",1892,221,9925.68    
"WV",1892,224,1280       
"WV",1892,227,2709.6     
"WV",1892,261,430.36     
"WV",1892,268,120        
"WV",1892,285,10000      
"WV",1892,290,1291.58    
"WV",1892,291,42311.49   
"WV",1892,292,30800      
"WV",1892,294,31835      
"WV",1892,999,27869.57   
"WV",1893,110,749502.29  
"WV",1893,122,4656.09    
"WV",1893,141,310241.04  
"WV",1893,143,17595.31   
"WV",1893,145,477.47     
"WV",1893,146,408.78     
"WV",1893,181,295881.08  
"WV",1893,192,1240       
"WV",1893,221,21219.11   
"WV",1893,227,2039.68    
"WV",1893,268,40         
"WV",1893,285,5500       
"WV",1893,290,5230.27    
"WV",1893,291,39574.86   
"WV",1893,292,6000       
"WV",1893,294,31921.78   
"WV",1893,299,37.5       
"WV",1894,110,785096.47  
"WV",1894,122,6621.94    
"WV",1894,141,388477     
"WV",1894,143,19589.31   
"WV",1894,145,748.95     
"WV",1894,146,412.23     
"WV",1894,181,202566.21  
"WV",1894,221,10115.69   
"WV",1894,224,658.6      
"WV",1894,227,1728.78    
"WV",1894,268,50         
"WV",1894,285,9100       
"WV",1894,290,1013.1     
"WV",1894,291,36909.11   
"WV",1894,292,14000      
"WV",1894,294,19184.19   
"WV",1894,299,48.37      
"WV",1895,110,3655653.08 
"WV",1895,122,1026.12    
"WV",1895,141,390803.55  
"WV",1895,143,19736.31   
"WV",1895,145,945.16     
"WV",1895,146,462.47     
"WV",1895,181,185922.73  
"WV",1895,192,1181       
"WV",1895,194,34050.91   
"WV",1895,227,15256.88   
"WV",1895,268,200        
"WV",1895,285,5600       
"WV",1895,290,2830.59    
"WV",1895,291,46896.4    
"WV",1895,292,8000       
"WV",1895,294,13244.68   
"WV",1896,110,750091.17  
"WV",1896,122,1436.32    
"WV",1896,141,400983.13  
"WV",1896,143,21812.09   
"WV",1896,145,975.52     
"WV",1896,146,478.54     
"WV",1896,181,212272.14  
"WV",1896,224,522.57     
"WV",1896,227,8671.99    
"WV",1896,268,760        
"WV",1896,285,22100      
"WV",1896,290,153.25     
"WV",1896,291,47553.77   
"WV",1896,292,14000      
"WV",1896,294,33068.96   
"WV",1897,110,790748.58  
"WV",1897,122,1813.23    
"WV",1897,141,408663     
"WV",1897,143,22880.9    
"WV",1897,145,1419.1     
"WV",1897,181,342554.86  
"WV",1897,192,392        
"WV",1897,193,50         
"WV",1897,221,23100.88   
"WV",1897,223,790.63     
"WV",1897,224,2308.32    
"WV",1897,227,123.13     
"WV",1897,261,510.63     
"WV",1897,285,43800      
"WV",1897,290,1164.67    
"WV",1897,291,47452.45   
"WV",1897,292,13040      
"WV",1897,294,42080.64   
"WV",1897,299,.29        
"WV",1898,110,835689.6   
"WV",1898,122,2506.53    
"WV",1898,141,413986.62  
"WV",1898,143,23997.18   
"WV",1898,145,1343.43    
"WV",1898,181,313327.02  
"WV",1898,192,4101.64    
"WV",1898,193,47.5       
"WV",1898,221,14449.85   
"WV",1898,223,720        
"WV",1898,224,39805      
"WV",1898,227,3514.75    
"WV",1898,261,2916.4     
"WV",1898,285,47600      
"WV",1898,290,7789.2     
"WV",1898,291,46078.11   
"WV",1898,292,8400       
"WV",1898,294,58351.24   
"WV",1899,110,718275.4   
"WV",1899,122,15503.07   
"WV",1899,141,433847.11  
"WV",1899,143,29361.81   
"WV",1899,145,906.3      
"WV",1899,181,332692.22  
"WV",1899,192,1595       
"WV",1899,221,12303.65   
"WV",1899,223,880.04     
"WV",1899,227,1322.22    
"WV",1899,261,2402.3     
"WV",1899,264,3583.45    
"WV",1899,285,134100     
"WV",1899,290,3246.05    
"WV",1899,291,60548.13   
"WV",1899,292,7100       
"WV",1899,294,80826.29   
"WV",1900,110,812877.76  
"WV",1900,122,3840.34    
"WV",1900,141,436735.03  
"WV",1900,143,33839.65   
"WV",1900,145,996.52     
"WV",1900,146,2450       
"WV",1900,181,359111.82  
"WV",1900,192,2182       
"WV",1900,221,10870.97   
"WV",1900,223,820        
"WV",1900,227,5748.78    
"WV",1900,261,2079.43    
"WV",1900,285,13698.8    
"WV",1900,290,4615.46    
"WV",1900,291,52403.8    
"WV",1900,292,12000      
"WV",1900,294,51450.59   
"WV",1901,110,841516.84  
"WV",1901,122,2573.19    
"WV",1901,141,442444.65  
"WV",1901,143,42183.42   
"WV",1901,145,2157.72    
"WV",1901,146,1200       
"WV",1901,181,687364.99  
"WV",1901,192,3040       
"WV",1901,221,12494.16   
"WV",1901,222,91         
"WV",1901,223,950        
"WV",1901,224,719        
"WV",1901,227,1873.15    
"WV",1901,261,1826.43    
"WV",1901,264,822.5      
"WV",1901,285,22900      
"WV",1901,290,6520.25    
"WV",1901,291,61949.19   
"WV",1901,292,6600       
"WV",1901,294,48899.62   
"WV",1901,299,631.76     
"WV",1901,999,47.5       
"WV",1902,110,954696.1   
"WV",1902,121,202.36     
"WV",1902,122,6339.7     
"WV",1902,141,470721.49  
"WV",1902,181,618407.18  
"WV",1902,192,2331       
"WV",1902,221,21019.69   
"WV",1902,222,118.5      
"WV",1902,223,1340       
"WV",1902,227,4284.68    
"WV",1902,261,2950.35    
"WV",1902,285,76100      
"WV",1902,290,9299.76    
"WV",1902,291,63484.08   
"WV",1902,292,10100      
"WV",1902,294,38486.21   
"WV",1902,296,10000      
"WV",1902,299,2270       
"WV",1902,999,11         
"WV",1903,110,919666.75  
"WV",1903,122,1366.86    
"WV",1903,141,514898.87  
"WV",1903,180,30         
"WV",1903,181,846953.93  
"WV",1903,192,2742       
"WV",1903,221,22154      
"WV",1903,222,45.5       
"WV",1903,223,10119      
"WV",1903,227,2872       
"WV",1903,261,3222.28    
"WV",1903,285,58800      
"WV",1903,290,10267.64   
"WV",1903,291,239524.13  
"WV",1903,292,10400      
"WV",1903,294,35691.4    
"WV",1903,299,2230       
"WV",1904,110,937770.25  
"WV",1904,122,6442.31    
"WV",1904,141,574228.55  
"WV",1904,180,465        
"WV",1904,181,630791.92  
"WV",1904,192,2003       
"WV",1904,221,30410.68   
"WV",1904,222,68.5       
"WV",1904,223,10877.97   
"WV",1904,227,1316.13    
"WV",1904,261,2416.16    
"WV",1904,285,12300      
"WV",1904,290,6593.81    
"WV",1904,291,66579.99   
"WV",1904,292,9500       
"WV",1904,293,4141       
"WV",1904,294,20835.69   
"WV",1904,299,2760       
"WV",1905,110,952318.51  
"WV",1905,122,10494.86   
"WV",1905,141,643705.05  
"WV",1905,180,2075.01    
"WV",1905,181,1051465.7  
"WV",1905,192,2442       
"WV",1905,221,20994.2    
"WV",1905,222,443.5      
"WV",1905,223,11829.39   
"WV",1905,226,35670.98   
"WV",1905,227,2900.09    
"WV",1905,261,1967.63    
"WV",1905,285,40100      
"WV",1905,290,14189.97   
"WV",1905,291,64166.6    
"WV",1905,292,8200       
"WV",1905,294,33522.89   
"WV",1905,299,1705       
"WV",1906,110,817851.91  
"WV",1906,122,29052.1    
"WV",1906,141,638920.94  
"WV",1906,180,2579.18    
"WV",1906,181,981534.82  
"WV",1906,192,3360       
"WV",1906,221,40235.67   
"WV",1906,222,130.9      
"WV",1906,223,11692.24   
"WV",1906,226,74055.09   
"WV",1906,227,4105.11    
"WV",1906,261,2235.8     
"WV",1906,285,50300      
"WV",1906,290,11657.56   
"WV",1906,291,66994.2    
"WV",1906,292,20800      
"WV",1906,294,22602.04   
"WV",1906,296,10000      
"WV",1906,299,2306.29    
"WV",1907,110,690697.96  
"WV",1907,120,165896.05  
"WV",1907,122,95013.46   
"WV",1907,141,1498525.94 
"WV",1907,180,3338.39    
"WV",1907,181,658154.26  
"WV",1907,192,3269       
"WV",1907,221,25845.22   
"WV",1907,222,235.85     
"WV",1907,223,13744.86   
"WV",1907,226,80181.15   
"WV",1907,227,1780.33    
"WV",1907,261,3063.95    
"WV",1907,268,15233.5    
"WV",1907,285,57500      
"WV",1907,290,7122.25    
"WV",1907,291,432039.36  
"WV",1907,292,6400       
"WV",1907,294,22400.24   
"WV",1907,296,2482.6     
"WV",1907,299,3505       
"WV",1908,110,332811.33  
"WV",1908,120,166975.96  
"WV",1908,122,87966.82   
"WV",1908,180,4437.99    
"WV",1908,181,651506.19  
"WV",1908,192,2462       
"WV",1908,221,27383.17   
"WV",1908,222,128.5      
"WV",1908,223,17810.56   
"WV",1908,224,278.68     
"WV",1908,226,71838.51   
"WV",1908,227,3741.55    
"WV",1908,261,1710.46    
"WV",1908,268,8694.92    
"WV",1908,285,10200      
"WV",1908,290,6419.02    
"WV",1908,291,449171.32  
"WV",1908,292,6400       
"WV",1908,294,18056.62   
"WV",1908,296,28608.33   
"WV",1908,299,3077.58    
"WV",1908,999,1810900.64 
"WV",1909,110,330524.11  
"WV",1909,120,227509.33  
"WV",1909,122,115621.5   
"WV",1909,141,1944061.68 
"WV",1909,143,6720.09    
"WV",1909,180,13860.01   
"WV",1909,181,1570399.35 
"WV",1909,192,2683       
"WV",1909,221,22624.52   
"WV",1909,222,2260.67    
"WV",1909,223,20657.86   
"WV",1909,226,80385.83   
"WV",1909,227,7600.22    
"WV",1909,261,3788.75    
"WV",1909,266,512.5      
"WV",1909,268,11229.92   
"WV",1909,285,72300      
"WV",1909,290,67369.66   
"WV",1909,291,124791.22  
"WV",1909,292,4400       
"WV",1909,294,22497.24   
"WV",1909,296,68820.55   
"WV",1909,299,5121.47    
"WV",1910,110,411164.21  
"WV",1910,120,213926.42  
"WV",1910,122,91680.89   
"WV",1910,141,1175051.3  
"WV",1910,143,6552.93    
"WV",1910,180,46456.68   
"WV",1910,181,1337929.2  
"WV",1910,192,4569       
"WV",1910,221,41874.78   
"WV",1910,222,1680.21    
"WV",1910,223,23245.62   
"WV",1910,224,400        
"WV",1910,226,91454.3    
"WV",1910,227,2866.24    
"WV",1910,261,666.2      
"WV",1910,266,410        
"WV",1910,268,11653.33   
"WV",1910,285,58600      
"WV",1910,290,13108.64   
"WV",1910,291,104714.62  
"WV",1910,292,2400       
"WV",1910,294,36500.9    
"WV",1910,296,12973.23   
"WV",1910,299,3567.67    
"WV",1911,110,427913.13  
"WV",1911,120,208086.37  
"WV",1911,122,107510.69  
"WV",1911,141,2135283.24 
"WV",1911,143,9753.41    
"WV",1911,180,68375.21   
"WV",1911,181,1349509.09 
"WV",1911,192,2765.07    
"WV",1911,221,20576.19   
"WV",1911,222,3624.4     
"WV",1911,223,23250.89   
"WV",1911,226,91594.99   
"WV",1911,227,7668.37    
"WV",1911,261,2686.22    
"WV",1911,268,11104.52   
"WV",1911,285,18300      
"WV",1911,290,4849.78    
"WV",1911,291,71443.09   
"WV",1911,294,29338.12   
"WV",1911,296,13548.13   
"WV",1911,299,2580       
"WV",1911,999,352212.79  
"WV",1912,110,224137.01  
"WV",1912,120,195939.18  
"WV",1912,122,168233.37  
"WV",1912,141,2209527.48 
"WV",1912,143,12419.03   
"WV",1912,180,44829.36   
"WV",1912,181,1352921.91 
"WV",1912,192,2745       
"WV",1912,221,27656.45   
"WV",1912,222,1833.9     
"WV",1912,223,20190.87   
"WV",1912,226,109947.55  
"WV",1912,227,4149.21    
"WV",1912,261,2117.74    
"WV",1912,268,12009.43   
"WV",1912,285,59800      
"WV",1912,290,8181.39    
"WV",1912,291,90178.08   
"WV",1912,294,41821.43   
"WV",1912,296,12216.72   
"WV",1912,299,3607.39    
"WV",1912,999,412454.05  
"WV",1913,110,2352985.3  
"WV",1913,120,156811.09  
"WV",1913,122,72080.14   
"WV",1913,143,13343.22   
"WV",1913,180,39130.81   
"WV",1913,181,575730.1   
"WV",1913,192,2112       
"WV",1913,221,10629.01   
"WV",1913,222,2470.84    
"WV",1913,223,10316.46   
"WV",1913,224,25.4       
"WV",1913,226,92656.45   
"WV",1913,227,1131.82    
"WV",1913,261,777.5      
"WV",1913,268,12518.81   
"WV",1913,285,105800     
"WV",1913,290,16508.86   
"WV",1913,291,79124.6    
"WV",1913,294,27191.98   
"WV",1913,296,14452.7    
"WV",1913,299,4132       
"WV",1913,999,295543.07  
"WV",1914,110,3255068.31 
"WV",1914,120,230710.41  
"WV",1914,122,281660.2   
"WV",1914,140,528916.43  
"WV",1914,143,13801.99   
"WV",1914,180,75591.74   
"WV",1914,181,1320487.53 
"WV",1914,182,7980.06    
"WV",1914,192,3263       
"WV",1914,221,27175.5    
"WV",1914,222,1536.54    
"WV",1914,223,20980.37   
"WV",1914,226,125906.79  
"WV",1914,227,2762.93    
"WV",1914,228,124.98     
"WV",1914,261,3257.11    
"WV",1914,268,14440.09   
"WV",1914,285,27000      
"WV",1914,290,11059.29   
"WV",1914,291,89479.85   
"WV",1914,294,30561.86   
"WV",1914,295,2583.25    
"WV",1914,296,14782.48   
"WV",1914,299,7435       
"WV",1914,999,468225.97  
