"MN",1864,3,576539.32   
"MN",1865,3,402952.15   
"MN",1866,3,410526.24   
"MN",1867,3,704683.52   
"MN",1870,3,595905.01   
"MN",1872,3,736361.59   
"MN",1873,3,1165704.30  
"MN",1874,3,1148059.96  
"MN",1875,3,1033509.78  
"MN",1876,3,1035385.58  
"MN",1877,3,1138511.79  
"MN",1879,3,1343644.17  
"MN",1880,3,1420903.88  
"MN",1881,3,1421814.28  
"MN",1882,3,3058317.21  
"MN",1883,3,1714710.50  
"MN",1884,3,2729325.42  
"MN",1885,3,2400313.59  
"MN",1886,3,2816719.23  
"MN",1887,3,2782979.03  
"MN",1888,3,2383401.31  
"MN",1889,3,3537785.65  
"MN",1890,3,3439618.45  
"MN",1891,3,4068526.94  
"MN",1892,3,4138688.31  
"MN",1893,3,4168261.77  
"MN",1894,3,5424160.31  
"MN",1895,3,5476909.72  
"MN",1896,3,4990683.06  
"MN",1897,3,5042846.51  
"MN",1898,3,5242602.05  
"MN",1899,3,6367613.35  
"MN",1900,3,6841142.93  
"MN",1901,3,6950154.07  
"MN",1902,3,7264584.47  
"MN",1903,3,8111934.36  
"MN",1904,3,9582599.64  
"MN",1905,3,9735445.07  
"MN",1906,3,9637674.32  
"MN",1907,3,10880552.90 
"MN",1908,3,11968447.99 
"MN",1909,3,12928342.22 
"MN",1910,3,13223969.13 
"MN",1911,3,15335375.94 
"MN",1912,3,16880960.21 
"MN",1913,3,18898553.00 
"MN",1914,3,21491449.42 
                        
"MN",1864,31,11002.68   
"MN",1864,32,28376.53   
"MN",1864,33,2742.43    
"MN",1864,34,25494.48   
"MN",1864,35,2746.65    
"MN",1864,36,72530.71   
"MN",1864,39,19972.09   
"MN",1864,40,26276.18   
"MN",1864,41,387397.57  
"MN",1865,31,68787.43   
"MN",1865,32,12631.61   
"MN",1865,33,964.42     
"MN",1865,34,24594.40   
"MN",1865,35,3657.70    
"MN",1865,36,85063.20   
"MN",1865,39,44058.64   
"MN",1865,40,28859.66   
"MN",1865,41,134335.09  
"MN",1866,31,56539.82   
"MN",1866,32,15371.95   
"MN",1866,33,5509.49    
"MN",1866,34,11445.17   
"MN",1866,35,1856.55    
"MN",1866,36,88791.08   
"MN",1866,39,35744.87   
"MN",1866,40,27314.28   
"MN",1866,41,167953.03  
"MN",1867,31,133705.54  
"MN",1867,32,129317.68  
"MN",1867,34,30548.14   
"MN",1867,35,5651.54    
"MN",1867,36,117561.06  
"MN",1867,39,17341.50   
"MN",1867,40,26030.96   
"MN",1867,41,244527.10  
"MN",1870,31,283436.53  
"MN",1870,32,91312.04   
"MN",1870,34,53854.45   
"MN",1870,35,7501.84    
"MN",1870,36,119601.69  
"MN",1870,39,15698.46   
"MN",1870,40,24500.00   
"MN",1872,31,211182.34  
"MN",1872,32,129619.28  
"MN",1872,33,12067.17   
"MN",1872,34,74549.45   
"MN",1872,35,3000.00    
"MN",1872,36,184199.47  
"MN",1872,39,24232.13   
"MN",1872,40,27132.50   
"MN",1872,41,70379.25   
"MN",1873,31,251066.20  
"MN",1873,32,259871.75  
"MN",1873,33,12425.67   
"MN",1873,34,121729.40  
"MN",1873,35,5500.00    
"MN",1873,36,208789.68  
"MN",1873,39,26477.39   
"MN",1873,40,28023.33   
"MN",1873,41,251820.88  
"MN",1874,31,338095.37  
"MN",1874,32,248487.87  
"MN",1874,33,14513.07   
"MN",1874,34,79596.88   
"MN",1874,35,7769.17    
"MN",1874,36,230012.68  
"MN",1874,39,19009.95   
"MN",1874,40,41817.50   
"MN",1874,41,168757.47  
"MN",1875,31,273842.19  
"MN",1875,32,223030.41  
"MN",1875,33,14553.54   
"MN",1875,34,101853.87  
"MN",1875,35,11535.78   
"MN",1875,36,253253.01  
"MN",1875,39,9445.07    
"MN",1875,40,35922.55   
"MN",1875,41,110073.36  
"MN",1876,31,286773.93  
"MN",1876,32,156062.80  
"MN",1876,33,8555.30    
"MN",1876,34,76007.44   
"MN",1876,35,15998.84   
"MN",1876,36,217809.11  
"MN",1876,39,59440.23   
"MN",1876,40,35000.00   
"MN",1876,41,179737.93  
"MN",1877,31,286680.28  
"MN",1877,32,191694.47  
"MN",1877,33,1600.00    
"MN",1877,34,54587.42   
"MN",1877,35,16285.56   
"MN",1877,36,223604.35  
"MN",1877,39,8628.43    
"MN",1877,40,35000.00   
"MN",1877,41,320431.28  
"MN",1879,31,356261.86  
"MN",1879,32,215168.12  
"MN",1879,33,3972.31    
"MN",1879,34,126230.80  
"MN",1879,35,43890.90   
"MN",1879,36,272978.68  
"MN",1879,39,2795.94    
"MN",1879,40,33697.49   
"MN",1879,41,288648.07  
"MN",1880,31,369909.35  
"MN",1880,32,204622.02  
"MN",1880,33,2407.77    
"MN",1880,34,113350.17  
"MN",1880,35,25229.28   
"MN",1880,36,133212.05  
"MN",1880,39,8159.80    
"MN",1880,40,29274.61   
"MN",1880,41,534738.83  
"MN",1881,31,398291.52  
"MN",1881,32,295780.85  
"MN",1881,33,2100.00    
"MN",1881,34,98752.04   
"MN",1881,35,27572.92   
"MN",1881,36,392497.97  
"MN",1881,39,2376.69    
"MN",1881,40,20411.14   
"MN",1881,41,184031.15  
"MN",1882,31,392564.12  
"MN",1882,32,346858.35  
"MN",1882,33,12930.00   
"MN",1882,34,115717.22  
"MN",1882,35,29655.12   
"MN",1882,36,353392.74  
"MN",1882,39,1642.36    
"MN",1882,40,100397.60  
"MN",1882,41,1705159.70 
"MN",1883,31,238339.02  
"MN",1883,32,242459.06  
"MN",1883,33,10653.88   
"MN",1883,34,118908.62  
"MN",1883,35,37819.66   
"MN",1883,36,440592.95  
"MN",1883,39,3904.44    
"MN",1883,40,186059.68  
"MN",1883,41,435973.19  
"MN",1884,31,513478.09  
"MN",1884,32,397855.17  
"MN",1884,33,32678.02   
"MN",1884,34,176610.06  
"MN",1884,35,39470.25   
"MN",1884,36,198615.12  
"MN",1884,39,3924.89    
"MN",1884,40,195179.73  
"MN",1884,41,1171514.09 
"MN",1885,31,591592.69  
"MN",1885,32,347951.10  
"MN",1885,33,53172.06   
"MN",1885,34,226929.00  
"MN",1885,35,74070.52   
"MN",1885,36,341643.01  
"MN",1885,39,48597.14   
"MN",1885,40,190863.89  
"MN",1885,41,525494.18  
"MN",1886,31,572560.64  
"MN",1886,32,393625.20  
"MN",1886,33,60544.59   
"MN",1886,34,163604.69  
"MN",1886,35,214479.57  
"MN",1886,36,249117.70  
"MN",1886,39,7799.92    
"MN",1886,40,184742.74  
"MN",1886,41,970244.18  
"MN",1887,31,617592.84  
"MN",1887,32,460620.47  
"MN",1887,33,20739.43   
"MN",1887,34,203495.16  
"MN",1887,35,175086.48  
"MN",1887,36,382185.26  
"MN",1887,39,22696.30   
"MN",1887,40,187780.09  
"MN",1887,41,712783.00  
"MN",1888,31,748275.54  
"MN",1888,32,521754.26  
"MN",1888,33,22361.60   
"MN",1888,34,215891.52  
"MN",1888,35,204355.25  
"MN",1888,36,253432.49  
"MN",1888,39,6576.53    
"MN",1888,40,184487.21  
"MN",1888,41,226266.91  
"MN",1889,31,1152072.05 
"MN",1889,32,587768.36  
"MN",1889,33,9480.00    
"MN",1889,34,337954.09  
"MN",1889,35,204341.44  
"MN",1889,36,554023.13  
"MN",1889,39,40275.70   
"MN",1889,40,133578.83  
"MN",1889,41,518292.05  
"MN",1890,31,1333227.57 
"MN",1890,32,682880.82  
"MN",1890,33,35067.15   
"MN",1890,34,411232.78  
"MN",1890,35,194820.13  
"MN",1890,36,289301.79  
"MN",1890,39,13478.90   
"MN",1890,40,190893.31  
"MN",1890,41,288716.00  
"MN",1891,31,1463751.39 
"MN",1891,32,662217.18  
"MN",1891,33,23253.54   
"MN",1891,34,519002.09  
"MN",1891,35,245230.17  
"MN",1891,36,562010.17  
"MN",1891,39,36693.40   
"MN",1891,40,206908.17  
"MN",1891,41,349460.83  
"MN",1892,31,1503166.68 
"MN",1892,32,797247.70  
"MN",1892,33,34452.80   
"MN",1892,34,454584.87  
"MN",1892,35,274454.05  
"MN",1892,36,308727.22  
"MN",1892,39,104593.91  
"MN",1892,40,136291.42  
"MN",1892,41,525169.66  
"MN",1893,31,1489050.87 
"MN",1893,32,823418.58  
"MN",1893,33,29540.97   
"MN",1893,34,337922.75  
"MN",1893,35,291166.52  
"MN",1893,36,521496.75  
"MN",1893,39,322261.79  
"MN",1893,40,79536.21   
"MN",1893,41,273867.33  
"MN",1894,31,1860019.05 
"MN",1894,32,871133.18  
"MN",1894,33,40292.63   
"MN",1894,34,411207.89  
"MN",1894,35,296609.70  
"MN",1894,36,566218.00  
"MN",1894,39,39702.41   
"MN",1894,40,92557.45   
"MN",1894,41,1246420.00 
"MN",1895,31,1714026.28 
"MN",1895,32,1002051.85 
"MN",1895,33,60044.92   
"MN",1895,34,340733.77  
"MN",1895,35,293726.56  
"MN",1895,36,571609.64  
"MN",1895,39,128152.42  
"MN",1895,40,145209.46  
"MN",1895,41,1221354.82 
"MN",1896,31,1795309.48 
"MN",1896,32,1125197.89 
"MN",1896,33,39526.34   
"MN",1896,34,277864.52  
"MN",1896,35,327933.72  
"MN",1896,36,407412.91  
"MN",1896,39,151489.57  
"MN",1896,40,65165.00   
"MN",1896,41,800783.63  
"MN",1897,31,1892440.03 
"MN",1897,32,987393.77  
"MN",1897,33,83752.69   
"MN",1897,34,302302.56  
"MN",1897,35,356680.50  
"MN",1897,36,722775.31  
"MN",1897,39,184266.55  
"MN",1897,40,63787.55   
"MN",1897,41,449447.55  
"MN",1898,31,1811349.31 
"MN",1898,32,988181.91  
"MN",1898,33,59497.19   
"MN",1898,34,331872.69  
"MN",1898,35,339351.74  
"MN",1898,36,508550.11  
"MN",1898,39,253459.85  
"MN",1898,40,77064.08   
"MN",1898,41,873275.17  
"MN",1899,31,1792625.84 
"MN",1899,32,938394.70  
"MN",1899,33,28906.44   
"MN",1899,34,314140.37  
"MN",1899,35,390341.74  
"MN",1899,36,1002933.35 
"MN",1899,39,364736.01  
"MN",1899,40,19437.06   
"MN",1899,41,1516097.84 
"MN",1900,31,2520426.50 
"MN",1900,32,788987.97  
"MN",1900,33,23738.02   
"MN",1900,34,362516.41  
"MN",1900,35,444874.93  
"MN",1900,36,723920.31  
"MN",1900,39,685032.14  
"MN",1900,40,64688.15   
"MN",1900,41,1226958.50 
"MN",1901,31,1984548.91 
"MN",1901,32,1067176.47 
"MN",1901,33,448812.30  
"MN",1901,34,342862.02  
"MN",1901,35,432311.65  
"MN",1901,36,913864.99  
"MN",1901,39,488148.89  
"MN",1901,40,59635.03   
"MN",1901,41,1212793.81 
"MN",1902,31,2354945.26 
"MN",1902,32,982064.92  
"MN",1902,33,55538.33   
"MN",1902,34,286031.03  
"MN",1902,35,487693.45  
"MN",1902,36,876350.29  
"MN",1902,39,598341.62  
"MN",1902,40,87731.91   
"MN",1902,41,1535887.66 
"MN",1903,31,2434009.95 
"MN",1903,32,1168658.62 
"MN",1903,33,58838.91   
"MN",1903,34,324796.16  
"MN",1903,35,529124.09  
"MN",1903,36,1586936.99 
"MN",1903,39,752511.89  
"MN",1903,40,37974.72   
"MN",1903,41,1219083.03 
"MN",1904,31,2874179.97 
"MN",1904,32,1164903.86 
"MN",1904,33,74077.34   
"MN",1904,34,458084.29  
"MN",1904,35,563128.57  
"MN",1904,36,1597160.98 
"MN",1904,39,886426.65  
"MN",1904,40,56382.26   
"MN",1904,41,1908255.72 
"MN",1905,31,2902201.11 
"MN",1905,32,1284483.60 
"MN",1905,33,78023.94   
"MN",1905,34,448804.47  
"MN",1905,35,679293.20  
"MN",1905,36,1783422.77 
"MN",1905,39,938161.72  
"MN",1905,40,90448.12   
"MN",1905,41,1530606.14 
"MN",1906,31,3477206.90 
"MN",1906,32,1330561.54 
"MN",1906,33,100575.98  
"MN",1906,34,452462.36  
"MN",1906,35,656843.39  
"MN",1906,36,761423.26  
"MN",1906,39,1116737.42 
"MN",1906,40,116315.15  
"MN",1906,41,1625548.32 
"MN",1907,31,3618180.59 
"MN",1907,32,1632356.13 
"MN",1907,33,121601.92  
"MN",1907,34,520035.35  
"MN",1907,35,753631.25  
"MN",1907,36,1037966.22 
"MN",1907,39,1259956.33 
"MN",1907,40,99552.87   
"MN",1907,41,1837272.24 
"MN",1908,31,4587221.70 
"MN",1908,32,1624099.69 
"MN",1908,33,311289.27  
"MN",1908,34,547815.01  
"MN",1908,35,878554.08  
"MN",1908,36,990169.85  
"MN",1908,39,1291438.30 
"MN",1908,40,89282.04   
"MN",1908,41,1648578.05 
"MN",1909,31,4473972.42 
"MN",1909,32,1939463.53 
"MN",1909,33,475405.59  
"MN",1909,34,769605.01  
"MN",1909,35,915370.45  
"MN",1909,36,1349584.18 
"MN",1909,39,1273391.99 
"MN",1909,40,79216.44   
"MN",1909,41,1652332.61 
"MN",1910,31,4999498.47 
"MN",1910,32,1999388.34 
"MN",1910,33,313839.86  
"MN",1910,34,611649.77  
"MN",1910,35,1046837.07 
"MN",1910,36,941998.95  
"MN",1910,39,1431325.46 
"MN",1910,40,81162.13   
"MN",1910,41,1798269.08 
"MN",1911,31,4589546.00 
"MN",1911,32,2085171.35 
"MN",1911,33,303593.66  
"MN",1911,34,1314280.24 
"MN",1911,35,994475.81  
"MN",1911,36,1240775.28 
"MN",1911,39,1194237.07 
"MN",1911,40,57118.18   
"MN",1911,41,3556178.35 
"MN",1912,31,7027890.67 
"MN",1912,32,2328072.77 
"MN",1912,33,381875.87  
"MN",1912,34,1473754.27 
"MN",1912,35,1050033.92 
"MN",1912,36,1324493.12 
"MN",1912,39,1209520.37 
"MN",1912,40,54428.83   
"MN",1912,41,2030890.39 
"MN",1913,31,8044440.90 
"MN",1913,32,2583951.57 
"MN",1913,33,785687.33  
"MN",1913,34,845862.90  
"MN",1913,35,1271357.07 
"MN",1913,36,1305733.91 
"MN",1913,39,1884114.66 
"MN",1913,40,138029.66  
"MN",1913,41,2039375.00 
"MN",1914,31,8898138.17 
"MN",1914,32,2717100.97 
"MN",1914,33,889924.04  
"MN",1914,34,1078172.80 
"MN",1914,35,1331721.92 
"MN",1914,36,1399919.39 
"MN",1914,39,1676156.74 
"MN",1914,40,43526.58   
"MN",1914,41,3456788.81 
                        
"MN",1864,311,11002.68  
"MN",1864,322,1046.70   
"MN",1864,323,1718.62   
"MN",1864,326,25611.21  
"MN",1864,331,2742.43   
"MN",1864,341,455.00    
"MN",1864,343,12538.18  
"MN",1864,345,12501.30  
"MN",1864,357,2746.65   
"MN",1864,361,19128.05  
"MN",1864,362,16343.22  
"MN",1864,363,20082.50  
"MN",1864,364,1543.56   
"MN",1864,365,900.00    
"MN",1864,367,1000.00   
"MN",1864,369,13533.38  
"MN",1864,396,292.00    
"MN",1864,398,19680.09  
"MN",1864,400,26276.18  
"MN",1864,415,387397.57 
"MN",1865,311,68787.43  
"MN",1865,322,4540.65   
"MN",1865,323,3675.39   
"MN",1865,326,4415.57   
"MN",1865,331,964.42    
"MN",1865,341,320.50    
"MN",1865,343,10144.69  
"MN",1865,345,14129.21  
"MN",1865,357,3657.70   
"MN",1865,361,19803.42  
"MN",1865,362,20046.12  
"MN",1865,363,20400.64  
"MN",1865,364,2203.30   
"MN",1865,365,3131.13   
"MN",1865,367,4882.41   
"MN",1865,369,14596.18  
"MN",1865,396,580.27    
"MN",1865,398,43478.37  
"MN",1865,400,28859.66  
"MN",1865,415,134335.09 
"MN",1866,311,52539.82  
"MN",1866,317,4000.00   
"MN",1866,322,3949.21   
"MN",1866,323,5304.43   
"MN",1866,325,2578.14   
"MN",1866,326,1265.32   
"MN",1866,327,2274.85   
"MN",1866,331,5509.49   
"MN",1866,343,8349.49   
"MN",1866,345,3095.68   
"MN",1866,357,1856.55   
"MN",1866,361,20310.69  
"MN",1866,362,20376.77  
"MN",1866,363,20468.74  
"MN",1866,364,1882.95   
"MN",1866,367,1196.30   
"MN",1866,369,24555.63  
"MN",1866,398,35744.87  
"MN",1866,400,27314.28  
"MN",1866,415,167953.03 
"MN",1867,311,95705.54  
"MN",1867,313,8000.00   
"MN",1867,317,30000.00  
"MN",1867,321,5000.00   
"MN",1867,322,54822.43  
"MN",1867,323,59345.25  
"MN",1867,326,10150.00  
"MN",1867,343,30548.14  
"MN",1867,351,3912.00   
"MN",1867,357,1739.54   
"MN",1867,361,37410.05  
"MN",1867,362,27637.24  
"MN",1867,363,29651.60  
"MN",1867,367,3412.47   
"MN",1867,369,19449.70  
"MN",1867,398,17341.50  
"MN",1867,400,26030.96  
"MN",1867,415,244527.10 
"MN",1870,311,179359.85 
"MN",1870,313,23500.00  
"MN",1870,317,80576.68  
"MN",1870,322,15466.91  
"MN",1870,323,62140.57  
"MN",1870,325,2248.50   
"MN",1870,327,11456.06  
"MN",1870,343,53854.45  
"MN",1870,351,670.00    
"MN",1870,357,3831.84   
"MN",1870,358,3000.00   
"MN",1870,361,36283.99  
"MN",1870,362,29001.28  
"MN",1870,363,36458.51  
"MN",1870,367,2144.65   
"MN",1870,369,15713.26  
"MN",1870,398,15698.46  
"MN",1870,400,24500.00  
"MN",1872,311,161269.64 
"MN",1872,313,21000.00  
"MN",1872,317,28912.70  
"MN",1872,322,20000.00  
"MN",1872,323,73000.00  
"MN",1872,325,12506.71  
"MN",1872,326,19999.25  
"MN",1872,327,4113.32   
"MN",1872,331,12067.17  
"MN",1872,343,74549.45  
"MN",1872,358,3000.00   
"MN",1872,361,64735.65  
"MN",1872,362,37566.91  
"MN",1872,363,39533.10  
"MN",1872,367,17404.97  
"MN",1872,369,24958.84  
"MN",1872,393,5000.00   
"MN",1872,398,19232.13  
"MN",1872,400,26152.50  
"MN",1872,401,980.00    
"MN",1872,415,70379.25  
"MN",1873,311,166714.98 
"MN",1873,313,31655.50  
"MN",1873,317,50517.23  
"MN",1873,318,2178.49   
"MN",1873,322,51000.00  
"MN",1873,323,188000.00 
"MN",1873,325,15871.75  
"MN",1873,326,5000.00   
"MN",1873,331,11650.67  
"MN",1873,334,775.00    
"MN",1873,343,121729.40 
"MN",1873,351,2500.00   
"MN",1873,358,3000.00   
"MN",1873,361,68852.11  
"MN",1873,362,45501.85  
"MN",1873,363,44614.68  
"MN",1873,367,20450.04  
"MN",1873,369,29371.00  
"MN",1873,398,26477.39  
"MN",1873,400,18083.33  
"MN",1873,401,9940.00   
"MN",1873,415,251820.88 
"MN",1874,311,194654.10 
"MN",1874,313,91500.00  
"MN",1874,317,48960.73  
"MN",1874,318,2980.54   
"MN",1874,322,35000.00  
"MN",1874,323,161500.00 
"MN",1874,325,20017.62  
"MN",1874,326,31970.25  
"MN",1874,331,14513.07  
"MN",1874,341,3390.05   
"MN",1874,343,76206.83  
"MN",1874,351,2000.00   
"MN",1874,356,2769.17   
"MN",1874,358,3000.00   
"MN",1874,361,72969.70  
"MN",1874,362,48564.97  
"MN",1874,363,45694.86  
"MN",1874,367,13416.54  
"MN",1874,369,49366.61  
"MN",1874,398,19009.95  
"MN",1874,400,31255.00  
"MN",1874,401,10562.50  
"MN",1874,415,168757.47 
"MN",1875,311,195021.25 
"MN",1875,313,37850.00  
"MN",1875,317,39116.84  
"MN",1875,318,1854.10   
"MN",1875,322,33000.00  
"MN",1875,323,99300.00  
"MN",1875,325,18430.41  
"MN",1875,326,72300.00  
"MN",1875,331,11670.67  
"MN",1875,334,2882.87   
"MN",1875,341,3959.17   
"MN",1875,343,97894.70  
"MN",1875,351,3100.00   
"MN",1875,356,1235.87   
"MN",1875,357,4317.56   
"MN",1875,358,2882.35   
"MN",1875,361,75892.74  
"MN",1875,362,49615.01  
"MN",1875,363,50870.37  
"MN",1875,367,10667.05  
"MN",1875,369,66207.84  
"MN",1875,398,9445.07   
"MN",1875,400,33600.00  
"MN",1875,401,2322.55   
"MN",1875,415,110073.36 
"MN",1876,311,208952.53 
"MN",1876,313,54135.00  
"MN",1876,317,21261.20  
"MN",1876,318,2425.20   
"MN",1876,322,27500.00  
"MN",1876,323,114600.00 
"MN",1876,325,13962.80  
"MN",1876,331,3400.00   
"MN",1876,334,5155.30   
"MN",1876,341,2061.20   
"MN",1876,343,73946.24  
"MN",1876,351,3000.00   
"MN",1876,356,917.92    
"MN",1876,357,8873.37   
"MN",1876,358,3007.55   
"MN",1876,359,200.00    
"MN",1876,361,62050.07  
"MN",1876,362,48099.38  
"MN",1876,363,52425.08  
"MN",1876,367,7279.47   
"MN",1876,369,47955.11  
"MN",1876,393,43856.28  
"MN",1876,398,15583.95  
"MN",1876,400,35000.00  
"MN",1876,415,179737.93 
"MN",1877,311,199981.40 
"MN",1877,313,46979.24  
"MN",1877,317,34647.27  
"MN",1877,318,5072.37   
"MN",1877,322,33500.00  
"MN",1877,323,140142.78 
"MN",1877,325,13053.87  
"MN",1877,327,4997.82   
"MN",1877,331,1600.00   
"MN",1877,341,9652.20   
"MN",1877,343,44935.22  
"MN",1877,351,10264.00  
"MN",1877,356,806.29    
"MN",1877,357,2381.94   
"MN",1877,358,2833.33   
"MN",1877,361,66223.06  
"MN",1877,362,50638.98  
"MN",1877,363,54591.23  
"MN",1877,367,5391.83   
"MN",1877,369,46759.25  
"MN",1877,398,8628.43   
"MN",1877,400,35000.00  
"MN",1877,415,320431.28 
"MN",1879,311,262303.95 
"MN",1879,313,49372.48  
"MN",1879,317,41374.94  
"MN",1879,318,3210.49   
"MN",1879,321,1171.50   
"MN",1879,322,46110.31  
"MN",1879,323,162972.80 
"MN",1879,325,1375.24   
"MN",1879,327,3538.27   
"MN",1879,331,3488.81   
"MN",1879,334,483.50    
"MN",1879,341,5896.41   
"MN",1879,343,119863.29 
"MN",1879,345,471.10    
"MN",1879,351,12116.00  
"MN",1879,356,1763.61   
"MN",1879,357,4187.63   
"MN",1879,358,23320.56  
"MN",1879,359,2503.10   
"MN",1879,361,84439.51  
"MN",1879,362,56056.18  
"MN",1879,363,67396.09  
"MN",1879,364,37.00     
"MN",1879,365,237.45    
"MN",1879,366,179.15    
"MN",1879,367,28245.60  
"MN",1879,368,1197.10   
"MN",1879,369,35190.60  
"MN",1879,393,1900.00   
"MN",1879,398,895.94    
"MN",1879,400,32902.50  
"MN",1879,401,794.99    
"MN",1879,413,70000.00  
"MN",1879,415,218648.07 
"MN",1880,311,292689.38 
"MN",1880,313,34815.00  
"MN",1880,314,6749.36   
"MN",1880,317,32474.94  
"MN",1880,318,3180.67   
"MN",1880,321,467.50    
"MN",1880,322,57185.25  
"MN",1880,323,144177.15 
"MN",1880,325,417.70    
"MN",1880,327,2374.42   
"MN",1880,331,2407.77   
"MN",1880,341,4523.80   
"MN",1880,343,108412.85 
"MN",1880,345,413.52    
"MN",1880,351,12230.00  
"MN",1880,356,1448.93   
"MN",1880,357,4316.62   
"MN",1880,358,3733.43   
"MN",1880,359,3500.30   
"MN",1880,362,55583.52  
"MN",1880,363,52744.73  
"MN",1880,364,.50       
"MN",1880,365,199.55    
"MN",1880,367,9656.03   
"MN",1880,368,1285.70   
"MN",1880,369,13742.02  
"MN",1880,398,8159.80   
"MN",1880,400,28995.19  
"MN",1880,401,279.42    
"MN",1880,413,140000.00 
"MN",1880,415,394738.83 
"MN",1881,311,273032.27 
"MN",1881,313,68416.70  
"MN",1881,317,52873.47  
"MN",1881,318,3969.08   
"MN",1881,322,50170.96  
"MN",1881,323,239164.52 
"MN",1881,325,72.35     
"MN",1881,327,6373.02   
"MN",1881,331,2100.00   
"MN",1881,341,8507.91   
"MN",1881,343,88319.13  
"MN",1881,345,1925.00   
"MN",1881,351,11646.00  
"MN",1881,356,1349.95   
"MN",1881,357,7658.58   
"MN",1881,358,3449.74   
"MN",1881,359,3468.65   
"MN",1881,361,120157.32 
"MN",1881,362,63545.74  
"MN",1881,363,86129.60  
"MN",1881,365,182.65    
"MN",1881,366,958.74    
"MN",1881,367,54231.03  
"MN",1881,368,974.00    
"MN",1881,369,66318.89  
"MN",1881,393,729.93    
"MN",1881,398,1646.76   
"MN",1881,400,20411.14  
"MN",1881,413,100000.00 
"MN",1881,415,84031.15  
"MN",1882,311,286332.40 
"MN",1882,313,55881.41  
"MN",1882,317,46958.38  
"MN",1882,319,3391.93   
"MN",1882,322,64269.64  
"MN",1882,323,279503.70 
"MN",1882,327,3085.01   
"MN",1882,331,12100.00  
"MN",1882,334,830.00    
"MN",1882,341,5853.13   
"MN",1882,343,105487.38 
"MN",1882,345,4376.71   
"MN",1882,351,13739.00  
"MN",1882,356,2154.28   
"MN",1882,357,6227.60   
"MN",1882,358,4922.24   
"MN",1882,359,2612.00   
"MN",1882,361,28924.69  
"MN",1882,362,60172.68  
"MN",1882,363,83537.37  
"MN",1882,365,347.00    
"MN",1882,366,2300.56   
"MN",1882,367,142870.80 
"MN",1882,368,990.90    
"MN",1882,369,34248.74  
"MN",1882,393,804.55    
"MN",1882,398,837.81    
"MN",1882,400,11706.15  
"MN",1882,401,88691.45  
"MN",1882,413,104000.00 
"MN",1882,415,1601159.70
"MN",1883,311,113106.35 
"MN",1883,313,79674.99  
"MN",1883,317,42798.37  
"MN",1883,318,2759.31   
"MN",1883,322,43548.23  
"MN",1883,323,197485.06 
"MN",1883,327,1425.77   
"MN",1883,331,10653.88  
"MN",1883,341,5779.50   
"MN",1883,343,102523.91 
"MN",1883,345,10605.21  
"MN",1883,351,13815.00  
"MN",1883,356,6457.66   
"MN",1883,357,9510.25   
"MN",1883,358,5634.14   
"MN",1883,359,2402.61   
"MN",1883,361,85416.71  
"MN",1883,362,45783.26  
"MN",1883,363,65792.73  
"MN",1883,365,744.55    
"MN",1883,366,1499.94   
"MN",1883,367,178681.70 
"MN",1883,368,200.00    
"MN",1883,369,62474.06  
"MN",1883,393,2723.27   
"MN",1883,398,1181.17   
"MN",1883,400,8138.32   
"MN",1883,401,177921.36 
"MN",1883,413,30000.00  
"MN",1883,415,405973.19 
"MN",1884,311,343196.40 
"MN",1884,313,113790.14 
"MN",1884,317,51504.37  
"MN",1884,318,4987.18   
"MN",1884,322,93271.82  
"MN",1884,323,299255.16 
"MN",1884,327,5328.19   
"MN",1884,331,31388.02  
"MN",1884,334,1290.00   
"MN",1884,341,7657.85   
"MN",1884,343,151815.91 
"MN",1884,345,17136.30  
"MN",1884,351,15130.00  
"MN",1884,356,1810.46   
"MN",1884,357,9162.04   
"MN",1884,358,7000.00   
"MN",1884,359,6367.75   
"MN",1884,361,93.54     
"MN",1884,362,66966.36  
"MN",1884,363,87289.76  
"MN",1884,365,1046.90   
"MN",1884,366,2000.97   
"MN",1884,367,17692.95  
"MN",1884,368,676.20    
"MN",1884,369,22848.44  
"MN",1884,393,2705.08   
"MN",1884,398,1219.81   
"MN",1884,400,11077.75  
"MN",1884,401,184101.98 
"MN",1884,413,46000.00  
"MN",1884,415,1125514.09
"MN",1885,311,445974.22 
"MN",1885,313,83860.08  
"MN",1885,317,55995.62  
"MN",1885,318,5762.77   
"MN",1885,321,1604.10   
"MN",1885,322,74500.00  
"MN",1885,323,262704.00 
"MN",1885,327,9143.00   
"MN",1885,331,49419.45  
"MN",1885,334,634.00    
"MN",1885,337,3118.61   
"MN",1885,341,8468.44   
"MN",1885,343,190475.65 
"MN",1885,345,27984.91  
"MN",1885,351,16063.00  
"MN",1885,353,14894.75  
"MN",1885,356,5614.35   
"MN",1885,357,10923.34  
"MN",1885,358,26489.24  
"MN",1885,359,85.84     
"MN",1885,361,79994.62  
"MN",1885,362,70417.30  
"MN",1885,363,86362.68  
"MN",1885,365,451.55    
"MN",1885,366,2183.97   
"MN",1885,367,21680.41  
"MN",1885,368,962.00    
"MN",1885,369,79590.48  
"MN",1885,393,2317.94   
"MN",1885,398,46279.20  
"MN",1885,400,9945.62   
"MN",1885,401,180918.27 
"MN",1885,413,23000.00  
"MN",1885,415,502494.18 
"MN",1886,311,392854.96 
"MN",1886,313,100357.71 
"MN",1886,317,74750.00  
"MN",1886,318,4597.97   
"MN",1886,321,5162.54   
"MN",1886,322,102642.83 
"MN",1886,323,280641.02 
"MN",1886,327,5178.81   
"MN",1886,331,47497.59  
"MN",1886,334,1291.50   
"MN",1886,337,11755.50  
"MN",1886,341,8299.92   
"MN",1886,343,133812.96 
"MN",1886,345,21491.81  
"MN",1886,351,18231.17  
"MN",1886,352,287.25    
"MN",1886,353,21578.92  
"MN",1886,356,11238.95  
"MN",1886,357,11888.69  
"MN",1886,358,150726.94 
"MN",1886,359,527.65    
"MN",1886,362,70766.34  
"MN",1886,363,105951.60 
"MN",1886,365,416.25    
"MN",1886,366,1339.29   
"MN",1886,367,23619.74  
"MN",1886,368,1156.20   
"MN",1886,369,45868.28  
"MN",1886,393,4247.68   
"MN",1886,398,3472.24   
"MN",1886,399,80.00     
"MN",1886,400,5962.50   
"MN",1886,401,178780.24 
"MN",1886,413,116000.00 
"MN",1886,415,854244.18 
"MN",1887,311,424997.61 
"MN",1887,313,84100.17  
"MN",1887,317,102200.00 
"MN",1887,318,6295.06   
"MN",1887,321,5455.42   
"MN",1887,322,89874.20  
"MN",1887,323,343739.18 
"MN",1887,325,1329.43   
"MN",1887,326,500.00    
"MN",1887,327,19722.24  
"MN",1887,331,10965.00  
"MN",1887,334,1249.74   
"MN",1887,337,8524.69   
"MN",1887,341,10999.84  
"MN",1887,342,24218.95  
"MN",1887,343,136079.27 
"MN",1887,345,32197.10  
"MN",1887,351,20494.50  
"MN",1887,352,119.50    
"MN",1887,353,20753.78  
"MN",1887,356,14022.27  
"MN",1887,357,11161.15  
"MN",1887,358,107257.60 
"MN",1887,359,1277.68   
"MN",1887,361,86484.25  
"MN",1887,362,79683.26  
"MN",1887,363,101852.59 
"MN",1887,365,518.00    
"MN",1887,366,174.14    
"MN",1887,367,16452.77  
"MN",1887,368,1961.25   
"MN",1887,369,95059.00  
"MN",1887,393,4259.24   
"MN",1887,398,18417.06  
"MN",1887,399,20.00     
"MN",1887,400,9267.38   
"MN",1887,401,178512.71 
"MN",1887,412,66783.00  
"MN",1887,413,61000.00  
"MN",1887,415,585000.00 
"MN",1888,311,530651.08 
"MN",1888,313,94990.59  
"MN",1888,317,115765.09 
"MN",1888,318,6868.78   
"MN",1888,321,5234.48   
"MN",1888,322,122578.30 
"MN",1888,323,344356.64 
"MN",1888,325,38372.06  
"MN",1888,326,10500.00  
"MN",1888,327,712.78    
"MN",1888,331,7283.98   
"MN",1888,334,300.00    
"MN",1888,337,14777.62  
"MN",1888,341,8720.33   
"MN",1888,342,27284.57  
"MN",1888,343,148380.45 
"MN",1888,345,31506.17  
"MN",1888,351,22260.50  
"MN",1888,352,348.20    
"MN",1888,353,22771.65  
"MN",1888,356,20916.63  
"MN",1888,357,8038.78   
"MN",1888,358,128916.46 
"MN",1888,359,1103.03   
"MN",1888,362,79138.70  
"MN",1888,363,111598.53 
"MN",1888,365,464.40    
"MN",1888,366,621.30    
"MN",1888,367,34489.74  
"MN",1888,368,4483.03   
"MN",1888,369,22636.79  
"MN",1888,393,2456.54   
"MN",1888,398,3119.99   
"MN",1888,399,1000.00   
"MN",1888,400,5949.71   
"MN",1888,401,178537.50 
"MN",1888,412,218266.91 
"MN",1888,415,8000.00   
"MN",1889,311,924942.92 
"MN",1889,313,121670.18 
"MN",1889,317,99645.83  
"MN",1889,318,5813.12   
"MN",1889,322,121907.85 
"MN",1889,323,365086.87 
"MN",1889,325,100394.42 
"MN",1889,327,379.22    
"MN",1889,331,9480.00   
"MN",1889,341,7854.24   
"MN",1889,342,28680.73  
"MN",1889,343,261234.86 
"MN",1889,345,40184.26  
"MN",1889,351,31673.21  
"MN",1889,352,16.65     
"MN",1889,353,20646.76  
"MN",1889,356,5310.84   
"MN",1889,357,8913.93   
"MN",1889,358,136218.33 
"MN",1889,359,1561.72   
"MN",1889,361,151241.78 
"MN",1889,362,118464.39 
"MN",1889,363,131331.44 
"MN",1889,365,1044.70   
"MN",1889,366,6801.94   
"MN",1889,367,21038.45  
"MN",1889,368,2585.30   
"MN",1889,369,121515.13 
"MN",1889,393,3722.03   
"MN",1889,398,27643.09  
"MN",1889,399,8910.58   
"MN",1889,400,6181.33   
"MN",1889,401,127397.50 
"MN",1889,412,268292.05 
"MN",1889,415,250000.00 
"MN",1890,311,885747.36 
"MN",1890,313,345759.55 
"MN",1890,317,87286.41  
"MN",1890,318,14434.25  
"MN",1890,322,125286.76 
"MN",1890,323,431583.74 
"MN",1890,325,126010.32 
"MN",1890,331,21175.00  
"MN",1890,334,269.20    
"MN",1890,337,13622.95  
"MN",1890,341,7136.04   
"MN",1890,342,27774.22  
"MN",1890,343,339804.66 
"MN",1890,345,36517.86  
"MN",1890,351,18617.11  
"MN",1890,352,100.00    
"MN",1890,353,22028.37  
"MN",1890,356,27131.02  
"MN",1890,357,11434.39  
"MN",1890,358,114488.46 
"MN",1890,359,1020.78   
"MN",1890,361,351.50    
"MN",1890,362,88114.69  
"MN",1890,363,139299.00 
"MN",1890,365,281.60    
"MN",1890,366,306.78    
"MN",1890,367,12632.08  
"MN",1890,368,7441.59   
"MN",1890,369,40874.55  
"MN",1890,393,8847.44   
"MN",1890,398,4172.62   
"MN",1890,399,458.84    
"MN",1890,400,5973.31   
"MN",1890,401,184920.00 
"MN",1890,412,138716.00 
"MN",1890,415,150000.00 
"MN",1891,311,1115105.35
"MN",1891,313,240269.13 
"MN",1891,314,3500.00   
"MN",1891,317,94648.86  
"MN",1891,318,10228.05  
"MN",1891,321,5956.17   
"MN",1891,322,139701.78 
"MN",1891,323,425882.27 
"MN",1891,325,90676.96  
"MN",1891,331,10620.33  
"MN",1891,337,12633.21  
"MN",1891,341,4858.65   
"MN",1891,342,28891.86  
"MN",1891,343,439230.53 
"MN",1891,345,46021.05  
"MN",1891,351,43771.18  
"MN",1891,352,128.40    
"MN",1891,353,20220.77  
"MN",1891,356,24791.46  
"MN",1891,357,13509.82  
"MN",1891,358,141143.18 
"MN",1891,359,1665.36   
"MN",1891,361,162953.52 
"MN",1891,362,84943.38  
"MN",1891,363,136111.91 
"MN",1891,365,783.70    
"MN",1891,366,967.30    
"MN",1891,367,21721.01  
"MN",1891,368,9204.05   
"MN",1891,369,145325.30 
"MN",1891,393,16156.30  
"MN",1891,398,17537.10  
"MN",1891,399,3000.00   
"MN",1891,400,35091.80  
"MN",1891,401,171816.37 
"MN",1891,412,209460.83 
"MN",1891,415,140000.00 
"MN",1892,311,1122090.90
"MN",1892,313,245905.84 
"MN",1892,314,6500.00   
"MN",1892,317,116886.74 
"MN",1892,318,11783.20  
"MN",1892,321,6043.83   
"MN",1892,322,148943.63 
"MN",1892,323,508779.82 
"MN",1892,325,133480.42 
"MN",1892,331,21249.47  
"MN",1892,337,13203.33  
"MN",1892,341,5044.49   
"MN",1892,342,31666.43  
"MN",1892,343,380231.99 
"MN",1892,345,37641.96  
"MN",1892,351,32291.08  
"MN",1892,353,19951.00  
"MN",1892,356,23556.10  
"MN",1892,357,43706.83  
"MN",1892,358,154073.41 
"MN",1892,359,875.63    
"MN",1892,361,304.00    
"MN",1892,362,86128.70  
"MN",1892,363,145311.79 
"MN",1892,365,842.80    
"MN",1892,366,150.50    
"MN",1892,367,35260.65  
"MN",1892,368,8431.51   
"MN",1892,369,32297.27  
"MN",1892,393,5914.03   
"MN",1892,395,86036.01  
"MN",1892,398,12043.87  
"MN",1892,399,600.00    
"MN",1892,400,17300.63  
"MN",1892,401,118990.79 
"MN",1892,412,169043.00 
"MN",1892,415,356126.66 
"MN",1893,311,1098299.59
"MN",1893,313,260378.12 
"MN",1893,314,11900.00  
"MN",1893,317,112722.45 
"MN",1893,318,5750.71   
"MN",1893,321,6000.00   
"MN",1893,322,159032.54 
"MN",1893,323,520256.88 
"MN",1893,325,138129.16 
"MN",1893,331,15540.97  
"MN",1893,337,14000.00  
"MN",1893,341,7345.40   
"MN",1893,342,36701.89  
"MN",1893,343,244401.12 
"MN",1893,345,49474.34  
"MN",1893,351,52383.75  
"MN",1893,352,1326.48   
"MN",1893,353,30867.75  
"MN",1893,356,24571.52  
"MN",1893,357,12883.01  
"MN",1893,358,167951.76 
"MN",1893,359,1182.25   
"MN",1893,361,142111.71 
"MN",1893,362,95107.25  
"MN",1893,363,139485.13 
"MN",1893,365,2041.30   
"MN",1893,366,428.65    
"MN",1893,367,21278.69  
"MN",1893,368,9042.75   
"MN",1893,369,112001.27 
"MN",1893,393,9810.14   
"MN",1893,395,128833.00 
"MN",1893,398,151351.82 
"MN",1893,399,32266.83  
"MN",1893,400,16000.00  
"MN",1893,401,54536.21  
"MN",1893,402,9000.00   
"MN",1893,412,221454.91 
"MN",1893,413,50000.00  
"MN",1893,415,2412.42   
"MN",1894,311,1115441.65
"MN",1894,313,499298.23 
"MN",1894,314,18211.19  
"MN",1894,317,220691.75 
"MN",1894,318,6376.23   
"MN",1894,321,6000.00   
"MN",1894,322,218674.03 
"MN",1894,323,496604.08 
"MN",1894,325,92962.57  
"MN",1894,326,42892.50  
"MN",1894,327,14000.00  
"MN",1894,331,3955.00   
"MN",1894,336,36337.63  
"MN",1894,341,10874.76  
"MN",1894,342,34293.87  
"MN",1894,343,322428.45 
"MN",1894,345,43610.81  
"MN",1894,351,45700.34  
"MN",1894,353,17838.77  
"MN",1894,356,21687.42  
"MN",1894,357,21885.13  
"MN",1894,358,188312.59 
"MN",1894,359,1185.45   
"MN",1894,361,6265.74   
"MN",1894,362,93837.48  
"MN",1894,363,143387.06 
"MN",1894,365,820.70    
"MN",1894,366,933.48    
"MN",1894,367,24837.28  
"MN",1894,368,260186.57 
"MN",1894,369,35949.69  
"MN",1894,393,13426.67  
"MN",1894,398,3621.96   
"MN",1894,399,22653.78  
"MN",1894,400,25035.58  
"MN",1894,401,67521.87  
"MN",1894,412,339328.00 
"MN",1894,413,50000.00  
"MN",1894,415,857092.00 
"MN",1895,311,1187350.21
"MN",1895,313,366119.00 
"MN",1895,314,17050.09  
"MN",1895,317,137539.42 
"MN",1895,318,5967.56   
"MN",1895,321,6000.00   
"MN",1895,322,159381.58 
"MN",1895,323,707129.20 
"MN",1895,325,99541.07  
"MN",1895,326,30000.00  
"MN",1895,331,4028.00   
"MN",1895,336,40407.08  
"MN",1895,337,15609.84  
"MN",1895,341,10314.44  
"MN",1895,342,34048.87  
"MN",1895,343,241568.32 
"MN",1895,345,54802.14  
"MN",1895,351,31336.92  
"MN",1895,352,758.30    
"MN",1895,353,22206.91  
"MN",1895,356,24821.06  
"MN",1895,357,18928.52  
"MN",1895,358,193447.28 
"MN",1895,359,2227.57   
"MN",1895,361,138848.35 
"MN",1895,362,97299.20  
"MN",1895,363,147529.58 
"MN",1895,364,4180.00   
"MN",1895,365,659.61    
"MN",1895,366,1082.82   
"MN",1895,367,32542.86  
"MN",1895,368,23032.50  
"MN",1895,369,126434.72 
"MN",1895,393,3360.05   
"MN",1895,395,94177.01  
"MN",1895,398,27988.94  
"MN",1895,399,2626.42   
"MN",1895,400,76744.46  
"MN",1895,401,68465.00  
"MN",1895,412,320141.09 
"MN",1895,413,300000.00 
"MN",1895,415,601213.73 
"MN",1896,311,1159629.71
"MN",1896,313,396201.39 
"MN",1896,314,93014.79  
"MN",1896,317,138051.34 
"MN",1896,318,8412.25   
"MN",1896,321,6300.00   
"MN",1896,322,221143.27 
"MN",1896,323,767285.13 
"MN",1896,325,130469.49 
"MN",1896,331,4437.04   
"MN",1896,336,19437.37  
"MN",1896,337,15651.93  
"MN",1896,341,10470.53  
"MN",1896,342,34582.62  
"MN",1896,343,177633.51 
"MN",1896,345,55177.86  
"MN",1896,351,30870.44  
"MN",1896,352,6528.08   
"MN",1896,353,26461.13  
"MN",1896,356,26174.57  
"MN",1896,357,23841.23  
"MN",1896,358,212622.74 
"MN",1896,359,1435.53   
"MN",1896,361,3.15      
"MN",1896,362,102498.39 
"MN",1896,363,142502.37 
"MN",1896,365,354.00    
"MN",1896,366,166.97    
"MN",1896,367,18505.47  
"MN",1896,368,89248.60  
"MN",1896,369,54133.96  
"MN",1896,393,24712.35  
"MN",1896,395,120588.51 
"MN",1896,398,4677.40   
"MN",1896,399,1511.31   
"MN",1896,401,58065.00  
"MN",1896,402,7100.00   
"MN",1896,412,198291.00 
"MN",1896,415,602492.63 
"MN",1897,311,1243137.78
"MN",1897,313,380521.62 
"MN",1897,314,84193.47  
"MN",1897,317,178535.16 
"MN",1897,318,6052.00   
"MN",1897,321,6135.53   
"MN",1897,322,217150.12 
"MN",1897,323,617898.14 
"MN",1897,325,131209.98 
"MN",1897,326,15000.00  
"MN",1897,331,11651.25  
"MN",1897,336,57196.84  
"MN",1897,337,14904.60  
"MN",1897,341,13320.20  
"MN",1897,342,36133.79  
"MN",1897,343,204713.82 
"MN",1897,345,48134.75  
"MN",1897,351,51018.49  
"MN",1897,352,1021.92   
"MN",1897,353,26317.53  
"MN",1897,356,31084.53  
"MN",1897,357,22971.67  
"MN",1897,358,219630.29 
"MN",1897,359,4636.07   
"MN",1897,361,144320.89 
"MN",1897,362,102585.74 
"MN",1897,363,147998.63 
"MN",1897,364,3112.53   
"MN",1897,365,1172.50   
"MN",1897,366,498.92    
"MN",1897,367,23780.03  
"MN",1897,368,135514.97 
"MN",1897,369,163791.10 
"MN",1897,393,2517.34   
"MN",1897,395,165952.92 
"MN",1897,398,8390.43   
"MN",1897,399,7405.86   
"MN",1897,400,908.14    
"MN",1897,401,62879.41  
"MN",1897,412,270197.55 
"MN",1897,413,150000.00 
"MN",1897,415,29250.00  
"MN",1898,310,400.00    
"MN",1898,311,1129542.74
"MN",1898,313,394838.64 
"MN",1898,314,104213.80 
"MN",1898,317,175900.68 
"MN",1898,318,6453.45   
"MN",1898,321,6464.47   
"MN",1898,322,219648.21 
"MN",1898,323,669055.97 
"MN",1898,325,93013.26  
"MN",1898,331,17888.45  
"MN",1898,336,26138.31  
"MN",1898,337,15470.43  
"MN",1898,341,7675.34   
"MN",1898,342,33870.80  
"MN",1898,343,185649.02 
"MN",1898,345,104677.53 
"MN",1898,351,29383.32  
"MN",1898,352,3100.00   
"MN",1898,353,25122.80  
"MN",1898,354,1458.60   
"MN",1898,356,29975.28  
"MN",1898,357,18510.73  
"MN",1898,358,225996.43 
"MN",1898,359,5804.58   
"MN",1898,362,107045.30 
"MN",1898,363,155307.56 
"MN",1898,364,100.00    
"MN",1898,365,915.00    
"MN",1898,366,1476.15   
"MN",1898,367,22519.57  
"MN",1898,368,193048.37 
"MN",1898,369,28138.16  
"MN",1898,393,3920.67   
"MN",1898,395,247064.76 
"MN",1898,398,1899.57   
"MN",1898,399,574.85    
"MN",1898,400,24843.23  
"MN",1898,401,52220.85  
"MN",1898,412,338300.00 
"MN",1898,413,91975.17  
"MN",1898,415,443000.00 
"MN",1899,311,1100176.19
"MN",1899,312,22850.00  
"MN",1899,313,366962.79 
"MN",1899,314,100317.14 
"MN",1899,317,194453.30 
"MN",1899,318,7866.42   
"MN",1899,321,6252.19   
"MN",1899,322,201380.06 
"MN",1899,323,630034.48 
"MN",1899,325,100727.97 
"MN",1899,331,12027.75  
"MN",1899,334,1137.37   
"MN",1899,336,636.12    
"MN",1899,337,15105.20  
"MN",1899,340,5152.19   
"MN",1899,341,10655.06  
"MN",1899,342,31538.13  
"MN",1899,343,165577.69 
"MN",1899,345,101217.30 
"MN",1899,351,30579.39  
"MN",1899,352,3877.82   
"MN",1899,353,26368.92  
"MN",1899,356,30474.27  
"MN",1899,357,17906.22  
"MN",1899,358,275135.07 
"MN",1899,359,6000.05   
"MN",1899,361,148151.36 
"MN",1899,362,110307.36 
"MN",1899,363,145445.73 
"MN",1899,365,650.00    
"MN",1899,366,364.79    
"MN",1899,367,20569.82  
"MN",1899,368,421865.93 
"MN",1899,369,155578.36 
"MN",1899,393,5178.23   
"MN",1899,395,322700.96 
"MN",1899,398,36856.82  
"MN",1899,400,6837.06   
"MN",1899,401,12600.00  
"MN",1899,412,347598.00 
"MN",1899,413,118536.24 
"MN",1899,415,849963.60 
"MN",1899,416,200000.00 
"MN",1900,310,400.00    
"MN",1900,311,1412527.08
"MN",1900,312,28650.00  
"MN",1900,313,806681.02 
"MN",1900,314,94996.44  
"MN",1900,317,168671.96 
"MN",1900,318,8500.00   
"MN",1900,321,8421.43   
"MN",1900,322,234871.97 
"MN",1900,323,426294.76 
"MN",1900,325,119399.81 
"MN",1900,331,2383.33   
"MN",1900,336,2877.08   
"MN",1900,337,18477.61  
"MN",1900,340,1924.47   
"MN",1900,341,9586.10   
"MN",1900,342,35178.96  
"MN",1900,343,213100.62 
"MN",1900,345,102726.26 
"MN",1900,351,51748.79  
"MN",1900,352,4137.83   
"MN",1900,356,47584.03  
"MN",1900,357,25411.93  
"MN",1900,358,290237.16 
"MN",1900,359,25755.19  
"MN",1900,361,150.00    
"MN",1900,362,116737.38 
"MN",1900,363,154958.59 
"MN",1900,365,695.00    
"MN",1900,367,22421.52  
"MN",1900,368,402618.17 
"MN",1900,369,26339.65  
"MN",1900,393,6580.38   
"MN",1900,395,662561.77 
"MN",1900,398,4500.00   
"MN",1900,399,11389.99  
"MN",1900,400,6275.17   
"MN",1900,401,58412.98  
"MN",1900,412,353321.00 
"MN",1900,413,70000.00  
"MN",1900,415,803637.50 
"MN",1901,310,400.00    
"MN",1901,311,1493430.08
"MN",1901,312,49432.13  
"MN",1901,313,64145.86  
"MN",1901,314,105121.99 
"MN",1901,317,260754.25 
"MN",1901,318,11264.60  
"MN",1901,321,7900.17   
"MN",1901,322,244292.45 
"MN",1901,323,659519.86 
"MN",1901,325,155463.99 
"MN",1901,331,414698.90 
"MN",1901,334,5466.38   
"MN",1901,337,19647.02  
"MN",1901,339,9000.00   
"MN",1901,340,1081.53   
"MN",1901,341,15946.77  
"MN",1901,342,39352.95  
"MN",1901,343,211198.36 
"MN",1901,345,75282.41  
"MN",1901,351,51969.81  
"MN",1901,352,2765.09   
"MN",1901,353,28899.38  
"MN",1901,356,48439.73  
"MN",1901,357,16463.19  
"MN",1901,358,272722.12 
"MN",1901,359,11052.33  
"MN",1901,361,141929.57 
"MN",1901,362,117944.23 
"MN",1901,363,164969.00 
"MN",1901,364,1656.76   
"MN",1901,365,2734.42   
"MN",1901,366,2044.60   
"MN",1901,367,30556.75  
"MN",1901,368,332654.72 
"MN",1901,369,119374.94 
"MN",1901,391,10791.02  
"MN",1901,393,4836.43   
"MN",1901,395,416624.15 
"MN",1901,398,30881.21  
"MN",1901,399,25016.08  
"MN",1901,400,4095.03   
"MN",1901,401,55540.00  
"MN",1901,412,427813.71 
"MN",1901,413,70000.00  
"MN",1901,415,714980.10 
"MN",1902,310,800.00    
"MN",1902,311,1268576.49
"MN",1902,312,98995.57  
"MN",1902,313,625561.11 
"MN",1902,314,86296.10  
"MN",1902,317,263665.99 
"MN",1902,318,11050.00  
"MN",1902,321,127.43    
"MN",1902,322,256717.15 
"MN",1902,323,574755.00 
"MN",1902,324,746.70    
"MN",1902,325,149718.64 
"MN",1902,331,18546.90  
"MN",1902,334,4552.96   
"MN",1902,336,10413.54  
"MN",1902,337,22024.93  
"MN",1902,341,11931.36  
"MN",1902,342,41958.58  
"MN",1902,343,163444.87 
"MN",1902,345,68696.22  
"MN",1902,351,51613.72  
"MN",1902,352,18344.79  
"MN",1902,353,21689.60  
"MN",1902,356,66856.97  
"MN",1902,357,19630.28  
"MN",1902,358,288488.60 
"MN",1902,359,21069.49  
"MN",1902,361,62644.48  
"MN",1902,362,123270.58 
"MN",1902,363,176168.05 
"MN",1902,365,14778.09  
"MN",1902,366,9541.45   
"MN",1902,367,43209.84  
"MN",1902,368,410505.37 
"MN",1902,369,36232.43  
"MN",1902,391,276.70    
"MN",1902,393,7035.60   
"MN",1902,395,578710.65 
"MN",1902,398,12180.87  
"MN",1902,399,137.80    
"MN",1902,400,45386.91  
"MN",1902,401,42345.00  
"MN",1902,412,378749.00 
"MN",1902,413,96157.50  
"MN",1902,415,1060981.16
"MN",1903,310,800.00    
"MN",1903,311,1348694.31
"MN",1903,312,84508.12  
"MN",1903,313,578852.27 
"MN",1903,314,104973.09 
"MN",1903,317,305132.16 
"MN",1903,318,11050.00  
"MN",1903,321,407.43    
"MN",1903,322,272028.79 
"MN",1903,323,732629.57 
"MN",1903,324,119.70    
"MN",1903,325,163473.13 
"MN",1903,331,14599.11  
"MN",1903,334,4895.79   
"MN",1903,336,20316.39  
"MN",1903,337,19027.62  
"MN",1903,341,16200.11  
"MN",1903,342,45449.32  
"MN",1903,343,187986.05 
"MN",1903,345,75160.68  
"MN",1903,351,78816.65  
"MN",1903,352,5888.25   
"MN",1903,353,22429.99  
"MN",1903,356,59893.34  
"MN",1903,357,51903.74  
"MN",1903,358,280825.53 
"MN",1903,359,29366.59  
"MN",1903,361,170063.13 
"MN",1903,362,137344.22 
"MN",1903,363,180870.09 
"MN",1903,364,3089.00   
"MN",1903,365,654.00    
"MN",1903,366,18191.73  
"MN",1903,367,15361.83  
"MN",1903,368,840413.87 
"MN",1903,369,220949.12 
"MN",1903,391,3610.94   
"MN",1903,393,2488.49   
"MN",1903,395,709177.29 
"MN",1903,398,37235.17  
"MN",1903,400,2224.72   
"MN",1903,401,35750.00  
"MN",1903,412,505452.39 
"MN",1903,413,113578.83 
"MN",1903,415,600000.00 
"MN",1903,418,51.81     
"MN",1904,310,800.00    
"MN",1904,311,1628010.85
"MN",1904,312,165095.32 
"MN",1904,313,617185.16 
"MN",1904,314,119949.20 
"MN",1904,317,327067.75 
"MN",1904,318,16071.69  
"MN",1904,321,300.00    
"MN",1904,322,328341.37 
"MN",1904,323,683492.63 
"MN",1904,325,152769.86 
"MN",1904,331,30050.00  
"MN",1904,334,6055.37   
"MN",1904,336,37971.97  
"MN",1904,341,16605.88  
"MN",1904,342,91197.51  
"MN",1904,343,277906.92 
"MN",1904,345,72373.98  
"MN",1904,351,121862.36 
"MN",1904,352,5373.40   
"MN",1904,353,25617.30  
"MN",1904,356,61425.96  
"MN",1904,357,40443.81  
"MN",1904,358,287629.92 
"MN",1904,359,20775.82  
"MN",1904,362,135545.64 
"MN",1904,363,183512.70 
"MN",1904,365,800.00    
"MN",1904,366,12800.83  
"MN",1904,367,9197.02   
"MN",1904,368,1213861.73
"MN",1904,369,41443.06  
"MN",1904,391,3901.89   
"MN",1904,393,5180.23   
"MN",1904,395,807325.69 
"MN",1904,398,70018.84  
"MN",1904,400,5132.26   
"MN",1904,401,51250.00  
"MN",1904,412,673576.47 
"MN",1904,413,135401.56 
"MN",1904,415,1099170.83
"MN",1904,418,106.86    
"MN",1905,310,800.00    
"MN",1905,311,1687093.25
"MN",1905,312,167508.00 
"MN",1905,313,616996.81 
"MN",1905,314,106103.58 
"MN",1905,317,302642.08 
"MN",1905,318,21057.39  
"MN",1905,321,166.24    
"MN",1905,322,300011.52 
"MN",1905,323,841191.36 
"MN",1905,325,143114.48 
"MN",1905,331,22555.07  
"MN",1905,334,6666.42   
"MN",1905,336,27018.91  
"MN",1905,337,21783.54  
"MN",1905,341,14892.25  
"MN",1905,342,95010.35  
"MN",1905,343,265399.75 
"MN",1905,345,73502.12  
"MN",1905,351,122160.66 
"MN",1905,352,43490.31  
"MN",1905,353,27511.77  
"MN",1905,356,78217.00  
"MN",1905,357,29009.25  
"MN",1905,358,330964.80 
"MN",1905,359,47939.41  
"MN",1905,361,172634.55 
"MN",1905,362,153344.46 
"MN",1905,363,195466.19 
"MN",1905,364,2133.80   
"MN",1905,365,790.00    
"MN",1905,366,3542.37   
"MN",1905,367,100393.92 
"MN",1905,368,947602.86 
"MN",1905,369,207514.62 
"MN",1905,391,742.71    
"MN",1905,393,2621.67   
"MN",1905,395,900063.20 
"MN",1905,398,34734.14  
"MN",1905,400,7114.82   
"MN",1905,401,83333.30  
"MN",1905,412,698673.00 
"MN",1905,413,131815.00 
"MN",1905,416,700000.00 
"MN",1905,418,118.14    
"MN",1906,310,800.00    
"MN",1906,311,1851057.10
"MN",1906,312,187599.50 
"MN",1906,313,828549.13 
"MN",1906,314,124115.45 
"MN",1906,317,462160.66 
"MN",1906,318,22925.06  
"MN",1906,321,323.64    
"MN",1906,322,333282.65 
"MN",1906,323,785888.57 
"MN",1906,325,211066.68 
"MN",1906,331,53956.74  
"MN",1906,334,6256.97   
"MN",1906,336,11947.53  
"MN",1906,337,28414.74  
"MN",1906,341,15999.94  
"MN",1906,342,97380.63  
"MN",1906,343,263014.07 
"MN",1906,345,76067.72  
"MN",1906,351,120359.89 
"MN",1906,352,5537.74   
"MN",1906,353,37934.53  
"MN",1906,356,78414.14  
"MN",1906,357,51100.65  
"MN",1906,358,336900.67 
"MN",1906,359,26595.77  
"MN",1906,361,3.00      
"MN",1906,362,166853.70 
"MN",1906,363,165099.47 
"MN",1906,365,630.00    
"MN",1906,366,3263.78   
"MN",1906,367,78495.11  
"MN",1906,368,287663.00 
"MN",1906,369,59415.20  
"MN",1906,391,455.71    
"MN",1906,393,3224.81   
"MN",1906,395,1107928.08
"MN",1906,398,1984.01   
"MN",1906,399,3144.81   
"MN",1906,400,24315.15  
"MN",1906,401,92000.00  
"MN",1906,412,1438390.69
"MN",1906,413,187157.50 
"MN",1906,418,.13       
"MN",1907,310,800.00    
"MN",1907,311,1791947.87
"MN",1907,312,164241.00 
"MN",1907,313,1140275.37
"MN",1907,314,119967.75 
"MN",1907,317,378905.74 
"MN",1907,318,22042.86  
"MN",1907,321,310.12    
"MN",1907,322,372489.28 
"MN",1907,323,1003467.76
"MN",1907,325,256088.97 
"MN",1907,331,39977.73  
"MN",1907,334,7994.95   
"MN",1907,336,34810.63  
"MN",1907,337,38818.61  
"MN",1907,341,14662.22  
"MN",1907,342,112069.04 
"MN",1907,343,299109.39 
"MN",1907,344,2446.19   
"MN",1907,345,91748.51  
"MN",1907,351,142899.50 
"MN",1907,352,12767.83  
"MN",1907,353,33602.76  
"MN",1907,356,90054.23  
"MN",1907,357,45510.28  
"MN",1907,358,343437.70 
"MN",1907,359,85358.95  
"MN",1907,361,189975.25 
"MN",1907,362,193053.52 
"MN",1907,363,175341.06 
"MN",1907,364,2760.00   
"MN",1907,365,8512.71   
"MN",1907,366,1440.51   
"MN",1907,367,74779.60  
"MN",1907,368,263007.76 
"MN",1907,369,129095.81 
"MN",1907,391,644.89    
"MN",1907,393,2423.11   
"MN",1907,395,1221502.82
"MN",1907,398,12912.97  
"MN",1907,399,22472.54  
"MN",1907,400,9722.87   
"MN",1907,401,89830.00  
"MN",1907,412,1664424.13
"MN",1907,413,172750.00 
"MN",1907,418,98.11     
"MN",1908,311,2183290.96
"MN",1908,312,358217.58 
"MN",1908,313,1457997.37
"MN",1908,314,135519.63 
"MN",1908,317,426895.52 
"MN",1908,318,25300.64  
"MN",1908,321,2636.84   
"MN",1908,322,412174.95 
"MN",1908,323,918819.78 
"MN",1908,325,277968.12 
"MN",1908,327,12500.00  
"MN",1908,331,159110.91 
"MN",1908,334,8088.21   
"MN",1908,336,83442.94  
"MN",1908,337,60647.21  
"MN",1908,341,3293.68   
"MN",1908,342,121869.13 
"MN",1908,343,288174.07 
"MN",1908,344,18235.40  
"MN",1908,345,116242.73 
"MN",1908,351,153108.26 
"MN",1908,352,7497.31   
"MN",1908,353,36537.81  
"MN",1908,356,98507.70  
"MN",1908,357,89089.69  
"MN",1908,358,430777.09 
"MN",1908,359,63036.22  
"MN",1908,362,203664.21 
"MN",1908,363,204087.81 
"MN",1908,365,32073.62  
"MN",1908,366,903.35    
"MN",1908,367,217872.60 
"MN",1908,368,291331.44 
"MN",1908,369,40236.82  
"MN",1908,391,703.86    
"MN",1908,393,17065.85  
"MN",1908,395,1262665.78
"MN",1908,398,5530.90   
"MN",1908,399,5471.91   
"MN",1908,400,7074.27   
"MN",1908,401,82207.77  
"MN",1908,412,1480188.00
"MN",1908,413,167937.50 
"MN",1908,418,452.55    
"MN",1909,311,2120775.86
"MN",1909,312,242465.00 
"MN",1909,313,1446533.14
"MN",1909,314,118415.76 
"MN",1909,317,523476.53 
"MN",1909,318,22306.13  
"MN",1909,321,3239.97   
"MN",1909,322,556783.91 
"MN",1909,323,1029800.84
"MN",1909,324,39842.04  
"MN",1909,325,287424.24 
"MN",1909,327,22372.53  
"MN",1909,331,199463.20 
"MN",1909,334,8160.23   
"MN",1909,336,203289.52 
"MN",1909,337,64492.64  
"MN",1909,341,23509.34  
"MN",1909,342,124939.14 
"MN",1909,343,494782.18 
"MN",1909,344,23014.02  
"MN",1909,345,103360.33 
"MN",1909,351,151024.03 
"MN",1909,352,48740.88  
"MN",1909,353,58062.65  
"MN",1909,356,98882.78  
"MN",1909,357,43066.10  
"MN",1909,358,397369.11 
"MN",1909,359,118224.90 
"MN",1909,361,290722.75 
"MN",1909,362,232682.53 
"MN",1909,363,207774.90 
"MN",1909,364,1923.13   
"MN",1909,365,41777.03  
"MN",1909,366,661.09    
"MN",1909,367,147535.90 
"MN",1909,368,280808.15 
"MN",1909,369,145698.70 
"MN",1909,391,1535.19   
"MN",1909,393,76329.65  
"MN",1909,395,1153372.75
"MN",1909,398,32694.81  
"MN",1909,399,9459.59   
"MN",1909,400,3633.11   
"MN",1909,401,75583.33  
"MN",1909,412,1383010.00
"MN",1909,413,269320.27 
"MN",1909,418,2.34      
"MN",1910,311,2399999.96
"MN",1910,312,393571.96 
"MN",1910,313,1464625.21
"MN",1910,314,118632.76 
"MN",1910,316,1175.12   
"MN",1910,317,602891.43 
"MN",1910,318,18602.03  
"MN",1910,321,459.44    
"MN",1910,322,563341.65 
"MN",1910,323,1116577.37
"MN",1910,324,1247.60   
"MN",1910,325,297634.81 
"MN",1910,327,20127.47  
"MN",1910,331,26530.90  
"MN",1910,334,8626.07   
"MN",1910,336,229890.39 
"MN",1910,337,48792.50  
"MN",1910,341,10610.69  
"MN",1910,342,128237.25 
"MN",1910,343,333114.69 
"MN",1910,344,41505.78  
"MN",1910,345,98181.36  
"MN",1910,351,175462.74 
"MN",1910,352,14935.04  
"MN",1910,353,52118.22  
"MN",1910,356,110428.96 
"MN",1910,357,71460.87  
"MN",1910,358,562112.31 
"MN",1910,359,60318.93  
"MN",1910,362,260253.69 
"MN",1910,363,231801.96 
"MN",1910,365,37350.95  
"MN",1910,366,623.31    
"MN",1910,367,81558.89  
"MN",1910,368,285011.05 
"MN",1910,369,45399.10  
"MN",1910,391,1695.92   
"MN",1910,393,40150.28  
"MN",1910,395,1365908.23
"MN",1910,398,13437.17  
"MN",1910,399,10133.86  
"MN",1910,400,11134.36  
"MN",1910,401,70027.77  
"MN",1910,412,1603499.00
"MN",1910,413,143467.50 
"MN",1910,416,50000.00  
"MN",1910,418,1302.58   
"MN",1911,311,2444248.11
"MN",1911,312,345610.93 
"MN",1911,313,933590.36 
"MN",1911,314,265513.45 
"MN",1911,317,578880.45 
"MN",1911,318,21702.70  
"MN",1911,321,688.71    
"MN",1911,322,665930.46 
"MN",1911,323,1098099.63
"MN",1911,324,1547.33   
"MN",1911,325,298905.22 
"MN",1911,327,20000.00  
"MN",1911,331,52498.96  
"MN",1911,334,10907.01  
"MN",1911,336,186675.75 
"MN",1911,337,53511.94  
"MN",1911,341,10725.51  
"MN",1911,342,140644.60 
"MN",1911,343,337004.25 
"MN",1911,344,717389.51 
"MN",1911,345,108516.37 
"MN",1911,351,192799.91 
"MN",1911,352,17388.43  
"MN",1911,353,128714.80 
"MN",1911,354,1182.61   
"MN",1911,356,146975.72 
"MN",1911,357,55317.35  
"MN",1911,358,370105.14 
"MN",1911,359,81991.85  
"MN",1911,361,317981.41 
"MN",1911,362,312859.39 
"MN",1911,363,226385.60 
"MN",1911,364,2229.49   
"MN",1911,365,34625.24  
"MN",1911,367,190076.48 
"MN",1911,368,89558.98  
"MN",1911,369,67058.69  
"MN",1911,391,2313.83   
"MN",1911,393,78358.75  
"MN",1911,395,1108748.99
"MN",1911,398,4815.50   
"MN",1911,400,3093.05   
"MN",1911,401,54025.13  
"MN",1911,412,3556178.35
"MN",1912,311,2500380.85
"MN",1912,312,895427.14 
"MN",1912,313,2737134.49
"MN",1912,314,174269.39 
"MN",1912,317,698269.05 
"MN",1912,318,22409.75  
"MN",1912,321,292.10    
"MN",1912,322,639986.00 
"MN",1912,323,1131643.88
"MN",1912,324,147778.30 
"MN",1912,325,383624.58 
"MN",1912,327,24747.91  
"MN",1912,331,99427.09  
"MN",1912,334,9785.81   
"MN",1912,336,228985.33 
"MN",1912,337,43677.64  
"MN",1912,341,15401.11  
"MN",1912,342,158299.90 
"MN",1912,343,242132.15 
"MN",1912,344,886136.18 
"MN",1912,345,171784.93 
"MN",1912,351,202563.28 
"MN",1912,352,16053.74  
"MN",1912,353,92024.66  
"MN",1912,354,5440.93   
"MN",1912,356,132549.42 
"MN",1912,357,39798.34  
"MN",1912,358,478308.66 
"MN",1912,359,83294.89  
"MN",1912,361,22014.77  
"MN",1912,362,325945.98 
"MN",1912,363,393728.67 
"MN",1912,365,47978.89  
"MN",1912,366,134.65    
"MN",1912,367,253604.04 
"MN",1912,368,230909.39 
"MN",1912,369,50176.73  
"MN",1912,391,57.65     
"MN",1912,393,102632.66 
"MN",1912,395,1101650.37
"MN",1912,398,3584.29   
"MN",1912,399,1595.40   
"MN",1912,400,37738.42  
"MN",1912,401,16690.41  
"MN",1912,412,2030886.00
"MN",1912,418,4.39      
"MN",1913,311,2647327.08
"MN",1913,312,778223.21 
"MN",1913,313,2863702.67
"MN",1913,314,998373.47 
"MN",1913,317,726630.36 
"MN",1913,318,30184.11  
"MN",1913,320,5105.42   
"MN",1913,321,3463.21   
"MN",1913,322,710876.61 
"MN",1913,323,1324481.91
"MN",1913,324,176401.47 
"MN",1913,325,338357.48 
"MN",1913,327,25265.47  
"MN",1913,331,521437.12 
"MN",1913,334,9967.28   
"MN",1913,336,212571.72 
"MN",1913,337,41711.21  
"MN",1913,341,14228.89  
"MN",1913,342,150146.07 
"MN",1913,343,392462.89 
"MN",1913,344,72904.46  
"MN",1913,345,216120.59 
"MN",1913,351,215334.95 
"MN",1913,352,22814.70  
"MN",1913,353,81744.50  
"MN",1913,354,4711.83   
"MN",1913,356,136076.75 
"MN",1913,357,59745.55  
"MN",1913,358,601297.94 
"MN",1913,359,149630.85 
"MN",1913,361,284526.23 
"MN",1913,362,311114.40 
"MN",1913,363,235720.62 
"MN",1913,364,4966.49   
"MN",1913,365,41685.46  
"MN",1913,366,1896.78   
"MN",1913,367,117237.13 
"MN",1913,368,131026.45 
"MN",1913,369,177560.35 
"MN",1913,391,527.55    
"MN",1913,393,21917.63  
"MN",1913,395,1819977.84
"MN",1913,398,37708.24  
"MN",1913,399,3983.40   
"MN",1913,400,57854.66  
"MN",1913,401,80175.00  
"MN",1913,412,1969375.00
"MN",1913,415,70000.00  
"MN",1914,310,15193.63  
"MN",1914,311,2452667.29
"MN",1914,312,851832.07 
"MN",1914,313,3171120.23
"MN",1914,314,1153723.61
"MN",1914,317,1227808.37
"MN",1914,318,25792.97  
"MN",1914,320,3155.34   
"MN",1914,321,705.66    
"MN",1914,322,881710.24 
"MN",1914,323,1315784.33
"MN",1914,324,134164.90 
"MN",1914,325,347280.41 
"MN",1914,327,34300.09  
"MN",1914,331,631817.43 
"MN",1914,334,12837.05  
"MN",1914,336,173800.41 
"MN",1914,337,71469.15  
"MN",1914,341,11257.80  
"MN",1914,342,161287.48 
"MN",1914,343,473592.26 
"MN",1914,344,80469.85  
"MN",1914,345,351565.41 
"MN",1914,351,185318.90 
"MN",1914,352,118178.40 
"MN",1914,353,99655.88  
"MN",1914,354,6032.50   
"MN",1914,356,135600.49 
"MN",1914,357,71618.14  
"MN",1914,358,643538.69 
"MN",1914,359,71778.92  
"MN",1914,361,4978.70   
"MN",1914,362,332809.49 
"MN",1914,363,248418.19 
"MN",1914,364,4378.94   
"MN",1914,365,42544.84  
"MN",1914,366,1036.96   
"MN",1914,367,149986.73 
"MN",1914,368,558161.28 
"MN",1914,369,57604.26  
"MN",1914,393,125835.02 
"MN",1914,395,1492142.32
"MN",1914,398,8983.90   
"MN",1914,399,49195.50  
"MN",1914,400,21022.42  
"MN",1914,401,22504.16  
"MN",1914,412,3456748.00
"MN",1914,416,4.16      
"MN",1914,418,36.65     
