"MI",1835,3,10111     
"MI",1836,3,207959    
"MI",1837,3,998955    
"MI",1838,3,353322    
"MI",1839,3,3149229   
"MI",1840,3,1143016   
"MI",1841,3,933466    
"MI",1842,3,509731    
"MI",1843,3,730502    
"MI",1844,3,614715    
"MI",1847,3,769643    
"MI",1849,3,490398    
"MI",1850,3,449358    
"MI",1851,3,352507    
"MI",1852,3,431920    
"MI",1853,3,396448    
"MI",1854,3,433471    
"MI",1855,3,624780    
"MI",1856,3,639778    
"MI",1857,3,679982    
"MI",1858,3,847215    
"MI",1859,3,736825    
"MI",1860,3,730441    
"MI",1861,3,1313591   
"MI",1862,3,896052    
"MI",1863,3,3127486   
"MI",1864,3,2003683   
"MI",1865,3,1925967   
"MI",1866,3,1791386   
"MI",1867,3,1694283   
"MI",1871,3,1274368   
"MI",1872,3,1898397   
"MI",1873,3,2314944   
"MI",1875,3,2050097   
"MI",1876,3,1909508   
"MI",1877,3,2288059   
"MI",1878,3,2570347   
"MI",1879,3,2019885   
"MI",1880,3,1820950   
"MI",1881,3,2392569   
"MI",1882,3,2951513   
"MI",1883,3,3436464   
"MI",1884,3,3238553   
"MI",1885,3,2730977   
"MI",1886,3,2895250   
"MI",1887,3,2185544   
"MI",1888,3,2869312   
"MI",1889,3,3134310   
"MI",1890,3,3342138   
"MI",1891,3,2875309   
"MI",1892,3,2955265   
"MI",1893,3,3311433   
"MI",1894,3,3409799   
"MI",1895,3,3420915   
"MI",1896,3,4272508   
"MI",1897,3,3275316   
"MI",1898,3,3638697   
"MI",1899,3,1422044   
"MI",1900,3,4198970   
"MI",1901,3,5700010   
"MI",1902,3,6253143   
"MI",1903,3,7387538   
"MI",1904,3,8151637   
"MI",1905,3,8287994   
"MI",1906,3,8422014   
"MI",1907,3,27572972  
"MI",1908,3,14837195  
"MI",1909,3,16990157  
"MI",1910,3,18318002  
"MI",1911,3,12596952  
"MI",1912,3,7445518   
"MI",1913,3,13165471  
"MI",1914,3,16211287  
"MI",1915,3,16536169  
                      
"MI",1835,33,125      
"MI",1835,36,9963     
"MI",1835,39,23       
"MI",1836,11,5612     
"MI",1836,16,697      
"MI",1836,29,111236   
"MI",1836,34,13591    
"MI",1836,35,1966     
"MI",1836,36,34155    
"MI",1836,39,7999     
"MI",1836,40,7051     
"MI",1836,41,25652    
"MI",1837,11,47128    
"MI",1837,12,10       
"MI",1837,14,731      
"MI",1837,16,381      
"MI",1837,18,148      
"MI",1837,23,438552   
"MI",1837,26,25       
"MI",1837,29,31675    
"MI",1837,31,1409     
"MI",1837,33,364888   
"MI",1837,36,80815    
"MI",1837,39,1193     
"MI",1837,40,3000     
"MI",1837,41,29000    
"MI",1838,11,34954    
"MI",1838,14,44140    
"MI",1838,16,1008     
"MI",1838,18,177      
"MI",1838,26,30       
"MI",1838,29,93172    
"MI",1838,31,1108     
"MI",1838,33,14207    
"MI",1838,34,6691     
"MI",1838,35,468      
"MI",1838,36,89023    
"MI",1838,39,3275     
"MI",1838,40,12844    
"MI",1838,41,40000    
"MI",1838,99,12225    
"MI",1839,11,11399    
"MI",1839,14,5844     
"MI",1839,16,16286    
"MI",1839,18,650      
"MI",1839,26,27799    
"MI",1839,29,1700919  
"MI",1839,31,23520    
"MI",1839,34,13973    
"MI",1839,35,7165     
"MI",1839,36,80289    
"MI",1839,39,711519   
"MI",1839,40,32081    
"MI",1839,41,436285   
"MI",1839,99,81500    
"MI",1840,31,28672    
"MI",1840,33,221046   
"MI",1840,34,34086    
"MI",1840,35,12627    
"MI",1840,36,287150   
"MI",1840,38,96       
"MI",1840,39,98916    
"MI",1840,40,10313    
"MI",1840,41,1900     
"MI",1840,99,448210   
"MI",1841,31,13082    
"MI",1841,33,415400   
"MI",1841,34,18721    
"MI",1841,35,91515    
"MI",1841,36,47228    
"MI",1841,39,26506    
"MI",1841,40,12982    
"MI",1841,41,220091   
"MI",1841,99,87941    
"MI",1842,31,30935    
"MI",1842,33,208023   
"MI",1842,34,14200    
"MI",1842,35,5148     
"MI",1842,36,50479    
"MI",1842,39,46898    
"MI",1842,40,47417    
"MI",1842,41,49006    
"MI",1842,99,57625    
"MI",1843,31,30011    
"MI",1843,33,170971   
"MI",1843,34,11814    
"MI",1843,35,7332     
"MI",1843,36,48913    
"MI",1843,39,79891    
"MI",1843,40,14849    
"MI",1843,41,221800   
"MI",1843,99,144921   
"MI",1844,31,38607    
"MI",1844,34,16551    
"MI",1844,35,1940     
"MI",1844,36,61085    
"MI",1844,39,424981   
"MI",1844,40,22023    
"MI",1844,41,40000    
"MI",1844,99,9528     
"MI",1847,31,49182    
"MI",1847,34,12673    
"MI",1847,35,527      
"MI",1847,36,67680    
"MI",1847,39,133479   
"MI",1847,40,88959    
"MI",1847,41,417143   
"MI",1849,31,51873    
"MI",1849,33,1066     
"MI",1849,34,14629    
"MI",1849,35,1609     
"MI",1849,36,79122    
"MI",1849,39,183667   
"MI",1849,40,80094    
"MI",1849,41,78338    
"MI",1850,31,57714    
"MI",1850,34,6087     
"MI",1850,35,1064     
"MI",1850,36,111042   
"MI",1850,39,118621   
"MI",1850,40,94700    
"MI",1850,41,60130    
"MI",1851,31,62113    
"MI",1851,34,6181     
"MI",1851,35,546      
"MI",1851,36,82346    
"MI",1851,39,185059   
"MI",1851,40,15120    
"MI",1851,41,1142     
"MI",1852,31,75419    
"MI",1852,34,9964     
"MI",1852,35,3313     
"MI",1852,36,42873    
"MI",1852,39,286552   
"MI",1852,40,12137    
"MI",1852,41,1662     
"MI",1853,31,74883    
"MI",1853,34,19462    
"MI",1853,35,1846     
"MI",1853,36,72506    
"MI",1853,39,190873   
"MI",1853,41,36396    
"MI",1853,99,482      
"MI",1854,31,111001   
"MI",1854,34,21743    
"MI",1854,35,8236     
"MI",1854,36,91695    
"MI",1854,39,180961   
"MI",1854,40,15840    
"MI",1854,41,3995     
"MI",1855,31,140349   
"MI",1855,34,77090    
"MI",1855,35,3605     
"MI",1855,36,181729   
"MI",1855,39,182902   
"MI",1855,40,16400    
"MI",1855,41,21098    
"MI",1855,99,1607     
"MI",1856,31,183317   
"MI",1856,34,55791    
"MI",1856,35,2361     
"MI",1856,36,116662   
"MI",1856,39,187329   
"MI",1856,40,13802    
"MI",1856,41,79142    
"MI",1856,99,1374     
"MI",1857,31,203772   
"MI",1857,32,1228     
"MI",1857,34,67541    
"MI",1857,35,2205     
"MI",1857,36,181234   
"MI",1857,39,209941   
"MI",1857,40,9570     
"MI",1857,41,34       
"MI",1857,99,4457     
"MI",1858,31,165856   
"MI",1858,32,1290     
"MI",1858,34,50838    
"MI",1858,35,16941    
"MI",1858,36,161998   
"MI",1858,39,338889   
"MI",1858,40,9510     
"MI",1858,41,99041    
"MI",1858,99,2852     
"MI",1859,31,167675   
"MI",1859,32,769      
"MI",1859,34,28277    
"MI",1859,35,20734    
"MI",1859,36,155117   
"MI",1859,39,324664   
"MI",1859,40,19460    
"MI",1859,41,20129    
"MI",1860,31,167557   
"MI",1860,32,502      
"MI",1860,34,23970    
"MI",1860,35,30358    
"MI",1860,36,137770   
"MI",1860,39,328474   
"MI",1860,40,14810    
"MI",1860,41,27000    
"MI",1861,31,131750   
"MI",1861,32,426      
"MI",1861,34,11790    
"MI",1861,35,45620    
"MI",1861,36,184094   
"MI",1861,39,921861   
"MI",1861,40,18050    
"MI",1862,31,193898   
"MI",1862,32,171      
"MI",1862,34,26580    
"MI",1862,35,34023    
"MI",1862,36,164975   
"MI",1862,39,443456   
"MI",1862,40,19851    
"MI",1862,41,13098    
"MI",1863,31,176442   
"MI",1863,32,355      
"MI",1863,34,21383    
"MI",1863,35,127739   
"MI",1863,36,201371   
"MI",1863,39,411663   
"MI",1863,40,133248   
"MI",1863,41,2055285  
"MI",1864,31,191677   
"MI",1864,32,269      
"MI",1864,34,30287    
"MI",1864,35,171672   
"MI",1864,36,210106   
"MI",1864,39,1011712  
"MI",1864,40,135750   
"MI",1864,41,252210   
"MI",1865,31,185318   
"MI",1865,32,659      
"MI",1865,34,82414    
"MI",1865,35,139184   
"MI",1865,36,263472   
"MI",1865,39,842270   
"MI",1865,40,136870   
"MI",1865,41,275780   
"MI",1866,31,186414   
"MI",1866,32,322      
"MI",1866,34,70260    
"MI",1866,35,218388   
"MI",1866,36,170137   
"MI",1866,39,739626   
"MI",1866,40,135760   
"MI",1866,41,270479   
"MI",1867,31,193507   
"MI",1867,32,579      
"MI",1867,34,25364    
"MI",1867,35,363260   
"MI",1867,36,338424   
"MI",1867,39,569155   
"MI",1867,40,133994   
"MI",1867,41,70000    
"MI",1871,31,261825   
"MI",1871,32,574      
"MI",1871,34,3049     
"MI",1871,35,249695   
"MI",1871,36,313605   
"MI",1871,38,229      
"MI",1871,39,306176   
"MI",1871,40,107486   
"MI",1871,41,31729    
"MI",1872,31,272190   
"MI",1872,32,431      
"MI",1872,34,2527     
"MI",1872,35,271752   
"MI",1872,36,411432   
"MI",1872,38,5042     
"MI",1872,39,716354   
"MI",1872,40,105502   
"MI",1872,41,113167   
"MI",1873,31,283292   
"MI",1873,32,447      
"MI",1873,33,88       
"MI",1873,34,2782     
"MI",1873,35,241649   
"MI",1873,36,485576   
"MI",1873,38,1336     
"MI",1873,39,711529   
"MI",1873,40,85549    
"MI",1873,41,502696   
"MI",1875,31,330127   
"MI",1875,32,401      
"MI",1875,34,2514     
"MI",1875,35,84300    
"MI",1875,36,653666   
"MI",1875,39,796997   
"MI",1875,40,66310    
"MI",1875,41,115782   
"MI",1876,31,335166   
"MI",1876,32,1265     
"MI",1876,33,226      
"MI",1876,34,39814    
"MI",1876,35,38010    
"MI",1876,36,472134   
"MI",1876,39,901528   
"MI",1876,40,59153    
"MI",1876,41,62212    
"MI",1877,31,319291   
"MI",1877,32,1600     
"MI",1877,34,16146    
"MI",1877,35,36972    
"MI",1877,36,573797   
"MI",1877,39,955733   
"MI",1877,40,58564    
"MI",1877,41,325956   
"MI",1878,31,288694   
"MI",1878,32,1841     
"MI",1878,34,61921    
"MI",1878,35,74534    
"MI",1878,36,313145   
"MI",1878,39,1331336  
"MI",1878,40,50533    
"MI",1878,41,448343   
"MI",1879,31,297343   
"MI",1879,32,44407    
"MI",1879,34,124299   
"MI",1879,35,71975    
"MI",1879,36,482062   
"MI",1879,39,954162   
"MI",1879,40,35460    
"MI",1879,41,10177    
"MI",1880,31,281907   
"MI",1880,32,96564    
"MI",1880,34,138195   
"MI",1880,35,57725    
"MI",1880,36,334608   
"MI",1880,39,873294   
"MI",1880,40,35400    
"MI",1880,41,3257     
"MI",1881,31,602460   
"MI",1881,32,132830   
"MI",1881,34,135042   
"MI",1881,35,53220    
"MI",1881,36,465367   
"MI",1881,39,963696   
"MI",1881,40,35200    
"MI",1881,41,4754     
"MI",1882,31,710269   
"MI",1882,32,157558   
"MI",1882,34,158475   
"MI",1882,35,116589   
"MI",1882,36,414315   
"MI",1882,39,1353725  
"MI",1882,40,35871    
"MI",1882,41,4711     
"MI",1883,31,845859   
"MI",1883,32,181859   
"MI",1883,34,141979   
"MI",1883,35,51762    
"MI",1883,36,546826   
"MI",1883,39,1056486  
"MI",1883,40,17700    
"MI",1883,41,593993   
"MI",1884,31,804418   
"MI",1884,32,198039   
"MI",1884,34,199278   
"MI",1884,35,87274    
"MI",1884,36,463114   
"MI",1884,39,1410825  
"MI",1884,41,75605    
"MI",1885,31,789694   
"MI",1885,32,188105   
"MI",1885,34,133983   
"MI",1885,35,47431    
"MI",1885,36,496931   
"MI",1885,39,1054838  
"MI",1885,41,19995    
"MI",1886,31,865126   
"MI",1886,32,266993   
"MI",1886,34,92140    
"MI",1886,35,36023    
"MI",1886,36,435421   
"MI",1886,39,1199487  
"MI",1886,41,60       
"MI",1887,31,757991   
"MI",1887,32,188251   
"MI",1887,34,64138    
"MI",1887,35,8065     
"MI",1887,36,476104   
"MI",1887,39,689478   
"MI",1887,41,1517     
"MI",1888,31,771398   
"MI",1888,32,265358   
"MI",1888,34,102184   
"MI",1888,35,32421    
"MI",1888,36,451973   
"MI",1888,39,1243406  
"MI",1888,41,2572     
"MI",1889,31,945479   
"MI",1889,32,302781   
"MI",1889,34,108492   
"MI",1889,35,16434    
"MI",1889,36,613918   
"MI",1889,39,1147156  
"MI",1889,41,50       
"MI",1890,31,903132   
"MI",1890,32,348389   
"MI",1890,34,107465   
"MI",1890,35,14787    
"MI",1890,36,490291   
"MI",1890,39,1269906  
"MI",1890,41,208168   
"MI",1891,31,1002557  
"MI",1891,32,374037   
"MI",1891,34,147540   
"MI",1891,35,26748    
"MI",1891,36,578187   
"MI",1891,39,725000   
"MI",1891,41,21240    
"MI",1892,31,1051812  
"MI",1892,32,406799   
"MI",1892,34,158223   
"MI",1892,35,9804     
"MI",1892,36,417974   
"MI",1892,39,910204   
"MI",1892,41,449      
"MI",1893,31,1207982  
"MI",1893,32,429065   
"MI",1893,34,127673   
"MI",1893,35,11362    
"MI",1893,36,570225   
"MI",1893,39,964771   
"MI",1893,41,355      
"MI",1894,31,1123411  
"MI",1894,32,468995   
"MI",1894,34,184354   
"MI",1894,35,8357     
"MI",1894,36,494153   
"MI",1894,39,1123085  
"MI",1894,41,7444     
"MI",1895,31,978330   
"MI",1895,32,481028   
"MI",1895,34,151212   
"MI",1895,35,4264     
"MI",1895,36,657652   
"MI",1895,39,1147750  
"MI",1895,41,679      
"MI",1896,31,1003106  
"MI",1896,32,513660   
"MI",1896,34,152708   
"MI",1896,35,4565     
"MI",1896,36,528112   
"MI",1896,39,2009242  
"MI",1896,41,61115    
"MI",1897,31,1032985  
"MI",1897,32,521103   
"MI",1897,34,149372   
"MI",1897,35,5463     
"MI",1897,36,604807   
"MI",1897,39,953887   
"MI",1897,41,7699     
"MI",1898,31,1123997  
"MI",1898,32,527800   
"MI",1898,34,133224   
"MI",1898,35,7833     
"MI",1898,36,332655   
"MI",1898,39,1497199  
"MI",1898,41,15989    
"MI",1899,31,1141783  
"MI",1899,35,111      
"MI",1899,39,212538   
"MI",1899,41,67612    
"MI",1900,31,1193248  
"MI",1900,32,631000   
"MI",1900,34,110499   
"MI",1900,35,5868     
"MI",1900,36,390608   
"MI",1900,39,1818035  
"MI",1900,41,49712    
"MI",1901,31,1605050  
"MI",1901,32,680938   
"MI",1901,34,151431   
"MI",1901,35,23716    
"MI",1901,36,898667   
"MI",1901,39,2203092  
"MI",1901,41,137116   
"MI",1902,31,1971592  
"MI",1902,32,714130   
"MI",1902,34,171220   
"MI",1902,35,18497    
"MI",1902,36,666405   
"MI",1902,39,2646898  
"MI",1902,41,64401    
"MI",1903,31,2143907  
"MI",1903,32,752544   
"MI",1903,34,180044   
"MI",1903,35,22138    
"MI",1903,36,790626   
"MI",1903,39,2744191  
"MI",1903,41,754088   
"MI",1904,31,2440170  
"MI",1904,32,908046   
"MI",1904,34,201263   
"MI",1904,35,24933    
"MI",1904,36,709002   
"MI",1904,39,3330611  
"MI",1904,41,537612   
"MI",1905,31,2493361  
"MI",1905,32,1018044  
"MI",1905,34,184794   
"MI",1905,35,22378    
"MI",1905,36,861901   
"MI",1905,39,2994857  
"MI",1905,41,712659   
"MI",1906,31,2900576  
"MI",1906,32,1035973  
"MI",1906,34,173579   
"MI",1906,35,32522    
"MI",1906,36,710115   
"MI",1906,39,3202117  
"MI",1906,41,367132   
"MI",1907,31,9087646  
"MI",1907,32,1024432  
"MI",1907,34,159538   
"MI",1907,35,35374    
"MI",1907,36,879257   
"MI",1907,39,2953955  
"MI",1907,41,32193    
"MI",1907,99,13400577 
"MI",1908,31,8003367  
"MI",1908,32,1112332  
"MI",1908,34,184065   
"MI",1908,35,58687    
"MI",1908,36,936039   
"MI",1908,39,4021313  
"MI",1908,41,521392   
"MI",1909,31,5253891  
"MI",1909,32,1155599  
"MI",1909,34,307901   
"MI",1909,35,87039    
"MI",1909,36,915009   
"MI",1909,39,3734501  
"MI",1909,41,410423   
"MI",1909,99,5125794  
"MI",1910,31,5859529  
"MI",1910,32,1358299  
"MI",1910,34,392519   
"MI",1910,35,78708    
"MI",1910,36,953956   
"MI",1910,39,3453557  
"MI",1910,40,1284     
"MI",1910,41,639507   
"MI",1910,99,5580643  
"MI",1911,31,6292827  
"MI",1911,32,1430076  
"MI",1911,34,444046   
"MI",1911,35,101657   
"MI",1911,36,1158728  
"MI",1911,39,3091186  
"MI",1911,41,78432    
"MI",1912,31,620152   
"MI",1912,32,1425682  
"MI",1912,34,417404   
"MI",1912,35,103867   
"MI",1912,36,1136319  
"MI",1912,38,734      
"MI",1912,39,3500359  
"MI",1912,41,241001   
"MI",1913,31,5736320  
"MI",1913,32,1452883  
"MI",1913,34,612397   
"MI",1913,35,114698   
"MI",1913,36,1314903  
"MI",1913,39,3865044  
"MI",1913,41,69226    
"MI",1914,31,5995027  
"MI",1914,32,1619952  
"MI",1914,34,1263715  
"MI",1914,35,159987   
"MI",1914,36,1268373  
"MI",1914,38,76444    
"MI",1914,39,5617654  
"MI",1914,41,210135   
"MI",1915,31,5962331  
"MI",1915,32,2430315  
"MI",1915,34,663643   
"MI",1915,35,234533   
"MI",1915,36,1428141  
"MI",1915,38,44979    
"MI",1915,39,5653309  
"MI",1915,41,118918   
                      
"MI",1835,331,125     
"MI",1835,360,9237    
"MI",1835,369,726     
"MI",1835,398,23      
"MI",1836,110,5612    
"MI",1836,160,697     
"MI",1836,290,1236    
"MI",1836,293,110000  
"MI",1836,340,13591   
"MI",1836,351,1966    
"MI",1836,360,2633    
"MI",1836,361,22499   
"MI",1836,362,2300    
"MI",1836,363,23      
"MI",1836,364,452     
"MI",1836,365,2398    
"MI",1836,367,2725    
"MI",1836,369,1125    
"MI",1836,398,49      
"MI",1836,399,7950    
"MI",1836,401,7051    
"MI",1836,412,25652   
"MI",1837,110,47128   
"MI",1837,121,10      
"MI",1837,142,731     
"MI",1837,160,381     
"MI",1837,180,148     
"MI",1837,235,438552  
"MI",1837,261,25      
"MI",1837,290,906     
"MI",1837,291,476     
"MI",1837,295,30293   
"MI",1837,316,1409    
"MI",1837,330,249788  
"MI",1837,334,300     
"MI",1837,336,1587    
"MI",1837,337,113213  
"MI",1837,360,32381   
"MI",1837,361,36003   
"MI",1837,362,550     
"MI",1837,363,2675    
"MI",1837,365,1453    
"MI",1837,367,1180    
"MI",1837,369,6573    
"MI",1837,391,1000    
"MI",1837,398,193     
"MI",1837,401,3000    
"MI",1837,412,25000   
"MI",1837,413,4000    
"MI",1838,110,34954   
"MI",1838,140,1009    
"MI",1838,141,1400    
"MI",1838,142,41731   
"MI",1838,160,1008    
"MI",1838,180,177     
"MI",1838,266,30      
"MI",1838,290,956     
"MI",1838,291,4991    
"MI",1838,293,87225   
"MI",1838,316,1108    
"MI",1838,336,12776   
"MI",1838,337,1431    
"MI",1838,343,5821    
"MI",1838,345,870     
"MI",1838,351,468     
"MI",1838,360,18542   
"MI",1838,361,52253   
"MI",1838,362,1050    
"MI",1838,363,332     
"MI",1838,365,838     
"MI",1838,367,3101    
"MI",1838,369,12907   
"MI",1838,391,3075    
"MI",1838,398,200     
"MI",1838,401,12844   
"MI",1838,412,40000   
"MI",1838,999,12225   
"MI",1839,110,11399   
"MI",1839,140,4939    
"MI",1839,142,905     
"MI",1839,160,16286   
"MI",1839,180,650     
"MI",1839,261,27799   
"MI",1839,290,872     
"MI",1839,291,14505   
"MI",1839,293,166496  
"MI",1839,296,12572   
"MI",1839,298,1506474 
"MI",1839,311,21474   
"MI",1839,316,2046    
"MI",1839,340,1401    
"MI",1839,343,12572   
"MI",1839,351,7165    
"MI",1839,360,18092   
"MI",1839,361,60619   
"MI",1839,365,337     
"MI",1839,369,1241    
"MI",1839,391,1613    
"MI",1839,393,30436   
"MI",1839,395,674018  
"MI",1839,398,5452    
"MI",1839,401,32081   
"MI",1839,411,435597  
"MI",1839,412,688     
"MI",1839,999,81500   
"MI",1840,311,28651   
"MI",1840,316,21      
"MI",1840,330,32500   
"MI",1840,334,146208  
"MI",1840,337,42338   
"MI",1840,341,80      
"MI",1840,343,34006   
"MI",1840,351,12627   
"MI",1840,360,14480   
"MI",1840,361,25519   
"MI",1840,365,234865  
"MI",1840,367,114     
"MI",1840,369,12172   
"MI",1840,380,96      
"MI",1840,391,3785    
"MI",1840,393,53069   
"MI",1840,395,0       
"MI",1840,398,42062   
"MI",1840,401,10313   
"MI",1840,415,1900    
"MI",1840,999,448210  
"MI",1841,311,10789   
"MI",1841,313,2264    
"MI",1841,316,29      
"MI",1841,334,69700   
"MI",1841,336,471     
"MI",1841,337,345229  
"MI",1841,341,136     
"MI",1841,343,18585   
"MI",1841,351,91515   
"MI",1841,360,15176   
"MI",1841,361,27859   
"MI",1841,363,182     
"MI",1841,365,2507    
"MI",1841,369,1504    
"MI",1841,390,23215   
"MI",1841,391,2091    
"MI",1841,395,0       
"MI",1841,398,1200    
"MI",1841,401,12982   
"MI",1841,411,161500  
"MI",1841,415,42965   
"MI",1841,416,15626   
"MI",1841,999,87941   
"MI",1842,311,30894   
"MI",1842,316,41      
"MI",1842,334,30358   
"MI",1842,337,177665  
"MI",1842,341,306     
"MI",1842,343,13894   
"MI",1842,351,5148    
"MI",1842,360,15276   
"MI",1842,361,14403   
"MI",1842,362,387     
"MI",1842,363,150     
"MI",1842,365,16596   
"MI",1842,367,175     
"MI",1842,369,3492    
"MI",1842,390,63      
"MI",1842,391,17958   
"MI",1842,392,10450   
"MI",1842,395,0       
"MI",1842,398,18427   
"MI",1842,401,47417   
"MI",1842,415,49006   
"MI",1842,999,57625   
"MI",1843,311,22568   
"MI",1843,313,7426    
"MI",1843,316,17      
"MI",1843,331,596     
"MI",1843,334,12580   
"MI",1843,337,157795  
"MI",1843,341,165     
"MI",1843,343,11649   
"MI",1843,351,7332    
"MI",1843,360,16736   
"MI",1843,361,19484   
"MI",1843,362,275     
"MI",1843,363,550     
"MI",1843,365,2076    
"MI",1843,367,417     
"MI",1843,369,9375    
"MI",1843,390,18386   
"MI",1843,391,28665   
"MI",1843,393,22897   
"MI",1843,395,0       
"MI",1843,398,9943    
"MI",1843,401,14849   
"MI",1843,412,183     
"MI",1843,413,138120  
"MI",1843,415,83497   
"MI",1843,999,144921  
"MI",1844,311,28749   
"MI",1844,313,9858    
"MI",1844,341,33      
"MI",1844,343,16358   
"MI",1844,344,160     
"MI",1844,351,1940    
"MI",1844,360,18185   
"MI",1844,361,33146   
"MI",1844,363,2937    
"MI",1844,364,401     
"MI",1844,365,24      
"MI",1844,367,1027    
"MI",1844,368,735     
"MI",1844,369,4630    
"MI",1844,391,67798   
"MI",1844,392,311402  
"MI",1844,393,42666   
"MI",1844,395,2220    
"MI",1844,398,895     
"MI",1844,401,22023   
"MI",1844,413,40000   
"MI",1844,999,9528    
"MI",1847,311,31275   
"MI",1847,313,17907   
"MI",1847,340,4998    
"MI",1847,341,84      
"MI",1847,343,7575    
"MI",1847,344,16      
"MI",1847,351,527     
"MI",1847,360,10570   
"MI",1847,361,39373   
"MI",1847,363,8453    
"MI",1847,367,1027    
"MI",1847,369,8257    
"MI",1847,391,40316   
"MI",1847,392,48664   
"MI",1847,393,36642   
"MI",1847,395,7822    
"MI",1847,398,35      
"MI",1847,401,88959   
"MI",1847,411,73833   
"MI",1847,413,341904  
"MI",1847,415,245     
"MI",1847,416,1161    
"MI",1849,311,40422   
"MI",1849,313,11397   
"MI",1849,316,54      
"MI",1849,337,1066    
"MI",1849,340,2385    
"MI",1849,343,12244   
"MI",1849,351,1609    
"MI",1849,361,53709   
"MI",1849,363,9571    
"MI",1849,365,25      
"MI",1849,367,2976    
"MI",1849,369,12841   
"MI",1849,391,35357   
"MI",1849,392,138161  
"MI",1849,393,8378    
"MI",1849,395,1616    
"MI",1849,398,155     
"MI",1849,401,80094   
"MI",1849,412,400     
"MI",1849,413,77692   
"MI",1849,416,246     
"MI",1850,311,43921   
"MI",1850,313,13650   
"MI",1850,316,143     
"MI",1850,340,57      
"MI",1850,343,6030    
"MI",1850,351,1064    
"MI",1850,361,55153   
"MI",1850,363,9155    
"MI",1850,367,3095    
"MI",1850,369,43639   
"MI",1850,391,33850   
"MI",1850,392,77279   
"MI",1850,393,6637    
"MI",1850,395,0       
"MI",1850,398,855     
"MI",1850,401,94700   
"MI",1850,411,415     
"MI",1850,412,400     
"MI",1850,413,59261   
"MI",1850,416,54      
"MI",1851,311,49160   
"MI",1851,313,12925   
"MI",1851,316,28      
"MI",1851,341,181     
"MI",1851,343,6000    
"MI",1851,351,546     
"MI",1851,360,10509   
"MI",1851,361,55403   
"MI",1851,363,7663    
"MI",1851,365,771     
"MI",1851,369,8000    
"MI",1851,391,34458   
"MI",1851,393,9013    
"MI",1851,395,139189  
"MI",1851,398,1843    
"MI",1851,399,556     
"MI",1851,401,15120   
"MI",1851,411,142     
"MI",1851,412,1000    
"MI",1852,311,59947   
"MI",1852,313,15356   
"MI",1852,316,116     
"MI",1852,341,92      
"MI",1852,343,9872    
"MI",1852,351,3313    
"MI",1852,360,11975   
"MI",1852,361,8250    
"MI",1852,363,14675   
"MI",1852,365,1277    
"MI",1852,369,6696    
"MI",1852,391,32438   
"MI",1852,393,12757   
"MI",1852,395,239002  
"MI",1852,398,2211    
"MI",1852,399,144     
"MI",1852,401,12137   
"MI",1852,411,562     
"MI",1852,415,1100    
"MI",1853,311,54517   
"MI",1853,313,20316   
"MI",1853,316,50      
"MI",1853,340,368     
"MI",1853,341,301     
"MI",1853,342,9054    
"MI",1853,343,9739    
"MI",1853,351,1846    
"MI",1853,360,12959   
"MI",1853,361,30730   
"MI",1853,363,15254   
"MI",1853,364,228     
"MI",1853,365,1112    
"MI",1853,367,2940    
"MI",1853,369,9283    
"MI",1853,391,50775   
"MI",1853,393,26585   
"MI",1853,395,113477  
"MI",1853,398,36      
"MI",1853,411,96      
"MI",1853,415,36300   
"MI",1853,999,482     
"MI",1854,311,74523   
"MI",1854,313,36355   
"MI",1854,316,123     
"MI",1854,340,512     
"MI",1854,341,171     
"MI",1854,342,9652    
"MI",1854,343,11408   
"MI",1854,351,8236    
"MI",1854,360,13483   
"MI",1854,361,28780   
"MI",1854,363,15785   
"MI",1854,364,5       
"MI",1854,365,11192   
"MI",1854,367,5048    
"MI",1854,369,17402   
"MI",1854,391,59119   
"MI",1854,393,28806   
"MI",1854,395,92316   
"MI",1854,398,720     
"MI",1854,401,15840   
"MI",1854,411,556     
"MI",1854,412,3428    
"MI",1854,416,11      
"MI",1855,311,84821   
"MI",1855,313,53907   
"MI",1855,315,1200    
"MI",1855,316,421     
"MI",1855,340,23113   
"MI",1855,341,273     
"MI",1855,342,344     
"MI",1855,343,53360   
"MI",1855,351,3605    
"MI",1855,360,2721    
"MI",1855,361,73771   
"MI",1855,363,14901   
"MI",1855,365,62543   
"MI",1855,367,8758    
"MI",1855,369,19035   
"MI",1855,391,65737   
"MI",1855,393,34005   
"MI",1855,395,80929   
"MI",1855,398,1529    
"MI",1855,399,702     
"MI",1855,401,16400   
"MI",1855,411,45      
"MI",1855,415,21000   
"MI",1855,416,53      
"MI",1855,999,1607    
"MI",1856,311,100650  
"MI",1856,313,82205   
"MI",1856,316,462     
"MI",1856,341,361     
"MI",1856,343,55430   
"MI",1856,351,2361    
"MI",1856,360,12800   
"MI",1856,361,44192   
"MI",1856,363,16721   
"MI",1856,365,40840   
"MI",1856,369,2109    
"MI",1856,391,54242   
"MI",1856,393,33854   
"MI",1856,395,98625   
"MI",1856,398,608     
"MI",1856,401,13802   
"MI",1856,411,142     
"MI",1856,415,79000   
"MI",1856,999,1374    
"MI",1857,311,108468  
"MI",1857,313,95279   
"MI",1857,316,25      
"MI",1857,322,1228    
"MI",1857,341,682     
"MI",1857,343,66859   
"MI",1857,351,2205    
"MI",1857,360,12838   
"MI",1857,361,76944   
"MI",1857,363,17946   
"MI",1857,365,69891   
"MI",1857,366,250     
"MI",1857,369,3365    
"MI",1857,391,57946   
"MI",1857,393,24408   
"MI",1857,395,127569  
"MI",1857,398,18      
"MI",1857,401,9570    
"MI",1857,411,34      
"MI",1857,999,4457    
"MI",1858,311,109026  
"MI",1858,313,46917   
"MI",1858,316,9913    
"MI",1858,322,1290    
"MI",1858,341,775     
"MI",1858,343,50063   
"MI",1858,351,16941   
"MI",1858,360,14138   
"MI",1858,361,59526   
"MI",1858,363,25840   
"MI",1858,365,36945   
"MI",1858,366,21650   
"MI",1858,369,3899    
"MI",1858,391,64392   
"MI",1858,393,48511   
"MI",1858,395,225215  
"MI",1858,398,771     
"MI",1858,401,9510    
"MI",1858,411,40      
"MI",1858,415,99000   
"MI",1858,416,1       
"MI",1858,999,2852    
"MI",1859,311,106701  
"MI",1859,313,40974   
"MI",1859,316,20000   
"MI",1859,322,769     
"MI",1859,341,277     
"MI",1859,343,28000   
"MI",1859,351,20734   
"MI",1859,360,17485   
"MI",1859,361,42692   
"MI",1859,363,33543   
"MI",1859,365,57575   
"MI",1859,369,3822    
"MI",1859,391,76085   
"MI",1859,393,48692   
"MI",1859,395,152886  
"MI",1859,398,47001   
"MI",1859,401,19460   
"MI",1859,411,129     
"MI",1859,415,20000   
"MI",1860,311,109875  
"MI",1860,313,57508   
"MI",1860,316,174     
"MI",1860,322,502     
"MI",1860,341,970     
"MI",1860,343,23000   
"MI",1860,351,30358   
"MI",1860,360,19563   
"MI",1860,361,60528   
"MI",1860,363,33114   
"MI",1860,365,22090   
"MI",1860,369,2475    
"MI",1860,391,76754   
"MI",1860,393,55245   
"MI",1860,395,148156  
"MI",1860,398,48319   
"MI",1860,401,14810   
"MI",1860,415,27000   
"MI",1861,311,104530  
"MI",1861,313,27212   
"MI",1861,316,8       
"MI",1861,322,426     
"MI",1861,341,790     
"MI",1861,343,11000   
"MI",1861,351,45620   
"MI",1861,360,20315   
"MI",1861,361,79802   
"MI",1861,363,31288   
"MI",1861,365,47400   
"MI",1861,369,5289    
"MI",1861,391,93945   
"MI",1861,393,46933   
"MI",1861,395,755227  
"MI",1861,398,25756   
"MI",1861,401,18050   
"MI",1862,311,127538  
"MI",1862,313,66275   
"MI",1862,316,85      
"MI",1862,322,171     
"MI",1862,341,580     
"MI",1862,343,26000   
"MI",1862,351,34023   
"MI",1862,360,18596   
"MI",1862,361,74409   
"MI",1862,363,32999   
"MI",1862,365,34374   
"MI",1862,369,4597    
"MI",1862,391,83907   
"MI",1862,393,42227   
"MI",1862,395,285357  
"MI",1862,398,31965   
"MI",1862,401,19851   
"MI",1862,411,98      
"MI",1862,415,13000   
"MI",1863,311,131921  
"MI",1863,313,43721   
"MI",1863,316,800     
"MI",1863,322,355     
"MI",1863,341,383     
"MI",1863,343,21000   
"MI",1863,351,127739  
"MI",1863,360,23758   
"MI",1863,361,93707   
"MI",1863,363,31699   
"MI",1863,365,45617   
"MI",1863,367,150     
"MI",1863,369,6440    
"MI",1863,391,84438   
"MI",1863,393,64571   
"MI",1863,395,246497  
"MI",1863,398,16157   
"MI",1863,401,133248  
"MI",1863,411,109100  
"MI",1863,413,1946185 
"MI",1864,311,137316  
"MI",1864,313,54161   
"MI",1864,316,200     
"MI",1864,322,269     
"MI",1864,341,1287    
"MI",1864,343,29000   
"MI",1864,351,171672  
"MI",1864,360,23810   
"MI",1864,361,84311   
"MI",1864,363,33558   
"MI",1864,365,62399   
"MI",1864,369,6028    
"MI",1864,391,83917   
"MI",1864,393,67663   
"MI",1864,395,843473  
"MI",1864,398,16659   
"MI",1864,401,135750  
"MI",1864,411,247210  
"MI",1864,413,5000    
"MI",1865,311,135650  
"MI",1865,313,49268   
"MI",1865,316,400     
"MI",1865,322,659     
"MI",1865,341,1414    
"MI",1865,343,81000   
"MI",1865,351,139184  
"MI",1865,360,23825   
"MI",1865,361,116553  
"MI",1865,363,32301   
"MI",1865,365,83227   
"MI",1865,369,7566    
"MI",1865,391,93746   
"MI",1865,393,84936   
"MI",1865,395,636492  
"MI",1865,398,27096   
"MI",1865,401,136870  
"MI",1865,411,270750  
"MI",1865,413,5030    
"MI",1866,311,138366  
"MI",1866,313,48048   
"MI",1866,322,322     
"MI",1866,341,2260    
"MI",1866,343,68000   
"MI",1866,351,218388  
"MI",1866,360,25525   
"MI",1866,361,46032   
"MI",1866,363,36697   
"MI",1866,365,53956   
"MI",1866,369,7927    
"MI",1866,391,104361  
"MI",1866,393,95805   
"MI",1866,395,498969  
"MI",1866,398,40491   
"MI",1866,401,135760  
"MI",1866,411,261800  
"MI",1866,413,8679    
"MI",1867,311,144854  
"MI",1867,313,48653   
"MI",1867,322,579     
"MI",1867,341,1364    
"MI",1867,343,24000   
"MI",1867,351,363260  
"MI",1867,360,29296   
"MI",1867,361,137375  
"MI",1867,363,36050   
"MI",1867,365,128967  
"MI",1867,369,6736    
"MI",1867,391,98363   
"MI",1867,393,98175   
"MI",1867,395,138983  
"MI",1867,398,233634  
"MI",1867,401,133994  
"MI",1867,411,70000   
"MI",1871,311,188676  
"MI",1871,313,73149   
"MI",1871,322,574     
"MI",1871,341,2024    
"MI",1871,343,1025    
"MI",1871,351,249695  
"MI",1871,360,29352   
"MI",1871,361,99051   
"MI",1871,363,34829   
"MI",1871,365,136710  
"MI",1871,369,13663   
"MI",1871,380,229     
"MI",1871,391,34572   
"MI",1871,393,48396   
"MI",1871,395,89172   
"MI",1871,398,134036  
"MI",1871,401,107486  
"MI",1871,411,31729   
"MI",1872,311,187630  
"MI",1872,313,84560   
"MI",1872,322,431     
"MI",1872,341,1416    
"MI",1872,343,1111    
"MI",1872,351,271752  
"MI",1872,360,38658   
"MI",1872,361,138311  
"MI",1872,363,45789   
"MI",1872,365,163583  
"MI",1872,369,25091   
"MI",1872,380,5042    
"MI",1872,391,54120   
"MI",1872,393,396736  
"MI",1872,395,91711   
"MI",1872,398,173787  
"MI",1872,401,105502  
"MI",1872,411,113167  
"MI",1873,311,197439  
"MI",1873,313,85853   
"MI",1873,322,447     
"MI",1873,334,88      
"MI",1873,341,1644    
"MI",1873,343,1138    
"MI",1873,351,241649  
"MI",1873,360,34034   
"MI",1873,361,167497  
"MI",1873,363,55034   
"MI",1873,365,204994  
"MI",1873,369,24017   
"MI",1873,380,1336    
"MI",1873,391,43625   
"MI",1873,392,20      
"MI",1873,393,167755  
"MI",1873,395,212986  
"MI",1873,398,287143  
"MI",1873,401,85549   
"MI",1873,411,502696  
"MI",1875,311,224896  
"MI",1875,313,105231  
"MI",1875,322,401     
"MI",1875,341,1387    
"MI",1875,343,1127    
"MI",1875,351,84300   
"MI",1875,360,40322   
"MI",1875,361,295181  
"MI",1875,363,62231   
"MI",1875,365,231480  
"MI",1875,369,24452   
"MI",1875,391,50273   
"MI",1875,393,213343  
"MI",1875,395,293550  
"MI",1875,398,194454  
"MI",1875,399,45377   
"MI",1875,401,66310   
"MI",1875,411,115782  
"MI",1876,311,227210  
"MI",1876,313,106313  
"MI",1876,315,1643    
"MI",1876,322,1265    
"MI",1876,336,226     
"MI",1876,341,1504    
"MI",1876,343,38310   
"MI",1876,351,38010   
"MI",1876,360,37042   
"MI",1876,361,172082  
"MI",1876,363,64084   
"MI",1876,365,176500  
"MI",1876,369,22426   
"MI",1876,391,45884   
"MI",1876,392,133     
"MI",1876,393,294367  
"MI",1876,395,299478  
"MI",1876,398,242521  
"MI",1876,399,19145   
"MI",1876,401,59153   
"MI",1876,411,62212   
"MI",1877,311,212260  
"MI",1877,313,106429  
"MI",1877,315,602     
"MI",1877,322,1600    
"MI",1877,341,809     
"MI",1877,343,15337   
"MI",1877,351,36972   
"MI",1877,360,37470   
"MI",1877,361,268523  
"MI",1877,363,61904   
"MI",1877,365,184000  
"MI",1877,369,21900   
"MI",1877,391,40964   
"MI",1877,392,5       
"MI",1877,393,305611  
"MI",1877,395,275898  
"MI",1877,398,318899  
"MI",1877,399,14356   
"MI",1877,401,58564   
"MI",1877,411,325956  
"MI",1878,311,236698  
"MI",1878,313,51360   
"MI",1878,315,636     
"MI",1878,322,1841    
"MI",1878,341,1480    
"MI",1878,343,60441   
"MI",1878,351,74534   
"MI",1878,360,37887   
"MI",1878,363,63130   
"MI",1878,365,188044  
"MI",1878,369,24084   
"MI",1878,391,56381   
"MI",1878,393,275594  
"MI",1878,395,25067   
"MI",1878,398,962905  
"MI",1878,399,11389   
"MI",1878,401,50533   
"MI",1878,411,448343  
"MI",1879,311,227865  
"MI",1879,313,67880   
"MI",1879,315,1598    
"MI",1879,322,44407   
"MI",1879,341,1281    
"MI",1879,343,123018  
"MI",1879,351,71975   
"MI",1879,360,38088   
"MI",1879,361,97837   
"MI",1879,363,63665   
"MI",1879,365,253203  
"MI",1879,369,29269   
"MI",1879,391,55798   
"MI",1879,393,296234  
"MI",1879,395,21070   
"MI",1879,398,535089  
"MI",1879,399,45971   
"MI",1879,401,35460   
"MI",1879,411,10177   
"MI",1880,311,228596  
"MI",1880,313,52351   
"MI",1880,315,960     
"MI",1880,322,96564   
"MI",1880,341,2126    
"MI",1880,343,136069  
"MI",1880,351,57725   
"MI",1880,360,38758   
"MI",1880,361,74      
"MI",1880,363,69879   
"MI",1880,365,198004  
"MI",1880,369,27893   
"MI",1880,391,66319   
"MI",1880,393,367251  
"MI",1880,395,20470   
"MI",1880,398,398857  
"MI",1880,399,20397   
"MI",1880,401,35400   
"MI",1880,411,3257    
"MI",1881,311,536986  
"MI",1881,313,63519   
"MI",1881,315,1955    
"MI",1881,322,132830  
"MI",1881,341,2295    
"MI",1881,343,132747  
"MI",1881,351,53220   
"MI",1881,360,46145   
"MI",1881,361,107507  
"MI",1881,363,61144   
"MI",1881,365,223898  
"MI",1881,369,26673   
"MI",1881,391,81851   
"MI",1881,393,321489  
"MI",1881,395,20720   
"MI",1881,398,532392  
"MI",1881,399,7244    
"MI",1881,401,35200   
"MI",1881,411,4754    
"MI",1882,311,639885  
"MI",1882,313,68799   
"MI",1882,315,1585    
"MI",1882,322,157558  
"MI",1882,341,2466    
"MI",1882,343,156009  
"MI",1882,351,115888  
"MI",1882,356,701     
"MI",1882,360,48399   
"MI",1882,361,17932   
"MI",1882,363,72797   
"MI",1882,365,221003  
"MI",1882,369,54184   
"MI",1882,391,59738   
"MI",1882,393,349007  
"MI",1882,395,20761   
"MI",1882,398,924215  
"MI",1882,399,4       
"MI",1882,401,35871   
"MI",1882,411,1711    
"MI",1882,415,3000    
"MI",1883,311,765407  
"MI",1883,313,78575   
"MI",1883,315,1877    
"MI",1883,322,181859  
"MI",1883,341,2702    
"MI",1883,343,139277  
"MI",1883,351,51351   
"MI",1883,356,411     
"MI",1883,360,50078   
"MI",1883,361,109042  
"MI",1883,363,100218  
"MI",1883,365,244388  
"MI",1883,369,43100   
"MI",1883,391,27331   
"MI",1883,393,339493  
"MI",1883,395,20660   
"MI",1883,398,669002  
"MI",1883,401,17700   
"MI",1883,411,593993  
"MI",1884,311,731391  
"MI",1884,313,70317   
"MI",1884,315,2710    
"MI",1884,322,198039  
"MI",1884,341,1628    
"MI",1884,343,197650  
"MI",1884,351,87274   
"MI",1884,360,52221   
"MI",1884,363,108780  
"MI",1884,365,205236  
"MI",1884,369,96877   
"MI",1884,391,19507   
"MI",1884,393,612185  
"MI",1884,395,21848   
"MI",1884,398,757285  
"MI",1884,411,75605   
"MI",1885,311,713749  
"MI",1885,313,72626   
"MI",1885,315,3319    
"MI",1885,322,188105  
"MI",1885,341,13142   
"MI",1885,343,120841  
"MI",1885,351,47431   
"MI",1885,360,51241   
"MI",1885,361,112119  
"MI",1885,363,108082  
"MI",1885,365,152246  
"MI",1885,369,73243   
"MI",1885,391,11850   
"MI",1885,393,273950  
"MI",1885,398,769038  
"MI",1885,411,19995   
"MI",1886,311,796297  
"MI",1886,313,64088   
"MI",1886,315,4741    
"MI",1886,322,266993  
"MI",1886,341,5184    
"MI",1886,343,86652   
"MI",1886,344,304     
"MI",1886,351,36023   
"MI",1886,360,50067   
"MI",1886,363,110476  
"MI",1886,365,208431  
"MI",1886,369,66447   
"MI",1886,391,24679   
"MI",1886,393,197192  
"MI",1886,395,16665   
"MI",1886,398,960951  
"MI",1886,411,60      
"MI",1887,311,694075  
"MI",1887,313,61527   
"MI",1887,315,2389    
"MI",1887,322,188251  
"MI",1887,341,2520    
"MI",1887,343,60480   
"MI",1887,344,1138    
"MI",1887,351,8038    
"MI",1887,356,27      
"MI",1887,360,38868   
"MI",1887,361,130588  
"MI",1887,363,79550   
"MI",1887,365,180328  
"MI",1887,369,46770   
"MI",1887,391,23483   
"MI",1887,393,161775  
"MI",1887,395,15135   
"MI",1887,398,489085  
"MI",1887,411,360     
"MI",1887,415,1157    
"MI",1888,311,703995  
"MI",1888,313,63891   
"MI",1888,315,3512    
"MI",1888,322,265358  
"MI",1888,341,2860    
"MI",1888,343,97171   
"MI",1888,344,2153    
"MI",1888,351,32399   
"MI",1888,356,22      
"MI",1888,360,54417   
"MI",1888,361,967     
"MI",1888,363,105886  
"MI",1888,365,222500  
"MI",1888,369,68203   
"MI",1888,391,21943   
"MI",1888,393,245365  
"MI",1888,395,15855   
"MI",1888,398,960243  
"MI",1888,411,2572    
"MI",1889,311,866249  
"MI",1889,313,74857   
"MI",1889,315,4373    
"MI",1889,322,302781  
"MI",1889,341,3222    
"MI",1889,343,102171  
"MI",1889,344,3099    
"MI",1889,351,16097   
"MI",1889,356,337     
"MI",1889,360,54742   
"MI",1889,361,148504  
"MI",1889,363,114235  
"MI",1889,365,231774  
"MI",1889,369,64663   
"MI",1889,391,21479   
"MI",1889,393,219774  
"MI",1889,395,16600   
"MI",1889,398,889303  
"MI",1889,411,50      
"MI",1890,311,822000  
"MI",1890,313,76345   
"MI",1890,315,4787    
"MI",1890,322,348389  
"MI",1890,341,2864    
"MI",1890,343,102353  
"MI",1890,344,2248    
"MI",1890,351,14702   
"MI",1890,356,85      
"MI",1890,360,65055   
"MI",1890,361,745     
"MI",1890,363,124201  
"MI",1890,365,234295  
"MI",1890,369,65995   
"MI",1890,391,14667   
"MI",1890,393,220214  
"MI",1890,395,16640   
"MI",1890,398,1018385 
"MI",1890,411,208168  
"MI",1891,311,918012  
"MI",1891,313,80858   
"MI",1891,315,3687    
"MI",1891,320,1000    
"MI",1891,322,373037  
"MI",1891,341,3669    
"MI",1891,343,140287  
"MI",1891,344,3584    
"MI",1891,351,26711   
"MI",1891,356,37      
"MI",1891,360,67430   
"MI",1891,361,123867  
"MI",1891,363,120679  
"MI",1891,364,2200    
"MI",1891,365,169226  
"MI",1891,369,94785   
"MI",1891,391,93      
"MI",1891,395,735     
"MI",1891,398,724172  
"MI",1891,411,21240   
"MI",1892,311,941529  
"MI",1892,313,104980  
"MI",1892,315,5303    
"MI",1892,320,1500    
"MI",1892,322,405299  
"MI",1892,341,6822    
"MI",1892,343,144318  
"MI",1892,344,7083    
"MI",1892,351,9566    
"MI",1892,356,238     
"MI",1892,360,66429   
"MI",1892,361,18079   
"MI",1892,363,132231  
"MI",1892,364,1286    
"MI",1892,365,138074  
"MI",1892,369,61875   
"MI",1892,391,34      
"MI",1892,398,910170  
"MI",1892,411,449     
"MI",1893,311,1075919 
"MI",1893,313,123145  
"MI",1893,315,8918    
"MI",1893,322,429065  
"MI",1893,341,5891    
"MI",1893,343,112512  
"MI",1893,344,9270    
"MI",1893,351,11215   
"MI",1893,356,147     
"MI",1893,360,67009   
"MI",1893,361,119926  
"MI",1893,363,131797  
"MI",1893,365,182144  
"MI",1893,369,69349   
"MI",1893,391,133     
"MI",1893,398,964638  
"MI",1893,411,355     
"MI",1894,311,1034299 
"MI",1894,313,85760   
"MI",1894,315,3352    
"MI",1894,322,468995  
"MI",1894,341,4019    
"MI",1894,343,172876  
"MI",1894,344,7459    
"MI",1894,351,8094    
"MI",1894,356,263     
"MI",1894,360,71734   
"MI",1894,361,47      
"MI",1894,363,146302  
"MI",1894,365,200716  
"MI",1894,369,75354   
"MI",1894,391,1       
"MI",1894,398,1123084 
"MI",1894,411,7444    
"MI",1895,311,884656  
"MI",1895,313,89889   
"MI",1895,315,3785    
"MI",1895,322,481028  
"MI",1895,341,4359    
"MI",1895,343,138909  
"MI",1895,344,7944    
"MI",1895,351,3823    
"MI",1895,356,441     
"MI",1895,360,68077   
"MI",1895,361,130222  
"MI",1895,363,153655  
"MI",1895,365,187494  
"MI",1895,369,118204  
"MI",1895,391,242     
"MI",1895,398,1147508 
"MI",1895,411,679     
"MI",1896,311,899604  
"MI",1896,313,98498   
"MI",1896,315,5004    
"MI",1896,322,513660  
"MI",1896,341,3301    
"MI",1896,343,126873  
"MI",1896,344,3408    
"MI",1896,345,19126   
"MI",1896,351,4274    
"MI",1896,356,291     
"MI",1896,360,66337   
"MI",1896,361,123     
"MI",1896,363,152721  
"MI",1896,365,208438  
"MI",1896,369,100493  
"MI",1896,391,3135    
"MI",1896,398,2006107 
"MI",1896,411,61115   
"MI",1897,311,915205  
"MI",1897,313,113711  
"MI",1897,315,4069    
"MI",1897,320,500     
"MI",1897,322,520603  
"MI",1897,341,2639    
"MI",1897,343,144282  
"MI",1897,344,2451    
"MI",1897,351,4845    
"MI",1897,356,618     
"MI",1897,360,68162   
"MI",1897,361,125330  
"MI",1897,363,151235  
"MI",1897,365,181466  
"MI",1897,369,78614   
"MI",1897,391,63      
"MI",1897,398,953824  
"MI",1897,411,7699    
"MI",1898,311,978853  
"MI",1898,313,140604  
"MI",1898,315,4540    
"MI",1898,320,1500    
"MI",1898,321,772     
"MI",1898,322,525528  
"MI",1898,341,2719    
"MI",1898,343,127213  
"MI",1898,344,3292    
"MI",1898,351,7076    
"MI",1898,356,757     
"MI",1898,360,68185   
"MI",1898,361,21135   
"MI",1898,363,154945  
"MI",1898,369,88390   
"MI",1898,391,186     
"MI",1898,395,300035  
"MI",1898,398,1196978 
"MI",1898,411,15989   
"MI",1899,311,1050148 
"MI",1899,313,91635   
"MI",1899,351,111     
"MI",1899,395,212538  
"MI",1899,411,67612   
"MI",1900,311,1070050 
"MI",1900,313,118004  
"MI",1900,315,5194    
"MI",1900,320,1000    
"MI",1900,321,322     
"MI",1900,322,629678  
"MI",1900,341,366     
"MI",1900,343,103800  
"MI",1900,344,6333    
"MI",1900,351,214     
"MI",1900,356,5654    
"MI",1900,360,75722   
"MI",1900,361,17953   
"MI",1900,363,161690  
"MI",1900,365,40531   
"MI",1900,369,94712   
"MI",1900,391,535     
"MI",1900,395,16251   
"MI",1900,398,1801249 
"MI",1900,411,49712   
"MI",1901,311,1464452 
"MI",1901,313,134962  
"MI",1901,315,5636    
"MI",1901,320,1000    
"MI",1901,321,509     
"MI",1901,322,679429  
"MI",1901,341,4097    
"MI",1901,343,133259  
"MI",1901,344,14075   
"MI",1901,351,15403   
"MI",1901,356,8313    
"MI",1901,360,75864   
"MI",1901,361,169918  
"MI",1901,363,170986  
"MI",1901,365,387508  
"MI",1901,367,1648    
"MI",1901,369,92743   
"MI",1901,391,123076  
"MI",1901,393,475566  
"MI",1901,395,1544    
"MI",1901,398,1602906 
"MI",1901,411,137116  
"MI",1902,311,1820316 
"MI",1902,313,146582  
"MI",1902,315,4694    
"MI",1902,320,1500    
"MI",1902,321,416     
"MI",1902,322,712214  
"MI",1902,341,3807    
"MI",1902,343,155337  
"MI",1902,344,12076   
"MI",1902,351,15284   
"MI",1902,356,3213    
"MI",1902,360,77135   
"MI",1902,361,35      
"MI",1902,363,161697  
"MI",1902,365,322644  
"MI",1902,367,4002    
"MI",1902,369,100892  
"MI",1902,391,104901  
"MI",1902,393,540717  
"MI",1902,398,2001280 
"MI",1902,411,64401   
"MI",1903,311,1973981 
"MI",1903,313,164755  
"MI",1903,315,5171    
"MI",1903,320,1500    
"MI",1903,321,591     
"MI",1903,322,750453  
"MI",1903,341,6757    
"MI",1903,343,167227  
"MI",1903,344,6060    
"MI",1903,351,19753   
"MI",1903,356,2385    
"MI",1903,360,77581   
"MI",1903,361,148720  
"MI",1903,363,165829  
"MI",1903,365,296861  
"MI",1903,367,2427    
"MI",1903,369,99208   
"MI",1903,391,124612  
"MI",1903,393,790887  
"MI",1903,398,1828692 
"MI",1903,411,754088  
"MI",1904,311,2289401 
"MI",1904,313,145999  
"MI",1904,315,4770    
"MI",1904,321,459     
"MI",1904,322,907587  
"MI",1904,341,10608   
"MI",1904,343,185510  
"MI",1904,344,5145    
"MI",1904,351,20771   
"MI",1904,356,4162    
"MI",1904,360,81791   
"MI",1904,361,4       
"MI",1904,363,164359  
"MI",1904,365,339616  
"MI",1904,367,2335    
"MI",1904,369,120897  
"MI",1904,391,153267  
"MI",1904,393,871981  
"MI",1904,395,75000   
"MI",1904,398,2230363 
"MI",1904,411,537612  
"MI",1905,311,2345300 
"MI",1905,313,143754  
"MI",1905,315,4307    
"MI",1905,320,1000    
"MI",1905,321,866     
"MI",1905,322,1016178 
"MI",1905,341,7817    
"MI",1905,343,163052  
"MI",1905,344,13925   
"MI",1905,351,19721   
"MI",1905,356,2657    
"MI",1905,360,81658   
"MI",1905,361,147113  
"MI",1905,363,182254  
"MI",1905,365,285372  
"MI",1905,367,1973    
"MI",1905,369,163531  
"MI",1905,391,128092  
"MI",1905,393,729828  
"MI",1905,398,2136937 
"MI",1905,411,712659  
"MI",1906,311,2749357 
"MI",1906,313,146528  
"MI",1906,315,4691    
"MI",1906,321,981     
"MI",1906,322,1034992 
"MI",1906,341,3838    
"MI",1906,343,157190  
"MI",1906,344,12551   
"MI",1906,351,27837   
"MI",1906,356,4685    
"MI",1906,360,85620   
"MI",1906,361,112     
"MI",1906,363,194456  
"MI",1906,365,312939  
"MI",1906,367,2180    
"MI",1906,369,114808  
"MI",1906,391,136552  
"MI",1906,393,625247  
"MI",1906,396,6653    
"MI",1906,398,2433665 
"MI",1906,411,367132  
"MI",1907,311,8908734 
"MI",1907,313,174161  
"MI",1907,315,4751    
"MI",1907,320,2500    
"MI",1907,321,383     
"MI",1907,322,1021549 
"MI",1907,341,2092    
"MI",1907,343,141257  
"MI",1907,344,16189   
"MI",1907,351,30105   
"MI",1907,356,5269    
"MI",1907,360,80846   
"MI",1907,361,164659  
"MI",1907,363,189658  
"MI",1907,365,324246  
"MI",1907,367,2242    
"MI",1907,369,117606  
"MI",1907,391,115091  
"MI",1907,393,623025  
"MI",1907,398,2215839 
"MI",1907,411,32193   
"MI",1907,999,13400577
"MI",1908,311,7812227 
"MI",1908,313,186087  
"MI",1908,315,5053    
"MI",1908,320,1500    
"MI",1908,321,271     
"MI",1908,322,1110383 
"MI",1908,326,178     
"MI",1908,341,2718    
"MI",1908,343,172705  
"MI",1908,344,8642    
"MI",1908,351,47591   
"MI",1908,356,11096   
"MI",1908,360,96962   
"MI",1908,361,19990   
"MI",1908,363,190761  
"MI",1908,365,369980  
"MI",1908,367,2134    
"MI",1908,369,256212  
"MI",1908,391,102309  
"MI",1908,393,634309  
"MI",1908,398,3284695 
"MI",1908,411,521392  
"MI",1909,311,5050087 
"MI",1909,313,197860  
"MI",1909,315,5944    
"MI",1909,320,1000    
"MI",1909,321,234     
"MI",1909,322,1154203 
"MI",1909,326,162     
"MI",1909,341,2696    
"MI",1909,343,293256  
"MI",1909,344,11949   
"MI",1909,351,72271   
"MI",1909,356,14768   
"MI",1909,360,105379  
"MI",1909,361,181007  
"MI",1909,363,190750  
"MI",1909,365,315280  
"MI",1909,367,2183    
"MI",1909,369,120410  
"MI",1909,391,99742   
"MI",1909,393,444613  
"MI",1909,398,3190146 
"MI",1909,411,410423  
"MI",1909,999,5125794 
"MI",1910,311,5663256 
"MI",1910,313,192816  
"MI",1910,315,3457    
"MI",1910,320,1500    
"MI",1910,321,194     
"MI",1910,322,1356342 
"MI",1910,326,263     
"MI",1910,341,1441    
"MI",1910,343,381205  
"MI",1910,344,9873    
"MI",1910,351,63460   
"MI",1910,356,15248   
"MI",1910,360,116538  
"MI",1910,361,3       
"MI",1910,363,225222  
"MI",1910,365,375056  
"MI",1910,367,2273    
"MI",1910,369,234864  
"MI",1910,391,277607  
"MI",1910,393,251627  
"MI",1910,398,2924323 
"MI",1910,401,1284    
"MI",1910,411,439507  
"MI",1910,413,200000  
"MI",1910,999,5580643 
"MI",1911,311,6089230 
"MI",1911,313,200001  
"MI",1911,315,3596    
"MI",1911,320,3000    
"MI",1911,321,529     
"MI",1911,322,1426400 
"MI",1911,326,147     
"MI",1911,341,2292    
"MI",1911,342,431     
"MI",1911,343,413635  
"MI",1911,344,12414   
"MI",1911,345,15274   
"MI",1911,351,80577   
"MI",1911,356,21080   
"MI",1911,360,118096  
"MI",1911,361,162977  
"MI",1911,363,251146  
"MI",1911,365,400941  
"MI",1911,367,2268    
"MI",1911,369,223300  
"MI",1911,391,102963  
"MI",1911,393,311234  
"MI",1911,398,2676989 
"MI",1911,411,78432   
"MI",1912,311,393621  
"MI",1912,313,222957  
"MI",1912,315,3574    
"MI",1912,320,1000    
"MI",1912,321,558     
"MI",1912,322,1422775 
"MI",1912,326,1349    
"MI",1912,341,1754    
"MI",1912,342,3628    
"MI",1912,343,397419  
"MI",1912,344,11902   
"MI",1912,345,2701    
"MI",1912,351,83022   
"MI",1912,356,20845   
"MI",1912,360,124034  
"MI",1912,361,44964   
"MI",1912,363,252657  
"MI",1912,365,491192  
"MI",1912,367,2114    
"MI",1912,369,221358  
"MI",1912,389,734     
"MI",1912,391,92472   
"MI",1912,393,328871  
"MI",1912,398,3079016 
"MI",1912,411,241001  
"MI",1913,311,5523813 
"MI",1913,313,209024  
"MI",1913,315,3483    
"MI",1913,321,297     
"MI",1913,322,1450986 
"MI",1913,326,1600    
"MI",1913,341,1876    
"MI",1913,342,3719    
"MI",1913,343,562197  
"MI",1913,344,36659   
"MI",1913,345,7946    
"MI",1913,351,88824   
"MI",1913,356,25874   
"MI",1913,360,122045  
"MI",1913,361,173298  
"MI",1913,363,253540  
"MI",1913,365,539106  
"MI",1913,367,2062    
"MI",1913,369,224852  
"MI",1913,391,92415   
"MI",1913,393,170746  
"MI",1913,398,3601883 
"MI",1913,411,69226   
"MI",1914,311,5763142 
"MI",1914,313,223398  
"MI",1914,315,8487    
"MI",1914,321,1315    
"MI",1914,322,1617024 
"MI",1914,326,1613    
"MI",1914,341,5098    
"MI",1914,342,12521   
"MI",1914,343,750491  
"MI",1914,344,90605   
"MI",1914,345,405000  
"MI",1914,351,120958  
"MI",1914,356,39029   
"MI",1914,360,132951  
"MI",1914,361,2223    
"MI",1914,363,258270  
"MI",1914,365,617845  
"MI",1914,367,2095    
"MI",1914,369,254989  
"MI",1914,380,76444   
"MI",1914,391,251143  
"MI",1914,393,149338  
"MI",1914,398,5217173 
"MI",1914,411,210135  
"MI",1915,311,5735474 
"MI",1915,313,217552  
"MI",1915,315,9305    
"MI",1915,321,435     
"MI",1915,322,1683039 
"MI",1915,323,744285  
"MI",1915,326,2556    
"MI",1915,341,7207    
"MI",1915,342,17388   
"MI",1915,343,425634  
"MI",1915,344,210513  
"MI",1915,345,2901    
"MI",1915,351,154066  
"MI",1915,356,80467   
"MI",1915,360,137117  
"MI",1915,361,177624  
"MI",1915,363,259463  
"MI",1915,365,596570  
"MI",1915,367,2275    
"MI",1915,369,255092  
"MI",1915,380,44979   
"MI",1915,391,131172  
"MI",1915,393,113190  
"MI",1915,398,5408947 
"MI",1915,411,118918  
