"IL",1832,3,335335   
"IL",1834,3,146778   
"IL",1835,3,78604    
"IL",1836,3,84679    
"IL",1837,3,490094   
"IL",1840,3,209115   
"IL",1842,3,292890   
"IL",1844,3,373136   
"IL",1846,3,322397   
"IL",1848,3,388506   
"IL",1852,3,234099   
"IL",1854,3,843922   
"IL",1856,3,2436636  
"IL",1858,3,3635034  
"IL",1860,3,3567078  
"IL",1862,3,7529402  
"IL",1864,3,721413   
"IL",1866,3,967163   
"IL",1878,3,6570163  
"IL",1880,3,8566286  
"IL",1882,3,8706877  
"IL",1884,3,8976342  
"IL",1888,3,10360237 
"IL",1890,3,4567033  
"IL",1892,3,5654975  
"IL",1894,3,6740190  
"IL",1896,3,7433647  
"IL",1898,3,13008228 
"IL",1900,3,14035586 
"IL",1902,3,15414573 
"IL",1904,3,16268597 
"IL",1906,3,17694187 
"IL",1908,3,21288622 
"IL",1910,3,21111947 
"IL",1912,3,25901600 
"IL",1914,3,33304232 
                     
"IL",1832,31,530     
"IL",1832,33,1501    
"IL",1832,34,21000   
"IL",1832,35,1048    
"IL",1832,36,37944   
"IL",1832,37,1350    
"IL",1832,39,17304   
"IL",1832,40,29160   
"IL",1832,41,215968  
"IL",1832,99,9530    
"IL",1834,33,7597    
"IL",1834,34,17520   
"IL",1834,36,53818   
"IL",1834,37,350     
"IL",1834,39,28905   
"IL",1834,40,18274   
"IL",1834,41,22434   
"IL",1834,99,-2120   
"IL",1835,34,6775    
"IL",1835,36,38482   
"IL",1835,39,22973   
"IL",1835,40,3534    
"IL",1835,41,4476    
"IL",1835,99,2364    
"IL",1836,31,9602    
"IL",1836,34,5557    
"IL",1836,36,31185   
"IL",1836,39,30972   
"IL",1836,40,6715    
"IL",1836,41,2137    
"IL",1836,99,-1489   
"IL",1837,33,1441    
"IL",1837,34,4148    
"IL",1837,35,13      
"IL",1837,36,109066  
"IL",1837,39,278241  
"IL",1837,40,14182   
"IL",1837,41,100874  
"IL",1837,99,-17871  
"IL",1840,34,2060    
"IL",1840,35,2577    
"IL",1840,36,137391  
"IL",1840,39,22153   
"IL",1840,40,44934   
"IL",1842,34,1898    
"IL",1842,35,12037   
"IL",1842,36,185870  
"IL",1842,39,93998   
"IL",1842,40,85099   
"IL",1842,41,33      
"IL",1842,99,-86045  
"IL",1844,31,2755    
"IL",1844,32,4076    
"IL",1844,34,2145    
"IL",1844,35,4057    
"IL",1844,36,182227  
"IL",1844,39,112208  
"IL",1844,40,100534  
"IL",1844,41,11410   
"IL",1844,99,-46276  
"IL",1846,31,1730    
"IL",1846,32,4269    
"IL",1846,34,1925    
"IL",1846,35,405     
"IL",1846,36,149461  
"IL",1846,39,166768  
"IL",1846,40,50829   
"IL",1846,41,608     
"IL",1846,99,-53598  
"IL",1848,32,10384   
"IL",1848,34,2929    
"IL",1848,35,63      
"IL",1848,36,248427  
"IL",1848,39,62289   
"IL",1848,40,67271   
"IL",1848,41,2494    
"IL",1848,99,-5351   
"IL",1852,31,5170    
"IL",1852,32,45416   
"IL",1852,34,16940   
"IL",1852,35,4254    
"IL",1852,36,129358  
"IL",1852,39,32961   
"IL",1854,35,1002    
"IL",1854,36,15542   
"IL",1854,39,827378  
"IL",1856,31,53771   
"IL",1856,32,88000   
"IL",1856,33,2753    
"IL",1856,34,72102   
"IL",1856,35,30536   
"IL",1856,36,180495  
"IL",1856,39,1993384 
"IL",1856,41,15595   
"IL",1858,31,106688  
"IL",1858,32,138667  
"IL",1858,33,21      
"IL",1858,34,83491   
"IL",1858,35,27382   
"IL",1858,36,249120  
"IL",1858,39,3023872 
"IL",1858,41,5793    
"IL",1860,31,111478  
"IL",1860,32,156107  
"IL",1860,34,239097  
"IL",1860,35,11029   
"IL",1860,36,217563  
"IL",1860,39,2829775 
"IL",1860,41,2029    
"IL",1862,31,107642  
"IL",1862,32,121158  
"IL",1862,34,351711  
"IL",1862,35,28690   
"IL",1862,36,290909  
"IL",1862,39,6616795 
"IL",1862,41,12497   
"IL",1864,31,82952   
"IL",1864,32,90000   
"IL",1864,34,321741  
"IL",1864,35,26281   
"IL",1864,36,95857   
"IL",1864,39,98986   
"IL",1864,41,5596    
"IL",1866,31,146827  
"IL",1866,32,167150  
"IL",1866,34,132708  
"IL",1866,35,44125   
"IL",1866,36,144773  
"IL",1866,39,328465  
"IL",1866,41,3115    
"IL",1878,31,2430878 
"IL",1878,32,1192266 
"IL",1878,33,178566  
"IL",1878,34,399048  
"IL",1878,35,42883   
"IL",1878,36,1180751 
"IL",1878,37,25688   
"IL",1878,39,203432  
"IL",1878,40,916651  
"IL",1880,31,2371726 
"IL",1880,32,1173753 
"IL",1880,33,43544   
"IL",1880,34,666652  
"IL",1880,35,61360   
"IL",1880,36,1038459 
"IL",1880,37,32113   
"IL",1880,39,2591392 
"IL",1880,40,66034   
"IL",1880,41,521253  
"IL",1882,31,2564379 
"IL",1882,32,1314565 
"IL",1882,33,54182   
"IL",1882,34,632911  
"IL",1882,35,76230   
"IL",1882,36,1144445 
"IL",1882,37,33172   
"IL",1882,39,2621139 
"IL",1882,40,8395    
"IL",1882,41,257459  
"IL",1884,31,2311499 
"IL",1884,32,1965096 
"IL",1884,33,51697   
"IL",1884,34,686777  
"IL",1884,35,84403   
"IL",1884,36,1140288 
"IL",1884,37,32579   
"IL",1884,39,2704003 
"IL",1888,31,2652232 
"IL",1888,32,2147159 
"IL",1888,33,46804   
"IL",1888,34,787397  
"IL",1888,35,219637  
"IL",1888,36,1395608 
"IL",1888,37,54164   
"IL",1888,39,2943361 
"IL",1888,40,113875  
"IL",1890,31,204314  
"IL",1890,32,2374259 
"IL",1890,33,49175   
"IL",1890,34,608579  
"IL",1890,35,154286  
"IL",1890,36,1105202 
"IL",1890,39,71218   
"IL",1892,31,363762  
"IL",1892,32,2943336 
"IL",1892,33,74297   
"IL",1892,34,836158  
"IL",1892,35,140665  
"IL",1892,36,1000152 
"IL",1892,39,296605  
"IL",1894,31,484273  
"IL",1894,32,2850721 
"IL",1894,33,57883   
"IL",1894,34,1535798 
"IL",1894,35,180698  
"IL",1894,36,1146571 
"IL",1894,37,41230   
"IL",1894,39,443016  
"IL",1896,31,752193  
"IL",1896,32,3079184 
"IL",1896,33,57608   
"IL",1896,34,1954603 
"IL",1896,35,86172   
"IL",1896,36,1423235 
"IL",1896,37,44461   
"IL",1896,39,36191   
"IL",1898,31,900507  
"IL",1898,32,3138077 
"IL",1898,33,107139  
"IL",1898,34,1803080 
"IL",1898,35,423099  
"IL",1898,36,1836291 
"IL",1898,37,35727   
"IL",1898,39,4764308 
"IL",1900,31,908259  
"IL",1900,32,4062616 
"IL",1900,33,74159   
"IL",1900,34,2217996 
"IL",1900,35,343635  
"IL",1900,36,1850379 
"IL",1900,37,30916   
"IL",1900,39,4547626 
"IL",1902,31,1610966 
"IL",1902,32,4373630 
"IL",1902,33,228179  
"IL",1902,34,2414015 
"IL",1902,35,433651  
"IL",1902,36,1837878 
"IL",1902,37,29303   
"IL",1902,39,4373130 
"IL",1902,40,113821  
"IL",1904,31,1731708 
"IL",1904,32,5037139 
"IL",1904,33,96978   
"IL",1904,34,2210948 
"IL",1904,35,466310  
"IL",1904,36,2006547 
"IL",1904,37,21893   
"IL",1904,39,4583199 
"IL",1904,40,113875  
"IL",1906,31,3100771 
"IL",1906,32,4284428 
"IL",1906,33,124220  
"IL",1906,34,2707430 
"IL",1906,35,414174  
"IL",1906,36,2358008 
"IL",1906,37,20243   
"IL",1906,39,4627976 
"IL",1906,40,56937   
"IL",1908,31,4415684 
"IL",1908,32,5123777 
"IL",1908,33,210131  
"IL",1908,34,2756603 
"IL",1908,35,534945  
"IL",1908,36,3159183 
"IL",1908,37,23563   
"IL",1908,39,5064736 
"IL",1910,31,4597389 
"IL",1910,32,4873355 
"IL",1910,33,264135  
"IL",1910,34,2681129 
"IL",1910,35,659076  
"IL",1910,36,3515915 
"IL",1910,37,27864   
"IL",1910,39,4493084 
"IL",1912,31,5857471 
"IL",1912,32,5178995 
"IL",1912,33,597862  
"IL",1912,34,3337994 
"IL",1912,35,1275976 
"IL",1912,36,4052554 
"IL",1912,37,28313   
"IL",1912,39,5572435 
"IL",1914,31,5995228 
"IL",1914,32,9278337 
"IL",1914,33,497909  
"IL",1914,34,3482329 
"IL",1914,35,2700419 
"IL",1914,36,4398223 
"IL",1914,37,155529  
"IL",1914,39,6682383 
"IL",1914,40,113875  
                     
"IL",1832,311,530    
"IL",1832,331,98     
"IL",1832,334,1403   
"IL",1832,343,11845  
"IL",1832,345,9155   
"IL",1832,350,1048   
"IL",1832,360,4186   
"IL",1832,361,15932  
"IL",1832,362,3202   
"IL",1832,363,12086  
"IL",1832,367,500    
"IL",1832,369,2038   
"IL",1832,370,1350   
"IL",1832,390,11325  
"IL",1832,391,5979   
"IL",1832,400,25648  
"IL",1832,401,3512   
"IL",1832,410,87530  
"IL",1832,412,128438 
"IL",1832,999,9530   
"IL",1834,330,300    
"IL",1834,331,2297   
"IL",1834,334,5000   
"IL",1834,343,8040   
"IL",1834,345,9480   
"IL",1834,360,6741   
"IL",1834,361,27790  
"IL",1834,362,3959   
"IL",1834,363,12259  
"IL",1834,367,575    
"IL",1834,369,2494   
"IL",1834,370,350    
"IL",1834,390,18753  
"IL",1834,391,10152  
"IL",1834,400,18063  
"IL",1834,401,211    
"IL",1834,410,16362  
"IL",1834,412,5898   
"IL",1834,414,174    
"IL",1834,999,-2120  
"IL",1835,343,1810   
"IL",1835,345,4965   
"IL",1835,360,3483   
"IL",1835,361,23610  
"IL",1835,362,1948   
"IL",1835,363,8373   
"IL",1835,369,1068   
"IL",1835,390,21908  
"IL",1835,391,1065   
"IL",1835,400,3293   
"IL",1835,401,241    
"IL",1835,410,3391   
"IL",1835,412,1085   
"IL",1835,999,2364   
"IL",1836,311,9602   
"IL",1836,343,907    
"IL",1836,345,4650   
"IL",1836,360,2994   
"IL",1836,361,14636  
"IL",1836,362,2400   
"IL",1836,363,9661   
"IL",1836,369,1494   
"IL",1836,390,23755  
"IL",1836,391,7217   
"IL",1836,400,6615   
"IL",1836,401,100    
"IL",1836,410,1416   
"IL",1836,412,721    
"IL",1836,999,-1489  
"IL",1837,331,780    
"IL",1837,334,661    
"IL",1837,343,683    
"IL",1837,345,3465   
"IL",1837,350,13     
"IL",1837,360,3272   
"IL",1837,361,60975  
"IL",1837,362,2276   
"IL",1837,363,19079  
"IL",1837,367,22269  
"IL",1837,369,1195   
"IL",1837,390,15996  
"IL",1837,391,1211   
"IL",1837,392,211034 
"IL",1837,395,50000  
"IL",1837,401,14182  
"IL",1837,410,100768 
"IL",1837,412,106    
"IL",1837,999,-17871 
"IL",1840,343,1140   
"IL",1840,345,920    
"IL",1840,350,2577   
"IL",1840,360,11044  
"IL",1840,361,45244  
"IL",1840,362,3500   
"IL",1840,363,18020  
"IL",1840,367,31702  
"IL",1840,369,27881  
"IL",1840,390,19182  
"IL",1840,391,2971   
"IL",1840,401,44934  
"IL",1842,343,228    
"IL",1842,345,1670   
"IL",1842,350,12037  
"IL",1842,360,18958  
"IL",1842,361,67036  
"IL",1842,362,6600   
"IL",1842,363,33074  
"IL",1842,367,36885  
"IL",1842,369,23317  
"IL",1842,390,45758  
"IL",1842,391,5890   
"IL",1842,395,42350  
"IL",1842,401,85099  
"IL",1842,412,33     
"IL",1842,999,-86045 
"IL",1844,310,2755   
"IL",1844,322,4076   
"IL",1844,345,2145   
"IL",1844,350,4057   
"IL",1844,360,11923  
"IL",1844,361,76865  
"IL",1844,362,4155   
"IL",1844,363,39186  
"IL",1844,364,54     
"IL",1844,365,12348  
"IL",1844,369,37696  
"IL",1844,390,17871  
"IL",1844,391,11723  
"IL",1844,392,75581  
"IL",1844,398,7033   
"IL",1844,401,100534 
"IL",1844,412,18     
"IL",1844,414,11392  
"IL",1844,999,-46276 
"IL",1846,310,1730   
"IL",1846,322,4269   
"IL",1846,345,1925   
"IL",1846,350,405    
"IL",1846,360,7086   
"IL",1846,361,55665  
"IL",1846,362,3817   
"IL",1846,363,32489  
"IL",1846,365,13015  
"IL",1846,366,2996   
"IL",1846,367,422    
"IL",1846,369,33971  
"IL",1846,390,56736  
"IL",1846,391,2536   
"IL",1846,395,100184 
"IL",1846,398,7312   
"IL",1846,400,1167   
"IL",1846,401,49662  
"IL",1846,412,8      
"IL",1846,414,600    
"IL",1846,999,-53598 
"IL",1848,322,10384  
"IL",1848,345,2929   
"IL",1848,350,63     
"IL",1848,360,4470   
"IL",1848,361,144532 
"IL",1848,362,3731   
"IL",1848,363,40608  
"IL",1848,364,7398   
"IL",1848,365,11076  
"IL",1848,367,15560  
"IL",1848,369,21052  
"IL",1848,390,54468  
"IL",1848,391,404    
"IL",1848,395,860    
"IL",1848,398,6557   
"IL",1848,400,217    
"IL",1848,401,67054  
"IL",1848,416,2494   
"IL",1848,999,-5351  
"IL",1852,311,5000   
"IL",1852,316,170    
"IL",1852,322,39416  
"IL",1852,323,6000   
"IL",1852,343,16740  
"IL",1852,345,200    
"IL",1852,351,4254   
"IL",1852,361,25866  
"IL",1852,362,7853   
"IL",1852,363,32682  
"IL",1852,365,8721   
"IL",1852,366,929    
"IL",1852,367,13423  
"IL",1852,369,39884  
"IL",1852,390,25824  
"IL",1852,391,6545   
"IL",1852,395,592    
"IL",1854,350,1002   
"IL",1854,363,6008   
"IL",1854,365,2670   
"IL",1854,369,6864   
"IL",1854,395,827378 
"IL",1856,311,53771  
"IL",1856,322,88000  
"IL",1856,334,2753   
"IL",1856,343,64967  
"IL",1856,345,7135   
"IL",1856,350,16141  
"IL",1856,351,14395  
"IL",1856,361,24309  
"IL",1856,362,26777  
"IL",1856,363,65268  
"IL",1856,365,12725  
"IL",1856,366,4991   
"IL",1856,367,16350  
"IL",1856,369,30075  
"IL",1856,390,58023  
"IL",1856,391,8203   
"IL",1856,395,1927158
"IL",1856,412,11603  
"IL",1856,414,3992   
"IL",1858,311,106688 
"IL",1858,322,138667 
"IL",1858,334,21     
"IL",1858,343,83359  
"IL",1858,345,132    
"IL",1858,350,10582  
"IL",1858,351,16800  
"IL",1858,361,38200  
"IL",1858,362,28239  
"IL",1858,363,74206  
"IL",1858,365,14808  
"IL",1858,366,3491   
"IL",1858,367,1123   
"IL",1858,369,89053  
"IL",1858,390,76995  
"IL",1858,391,11852  
"IL",1858,395,2900124
"IL",1858,398,34901  
"IL",1858,414,5793   
"IL",1860,311,111478 
"IL",1860,322,156107 
"IL",1860,343,238831 
"IL",1860,345,266    
"IL",1860,350,10279  
"IL",1860,351,750    
"IL",1860,361,21649  
"IL",1860,362,6749   
"IL",1860,363,98995  
"IL",1860,365,8761   
"IL",1860,366,5065   
"IL",1860,367,1554   
"IL",1860,369,74790  
"IL",1860,390,35031  
"IL",1860,391,5904   
"IL",1860,395,2762404
"IL",1860,398,26436  
"IL",1860,414,2029   
"IL",1862,311,107642 
"IL",1862,322,121158 
"IL",1862,343,349336 
"IL",1862,345,2375   
"IL",1862,350,11790  
"IL",1862,351,16900  
"IL",1862,361,82617  
"IL",1862,362,24828  
"IL",1862,363,78526  
"IL",1862,365,25443  
"IL",1862,366,8190   
"IL",1862,367,1081   
"IL",1862,369,70224  
"IL",1862,390,351576 
"IL",1862,391,5753   
"IL",1862,395,6186187
"IL",1862,398,24428  
"IL",1862,399,48851  
"IL",1862,414,12497  
"IL",1864,311,82952  
"IL",1864,322,90000  
"IL",1864,343,321481 
"IL",1864,345,260    
"IL",1864,350,10781  
"IL",1864,351,15500  
"IL",1864,361,45113  
"IL",1864,362,5953   
"IL",1864,363,20478  
"IL",1864,365,3217   
"IL",1864,366,1266   
"IL",1864,367,2      
"IL",1864,369,19828  
"IL",1864,390,49849  
"IL",1864,391,5354   
"IL",1864,395,6614   
"IL",1864,398,29147  
"IL",1864,399,8022   
"IL",1864,414,5596   
"IL",1866,311,146827 
"IL",1866,320,21000  
"IL",1866,322,146150 
"IL",1866,343,14533  
"IL",1866,344,8945   
"IL",1866,345,109230 
"IL",1866,350,25857  
"IL",1866,351,17000  
"IL",1866,356,1268   
"IL",1866,361,76765  
"IL",1866,362,9475   
"IL",1866,363,17047  
"IL",1866,365,15521  
"IL",1866,366,398    
"IL",1866,367,1572   
"IL",1866,368,23995  
"IL",1866,390,199578 
"IL",1866,391,79593  
"IL",1866,398,49294  
"IL",1866,414,3115   
"IL",1878,310,2021993
"IL",1878,311,301851 
"IL",1878,313,107034 
"IL",1878,321,10529  
"IL",1878,322,866457 
"IL",1878,323,226168 
"IL",1878,325,89112  
"IL",1878,334,146192 
"IL",1878,337,32374  
"IL",1878,343,356297 
"IL",1878,344,4000   
"IL",1878,345,38751  
"IL",1878,350,6814   
"IL",1878,351,34500  
"IL",1878,356,1569   
"IL",1878,361,237959 
"IL",1878,362,69661  
"IL",1878,363,471015 
"IL",1878,365,61204  
"IL",1878,366,2548   
"IL",1878,367,208968 
"IL",1878,369,129396 
"IL",1878,371,25688  
"IL",1878,390,109221 
"IL",1878,391,45015  
"IL",1878,398,49196  
"IL",1878,400,916651 
"IL",1880,310,2021241
"IL",1880,311,251531 
"IL",1880,313,93165  
"IL",1880,316,5789   
"IL",1880,321,13107  
"IL",1880,322,964734 
"IL",1880,323,105021 
"IL",1880,325,90891  
"IL",1880,334,11334  
"IL",1880,337,32210  
"IL",1880,343,528148 
"IL",1880,344,4500   
"IL",1880,345,134004 
"IL",1880,350,9198   
"IL",1880,351,43396  
"IL",1880,356,8766   
"IL",1880,361,221252 
"IL",1880,362,72538  
"IL",1880,363,539849 
"IL",1880,365,77191  
"IL",1880,366,1926   
"IL",1880,367,8000   
"IL",1880,368,3589   
"IL",1880,369,114114 
"IL",1880,371,32113  
"IL",1880,390,281767 
"IL",1880,391,50468  
"IL",1880,395,2220556
"IL",1880,398,38601  
"IL",1880,400,66034  
"IL",1880,412,521253 
"IL",1882,310,2132186
"IL",1882,311,328472 
"IL",1882,313,98676  
"IL",1882,316,5045   
"IL",1882,321,10347  
"IL",1882,322,36985  
"IL",1882,323,1168477
"IL",1882,325,98756  
"IL",1882,334,10950  
"IL",1882,337,43232  
"IL",1882,343,505603 
"IL",1882,344,3500   
"IL",1882,345,123808 
"IL",1882,350,17106  
"IL",1882,351,46277  
"IL",1882,356,12847  
"IL",1882,361,298381 
"IL",1882,362,80885  
"IL",1882,363,555525 
"IL",1882,365,75083  
"IL",1882,366,695    
"IL",1882,367,10500  
"IL",1882,368,5951   
"IL",1882,369,117425 
"IL",1882,371,33172  
"IL",1882,390,47342  
"IL",1882,391,10419  
"IL",1882,393,134709 
"IL",1882,395,2394403
"IL",1882,398,34266  
"IL",1882,400,8395   
"IL",1882,412,257459 
"IL",1884,310,2133224
"IL",1884,311,54469  
"IL",1884,313,101537 
"IL",1884,316,22269  
"IL",1884,321,17314  
"IL",1884,322,311720 
"IL",1884,323,1519140
"IL",1884,325,116922 
"IL",1884,334,10965  
"IL",1884,337,40732  
"IL",1884,341,107445 
"IL",1884,343,378427 
"IL",1884,344,4500   
"IL",1884,345,196405 
"IL",1884,350,350    
"IL",1884,351,67380  
"IL",1884,356,16673  
"IL",1884,361,259731 
"IL",1884,362,70697  
"IL",1884,363,584457 
"IL",1884,365,71786  
"IL",1884,366,978    
"IL",1884,367,12000  
"IL",1884,368,9596   
"IL",1884,369,131043 
"IL",1884,371,32579  
"IL",1884,390,84489  
"IL",1884,391,63927  
"IL",1884,395,2518623
"IL",1884,398,36964  
"IL",1888,310,2109144
"IL",1888,311,287363 
"IL",1888,313,236117 
"IL",1888,316,19608  
"IL",1888,320,1771   
"IL",1888,321,14279  
"IL",1888,322,52038  
"IL",1888,323,1535261
"IL",1888,325,543810 
"IL",1888,334,10965  
"IL",1888,337,35839  
"IL",1888,341,312867 
"IL",1888,343,448629 
"IL",1888,344,4000   
"IL",1888,345,21901  
"IL",1888,351,198893 
"IL",1888,356,20744  
"IL",1888,361,285570 
"IL",1888,362,75447  
"IL",1888,363,594648 
"IL",1888,365,76088  
"IL",1888,366,182    
"IL",1888,367,198490 
"IL",1888,368,15553  
"IL",1888,369,149630 
"IL",1888,371,54164  
"IL",1888,390,82234  
"IL",1888,391,995    
"IL",1888,395,2825041
"IL",1888,398,35091  
"IL",1888,400,113875 
"IL",1890,313,190633 
"IL",1890,316,13681  
"IL",1890,320,17397  
"IL",1890,322,365488 
"IL",1890,323,1519402
"IL",1890,325,471972 
"IL",1890,334,10950  
"IL",1890,337,38225  
"IL",1890,340,190761 
"IL",1890,343,374157 
"IL",1890,344,24080  
"IL",1890,345,19581  
"IL",1890,350,18000  
"IL",1890,351,111038 
"IL",1890,356,25248  
"IL",1890,360,81471  
"IL",1890,361,240914 
"IL",1890,362,64517  
"IL",1890,363,476594 
"IL",1890,364,901    
"IL",1890,366,19662  
"IL",1890,367,51014  
"IL",1890,368,14163  
"IL",1890,369,155966 
"IL",1890,390,70449  
"IL",1890,391,769    
"IL",1892,313,344774 
"IL",1892,316,18988  
"IL",1892,320,2224   
"IL",1892,321,19694  
"IL",1892,322,393186 
"IL",1892,323,2084103
"IL",1892,325,444129 
"IL",1892,334,30965  
"IL",1892,337,43332  
"IL",1892,340,265433 
"IL",1892,343,527109 
"IL",1892,344,23925  
"IL",1892,345,19691  
"IL",1892,351,121804 
"IL",1892,356,18861  
"IL",1892,360,55654  
"IL",1892,361,247111 
"IL",1892,362,73505  
"IL",1892,363,398623 
"IL",1892,366,24413  
"IL",1892,367,54516  
"IL",1892,368,24059  
"IL",1892,369,122271 
"IL",1892,390,293469 
"IL",1892,391,3136   
"IL",1894,313,466208 
"IL",1894,316,18065  
"IL",1894,320,2286   
"IL",1894,321,12213  
"IL",1894,322,502831 
"IL",1894,323,1955178
"IL",1894,325,378213 
"IL",1894,334,15020  
"IL",1894,337,42863  
"IL",1894,340,218021 
"IL",1894,343,1283070
"IL",1894,344,21035  
"IL",1894,345,13672  
"IL",1894,350,33561  
"IL",1894,351,122193 
"IL",1894,356,24944  
"IL",1894,360,44254  
"IL",1894,361,274797 
"IL",1894,362,41928  
"IL",1894,363,549536 
"IL",1894,364,966    
"IL",1894,366,19669  
"IL",1894,368,22643  
"IL",1894,369,192778 
"IL",1894,371,41230  
"IL",1894,390,87222  
"IL",1894,391,1940   
"IL",1894,399,353854 
"IL",1896,311,33160  
"IL",1896,313,704704 
"IL",1896,316,14329  
"IL",1896,320,9581   
"IL",1896,321,10201  
"IL",1896,322,474867 
"IL",1896,323,2121892
"IL",1896,325,462643 
"IL",1896,334,12345  
"IL",1896,337,45263  
"IL",1896,340,711480 
"IL",1896,342,27     
"IL",1896,343,971741 
"IL",1896,344,223546 
"IL",1896,345,47809  
"IL",1896,350,9462   
"IL",1896,351,58372  
"IL",1896,356,18338  
"IL",1896,360,117917 
"IL",1896,361,375257 
"IL",1896,362,45328  
"IL",1896,363,462620 
"IL",1896,365,22295  
"IL",1896,366,1399   
"IL",1896,367,29909  
"IL",1896,368,90376  
"IL",1896,369,278134 
"IL",1896,371,44461  
"IL",1896,390,17000  
"IL",1896,391,4196   
"IL",1896,398,14995  
"IL",1898,311,186840 
"IL",1898,313,699241 
"IL",1898,316,14426  
"IL",1898,320,6526   
"IL",1898,321,17141  
"IL",1898,322,401283 
"IL",1898,323,2201270
"IL",1898,325,511857 
"IL",1898,334,59570  
"IL",1898,337,47569  
"IL",1898,340,393554 
"IL",1898,343,1336833
"IL",1898,344,19117  
"IL",1898,345,53576  
"IL",1898,350,10871  
"IL",1898,351,388002 
"IL",1898,356,24226  
"IL",1898,360,49936  
"IL",1898,361,491381 
"IL",1898,362,147423 
"IL",1898,363,790277 
"IL",1898,365,14916  
"IL",1898,366,137    
"IL",1898,368,89353  
"IL",1898,369,252868 
"IL",1898,371,35727  
"IL",1898,390,344572 
"IL",1898,391,6647   
"IL",1898,395,4413089
"IL",1900,311,228103 
"IL",1900,313,664498 
"IL",1900,316,15658  
"IL",1900,320,105498 
"IL",1900,321,15859  
"IL",1900,322,464502 
"IL",1900,323,2934988
"IL",1900,325,541769 
"IL",1900,334,28330  
"IL",1900,337,45829  
"IL",1900,340,963252 
"IL",1900,343,1149588
"IL",1900,344,57727  
"IL",1900,345,47429  
"IL",1900,350,12616  
"IL",1900,351,300810 
"IL",1900,356,30209  
"IL",1900,360,150237 
"IL",1900,361,318611 
"IL",1900,362,146103 
"IL",1900,363,882547 
"IL",1900,365,29134  
"IL",1900,366,56     
"IL",1900,367,10462  
"IL",1900,368,109480 
"IL",1900,369,203749 
"IL",1900,371,30916  
"IL",1900,390,52216  
"IL",1900,391,4482   
"IL",1900,395,4490928
"IL",1902,311,501755 
"IL",1902,313,1093020
"IL",1902,316,16191  
"IL",1902,320,47058  
"IL",1902,321,21407  
"IL",1902,322,494642 
"IL",1902,323,3212843
"IL",1902,325,597680 
"IL",1902,334,181679 
"IL",1902,337,46500  
"IL",1902,340,658148 
"IL",1902,343,1437391
"IL",1902,344,148330 
"IL",1902,345,170146 
"IL",1902,350,17967  
"IL",1902,351,361253 
"IL",1902,356,54431  
"IL",1902,360,169907 
"IL",1902,361,330298 
"IL",1902,362,151248 
"IL",1902,363,782293 
"IL",1902,364,1074   
"IL",1902,365,34355  
"IL",1902,367,12970  
"IL",1902,368,108792 
"IL",1902,369,246941 
"IL",1902,371,29303  
"IL",1902,390,115557 
"IL",1902,391,6474   
"IL",1902,395,4251099
"IL",1902,400,113821 
"IL",1904,311,369867 
"IL",1904,313,1337067
"IL",1904,316,24774  
"IL",1904,320,73211  
"IL",1904,321,21566  
"IL",1904,322,600607 
"IL",1904,323,3341285
"IL",1904,325,1000470
"IL",1904,331,1387   
"IL",1904,334,37471  
"IL",1904,336,3914   
"IL",1904,337,54206  
"IL",1904,341,702388 
"IL",1904,342,1000   
"IL",1904,343,1273195
"IL",1904,344,134949 
"IL",1904,345,99416  
"IL",1904,350,19242  
"IL",1904,351,382270 
"IL",1904,356,64798  
"IL",1904,360,98791  
"IL",1904,361,333028 
"IL",1904,362,215268 
"IL",1904,363,873724 
"IL",1904,365,40792  
"IL",1904,366,2      
"IL",1904,368,104568 
"IL",1904,369,340374 
"IL",1904,371,21893  
"IL",1904,390,28092  
"IL",1904,391,7505   
"IL",1904,395,4363542
"IL",1904,398,7152   
"IL",1904,399,176908 
"IL",1904,400,113875 
"IL",1906,311,1413173
"IL",1906,313,1663184
"IL",1906,316,24414  
"IL",1906,320,85683  
"IL",1906,321,25542  
"IL",1906,322,117149 
"IL",1906,323,3410112
"IL",1906,325,645942 
"IL",1906,331,17476  
"IL",1906,334,53962  
"IL",1906,337,52782  
"IL",1906,341,606114 
"IL",1906,342,500    
"IL",1906,343,1708684
"IL",1906,344,131057 
"IL",1906,345,261075 
"IL",1906,350,19490  
"IL",1906,351,315578 
"IL",1906,356,79106  
"IL",1906,360,29890  
"IL",1906,361,371297 
"IL",1906,362,277716 
"IL",1906,363,1066047
"IL",1906,364,1314   
"IL",1906,365,165392 
"IL",1906,367,13001  
"IL",1906,368,99877  
"IL",1906,369,333474 
"IL",1906,371,20243  
"IL",1906,390,34234  
"IL",1906,391,31692  
"IL",1906,395,4484128
"IL",1906,399,77922  
"IL",1906,400,56937  
"IL",1908,310,4344   
"IL",1908,311,1656139
"IL",1908,313,2719625
"IL",1908,316,35576  
"IL",1908,320,97293  
"IL",1908,321,41239  
"IL",1908,322,157013 
"IL",1908,323,4058065
"IL",1908,325,770167 
"IL",1908,331,96449  
"IL",1908,334,54280  
"IL",1908,337,59402  
"IL",1908,341,974753 
"IL",1908,342,1000   
"IL",1908,343,1619835
"IL",1908,344,102618 
"IL",1908,345,58397  
"IL",1908,350,83539  
"IL",1908,351,338172 
"IL",1908,356,113234 
"IL",1908,360,71837  
"IL",1908,361,412807 
"IL",1908,362,312643 
"IL",1908,363,1492451
"IL",1908,365,191244 
"IL",1908,366,58     
"IL",1908,367,113121 
"IL",1908,368,124037 
"IL",1908,369,440985 
"IL",1908,371,23563  
"IL",1908,390,49393  
"IL",1908,391,40647  
"IL",1908,395,4950172
"IL",1908,399,24524  
"IL",1910,310,5656   
"IL",1910,311,1989003
"IL",1910,313,2543295
"IL",1910,316,59435  
"IL",1910,320,123812 
"IL",1910,321,33127  
"IL",1910,322,3984325
"IL",1910,325,732091 
"IL",1910,331,124083 
"IL",1910,334,74575  
"IL",1910,337,65477  
"IL",1910,341,858682 
"IL",1910,342,7000   
"IL",1910,343,1566475
"IL",1910,344,212024 
"IL",1910,345,36948  
"IL",1910,350,99053  
"IL",1910,351,429026 
"IL",1910,352,11     
"IL",1910,356,130986 
"IL",1910,360,188507 
"IL",1910,361,667159 
"IL",1910,362,354696 
"IL",1910,363,1397361
"IL",1910,364,1216   
"IL",1910,365,255391 
"IL",1910,367,21492  
"IL",1910,368,133014 
"IL",1910,369,497079 
"IL",1910,371,27864  
"IL",1910,390,98308  
"IL",1910,391,20411  
"IL",1910,395,4374365
"IL",1912,311,2529748
"IL",1912,313,3264320
"IL",1912,316,63403  
"IL",1912,320,121005 
"IL",1912,321,28647  
"IL",1912,322,4339589
"IL",1912,325,689754 
"IL",1912,331,178685 
"IL",1912,334,105890 
"IL",1912,337,313287 
"IL",1912,340,107002 
"IL",1912,341,853692 
"IL",1912,342,14240  
"IL",1912,343,2056622
"IL",1912,344,263463 
"IL",1912,345,42975  
"IL",1912,350,44106  
"IL",1912,351,858046 
"IL",1912,352,151154 
"IL",1912,356,222670 
"IL",1912,360,228396 
"IL",1912,361,700179 
"IL",1912,362,461430 
"IL",1912,363,1517500
"IL",1912,365,364408 
"IL",1912,367,34966  
"IL",1912,368,186911 
"IL",1912,369,558764 
"IL",1912,371,28313  
"IL",1912,390,125521 
"IL",1912,391,52826  
"IL",1912,395,5393590
"IL",1912,399,498    
"IL",1914,311,1887814
"IL",1914,313,4084089
"IL",1914,316,23325  
"IL",1914,320,279044 
"IL",1914,321,7737337
"IL",1914,322,980357 
"IL",1914,325,281599 
"IL",1914,331,73181  
"IL",1914,334,397880 
"IL",1914,337,26848  
"IL",1914,342,144543 
"IL",1914,343,1909443
"IL",1914,344,311526 
"IL",1914,345,1116817
"IL",1914,350,233069 
"IL",1914,351,1687799
"IL",1914,352,288198 
"IL",1914,356,491353 
"IL",1914,360,167244 
"IL",1914,361,694614 
"IL",1914,362,526308 
"IL",1914,363,1858815
"IL",1914,365,854911 
"IL",1914,367,45746  
"IL",1914,368,185939 
"IL",1914,369,64646  
"IL",1914,371,155529 
"IL",1914,390,159788 
"IL",1914,391,40117  
"IL",1914,395,6467278
"IL",1914,399,15200  
"IL",1914,400,113875 
