"NY",1789,1,189783    
"NY",1790,1,127648    
"NY",1791,1,256428    
"NY",1792,1,559500    
"NY",1793,1,395049    
"NY",1794,1,484328    
"NY",1795,1,305618    
"NY",1796,1,244122    
"NY",1797,1,338735    
"NY",1798,1,350589    
"NY",1799,1,252779    
"NY",1800,1,312320    
"NY",1801,1,462340    
"NY",1802,1,373597    
"NY",1803,1,312049    
"NY",1804,1,334702    
"NY",1805,1,327882    
"NY",1806,1,442324    
"NY",1807,1,424279    
"NY",1808,1,880147    
"NY",1809,1,619299    
"NY",1810,1,626043    
"NY",1811,1,596594    
"NY",1812,1,781446    
"NY",1813,1,856630    
"NY",1814,1,1336218   
"NY",1815,1,2460342   
"NY",1816,1,1669102   
"NY",1817,1,1478737   
"NY",1818,1,2965863   
"NY",1819,1,1215439   
"NY",1820,1,1207566   
"NY",1821,1,1075637   
"NY",1822,1,915704    
"NY",1823,1,1132475   
"NY",1824,1,2372311   
"NY",1825,1,1836277   
"NY",1826,1,2296516   
"NY",1827,1,1828316   
"NY",1828,1,2084109   
"NY",1829,1,1793004   
"NY",1830,1,2035738   
"NY",1831,1,1740532   
"NY",1832,1,2110387   
"NY",1833,1,2582174   
"NY",1834,1,2521809   
"NY",1835,1,2585892   
"NY",1836,1,2470191   
"NY",1837,1,6293166   
"NY",1838,1,4371924   
"NY",1839,1,3699896   
"NY",1840,1,4282339   
"NY",1841,1,4409402   
"NY",1842,1,4401040   
"NY",1843,1,4363830   
"NY",1844,1,4675234   
"NY",1845,1,4933077   
"NY",1846,1,4770846   
"NY",1847,1,5542244   
"NY",1848,1,5449725   
"NY",1849,1,2228322   
"NY",1850,1,2535354   
"NY",1851,1,2300439   
"NY",1852,1,2217024   
"NY",1853,1,2356658   
"NY",1854,1,3038896   
"NY",1855,1,3394821   
"NY",1856,1,3484835   
"NY",1857,1,3195343   
"NY",1858,1,5643443   
"NY",1859,1,6479279   
"NY",1860,1,5261110   
"NY",1861,1,10183055  
"NY",1862,1,11803275  
"NY",1863,1,10821304  
"NY",1864,1,11269575  
"NY",1865,1,16273106  
"NY",1866,1,12485799  
"NY",1867,1,13381433  
"NY",1868,1,15959265  
"NY",1869,1,16792371  
"NY",1870,1,13583999  
"NY",1871,1,12437980  
"NY",1872,1,14806405  
"NY",1873,1,16450675  
"NY",1874,1,24033106  
"NY",1875,1,15404723  
"NY",1876,1,12832129  
"NY",1877,1,17342375  
"NY",1878,1,7045643   
"NY",1879,1,8010410   
"NY",1880,1,5859241   
"NY",1881,1,9580513   
"NY",1882,1,6671069   
"NY",1883,1,9758373   
"NY",1884,1,9559384   
"NY",1885,1,8825260   
"NY",1886,1,10461727  
"NY",1887,1,10522420  
"NY",1888,1,10829554  
"NY",1889,1,9823058   
"NY",1890,1,11567936  
"NY",1891,1,13158010  
"NY",1892,1,8413196   
"NY",1893,1,12592625  
"NY",1894,1,13274140  
"NY",1895,1,14437955  
"NY",1896,1,22416927  
"NY",1897,1,21729449  
"NY",1898,1,20539142  
"NY",1899,1,20486288  
"NY",1900,1,24191743  
"NY",1901,1,22775974  
"NY",1902,1,19218547  
"NY",1903,1,23736263  
"NY",1904,1,24876732  
"NY",1905,1,25994587  
"NY",1906,1,34114554  
"NY",1907,1,37317478  
"NY",1908,1,41940691  
"NY",1909,1,38375337  
"NY",1910,1,43296793  
"NY",1911,1,51637618  
"NY",1912,1,59952777  
"NY",1789,12,1416     
"NY",1789,14,4413     
"NY",1789,18,         
"NY",1789,22,17       
"NY",1789,23,         
"NY",1789,26,         
"NY",1789,27,         
"NY",1789,28,         
"NY",1789,29,183937   
"NY",1790,12,         
"NY",1790,14,6219     
"NY",1790,18,         
"NY",1790,22,373      
"NY",1790,23,         
"NY",1790,26,         
"NY",1790,27,         
"NY",1790,28,         
"NY",1790,29,121056   
"NY",1791,12,         
"NY",1791,14,9192     
"NY",1791,18,         
"NY",1791,22,         
"NY",1791,23,         
"NY",1791,26,         
"NY",1791,27,         
"NY",1791,28,         
"NY",1791,29,247236   
"NY",1792,12,         
"NY",1792,14,14604    
"NY",1792,18,         
"NY",1792,22,         
"NY",1792,23,         
"NY",1792,26,         
"NY",1792,27,         
"NY",1792,28,         
"NY",1792,29,544896   
"NY",1793,12,         
"NY",1793,14,20212    
"NY",1793,18,         
"NY",1793,22,64       
"NY",1793,23,         
"NY",1793,26,         
"NY",1793,27,         
"NY",1793,28,         
"NY",1793,29,374773   
"NY",1794,12,         
"NY",1794,14,14798    
"NY",1794,18,         
"NY",1794,22,         
"NY",1794,23,         
"NY",1794,26,         
"NY",1794,27,         
"NY",1794,28,         
"NY",1794,29,469530   
"NY",1795,12,         
"NY",1795,14,31295    
"NY",1795,18,         
"NY",1795,22,         
"NY",1795,23,         
"NY",1795,26,         
"NY",1795,27,         
"NY",1795,28,         
"NY",1795,29,274323   
"NY",1796,12,         
"NY",1796,14,25026    
"NY",1796,18,         
"NY",1796,22,         
"NY",1796,23,         
"NY",1796,26,         
"NY",1796,27,         
"NY",1796,28,         
"NY",1796,29,219096   
"NY",1797,12,         
"NY",1797,14,29100    
"NY",1797,18,         
"NY",1797,22,1404     
"NY",1797,23,         
"NY",1797,26,         
"NY",1797,27,         
"NY",1797,28,         
"NY",1797,29,308231   
"NY",1798,12,         
"NY",1798,14,18086    
"NY",1798,18,         
"NY",1798,22,6504     
"NY",1798,23,         
"NY",1798,26,         
"NY",1798,27,         
"NY",1798,28,         
"NY",1798,29,325999   
"NY",1799,12,         
"NY",1799,14,47908    
"NY",1799,18,         
"NY",1799,22,637      
"NY",1799,23,         
"NY",1799,26,         
"NY",1799,27,         
"NY",1799,28,         
"NY",1799,29,204234   
"NY",1800,12,90718    
"NY",1800,14,55943    
"NY",1800,18,         
"NY",1800,22,558      
"NY",1800,23,         
"NY",1800,26,         
"NY",1800,27,560      
"NY",1800,28,         
"NY",1800,29,164541   
"NY",1801,12,88509    
"NY",1801,14,78784    
"NY",1801,18,         
"NY",1801,22,499      
"NY",1801,23,         
"NY",1801,26,2141     
"NY",1801,27,2000     
"NY",1801,28,         
"NY",1801,29,290407   
"NY",1802,12,97792    
"NY",1802,14,66030    
"NY",1802,18,         
"NY",1802,22,1096     
"NY",1802,23,         
"NY",1802,26,         
"NY",1802,27,         
"NY",1802,28,         
"NY",1802,29,208679   
"NY",1803,12,32790    
"NY",1803,14,62776    
"NY",1803,18,         
"NY",1803,22,712      
"NY",1803,23,         
"NY",1803,26,806      
"NY",1803,27,14700    
"NY",1803,28,         
"NY",1803,29,200265   
"NY",1804,12,22337    
"NY",1804,14,56323    
"NY",1804,18,2840     
"NY",1804,22,472      
"NY",1804,23,         
"NY",1804,26,         
"NY",1804,27,25000    
"NY",1804,28,         
"NY",1804,29,227730   
"NY",1805,12,14758    
"NY",1805,14,47614    
"NY",1805,18,2346     
"NY",1805,22,724      
"NY",1805,23,         
"NY",1805,26,         
"NY",1805,27,17866    
"NY",1805,28,         
"NY",1805,29,244574   
"NY",1806,12,15090    
"NY",1806,14,64879    
"NY",1806,18,907      
"NY",1806,22,861      
"NY",1806,23,         
"NY",1806,26,         
"NY",1806,27,43282    
"NY",1806,28,         
"NY",1806,29,317305   
"NY",1807,12,14436    
"NY",1807,14,73622    
"NY",1807,18,990      
"NY",1807,22,516      
"NY",1807,23,         
"NY",1807,26,         
"NY",1807,27,8340     
"NY",1807,28,         
"NY",1807,29,326375   
"NY",1808,12,18584    
"NY",1808,14,66475    
"NY",1808,18,300      
"NY",1808,22,434      
"NY",1808,23,         
"NY",1808,26,         
"NY",1808,27,25102    
"NY",1808,28,         
"NY",1808,29,769252   
"NY",1809,12,17018    
"NY",1809,14,89636    
"NY",1809,18,100      
"NY",1809,22,503      
"NY",1809,23,         
"NY",1809,26,2171     
"NY",1809,27,29335    
"NY",1809,28,         
"NY",1809,29,480536   
"NY",1810,12,19528    
"NY",1810,14,127774   
"NY",1810,18,150      
"NY",1810,22,3773     
"NY",1810,23,         
"NY",1810,26,3357     
"NY",1810,27,13937    
"NY",1810,28,         
"NY",1810,29,457524   
"NY",1811,12,17973    
"NY",1811,14,107439   
"NY",1811,18,400      
"NY",1811,22,8902     
"NY",1811,23,         
"NY",1811,26,         
"NY",1811,27,12331    
"NY",1811,28,         
"NY",1811,29,449549   
"NY",1812,12,45247    
"NY",1812,14,126963   
"NY",1812,18,50       
"NY",1812,22,5560     
"NY",1812,23,         
"NY",1812,26,2290     
"NY",1812,27,20919    
"NY",1812,28,         
"NY",1812,29,580417   
"NY",1813,12,34902    
"NY",1813,14,163122   
"NY",1813,18,50       
"NY",1813,22,23423    
"NY",1813,23,         
"NY",1813,26,23014    
"NY",1813,27,17066    
"NY",1813,28,         
"NY",1813,29,595053   
"NY",1814,12,119748   
"NY",1814,14,86068    
"NY",1814,18,530      
"NY",1814,22,10016    
"NY",1814,23,         
"NY",1814,26,277      
"NY",1814,27,10378    
"NY",1814,28,3696     
"NY",1814,29,1105505  
"NY",1815,12,152307   
"NY",1815,14,194475   
"NY",1815,18,350      
"NY",1815,22,16524    
"NY",1815,23,379342   
"NY",1815,26,774      
"NY",1815,27,4256     
"NY",1815,28,2717     
"NY",1815,29,1709597  
"NY",1816,12,645167   
"NY",1816,14,159450   
"NY",1816,18,1010     
"NY",1816,22,14898    
"NY",1816,23,         
"NY",1816,26,872      
"NY",1816,27,265564   
"NY",1816,28,2162     
"NY",1816,29,579979   
"NY",1817,12,638613   
"NY",1817,14,219959   
"NY",1817,18,1380     
"NY",1817,22,24072    
"NY",1817,23,         
"NY",1817,26,235      
"NY",1817,27,147065   
"NY",1817,28,67769    
"NY",1817,29,379644   
"NY",1818,12,567839   
"NY",1818,14,198870   
"NY",1818,18,1850     
"NY",1818,22,27221    
"NY",1818,23,         
"NY",1818,26,506      
"NY",1818,27,122085   
"NY",1818,28,109207   
"NY",1818,29,1938285  
"NY",1819,12,339161   
"NY",1819,14,158615   
"NY",1819,18,2450     
"NY",1819,22,21502    
"NY",1819,23,         
"NY",1819,26,1089     
"NY",1819,27,273917   
"NY",1819,28,2770     
"NY",1819,29,415935   
"NY",1820,12,292428   
"NY",1820,14,160403   
"NY",1820,18,1200     
"NY",1820,22,28319    
"NY",1820,23,         
"NY",1820,26,650      
"NY",1820,27,133060   
"NY",1820,28,         
"NY",1820,29,591506   
"NY",1821,12,297893   
"NY",1821,14,157778   
"NY",1821,18,1030     
"NY",1821,22,18871    
"NY",1821,23,         
"NY",1821,26,1141     
"NY",1821,27,108947   
"NY",1821,28,29750    
"NY",1821,29,460227   
"NY",1822,12,249059   
"NY",1822,14,191968   
"NY",1822,18,1650     
"NY",1822,22,12402    
"NY",1822,23,         
"NY",1822,26,507      
"NY",1822,27,66715    
"NY",1822,28,44486    
"NY",1822,29,348917   
"NY",1823,12,250434   
"NY",1823,14,210699   
"NY",1823,18,2950     
"NY",1823,22,6637     
"NY",1823,23,         
"NY",1823,26,937      
"NY",1823,27,114206   
"NY",1823,28,89988    
"NY",1823,29,456624   
"NY",1824,12,310378   
"NY",1824,14,237034   
"NY",1824,18,3200     
"NY",1824,22,1707     
"NY",1824,23,         
"NY",1824,26,355      
"NY",1824,27,119211   
"NY",1824,28,319321   
"NY",1824,29,1381105  
"NY",1825,12,202044   
"NY",1825,14,         
"NY",1825,18,2700     
"NY",1825,22,736      
"NY",1825,23,         
"NY",1825,26,         
"NY",1825,27,         
"NY",1825,28,1069028  
"NY",1825,29,561769   
"NY",1826,12,400535   
"NY",1826,14,         
"NY",1826,18,2278     
"NY",1826,22,1148     
"NY",1826,23,76814    
"NY",1826,26,         
"NY",1826,27,         
"NY",1826,28,1381564  
"NY",1826,29,434177   
"NY",1827,12,22993    
"NY",1827,14,25868    
"NY",1827,18,1870     
"NY",1827,22,1455     
"NY",1827,23,         
"NY",1827,26,         
"NY",1827,27,         
"NY",1827,28,1452792  
"NY",1827,29,323338   
"NY",1828,12,112881   
"NY",1828,14,28980    
"NY",1828,18,1990     
"NY",1828,22,2249     
"NY",1828,23,         
"NY",1828,26,         
"NY",1828,27,         
"NY",1828,28,1539342  
"NY",1828,29,398667   
"NY",1829,12,35739    
"NY",1829,14,621      
"NY",1829,18,1580     
"NY",1829,22,1936     
"NY",1829,23,         
"NY",1829,26,         
"NY",1829,27,         
"NY",1829,28,1348580  
"NY",1829,29,404548   
"NY",1830,12,61431    
"NY",1830,14,1799     
"NY",1830,18,1310     
"NY",1830,22,1050     
"NY",1830,23,         
"NY",1830,26,         
"NY",1830,27,         
"NY",1830,28,1609053  
"NY",1830,29,361095   
"NY",1831,12,27806    
"NY",1831,14,2567     
"NY",1831,18,1410     
"NY",1831,22,2144     
"NY",1831,23,         
"NY",1831,26,         
"NY",1831,27,         
"NY",1831,28,1491163  
"NY",1831,29,215442   
"NY",1832,12,40182    
"NY",1832,14,4418     
"NY",1832,18,1460     
"NY",1832,22,1440     
"NY",1832,23,         
"NY",1832,26,         
"NY",1832,27,         
"NY",1832,28,1888610  
"NY",1832,29,174277   
"NY",1833,12,30307    
"NY",1833,14,4104     
"NY",1833,18,980      
"NY",1833,22,1223     
"NY",1833,23,         
"NY",1833,26,         
"NY",1833,27,         
"NY",1833,28,2271744  
"NY",1833,29,273816   
"NY",1834,12,42810    
"NY",1834,14,2753     
"NY",1834,18,1980     
"NY",1834,22,         
"NY",1834,23,         
"NY",1834,26,         
"NY",1834,27,         
"NY",1834,28,2236694  
"NY",1834,29,237572   
"NY",1835,12,         
"NY",1835,14,2443     
"NY",1835,18,1610     
"NY",1835,22,1384     
"NY",1835,23,         
"NY",1835,26,         
"NY",1835,27,         
"NY",1835,28,2391607  
"NY",1835,29,188848   
"NY",1836,12,         
"NY",1836,14,62253    
"NY",1836,18,2890     
"NY",1836,22,1848     
"NY",1836,23,         
"NY",1836,26,         
"NY",1836,27,38445    
"NY",1836,28,2229864  
"NY",1836,29,134891   
"NY",1837,12,         
"NY",1837,14,217663   
"NY",1837,18,1130     
"NY",1837,22,1664     
"NY",1837,23,         
"NY",1837,26,         
"NY",1837,27,11516    
"NY",1837,28,5647824  
"NY",1837,29,413369   
"NY",1838,12,         
"NY",1838,14,146029   
"NY",1838,18,80       
"NY",1838,22,1107     
"NY",1838,23,         
"NY",1838,26,         
"NY",1838,27,108930   
"NY",1838,28,1954829  
"NY",1838,29,2160949  
"NY",1839,12,44887    
"NY",1839,14,341023   
"NY",1839,18,320      
"NY",1839,22,1796     
"NY",1839,23,         
"NY",1839,26,         
"NY",1839,27,129870   
"NY",1839,28,2658968  
"NY",1839,29,523032   
"NY",1840,12,         
"NY",1840,14,215335   
"NY",1840,18,1862     
"NY",1840,22,30958    
"NY",1840,23,         
"NY",1840,26,         
"NY",1840,27,155961   
"NY",1840,28,2923946  
"NY",1840,29,954277   
"NY",1841,12,49650    
"NY",1841,14,233660   
"NY",1841,18,2720     
"NY",1841,22,54311    
"NY",1841,23,         
"NY",1841,26,         
"NY",1841,27,330439   
"NY",1841,28,3027267  
"NY",1841,29,711355   
"NY",1842,12,27578    
"NY",1842,14,224642   
"NY",1842,18,4665     
"NY",1842,22,42516    
"NY",1842,23,         
"NY",1842,26,         
"NY",1842,27,314967   
"NY",1842,28,3462842  
"NY",1842,29,323830   
"NY",1843,12,514011   
"NY",1843,14,165891   
"NY",1843,18,1770     
"NY",1843,22,53306    
"NY",1843,23,84358    
"NY",1843,26,         
"NY",1843,27,92128    
"NY",1843,28,3247100  
"NY",1843,29,205266   
"NY",1844,12,533338   
"NY",1844,14,189890   
"NY",1844,18,1770     
"NY",1844,22,46540    
"NY",1844,23,         
"NY",1844,26,         
"NY",1844,27,246130   
"NY",1844,28,3579615  
"NY",1844,29,77951    
"NY",1845,12,584816   
"NY",1845,14,196524   
"NY",1845,18,1750     
"NY",1845,22,35115    
"NY",1845,23,         
"NY",1845,26,         
"NY",1845,27,132025   
"NY",1845,28,3400036  
"NY",1845,29,582811   
"NY",1846,12,404454   
"NY",1846,14,151658   
"NY",1846,18,2445     
"NY",1846,22,37236    
"NY",1846,23,         
"NY",1846,26,         
"NY",1846,27,475507   
"NY",1846,28,3633320  
"NY",1846,29,66226    
"NY",1847,12,291802   
"NY",1847,14,98560    
"NY",1847,18,3080     
"NY",1847,22,32820    
"NY",1847,23,         
"NY",1847,26,         
"NY",1847,27,232399   
"NY",1847,28,4730111  
"NY",1847,29,153472   
"NY",1848,12,282590   
"NY",1848,14,123695   
"NY",1848,18,2290     
"NY",1848,22,12469    
"NY",1848,23,         
"NY",1848,26,         
"NY",1848,27,243348   
"NY",1848,28,4511502  
"NY",1848,29,273831   
"NY",1849,12,332202   
"NY",1849,14,101836   
"NY",1849,18,1445     
"NY",1849,22,3301     
"NY",1849,23,         
"NY",1849,26,         
"NY",1849,27,251599   
"NY",1849,28,1260200  
"NY",1849,29,277739   
"NY",1850,12,336561   
"NY",1850,14,115520   
"NY",1850,18,1700     
"NY",1850,22,2833     
"NY",1850,23,         
"NY",1850,26,         
"NY",1850,27,244364   
"NY",1850,28,1784056  
"NY",1850,29,50320    
"NY",1851,12,448023   
"NY",1851,14,124564   
"NY",1851,18,1876     
"NY",1851,22,4102     
"NY",1851,23,         
"NY",1851,26,         
"NY",1851,27,245459   
"NY",1851,28,1441263  
"NY",1851,29,35152    
"NY",1852,12,517840   
"NY",1852,14,134101   
"NY",1852,18,1985     
"NY",1852,22,4441     
"NY",1852,23,         
"NY",1852,26,         
"NY",1852,27,247928   
"NY",1852,28,1094310  
"NY",1852,29,216419   
"NY",1853,12,377009   
"NY",1853,14,113835   
"NY",1853,18,1595     
"NY",1853,22,4904     
"NY",1853,23,         
"NY",1853,26,         
"NY",1853,27,252160   
"NY",1853,28,1587380  
"NY",1853,29,19775    
"NY",1854,12,1487197  
"NY",1854,14,132082   
"NY",1854,18,1875     
"NY",1854,22,6717     
"NY",1854,23,         
"NY",1854,26,53536    
"NY",1854,27,254988   
"NY",1854,28,1089306  
"NY",1854,29,13195    
"NY",1855,12,1029348  
"NY",1855,14,171367   
"NY",1855,18,1495     
"NY",1855,22,4812     
"NY",1855,23,11929    
"NY",1855,26,154093   
"NY",1855,27,57778    
"NY",1855,28,1710711  
"NY",1855,29,253288   
"NY",1856,12,1690973  
"NY",1856,14,130430   
"NY",1856,18,1210     
"NY",1856,22,4933     
"NY",1856,23,         
"NY",1856,26,167605   
"NY",1856,27,60976    
"NY",1856,28,1141529  
"NY",1856,29,287179   
"NY",1857,12,1272115  
"NY",1857,14,172414   
"NY",1857,18,1060     
"NY",1857,22,5858     
"NY",1857,23,         
"NY",1857,26,172040   
"NY",1857,27,53477    
"NY",1857,28,1023805  
"NY",1857,29,494574   
"NY",1858,12,3117883  
"NY",1858,14,137167   
"NY",1858,18,545      
"NY",1858,22,4505     
"NY",1858,23,         
"NY",1858,26,76881    
"NY",1858,27,58138    
"NY",1858,28,2172376  
"NY",1858,29,75948    
"NY",1859,12,2828044  
"NY",1859,14,154647   
"NY",1859,18,430      
"NY",1859,22,4787     
"NY",1859,23,         
"NY",1859,26,182440   
"NY",1859,27,69027    
"NY",1859,28,3065918  
"NY",1859,29,173986   
"NY",1860,12,2511328  
"NY",1860,14,164070   
"NY",1860,18,855      
"NY",1860,22,3032     
"NY",1860,23,         
"NY",1860,26,221553   
"NY",1860,27,65876    
"NY",1860,28,2026582  
"NY",1860,29,267814   
"NY",1861,12,3485710  
"NY",1861,14,119400   
"NY",1861,18,665      
"NY",1861,22,2137     
"NY",1861,23,         
"NY",1861,26,92939    
"NY",1861,27,66330    
"NY",1861,28,4836958  
"NY",1861,29,1578916  
"NY",1862,12,4755594  
"NY",1862,14,123404   
"NY",1862,18,3400     
"NY",1862,22,2892     
"NY",1862,23,1210598  
"NY",1862,26,191043   
"NY",1862,27,87419    
"NY",1862,28,3866626  
"NY",1862,29,1562299  
"NY",1863,12,4758231  
"NY",1863,14,162180   
"NY",1863,18,605      
"NY",1863,22,2651     
"NY",1863,23,         
"NY",1863,26,267125   
"NY",1863,27,76091    
"NY",1863,28,3504427  
"NY",1863,29,2049994  
"NY",1864,12,5893483  
"NY",1864,14,220743   
"NY",1864,18,535      
"NY",1864,22,4413     
"NY",1864,23,         
"NY",1864,26,278952   
"NY",1864,27,88125    
"NY",1864,28,3695714  
"NY",1864,29,1087610  
"NY",1865,12,6148004  
"NY",1865,14,252979   
"NY",1865,18,1105     
"NY",1865,22,6758     
"NY",1865,23,         
"NY",1865,26,229288   
"NY",1865,27,62766    
"NY",1865,28,4542726  
"NY",1865,29,5029480  
"NY",1866,12,5814203  
"NY",1866,14,316544   
"NY",1866,18,         
"NY",1866,22,31695    
"NY",1866,23,262763   
"NY",1866,26,304157   
"NY",1866,27,70412    
"NY",1866,28,4995757  
"NY",1866,29,690268   
"NY",1867,12,7221120  
"NY",1867,14,297472   
"NY",1867,18,         
"NY",1867,22,6700     
"NY",1867,23,         
"NY",1867,26,495477   
"NY",1867,27,68589    
"NY",1867,28,5194979  
"NY",1867,29,97096    
"NY",1868,12,9150286  
"NY",1868,14,231881   
"NY",1868,18,         
"NY",1868,22,6515     
"NY",1868,23,         
"NY",1868,26,499127   
"NY",1868,27,88321    
"NY",1868,28,5891147  
"NY",1868,29,91988    
"NY",1869,12,9189139  
"NY",1869,14,203896   
"NY",1869,18,         
"NY",1869,22,8129     
"NY",1869,23,         
"NY",1869,26,480430   
"NY",1869,27,88799    
"NY",1869,28,6668445  
"NY",1869,29,153533   
"NY",1870,12,7865693  
"NY",1870,14,237994   
"NY",1870,18,         
"NY",1870,22,41324    
"NY",1870,23,         
"NY",1870,26,490337   
"NY",1870,27,87158    
"NY",1870,28,4306003  
"NY",1870,29,555490   
"NY",1871,12,9794356  
"NY",1871,14,223396   
"NY",1871,18,         
"NY",1871,22,9873     
"NY",1871,23,         
"NY",1871,26,436153   
"NY",1871,27,84731    
"NY",1871,28,1151157  
"NY",1871,29,738314   
"NY",1872,12,10054896 
"NY",1872,14,253039   
"NY",1872,18,         
"NY",1872,22,11457    
"NY",1872,23,         
"NY",1872,26,426410   
"NY",1872,27,77263    
"NY",1872,28,1660745  
"NY",1872,29,2322595  
"NY",1873,12,13323673 
"NY",1873,14,226439   
"NY",1873,18,1205     
"NY",1873,22,9662     
"NY",1873,23,300148   
"NY",1873,26,354197   
"NY",1873,27,80574    
"NY",1873,28,1718689  
"NY",1873,29,436088   
"NY",1874,12,20915163 
"NY",1874,14,238400   
"NY",1874,18,         
"NY",1874,22,10725    
"NY",1874,23,         
"NY",1874,26,379393   
"NY",1874,27,69815    
"NY",1874,28,2114553  
"NY",1874,29,305057   
"NY",1875,12,12880819 
"NY",1875,14,206587   
"NY",1875,18,1145     
"NY",1875,22,8822     
"NY",1875,23,         
"NY",1875,26,368979   
"NY",1875,27,65973    
"NY",1875,28,1708870  
"NY",1875,29,163528   
"NY",1876,12,10882821 
"NY",1876,14,189406   
"NY",1876,18,1120     
"NY",1876,22,9440     
"NY",1876,23,         
"NY",1876,26,246694   
"NY",1876,27,57782    
"NY",1876,28,1186417  
"NY",1876,29,258449   
"NY",1877,12,4847395  
"NY",1877,14,182870   
"NY",1877,18,1277     
"NY",1877,22,1917     
"NY",1877,23,98186    
"NY",1877,26,319912   
"NY",1877,27,60378    
"NY",1877,28,11741283 
"NY",1877,29,89157    
"NY",1878,12,5290002  
"NY",1878,14,163753   
"NY",1878,18,2560     
"NY",1878,22,21135    
"NY",1878,23,82737    
"NY",1878,26,380746   
"NY",1878,27,72145    
"NY",1878,28,948691   
"NY",1878,29,83874    
"NY",1879,12,6239473  
"NY",1879,14,160301   
"NY",1879,18,2932     
"NY",1879,22,7760     
"NY",1879,23,         
"NY",1879,26,414795   
"NY",1879,27,76211    
"NY",1879,28,908446   
"NY",1879,29,200492   
"NY",1880,12,4940886  
"NY",1880,14,300266   
"NY",1880,18,         
"NY",1880,22,11202    
"NY",1880,23,61859    
"NY",1880,26,398418   
"NY",1880,27,84471    
"NY",1880,28,         
"NY",1880,29,62139    
"NY",1881,12,6444364  
"NY",1881,14,1204875  
"NY",1881,18,         
"NY",1881,22,12890    
"NY",1881,23,21421    
"NY",1881,26,414097   
"NY",1881,27,78409    
"NY",1881,28,838176   
"NY",1881,29,566281   
"NY",1882,12,3305566  
"NY",1882,14,1687912  
"NY",1882,18,         
"NY",1882,22,14811    
"NY",1882,23,83344    
"NY",1882,26,430225   
"NY",1882,27,3227     
"NY",1882,28,1000381  
"NY",1882,29,145603   
"NY",1883,12,3876814  
"NY",1883,14,2122496  
"NY",1883,18,         
"NY",1883,22,24268    
"NY",1883,23,         
"NY",1883,26,421968   
"NY",1883,27,77257    
"NY",1883,28,3070189  
"NY",1883,29,165381   
"NY",1884,12,6400419  
"NY",1884,14,1797306  
"NY",1884,18,         
"NY",1884,22,21854    
"NY",1884,23,54947    
"NY",1884,26,402393   
"NY",1884,27,73518    
"NY",1884,28,725634   
"NY",1884,29,83313    
"NY",1885,12,4629475  
"NY",1885,14,1870893  
"NY",1885,18,         
"NY",1885,22,23894    
"NY",1885,23,         
"NY",1885,26,506694   
"NY",1885,27,67698    
"NY",1885,28,646688   
"NY",1885,29,1079918  
"NY",1886,12,6642694  
"NY",1886,14,1674268  
"NY",1886,18,         
"NY",1886,22,27355    
"NY",1886,23,18838    
"NY",1886,26,988412   
"NY",1886,27,65268    
"NY",1886,28,663685   
"NY",1886,29,381207   
"NY",1887,12,6496385  
"NY",1887,14,1707904  
"NY",1887,18,         
"NY",1887,22,31391    
"NY",1887,23,         
"NY",1887,26,1111824  
"NY",1887,27,58992    
"NY",1887,28,988755   
"NY",1887,29,127169   
"NY",1888,12,5960339  
"NY",1888,14,1463733  
"NY",1888,18,23179    
"NY",1888,22,26102    
"NY",1888,23,60639    
"NY",1888,26,2110043  
"NY",1888,27,58604    
"NY",1888,28,988263   
"NY",1888,29,138652   
"NY",1889,12,6704289  
"NY",1889,14,1643495  
"NY",1889,18,27211    
"NY",1889,22,25865    
"NY",1889,23,70729    
"NY",1889,26,459330   
"NY",1889,27,55691    
"NY",1889,28,646338   
"NY",1889,29,190110   
"NY",1890,12,9006472  
"NY",1890,14,1611667  
"NY",1890,18,22371    
"NY",1890,22,74277    
"NY",1890,23,72561    
"NY",1890,26,15055    
"NY",1890,27,54294    
"NY",1890,28,602272   
"NY",1890,29,108967   
"NY",1891,12,6607068  
"NY",1891,14,1774889  
"NY",1891,18,30436    
"NY",1891,22,55321    
"NY",1891,23,2308234  
"NY",1891,26,19386    
"NY",1891,27,40402    
"NY",1891,28,2191213  
"NY",1891,29,131061   
"NY",1892,12,3810042  
"NY",1892,14,2082231  
"NY",1892,18,40902    
"NY",1892,22,73886    
"NY",1892,23,123361   
"NY",1892,26,244189   
"NY",1892,27,43609    
"NY",1892,28,1859203  
"NY",1892,29,135773   
"NY",1893,12,7298063  
"NY",1893,14,2211541  
"NY",1893,18,30524    
"NY",1893,22,108745   
"NY",1893,23,96661    
"NY",1893,26,21896    
"NY",1893,27,34730    
"NY",1893,28,2711660  
"NY",1893,29,78805    
"NY",1894,12,7783460  
"NY",1894,14,2131211  
"NY",1894,18,28743    
"NY",1894,22,85467    
"NY",1894,23,76600    
"NY",1894,26,89192    
"NY",1894,27,31661    
"NY",1894,28,2129186  
"NY",1894,29,918620   
"NY",1895,12,6766124  
"NY",1895,14,2571413  
"NY",1895,18,119667   
"NY",1895,22,87736    
"NY",1895,23,123931   
"NY",1895,26,116204   
"NY",1895,27,30968    
"NY",1895,28,1925837  
"NY",1895,29,2696075  
"NY",1896,12,11833460 
"NY",1896,14,3038874  
"NY",1896,18,3591038  
"NY",1896,22,88278    
"NY",1896,23,264626   
"NY",1896,26,16230    
"NY",1896,27,30952    
"NY",1896,28,1124429  
"NY",1896,29,2429040  
"NY",1897,12,11103521 
"NY",1897,14,2790506  
"NY",1897,18,4056664  
"NY",1897,22,94682    
"NY",1897,23,119775   
"NY",1897,26,18785    
"NY",1897,27,28959    
"NY",1897,28,3432548  
"NY",1897,29,84009    
"NY",1898,12,10141372 
"NY",1898,14,2898692  
"NY",1898,18,4284676  
"NY",1898,22,111688   
"NY",1898,23,115862   
"NY",1898,26,22673    
"NY",1898,27,25836    
"NY",1898,28,991171   
"NY",1898,29,1947172  
"NY",1899,12,8373348  
"NY",1899,14,3135727  
"NY",1899,18,4316111  
"NY",1899,22,124855   
"NY",1899,23,290909   
"NY",1899,26,165718   
"NY",1899,27,6931     
"NY",1899,28,924566   
"NY",1899,29,3148123  
"NY",1900,12,12959417 
"NY",1900,14,3426105  
"NY",1900,18,4331316  
"NY",1900,22,195371   
"NY",1900,23,312698   
"NY",1900,26,406102   
"NY",1900,27,         
"NY",1900,28,467105   
"NY",1900,29,2093629  
"NY",1901,12,11188111 
"NY",1901,14,5718955  
"NY",1901,18,4301245  
"NY",1901,22,110648   
"NY",1901,23,304881   
"NY",1901,26,303324   
"NY",1901,27,         
"NY",1901,28,504436   
"NY",1901,29,344374   
"NY",1902,12,6076980  
"NY",1902,14,7116897  
"NY",1902,18,4361180  
"NY",1902,22,180292   
"NY",1902,23,236203   
"NY",1902,26,321428   
"NY",1902,27,         
"NY",1902,28,586104   
"NY",1902,29,339463   
"NY",1903,12,5642847  
"NY",1903,14,7538471  
"NY",1903,18,8995966  
"NY",1903,22,248373   
"NY",1903,23,207223   
"NY",1903,26,365849   
"NY",1903,27,         
"NY",1903,28,484906   
"NY",1903,29,252628   
"NY",1904,12,6405945  
"NY",1904,14,7686965  
"NY",1904,18,9251294  
"NY",1904,22,245211   
"NY",1904,23,176810   
"NY",1904,26,359856   
"NY",1904,27,         
"NY",1904,28,503662   
"NY",1904,29,246989   
"NY",1905,12,5809051  
"NY",1905,14,8691439  
"NY",1905,18,9364249  
"NY",1905,22,         
"NY",1905,23,495868   
"NY",1905,26,372435   
"NY",1905,27,         
"NY",1905,28,1029035  
"NY",1905,29,232510   
"NY",1906,12,6701180  
"NY",1906,14,15465825 
"NY",1906,18,9687871  
"NY",1906,22,359583   
"NY",1906,23,388237   
"NY",1906,26,445754   
"NY",1906,27,         
"NY",1906,28,712571   
"NY",1906,29,353533   
"NY",1907,12,8114588  
"NY",1907,14,14992739 
"NY",1907,18,9913429  
"NY",1907,22,382025   
"NY",1907,23,208342   
"NY",1907,26,526217   
"NY",1907,27,         
"NY",1907,28,1472962  
"NY",1907,29,1707176  
"NY",1908,12,8657747  
"NY",1908,14,13560885 
"NY",1908,18,9606762  
"NY",1908,22,         
"NY",1908,23,191502   
"NY",1908,26,616337   
"NY",1908,27,         
"NY",1908,28,1372636  
"NY",1908,29,7934822  
"NY",1909,12,9161891  
"NY",1909,14,14943069 
"NY",1909,18,5205691  
"NY",1909,22,681944   
"NY",1909,23,183685   
"NY",1909,26,575400   
"NY",1909,27,         
"NY",1909,28,863569   
"NY",1909,29,6760088  
"NY",1910,12,10513920 
"NY",1910,14,14881863 
"NY",1910,18,9601480  
"NY",1910,22,1042631  
"NY",1910,23,224523   
"NY",1910,26,759836   
"NY",1910,27,         
"NY",1910,28,836614   
"NY",1910,29,5435926  
"NY",1911,12,10318936 
"NY",1911,14,14367415 
"NY",1911,18,7835067  
"NY",1911,22,856609   
"NY",1911,23,179485   
"NY",1911,26,817659   
"NY",1911,27,         
"NY",1911,28,5408388  
"NY",1911,29,11854059 
"NY",1912,12,20358950 
"NY",1912,14,15416738 
"NY",1912,18,10825954 
"NY",1912,22,879700   
"NY",1912,23,179120   
"NY",1912,26,860807   
"NY",1912,27,         
"NY",1912,28,1916371  
"NY",1912,29,9515137  
"NY",1789,121,1416    
"NY",1789,122,        
"NY",1789,123,        
"NY",1789,140,        
"NY",1789,141,        
"NY",1789,142,        
"NY",1789,143,        
"NY",1789,144,        
"NY",1789,146,        
"NY",1789,147,4413    
"NY",1789,180,        
"NY",1789,223,17      
"NY",1789,231,        
"NY",1789,235,        
"NY",1789,262,        
"NY",1789,273,        
"NY",1789,277,        
"NY",1789,281,        
"NY",1789,290,166193  
"NY",1789,292,        
"NY",1789,293,        
"NY",1789,294,        
"NY",1789,298,17744   
"NY",1790,121,        
"NY",1790,122,        
"NY",1790,123,        
"NY",1790,140,        
"NY",1790,141,        
"NY",1790,142,        
"NY",1790,143,        
"NY",1790,144,        
"NY",1790,146,        
"NY",1790,147,6219    
"NY",1790,180,        
"NY",1790,223,373     
"NY",1790,231,        
"NY",1790,235,        
"NY",1790,262,        
"NY",1790,273,        
"NY",1790,277,        
"NY",1790,281,        
"NY",1790,290,93725   
"NY",1790,292,        
"NY",1790,293,        
"NY",1790,294,3164    
"NY",1790,298,24167   
"NY",1791,121,        
"NY",1791,122,        
"NY",1791,123,        
"NY",1791,140,        
"NY",1791,141,        
"NY",1791,142,        
"NY",1791,143,        
"NY",1791,144,        
"NY",1791,146,        
"NY",1791,147,9192    
"NY",1791,180,        
"NY",1791,223,        
"NY",1791,231,        
"NY",1791,235,        
"NY",1791,262,        
"NY",1791,273,        
"NY",1791,277,        
"NY",1791,281,        
"NY",1791,290,60705   
"NY",1791,292,        
"NY",1791,293,        
"NY",1791,294,123878  
"NY",1791,298,62653   
"NY",1792,121,        
"NY",1792,122,        
"NY",1792,123,        
"NY",1792,140,        
"NY",1792,141,        
"NY",1792,142,        
"NY",1792,143,        
"NY",1792,144,        
"NY",1792,146,        
"NY",1792,147,14604   
"NY",1792,180,        
"NY",1792,223,        
"NY",1792,231,        
"NY",1792,235,        
"NY",1792,262,        
"NY",1792,273,        
"NY",1792,277,        
"NY",1792,281,        
"NY",1792,290,23158   
"NY",1792,292,5083    
"NY",1792,293,        
"NY",1792,294,325677  
"NY",1792,298,190978  
"NY",1793,121,        
"NY",1793,122,        
"NY",1793,123,        
"NY",1793,140,        
"NY",1793,141,        
"NY",1793,142,        
"NY",1793,143,        
"NY",1793,144,        
"NY",1793,146,        
"NY",1793,147,20212   
"NY",1793,180,        
"NY",1793,223,64      
"NY",1793,231,        
"NY",1793,235,        
"NY",1793,262,        
"NY",1793,273,        
"NY",1793,277,        
"NY",1793,281,        
"NY",1793,290,5341    
"NY",1793,292,9136    
"NY",1793,293,        
"NY",1793,294,224172  
"NY",1793,298,136124  
"NY",1794,121,        
"NY",1794,122,        
"NY",1794,123,        
"NY",1794,140,        
"NY",1794,141,        
"NY",1794,142,        
"NY",1794,143,        
"NY",1794,144,        
"NY",1794,146,        
"NY",1794,147,14798   
"NY",1794,180,        
"NY",1794,223,        
"NY",1794,231,        
"NY",1794,235,        
"NY",1794,262,        
"NY",1794,273,        
"NY",1794,277,        
"NY",1794,281,        
"NY",1794,290,29700   
"NY",1794,292,11538   
"NY",1794,293,        
"NY",1794,294,293994  
"NY",1794,298,134298  
"NY",1795,121,        
"NY",1795,122,        
"NY",1795,123,        
"NY",1795,140,        
"NY",1795,141,        
"NY",1795,142,        
"NY",1795,143,        
"NY",1795,144,        
"NY",1795,146,        
"NY",1795,147,31295   
"NY",1795,180,        
"NY",1795,223,        
"NY",1795,231,        
"NY",1795,235,        
"NY",1795,262,        
"NY",1795,273,        
"NY",1795,277,        
"NY",1795,281,        
"NY",1795,290,11711   
"NY",1795,292,9364    
"NY",1795,293,        
"NY",1795,294,142849  
"NY",1795,298,110399  
"NY",1796,121,        
"NY",1796,122,        
"NY",1796,123,        
"NY",1796,140,        
"NY",1796,141,        
"NY",1796,142,        
"NY",1796,143,        
"NY",1796,144,        
"NY",1796,146,        
"NY",1796,147,25026   
"NY",1796,180,        
"NY",1796,223,        
"NY",1796,231,        
"NY",1796,235,        
"NY",1796,262,        
"NY",1796,273,        
"NY",1796,277,        
"NY",1796,281,        
"NY",1796,290,41967   
"NY",1796,292,7114    
"NY",1796,293,        
"NY",1796,294,64546   
"NY",1796,298,105469  
"NY",1797,121,        
"NY",1797,122,        
"NY",1797,123,        
"NY",1797,140,        
"NY",1797,141,        
"NY",1797,142,        
"NY",1797,143,        
"NY",1797,144,        
"NY",1797,146,        
"NY",1797,147,29100   
"NY",1797,180,        
"NY",1797,223,1404    
"NY",1797,231,        
"NY",1797,235,        
"NY",1797,262,        
"NY",1797,273,        
"NY",1797,277,        
"NY",1797,281,        
"NY",1797,290,24742   
"NY",1797,292,14764   
"NY",1797,293,73000   
"NY",1797,294,59385   
"NY",1797,298,136340  
"NY",1798,121,        
"NY",1798,122,        
"NY",1798,123,        
"NY",1798,140,        
"NY",1798,141,        
"NY",1798,142,        
"NY",1798,143,        
"NY",1798,144,        
"NY",1798,146,        
"NY",1798,147,18086   
"NY",1798,180,        
"NY",1798,223,6504    
"NY",1798,231,        
"NY",1798,235,        
"NY",1798,262,        
"NY",1798,273,        
"NY",1798,277,        
"NY",1798,281,        
"NY",1798,290,71664   
"NY",1798,292,6300    
"NY",1798,293,140000  
"NY",1798,294,10377   
"NY",1798,298,97658   
"NY",1799,121,        
"NY",1799,122,        
"NY",1799,123,        
"NY",1799,140,        
"NY",1799,141,        
"NY",1799,142,        
"NY",1799,143,        
"NY",1799,144,        
"NY",1799,146,        
"NY",1799,147,47908   
"NY",1799,180,        
"NY",1799,223,637     
"NY",1799,231,        
"NY",1799,235,        
"NY",1799,262,        
"NY",1799,273,        
"NY",1799,277,        
"NY",1799,281,        
"NY",1799,290,4684    
"NY",1799,292,12514   
"NY",1799,293,61250   
"NY",1799,294,22500   
"NY",1799,298,103286  
"NY",1800,121,90718   
"NY",1800,122,        
"NY",1800,123,        
"NY",1800,140,        
"NY",1800,141,        
"NY",1800,142,        
"NY",1800,143,        
"NY",1800,144,        
"NY",1800,146,        
"NY",1800,147,55943   
"NY",1800,180,        
"NY",1800,223,558     
"NY",1800,231,        
"NY",1800,235,        
"NY",1800,262,        
"NY",1800,273,        
"NY",1800,277,560     
"NY",1800,281,        
"NY",1800,290,11329   
"NY",1800,292,19008   
"NY",1800,293,17750   
"NY",1800,294,10850   
"NY",1800,298,105604  
"NY",1801,121,88509   
"NY",1801,122,        
"NY",1801,123,        
"NY",1801,140,        
"NY",1801,141,        
"NY",1801,142,        
"NY",1801,143,        
"NY",1801,144,        
"NY",1801,146,        
"NY",1801,147,78784   
"NY",1801,180,        
"NY",1801,223,499     
"NY",1801,231,        
"NY",1801,235,        
"NY",1801,262,2141    
"NY",1801,273,        
"NY",1801,277,2000    
"NY",1801,281,        
"NY",1801,290,1601    
"NY",1801,292,12380   
"NY",1801,293,        
"NY",1801,294,9722    
"NY",1801,298,266704  
"NY",1802,121,97792   
"NY",1802,122,        
"NY",1802,123,        
"NY",1802,140,        
"NY",1802,141,        
"NY",1802,142,        
"NY",1802,143,        
"NY",1802,144,        
"NY",1802,146,        
"NY",1802,147,66030   
"NY",1802,180,        
"NY",1802,223,1096    
"NY",1802,231,        
"NY",1802,235,        
"NY",1802,262,        
"NY",1802,273,        
"NY",1802,277,        
"NY",1802,281,        
"NY",1802,290,3151    
"NY",1802,292,12767   
"NY",1802,293,25000   
"NY",1802,294,9349    
"NY",1802,298,158412  
"NY",1803,121,32790   
"NY",1803,122,        
"NY",1803,123,        
"NY",1803,140,        
"NY",1803,141,        
"NY",1803,142,        
"NY",1803,143,        
"NY",1803,144,        
"NY",1803,146,        
"NY",1803,147,62776   
"NY",1803,180,        
"NY",1803,223,712     
"NY",1803,231,        
"NY",1803,235,        
"NY",1803,262,806     
"NY",1803,273,        
"NY",1803,277,14700   
"NY",1803,281,        
"NY",1803,290,6174    
"NY",1803,292,11648   
"NY",1803,293,20000   
"NY",1803,294,18682   
"NY",1803,298,143761  
"NY",1804,121,22337   
"NY",1804,122,        
"NY",1804,123,        
"NY",1804,140,        
"NY",1804,141,        
"NY",1804,142,        
"NY",1804,143,        
"NY",1804,144,        
"NY",1804,146,        
"NY",1804,147,56323   
"NY",1804,180,2840    
"NY",1804,223,472     
"NY",1804,231,        
"NY",1804,235,        
"NY",1804,262,        
"NY",1804,273,        
"NY",1804,277,25000   
"NY",1804,281,        
"NY",1804,290,8901    
"NY",1804,292,12997   
"NY",1804,293,20000   
"NY",1804,294,16064   
"NY",1804,298,169768  
"NY",1805,121,14758   
"NY",1805,122,        
"NY",1805,123,        
"NY",1805,140,        
"NY",1805,141,        
"NY",1805,142,        
"NY",1805,143,        
"NY",1805,144,        
"NY",1805,146,        
"NY",1805,147,47614   
"NY",1805,180,2346    
"NY",1805,223,724     
"NY",1805,231,        
"NY",1805,235,        
"NY",1805,262,        
"NY",1805,273,        
"NY",1805,277,17866   
"NY",1805,281,        
"NY",1805,290,9675    
"NY",1805,292,14703   
"NY",1805,293,455     
"NY",1805,294,17853   
"NY",1805,298,201888  
"NY",1806,121,15090   
"NY",1806,122,        
"NY",1806,123,        
"NY",1806,140,        
"NY",1806,141,        
"NY",1806,142,        
"NY",1806,143,        
"NY",1806,144,        
"NY",1806,146,        
"NY",1806,147,64879   
"NY",1806,180,907     
"NY",1806,223,861     
"NY",1806,231,        
"NY",1806,235,        
"NY",1806,262,        
"NY",1806,273,        
"NY",1806,277,43282   
"NY",1806,281,        
"NY",1806,290,14160   
"NY",1806,292,19504   
"NY",1806,293,85000   
"NY",1806,294,3290    
"NY",1806,298,195351  
"NY",1807,121,14436   
"NY",1807,122,        
"NY",1807,123,        
"NY",1807,140,        
"NY",1807,141,        
"NY",1807,142,        
"NY",1807,143,        
"NY",1807,144,        
"NY",1807,146,        
"NY",1807,147,73622   
"NY",1807,180,990     
"NY",1807,223,516     
"NY",1807,231,        
"NY",1807,235,        
"NY",1807,262,        
"NY",1807,273,        
"NY",1807,277,8340    
"NY",1807,281,        
"NY",1807,290,13728   
"NY",1807,292,19702   
"NY",1807,293,70000   
"NY",1807,294,2901    
"NY",1807,298,220044  
"NY",1808,121,18584   
"NY",1808,122,        
"NY",1808,123,        
"NY",1808,140,        
"NY",1808,141,        
"NY",1808,142,        
"NY",1808,143,        
"NY",1808,144,        
"NY",1808,146,        
"NY",1808,147,66475   
"NY",1808,180,300     
"NY",1808,223,434     
"NY",1808,231,        
"NY",1808,235,        
"NY",1808,262,        
"NY",1808,273,        
"NY",1808,277,25102   
"NY",1808,281,        
"NY",1808,290,21070   
"NY",1808,292,20695   
"NY",1808,293,575000  
"NY",1808,294,1404    
"NY",1808,298,151083  
"NY",1809,121,17018   
"NY",1809,122,        
"NY",1809,123,        
"NY",1809,140,        
"NY",1809,141,        
"NY",1809,142,        
"NY",1809,143,        
"NY",1809,144,        
"NY",1809,146,        
"NY",1809,147,89636   
"NY",1809,180,100     
"NY",1809,223,503     
"NY",1809,231,        
"NY",1809,235,        
"NY",1809,262,2171    
"NY",1809,273,3415    
"NY",1809,277,25920   
"NY",1809,281,        
"NY",1809,290,        
"NY",1809,292,24314   
"NY",1809,293,245000  
"NY",1809,294,4297    
"NY",1809,298,206925  
"NY",1810,121,19528   
"NY",1810,122,        
"NY",1810,123,        
"NY",1810,140,        
"NY",1810,141,        
"NY",1810,142,        
"NY",1810,143,        
"NY",1810,144,        
"NY",1810,146,        
"NY",1810,147,127774  
"NY",1810,180,150     
"NY",1810,223,3773    
"NY",1810,231,        
"NY",1810,235,        
"NY",1810,262,3357    
"NY",1810,273,3087    
"NY",1810,277,10850   
"NY",1810,281,        
"NY",1810,290,716     
"NY",1810,292,33324   
"NY",1810,293,160000  
"NY",1810,294,13328   
"NY",1810,298,250156  
"NY",1811,121,17973   
"NY",1811,122,        
"NY",1811,123,        
"NY",1811,140,        
"NY",1811,141,        
"NY",1811,142,        
"NY",1811,143,        
"NY",1811,144,        
"NY",1811,146,        
"NY",1811,147,107439  
"NY",1811,180,400     
"NY",1811,223,8902    
"NY",1811,231,        
"NY",1811,235,        
"NY",1811,262,        
"NY",1811,273,5968    
"NY",1811,277,6363    
"NY",1811,281,        
"NY",1811,290,21724   
"NY",1811,292,30124   
"NY",1811,293,136685  
"NY",1811,294,7435    
"NY",1811,298,253581  
"NY",1812,121,45247   
"NY",1812,122,        
"NY",1812,123,        
"NY",1812,140,        
"NY",1812,141,        
"NY",1812,142,        
"NY",1812,143,        
"NY",1812,144,        
"NY",1812,146,        
"NY",1812,147,126963  
"NY",1812,180,50      
"NY",1812,223,5560    
"NY",1812,231,        
"NY",1812,235,        
"NY",1812,262,2290    
"NY",1812,273,6877    
"NY",1812,277,14042   
"NY",1812,281,        
"NY",1812,290,1928    
"NY",1812,292,24865   
"NY",1812,293,281500  
"NY",1812,294,12644   
"NY",1812,298,259480  
"NY",1813,121,34902   
"NY",1813,122,        
"NY",1813,123,        
"NY",1813,140,        
"NY",1813,141,        
"NY",1813,142,        
"NY",1813,143,        
"NY",1813,144,        
"NY",1813,146,        
"NY",1813,147,163122  
"NY",1813,180,50      
"NY",1813,223,23423   
"NY",1813,231,        
"NY",1813,235,        
"NY",1813,262,23014   
"NY",1813,273,2745    
"NY",1813,277,14321   
"NY",1813,281,        
"NY",1813,290,150092  
"NY",1813,292,51933   
"NY",1813,293,49383   
"NY",1813,294,15791   
"NY",1813,298,327854  
"NY",1814,121,119748  
"NY",1814,122,        
"NY",1814,123,        
"NY",1814,140,        
"NY",1814,141,        
"NY",1814,142,        
"NY",1814,143,        
"NY",1814,144,        
"NY",1814,146,        
"NY",1814,147,86068   
"NY",1814,180,530     
"NY",1814,223,10016   
"NY",1814,231,        
"NY",1814,235,        
"NY",1814,262,277     
"NY",1814,273,        
"NY",1814,277,10378   
"NY",1814,281,3696    
"NY",1814,290,2279    
"NY",1814,292,57202   
"NY",1814,293,690000  
"NY",1814,294,56857   
"NY",1814,298,299167  
"NY",1815,121,152307  
"NY",1815,122,        
"NY",1815,123,        
"NY",1815,140,        
"NY",1815,141,        
"NY",1815,142,        
"NY",1815,143,        
"NY",1815,144,        
"NY",1815,146,        
"NY",1815,147,194475  
"NY",1815,180,350     
"NY",1815,223,16524   
"NY",1815,231,        
"NY",1815,235,379342  
"NY",1815,262,774     
"NY",1815,273,2104    
"NY",1815,277,2152    
"NY",1815,281,2717    
"NY",1815,290,606     
"NY",1815,292,62047   
"NY",1815,293,1370000 
"NY",1815,294,49702   
"NY",1815,298,227242  
"NY",1816,121,645167  
"NY",1816,122,        
"NY",1816,123,        
"NY",1816,140,        
"NY",1816,141,        
"NY",1816,142,        
"NY",1816,143,        
"NY",1816,144,        
"NY",1816,146,        
"NY",1816,147,159450  
"NY",1816,180,1010    
"NY",1816,223,14898   
"NY",1816,231,        
"NY",1816,235,        
"NY",1816,262,872     
"NY",1816,273,8224    
"NY",1816,277,257340  
"NY",1816,281,2162    
"NY",1816,290,1807    
"NY",1816,292,91815   
"NY",1816,293,181650  
"NY",1816,294,76788   
"NY",1816,298,227919  
"NY",1817,121,638613  
"NY",1817,122,        
"NY",1817,123,        
"NY",1817,140,        
"NY",1817,141,        
"NY",1817,142,        
"NY",1817,143,        
"NY",1817,144,16510   
"NY",1817,146,        
"NY",1817,147,203449  
"NY",1817,180,1380    
"NY",1817,223,24072   
"NY",1817,231,        
"NY",1817,235,        
"NY",1817,262,235     
"NY",1817,273,11574   
"NY",1817,277,135491  
"NY",1817,281,67769   
"NY",1817,290,1774    
"NY",1817,292,106025  
"NY",1817,293,        
"NY",1817,294,53086   
"NY",1817,298,218759  
"NY",1818,121,567839  
"NY",1818,122,        
"NY",1818,123,        
"NY",1818,140,        
"NY",1818,141,        
"NY",1818,142,        
"NY",1818,143,        
"NY",1818,144,18903   
"NY",1818,146,        
"NY",1818,147,179967  
"NY",1818,180,1850    
"NY",1818,223,27221   
"NY",1818,231,        
"NY",1818,235,        
"NY",1818,262,506     
"NY",1818,273,57832   
"NY",1818,277,64253   
"NY",1818,281,109207  
"NY",1818,290,16991   
"NY",1818,292,82269   
"NY",1818,293,1012500 
"NY",1818,294,12345   
"NY",1818,298,814180  
"NY",1819,121,339161  
"NY",1819,122,        
"NY",1819,123,        
"NY",1819,140,        
"NY",1819,141,        
"NY",1819,142,        
"NY",1819,143,        
"NY",1819,144,14171   
"NY",1819,146,        
"NY",1819,147,144444  
"NY",1819,180,2450    
"NY",1819,223,21502   
"NY",1819,231,        
"NY",1819,235,        
"NY",1819,262,1089    
"NY",1819,273,44411   
"NY",1819,277,229506  
"NY",1819,281,2770    
"NY",1819,290,        
"NY",1819,292,34468   
"NY",1819,293,60000   
"NY",1819,294,4884    
"NY",1819,298,316583  
"NY",1820,121,292428  
"NY",1820,122,        
"NY",1820,123,        
"NY",1820,140,        
"NY",1820,141,        
"NY",1820,142,        
"NY",1820,143,        
"NY",1820,144,3926    
"NY",1820,146,        
"NY",1820,147,156477  
"NY",1820,180,1200    
"NY",1820,223,28319   
"NY",1820,231,        
"NY",1820,235,        
"NY",1820,262,650     
"NY",1820,273,67039   
"NY",1820,277,66021   
"NY",1820,281,        
"NY",1820,290,2855    
"NY",1820,292,318032  
"NY",1820,293,12000   
"NY",1820,294,5183    
"NY",1820,298,253436  
"NY",1821,121,297893  
"NY",1821,122,        
"NY",1821,123,        
"NY",1821,140,        
"NY",1821,141,        
"NY",1821,142,        
"NY",1821,143,        
"NY",1821,144,5000    
"NY",1821,146,        
"NY",1821,147,152778  
"NY",1821,180,1030    
"NY",1821,223,18871   
"NY",1821,231,        
"NY",1821,235,        
"NY",1821,262,1141    
"NY",1821,273,56396   
"NY",1821,277,52551   
"NY",1821,281,29750   
"NY",1821,290,92821   
"NY",1821,292,24698   
"NY",1821,293,        
"NY",1821,294,76697   
"NY",1821,298,266011  
"NY",1822,121,249059  
"NY",1822,122,        
"NY",1822,123,        
"NY",1822,140,        
"NY",1822,141,        
"NY",1822,142,        
"NY",1822,143,        
"NY",1822,144,10000   
"NY",1822,146,        
"NY",1822,147,181968  
"NY",1822,180,1650    
"NY",1822,223,12402   
"NY",1822,231,        
"NY",1822,235,        
"NY",1822,262,507     
"NY",1822,273,58733   
"NY",1822,277,7982    
"NY",1822,281,44486   
"NY",1822,290,201     
"NY",1822,292,23855   
"NY",1822,293,        
"NY",1822,294,22165   
"NY",1822,298,302696  
"NY",1823,121,250434  
"NY",1823,122,        
"NY",1823,123,        
"NY",1823,140,        
"NY",1823,141,        
"NY",1823,142,        
"NY",1823,143,        
"NY",1823,144,1068    
"NY",1823,146,        
"NY",1823,147,209631  
"NY",1823,180,2950    
"NY",1823,223,6637    
"NY",1823,231,        
"NY",1823,235,        
"NY",1823,262,937     
"NY",1823,273,101786  
"NY",1823,277,12420   
"NY",1823,281,89988   
"NY",1823,290,92851   
"NY",1823,292,26497   
"NY",1823,293,        
"NY",1823,294,55874   
"NY",1823,298,281402  
"NY",1824,121,310378  
"NY",1824,122,        
"NY",1824,123,        
"NY",1824,140,        
"NY",1824,141,        
"NY",1824,142,        
"NY",1824,143,        
"NY",1824,144,3932    
"NY",1824,146,        
"NY",1824,147,233102  
"NY",1824,180,3200    
"NY",1824,223,1707    
"NY",1824,231,        
"NY",1824,235,        
"NY",1824,262,355     
"NY",1824,273,99211   
"NY",1824,277,20000   
"NY",1824,281,319321  
"NY",1824,290,3863    
"NY",1824,292,25249   
"NY",1824,293,        
"NY",1824,294,26470   
"NY",1824,298,1325523 
"NY",1825,121,202044  
"NY",1825,122,        
"NY",1825,123,        
"NY",1825,140,        
"NY",1825,141,        
"NY",1825,142,        
"NY",1825,143,        
"NY",1825,144,        
"NY",1825,146,        
"NY",1825,147,        
"NY",1825,180,2700    
"NY",1825,223,736     
"NY",1825,231,        
"NY",1825,235,        
"NY",1825,262,        
"NY",1825,273,        
"NY",1825,277,        
"NY",1825,281,1069028 
"NY",1825,290,1130    
"NY",1825,292,14256   
"NY",1825,293,        
"NY",1825,294,4822    
"NY",1825,298,541561  
"NY",1826,121,400535  
"NY",1826,122,        
"NY",1826,123,        
"NY",1826,140,        
"NY",1826,141,        
"NY",1826,142,        
"NY",1826,143,        
"NY",1826,144,        
"NY",1826,146,        
"NY",1826,147,        
"NY",1826,180,2278    
"NY",1826,223,1148    
"NY",1826,231,        
"NY",1826,235,76814   
"NY",1826,262,        
"NY",1826,273,        
"NY",1826,277,        
"NY",1826,281,1381564 
"NY",1826,290,2742    
"NY",1826,292,5998    
"NY",1826,293,        
"NY",1826,294,11828   
"NY",1826,298,413609  
"NY",1827,121,22993   
"NY",1827,122,        
"NY",1827,123,        
"NY",1827,140,25868   
"NY",1827,141,        
"NY",1827,142,        
"NY",1827,143,        
"NY",1827,144,        
"NY",1827,146,        
"NY",1827,147,        
"NY",1827,180,1870    
"NY",1827,223,1455    
"NY",1827,231,        
"NY",1827,235,        
"NY",1827,262,        
"NY",1827,273,        
"NY",1827,277,        
"NY",1827,281,1452792 
"NY",1827,290,38314   
"NY",1827,292,38948   
"NY",1827,293,        
"NY",1827,294,294     
"NY",1827,298,245782  
"NY",1828,121,112881  
"NY",1828,122,        
"NY",1828,123,        
"NY",1828,140,28980   
"NY",1828,141,        
"NY",1828,142,        
"NY",1828,143,        
"NY",1828,144,        
"NY",1828,146,        
"NY",1828,147,        
"NY",1828,180,1990    
"NY",1828,223,2249    
"NY",1828,231,        
"NY",1828,235,        
"NY",1828,262,        
"NY",1828,273,        
"NY",1828,277,        
"NY",1828,281,1539342 
"NY",1828,290,105422  
"NY",1828,292,7060    
"NY",1828,293,        
"NY",1828,294,5952    
"NY",1828,298,280233  
"NY",1829,121,35739   
"NY",1829,122,        
"NY",1829,123,        
"NY",1829,140,621     
"NY",1829,141,        
"NY",1829,142,        
"NY",1829,143,        
"NY",1829,144,        
"NY",1829,146,        
"NY",1829,147,        
"NY",1829,180,1580    
"NY",1829,223,1936    
"NY",1829,231,        
"NY",1829,235,        
"NY",1829,262,        
"NY",1829,273,        
"NY",1829,277,        
"NY",1829,281,1348580 
"NY",1829,290,5384    
"NY",1829,292,6323    
"NY",1829,293,        
"NY",1829,294,5431    
"NY",1829,298,387410  
"NY",1830,121,61431   
"NY",1830,122,        
"NY",1830,123,        
"NY",1830,140,1799    
"NY",1830,141,        
"NY",1830,142,        
"NY",1830,143,        
"NY",1830,144,        
"NY",1830,146,        
"NY",1830,147,        
"NY",1830,180,1310    
"NY",1830,223,1050    
"NY",1830,231,        
"NY",1830,235,        
"NY",1830,262,        
"NY",1830,273,        
"NY",1830,277,        
"NY",1830,281,1609053 
"NY",1830,290,21793   
"NY",1830,292,178900  
"NY",1830,293,        
"NY",1830,294,14438   
"NY",1830,298,145964  
"NY",1831,121,27806   
"NY",1831,122,        
"NY",1831,123,        
"NY",1831,140,2567    
"NY",1831,141,        
"NY",1831,142,        
"NY",1831,143,        
"NY",1831,144,        
"NY",1831,146,        
"NY",1831,147,        
"NY",1831,180,1410    
"NY",1831,223,2144    
"NY",1831,231,        
"NY",1831,235,        
"NY",1831,262,        
"NY",1831,273,        
"NY",1831,277,        
"NY",1831,281,1491163 
"NY",1831,290,145835  
"NY",1831,292,        
"NY",1831,293,        
"NY",1831,294,11728   
"NY",1831,298,57879   
"NY",1832,121,40182   
"NY",1832,122,        
"NY",1832,123,        
"NY",1832,140,4418    
"NY",1832,141,        
"NY",1832,142,        
"NY",1832,143,        
"NY",1832,144,        
"NY",1832,146,        
"NY",1832,147,        
"NY",1832,180,1460    
"NY",1832,223,1440    
"NY",1832,231,        
"NY",1832,235,        
"NY",1832,262,        
"NY",1832,273,        
"NY",1832,277,        
"NY",1832,281,1888610 
"NY",1832,290,66672   
"NY",1832,292,        
"NY",1832,293,        
"NY",1832,294,52258   
"NY",1832,298,55347   
"NY",1833,121,30307   
"NY",1833,122,        
"NY",1833,123,        
"NY",1833,140,4104    
"NY",1833,141,        
"NY",1833,142,        
"NY",1833,143,        
"NY",1833,144,        
"NY",1833,146,        
"NY",1833,147,        
"NY",1833,180,980     
"NY",1833,223,1223    
"NY",1833,231,        
"NY",1833,235,        
"NY",1833,262,        
"NY",1833,273,        
"NY",1833,277,        
"NY",1833,281,2271744 
"NY",1833,290,133149  
"NY",1833,292,        
"NY",1833,293,83150   
"NY",1833,294,1593    
"NY",1833,298,55924   
"NY",1834,121,42810   
"NY",1834,122,        
"NY",1834,123,        
"NY",1834,140,2753    
"NY",1834,141,        
"NY",1834,142,        
"NY",1834,143,        
"NY",1834,144,        
"NY",1834,146,        
"NY",1834,147,        
"NY",1834,180,1980    
"NY",1834,223,        
"NY",1834,231,        
"NY",1834,235,        
"NY",1834,262,        
"NY",1834,273,        
"NY",1834,277,        
"NY",1834,281,2236694 
"NY",1834,290,33263   
"NY",1834,292,        
"NY",1834,293,94877   
"NY",1834,294,76556   
"NY",1834,298,32876   
"NY",1835,121,        
"NY",1835,122,        
"NY",1835,123,        
"NY",1835,140,2443    
"NY",1835,141,        
"NY",1835,142,        
"NY",1835,143,        
"NY",1835,144,        
"NY",1835,146,        
"NY",1835,147,        
"NY",1835,180,1610    
"NY",1835,223,1384    
"NY",1835,231,        
"NY",1835,235,        
"NY",1835,262,        
"NY",1835,273,        
"NY",1835,277,        
"NY",1835,281,2391607 
"NY",1835,290,15415   
"NY",1835,292,        
"NY",1835,293,129453  
"NY",1835,294,43980   
"NY",1835,298,        
"NY",1836,121,        
"NY",1836,122,        
"NY",1836,123,        
"NY",1836,140,2419    
"NY",1836,141,        
"NY",1836,142,        
"NY",1836,143,        
"NY",1836,144,        
"NY",1836,146,        
"NY",1836,147,59834   
"NY",1836,180,2890    
"NY",1836,223,1848    
"NY",1836,231,        
"NY",1836,235,        
"NY",1836,262,        
"NY",1836,273,38445   
"NY",1836,277,        
"NY",1836,281,2229864 
"NY",1836,290,93084   
"NY",1836,292,        
"NY",1836,293,        
"NY",1836,294,41807   
"NY",1836,298,        
"NY",1837,121,        
"NY",1837,122,        
"NY",1837,123,        
"NY",1837,140,3205    
"NY",1837,141,        
"NY",1837,142,        
"NY",1837,143,        
"NY",1837,144,        
"NY",1837,146,        
"NY",1837,147,214458  
"NY",1837,180,1130    
"NY",1837,223,1664    
"NY",1837,231,        
"NY",1837,235,        
"NY",1837,262,        
"NY",1837,273,11516   
"NY",1837,277,        
"NY",1837,281,5647824 
"NY",1837,290,40114   
"NY",1837,292,        
"NY",1837,293,327912  
"NY",1837,294,        
"NY",1837,298,45343   
"NY",1838,121,        
"NY",1838,122,        
"NY",1838,123,        
"NY",1838,140,3927    
"NY",1838,141,        
"NY",1838,142,        
"NY",1838,143,        
"NY",1838,144,        
"NY",1838,146,        
"NY",1838,147,142102  
"NY",1838,180,80      
"NY",1838,223,1107    
"NY",1838,231,        
"NY",1838,235,        
"NY",1838,262,        
"NY",1838,273,108930  
"NY",1838,277,        
"NY",1838,281,1954829 
"NY",1838,290,49972   
"NY",1838,292,        
"NY",1838,293,2110977 
"NY",1838,294,        
"NY",1838,298,        
"NY",1839,121,44887   
"NY",1839,122,        
"NY",1839,123,        
"NY",1839,140,2121    
"NY",1839,141,        
"NY",1839,142,113500  
"NY",1839,143,        
"NY",1839,144,        
"NY",1839,146,        
"NY",1839,147,225402  
"NY",1839,180,320     
"NY",1839,223,1796    
"NY",1839,231,        
"NY",1839,235,        
"NY",1839,262,        
"NY",1839,273,129870  
"NY",1839,277,        
"NY",1839,281,2658968 
"NY",1839,290,17640   
"NY",1839,292,        
"NY",1839,293,390500  
"NY",1839,294,87374   
"NY",1839,298,27518   
"NY",1840,121,        
"NY",1840,122,        
"NY",1840,123,        
"NY",1840,140,3235    
"NY",1840,141,        
"NY",1840,142,47479   
"NY",1840,143,        
"NY",1840,144,        
"NY",1840,146,        
"NY",1840,147,164621  
"NY",1840,180,1862    
"NY",1840,223,30958   
"NY",1840,231,        
"NY",1840,235,        
"NY",1840,262,        
"NY",1840,273,155961  
"NY",1840,277,        
"NY",1840,281,2923946 
"NY",1840,290,46674   
"NY",1840,292,        
"NY",1840,293,907603  
"NY",1840,294,        
"NY",1840,298,        
"NY",1841,121,49650   
"NY",1841,122,        
"NY",1841,123,        
"NY",1841,140,3776    
"NY",1841,141,        
"NY",1841,142,23182   
"NY",1841,143,        
"NY",1841,144,        
"NY",1841,146,        
"NY",1841,147,206702  
"NY",1841,180,2720    
"NY",1841,223,54311   
"NY",1841,231,        
"NY",1841,235,        
"NY",1841,262,        
"NY",1841,273,130439  
"NY",1841,277,200000  
"NY",1841,281,3027267 
"NY",1841,290,138475  
"NY",1841,292,        
"NY",1841,293,540000  
"NY",1841,294,29641   
"NY",1841,298,3239    
"NY",1842,121,27578   
"NY",1842,122,        
"NY",1842,123,        
"NY",1842,140,3335    
"NY",1842,141,        
"NY",1842,142,21023   
"NY",1842,143,        
"NY",1842,144,        
"NY",1842,146,        
"NY",1842,147,200284  
"NY",1842,180,4665    
"NY",1842,223,42516   
"NY",1842,231,        
"NY",1842,235,        
"NY",1842,262,        
"NY",1842,273,114967  
"NY",1842,277,200000  
"NY",1842,281,3462842 
"NY",1842,290,16610   
"NY",1842,292,        
"NY",1842,293,294922  
"NY",1842,294,11000   
"NY",1842,298,1298    
"NY",1843,121,514011  
"NY",1843,122,        
"NY",1843,123,        
"NY",1843,140,3332    
"NY",1843,141,        
"NY",1843,142,1436    
"NY",1843,143,        
"NY",1843,144,        
"NY",1843,146,        
"NY",1843,147,161123  
"NY",1843,180,1770    
"NY",1843,223,53306   
"NY",1843,231,        
"NY",1843,235,84358   
"NY",1843,262,        
"NY",1843,273,92128   
"NY",1843,277,        
"NY",1843,281,3247100 
"NY",1843,290,21943   
"NY",1843,292,        
"NY",1843,293,21750   
"NY",1843,294,152966  
"NY",1843,298,8607    
"NY",1844,121,533338  
"NY",1844,122,        
"NY",1844,123,        
"NY",1844,140,2407    
"NY",1844,141,        
"NY",1844,142,12734   
"NY",1844,143,        
"NY",1844,144,        
"NY",1844,146,        
"NY",1844,147,174749  
"NY",1844,180,1770    
"NY",1844,223,46540   
"NY",1844,231,        
"NY",1844,235,        
"NY",1844,262,        
"NY",1844,273,146130  
"NY",1844,277,100000  
"NY",1844,281,3579615 
"NY",1844,290,11764   
"NY",1844,292,        
"NY",1844,293,22370   
"NY",1844,294,32017   
"NY",1844,298,11800   
"NY",1845,121,584816  
"NY",1845,122,        
"NY",1845,123,        
"NY",1845,140,2675    
"NY",1845,141,        
"NY",1845,142,17650   
"NY",1845,143,        
"NY",1845,144,        
"NY",1845,146,        
"NY",1845,147,176199  
"NY",1845,180,1750    
"NY",1845,223,35115   
"NY",1845,231,        
"NY",1845,235,        
"NY",1845,262,        
"NY",1845,273,132025  
"NY",1845,277,        
"NY",1845,281,3400036 
"NY",1845,290,24882   
"NY",1845,292,        
"NY",1845,293,478973  
"NY",1845,294,73114   
"NY",1845,298,5842    
"NY",1846,121,404454  
"NY",1846,122,        
"NY",1846,123,        
"NY",1846,140,3311    
"NY",1846,141,        
"NY",1846,142,9035    
"NY",1846,143,        
"NY",1846,144,        
"NY",1846,146,        
"NY",1846,147,139312  
"NY",1846,180,2445    
"NY",1846,223,37236   
"NY",1846,231,        
"NY",1846,235,        
"NY",1846,262,        
"NY",1846,273,75507   
"NY",1846,277,400000  
"NY",1846,281,3633320 
"NY",1846,290,54760   
"NY",1846,292,        
"NY",1846,293,        
"NY",1846,294,3090    
"NY",1846,298,8376    
"NY",1847,121,291802  
"NY",1847,122,        
"NY",1847,123,        
"NY",1847,140,8588    
"NY",1847,141,        
"NY",1847,142,2040    
"NY",1847,143,        
"NY",1847,144,        
"NY",1847,146,        
"NY",1847,147,87932   
"NY",1847,180,3080    
"NY",1847,223,32820   
"NY",1847,231,        
"NY",1847,235,        
"NY",1847,262,        
"NY",1847,273,32399   
"NY",1847,277,200000  
"NY",1847,281,4730111 
"NY",1847,290,103367  
"NY",1847,292,        
"NY",1847,293,10000   
"NY",1847,294,33284   
"NY",1847,298,6821    
"NY",1848,121,282590  
"NY",1848,122,        
"NY",1848,123,        
"NY",1848,140,4810    
"NY",1848,141,        
"NY",1848,142,14984   
"NY",1848,143,        
"NY",1848,144,        
"NY",1848,146,        
"NY",1848,147,103901  
"NY",1848,180,2290    
"NY",1848,223,12469   
"NY",1848,231,        
"NY",1848,235,        
"NY",1848,262,        
"NY",1848,273,43348   
"NY",1848,277,200000  
"NY",1848,281,4511502 
"NY",1848,290,23714   
"NY",1848,292,        
"NY",1848,293,21000   
"NY",1848,294,224824  
"NY",1848,298,4293    
"NY",1849,121,332202  
"NY",1849,122,        
"NY",1849,123,        
"NY",1849,140,5052    
"NY",1849,141,        
"NY",1849,142,3759    
"NY",1849,143,        
"NY",1849,144,        
"NY",1849,146,        
"NY",1849,147,93025   
"NY",1849,180,1445    
"NY",1849,223,3301    
"NY",1849,231,        
"NY",1849,235,        
"NY",1849,262,        
"NY",1849,273,51599   
"NY",1849,277,200000  
"NY",1849,281,1260200 
"NY",1849,290,22552   
"NY",1849,292,        
"NY",1849,293,15000   
"NY",1849,294,225759  
"NY",1849,298,14428   
"NY",1850,121,336561  
"NY",1850,122,        
"NY",1850,123,        
"NY",1850,140,803     
"NY",1850,141,        
"NY",1850,142,28807   
"NY",1850,143,        
"NY",1850,144,        
"NY",1850,146,        
"NY",1850,147,85910   
"NY",1850,180,1700    
"NY",1850,223,2833    
"NY",1850,231,        
"NY",1850,235,        
"NY",1850,262,        
"NY",1850,273,44364   
"NY",1850,277,200000  
"NY",1850,281,1784056 
"NY",1850,290,1436    
"NY",1850,292,        
"NY",1850,293,        
"NY",1850,294,35660   
"NY",1850,298,13224   
"NY",1851,121,448023  
"NY",1851,122,        
"NY",1851,123,        
"NY",1851,140,479     
"NY",1851,141,        
"NY",1851,142,21518   
"NY",1851,143,        
"NY",1851,144,        
"NY",1851,146,        
"NY",1851,147,102567  
"NY",1851,180,1876    
"NY",1851,223,4102    
"NY",1851,231,        
"NY",1851,235,        
"NY",1851,262,        
"NY",1851,273,45459   
"NY",1851,277,200000  
"NY",1851,281,1441263 
"NY",1851,290,17011   
"NY",1851,292,        
"NY",1851,293,        
"NY",1851,294,5367    
"NY",1851,298,12774   
"NY",1852,121,517840  
"NY",1852,122,        
"NY",1852,123,        
"NY",1852,140,130     
"NY",1852,141,        
"NY",1852,142,18773   
"NY",1852,143,        
"NY",1852,144,        
"NY",1852,146,        
"NY",1852,147,115198  
"NY",1852,180,1985    
"NY",1852,223,4441    
"NY",1852,231,        
"NY",1852,235,        
"NY",1852,262,        
"NY",1852,273,47928   
"NY",1852,277,200000  
"NY",1852,281,1094310 
"NY",1852,290,204958  
"NY",1852,292,        
"NY",1852,293,        
"NY",1852,294,5418    
"NY",1852,298,6043    
"NY",1853,121,377009  
"NY",1853,122,        
"NY",1853,123,        
"NY",1853,140,621     
"NY",1853,141,        
"NY",1853,142,18771   
"NY",1853,143,        
"NY",1853,144,        
"NY",1853,146,        
"NY",1853,147,94443   
"NY",1853,180,1595    
"NY",1853,223,4904    
"NY",1853,231,        
"NY",1853,235,        
"NY",1853,262,        
"NY",1853,273,52160   
"NY",1853,277,200000  
"NY",1853,281,1587380 
"NY",1853,290,2875    
"NY",1853,292,        
"NY",1853,293,        
"NY",1853,294,13215   
"NY",1853,298,3685    
"NY",1854,121,1487197 
"NY",1854,122,        
"NY",1854,123,        
"NY",1854,140,113     
"NY",1854,141,        
"NY",1854,142,22825   
"NY",1854,143,        
"NY",1854,144,        
"NY",1854,146,        
"NY",1854,147,109144  
"NY",1854,180,1875    
"NY",1854,223,6717    
"NY",1854,231,        
"NY",1854,235,        
"NY",1854,262,53536   
"NY",1854,273,54988   
"NY",1854,277,200000  
"NY",1854,281,1089306 
"NY",1854,290,3086    
"NY",1854,292,        
"NY",1854,293,        
"NY",1854,294,4802    
"NY",1854,298,5307    
"NY",1855,121,1029348 
"NY",1855,122,        
"NY",1855,123,        
"NY",1855,140,62      
"NY",1855,141,        
"NY",1855,142,26302   
"NY",1855,143,        
"NY",1855,144,        
"NY",1855,146,        
"NY",1855,147,145003  
"NY",1855,180,1495    
"NY",1855,223,4812    
"NY",1855,231,        
"NY",1855,235,11929   
"NY",1855,262,154093  
"NY",1855,273,57778   
"NY",1855,277,        
"NY",1855,281,1710711 
"NY",1855,290,1519    
"NY",1855,292,        
"NY",1855,293,237000  
"NY",1855,294,14769   
"NY",1855,298,        
"NY",1856,121,1690973 
"NY",1856,122,        
"NY",1856,123,        
"NY",1856,140,152     
"NY",1856,141,937     
"NY",1856,142,21632   
"NY",1856,143,        
"NY",1856,144,        
"NY",1856,146,        
"NY",1856,147,107709  
"NY",1856,180,1210    
"NY",1856,223,4933    
"NY",1856,231,        
"NY",1856,235,        
"NY",1856,262,167605  
"NY",1856,273,60976   
"NY",1856,277,        
"NY",1856,281,1141529 
"NY",1856,290,7377    
"NY",1856,292,        
"NY",1856,293,250000  
"NY",1856,294,21921   
"NY",1856,298,7881    
"NY",1857,121,1272115 
"NY",1857,122,        
"NY",1857,123,        
"NY",1857,140,        
"NY",1857,141,13210   
"NY",1857,142,26984   
"NY",1857,143,        
"NY",1857,144,        
"NY",1857,146,        
"NY",1857,147,132220  
"NY",1857,180,1060    
"NY",1857,223,5858    
"NY",1857,231,        
"NY",1857,235,        
"NY",1857,262,172040  
"NY",1857,273,53477   
"NY",1857,277,        
"NY",1857,281,1023805 
"NY",1857,290,463131  
"NY",1857,292,        
"NY",1857,293,        
"NY",1857,294,1733    
"NY",1857,298,29710   
"NY",1858,121,3117883 
"NY",1858,122,        
"NY",1858,123,        
"NY",1858,140,        
"NY",1858,141,12031   
"NY",1858,142,24608   
"NY",1858,143,        
"NY",1858,144,        
"NY",1858,146,        
"NY",1858,147,100528  
"NY",1858,180,545     
"NY",1858,223,4505    
"NY",1858,231,        
"NY",1858,235,        
"NY",1858,262,76881   
"NY",1858,273,58138   
"NY",1858,277,        
"NY",1858,281,2172376 
"NY",1858,290,5130    
"NY",1858,292,        
"NY",1858,293,50000   
"NY",1858,294,6432    
"NY",1858,298,14386   
"NY",1859,121,2828044 
"NY",1859,122,        
"NY",1859,123,        
"NY",1859,140,        
"NY",1859,141,3281    
"NY",1859,142,31367   
"NY",1859,143,        
"NY",1859,144,        
"NY",1859,146,        
"NY",1859,147,119999  
"NY",1859,180,430     
"NY",1859,223,4787    
"NY",1859,231,        
"NY",1859,235,        
"NY",1859,262,182440  
"NY",1859,273,69027   
"NY",1859,277,        
"NY",1859,281,3065918 
"NY",1859,290,855     
"NY",1859,292,        
"NY",1859,293,150000  
"NY",1859,294,7732    
"NY",1859,298,15399   
"NY",1860,121,2511328 
"NY",1860,122,        
"NY",1860,123,        
"NY",1860,140,3144    
"NY",1860,141,1555    
"NY",1860,142,26441   
"NY",1860,143,7000    
"NY",1860,144,        
"NY",1860,146,        
"NY",1860,147,125930  
"NY",1860,180,855     
"NY",1860,223,3032    
"NY",1860,231,        
"NY",1860,235,        
"NY",1860,262,221553  
"NY",1860,273,65876   
"NY",1860,277,        
"NY",1860,281,2026582 
"NY",1860,290,5382    
"NY",1860,292,        
"NY",1860,293,200000  
"NY",1860,294,39533   
"NY",1860,298,22899   
"NY",1861,121,3485710 
"NY",1861,122,        
"NY",1861,123,        
"NY",1861,140,2900    
"NY",1861,141,4983    
"NY",1861,142,29198   
"NY",1861,143,7000    
"NY",1861,144,        
"NY",1861,146,        
"NY",1861,147,75319   
"NY",1861,180,665     
"NY",1861,223,2137    
"NY",1861,231,        
"NY",1861,235,        
"NY",1861,262,92939   
"NY",1861,273,66330   
"NY",1861,277,        
"NY",1861,281,4836958 
"NY",1861,290,7056    
"NY",1861,292,        
"NY",1861,293,1550000 
"NY",1861,294,681     
"NY",1861,298,21179   
"NY",1862,121,4755594 
"NY",1862,122,        
"NY",1862,123,        
"NY",1862,140,2297    
"NY",1862,141,5421    
"NY",1862,142,27627   
"NY",1862,143,10700   
"NY",1862,144,        
"NY",1862,146,        
"NY",1862,147,77359   
"NY",1862,180,3400    
"NY",1862,223,2892    
"NY",1862,231,        
"NY",1862,235,1210598 
"NY",1862,262,191043  
"NY",1862,273,87419   
"NY",1862,277,        
"NY",1862,281,3866626 
"NY",1862,290,23056   
"NY",1862,292,        
"NY",1862,293,1500000 
"NY",1862,294,        
"NY",1862,298,39243   
"NY",1863,121,4758231 
"NY",1863,122,        
"NY",1863,123,        
"NY",1863,140,1641    
"NY",1863,141,3266    
"NY",1863,142,33020   
"NY",1863,143,14694   
"NY",1863,144,        
"NY",1863,146,954     
"NY",1863,147,108605  
"NY",1863,180,605     
"NY",1863,223,2651    
"NY",1863,231,        
"NY",1863,235,        
"NY",1863,262,267125  
"NY",1863,273,76091   
"NY",1863,277,        
"NY",1863,281,3504427 
"NY",1863,290,4471    
"NY",1863,292,        
"NY",1863,293,2000000 
"NY",1863,294,1690    
"NY",1863,298,43833   
"NY",1864,121,5893483 
"NY",1864,122,        
"NY",1864,123,        
"NY",1864,140,1896    
"NY",1864,141,11987   
"NY",1864,142,31167   
"NY",1864,143,15671   
"NY",1864,144,        
"NY",1864,146,5596    
"NY",1864,147,154426  
"NY",1864,180,535     
"NY",1864,223,4413    
"NY",1864,231,        
"NY",1864,235,        
"NY",1864,262,278952  
"NY",1864,273,88125   
"NY",1864,277,        
"NY",1864,281,3695714 
"NY",1864,290,51019   
"NY",1864,292,        
"NY",1864,293,1000000 
"NY",1864,294,1091    
"NY",1864,298,35500   
"NY",1865,121,6148004 
"NY",1865,122,        
"NY",1865,123,        
"NY",1865,140,1143    
"NY",1865,141,3914    
"NY",1865,142,33387   
"NY",1865,143,17162   
"NY",1865,144,        
"NY",1865,146,1764    
"NY",1865,147,195609  
"NY",1865,180,1105    
"NY",1865,223,6758    
"NY",1865,231,        
"NY",1865,235,        
"NY",1865,262,229288  
"NY",1865,273,62766   
"NY",1865,277,        
"NY",1865,281,4542726 
"NY",1865,290,5288    
"NY",1865,292,        
"NY",1865,293,4984000 
"NY",1865,294,1347    
"NY",1865,298,38845   
"NY",1866,121,5814203 
"NY",1866,122,        
"NY",1866,123,        
"NY",1866,140,853     
"NY",1866,141,        
"NY",1866,142,26390   
"NY",1866,143,16652   
"NY",1866,144,        
"NY",1866,146,2929    
"NY",1866,147,269720  
"NY",1866,180,        
"NY",1866,223,31695   
"NY",1866,231,        
"NY",1866,235,262763  
"NY",1866,262,304157  
"NY",1866,273,70412   
"NY",1866,277,        
"NY",1866,281,4995757 
"NY",1866,290,90739   
"NY",1866,292,        
"NY",1866,293,525000  
"NY",1866,294,        
"NY",1866,298,74529   
"NY",1867,121,7221120 
"NY",1867,122,        
"NY",1867,123,        
"NY",1867,140,        
"NY",1867,141,20118   
"NY",1867,142,26262   
"NY",1867,143,53706   
"NY",1867,144,        
"NY",1867,146,5767    
"NY",1867,147,191619  
"NY",1867,180,        
"NY",1867,223,6700    
"NY",1867,231,        
"NY",1867,235,        
"NY",1867,262,495477  
"NY",1867,273,68589   
"NY",1867,277,        
"NY",1867,281,5194979 
"NY",1867,290,48037   
"NY",1867,292,        
"NY",1867,293,        
"NY",1867,294,        
"NY",1867,298,49059   
"NY",1868,121,9150286 
"NY",1868,122,        
"NY",1868,123,        
"NY",1868,140,        
"NY",1868,141,14641   
"NY",1868,142,26385   
"NY",1868,143,60389   
"NY",1868,144,        
"NY",1868,146,2764    
"NY",1868,147,127702  
"NY",1868,180,        
"NY",1868,223,6515    
"NY",1868,231,        
"NY",1868,235,        
"NY",1868,262,499127  
"NY",1868,273,88321   
"NY",1868,277,        
"NY",1868,281,5891147 
"NY",1868,290,20784   
"NY",1868,292,        
"NY",1868,293,        
"NY",1868,294,        
"NY",1868,298,71204   
"NY",1869,121,9189139 
"NY",1869,122,        
"NY",1869,123,        
"NY",1869,140,7887    
"NY",1869,141,15436   
"NY",1869,142,18649   
"NY",1869,143,63614   
"NY",1869,144,        
"NY",1869,146,2524    
"NY",1869,147,95786   
"NY",1869,180,        
"NY",1869,223,8129    
"NY",1869,231,        
"NY",1869,235,        
"NY",1869,262,480430  
"NY",1869,273,88799   
"NY",1869,277,        
"NY",1869,281,6668445 
"NY",1869,290,66636   
"NY",1869,292,        
"NY",1869,293,        
"NY",1869,294,        
"NY",1869,298,86897   
"NY",1870,121,7865693 
"NY",1870,122,        
"NY",1870,123,        
"NY",1870,140,4469    
"NY",1870,141,13581   
"NY",1870,142,26180   
"NY",1870,143,69655   
"NY",1870,144,        
"NY",1870,146,2506    
"NY",1870,147,121603  
"NY",1870,180,        
"NY",1870,223,41324   
"NY",1870,231,        
"NY",1870,235,        
"NY",1870,262,490337  
"NY",1870,273,87158   
"NY",1870,277,        
"NY",1870,281,4306003 
"NY",1870,290,9158    
"NY",1870,292,        
"NY",1870,293,500000  
"NY",1870,294,5449    
"NY",1870,298,40883   
"NY",1871,121,9794356 
"NY",1871,122,        
"NY",1871,123,        
"NY",1871,140,        
"NY",1871,141,15961   
"NY",1871,142,19073   
"NY",1871,143,85940   
"NY",1871,144,        
"NY",1871,146,2225    
"NY",1871,147,100197  
"NY",1871,180,        
"NY",1871,223,9873    
"NY",1871,231,        
"NY",1871,235,        
"NY",1871,262,436153  
"NY",1871,273,84731   
"NY",1871,277,        
"NY",1871,281,1151157 
"NY",1871,290,17945   
"NY",1871,292,        
"NY",1871,293,650000  
"NY",1871,294,17892   
"NY",1871,298,52477   
"NY",1872,121,10054896
"NY",1872,122,        
"NY",1872,123,        
"NY",1872,140,        
"NY",1872,141,35081   
"NY",1872,142,39350   
"NY",1872,143,97060   
"NY",1872,144,        
"NY",1872,146,2478    
"NY",1872,147,79070   
"NY",1872,180,        
"NY",1872,223,11457   
"NY",1872,231,        
"NY",1872,235,        
"NY",1872,262,426410  
"NY",1872,273,77263   
"NY",1872,277,        
"NY",1872,281,1660745 
"NY",1872,290,23192   
"NY",1872,292,        
"NY",1872,293,2225000 
"NY",1872,294,29622   
"NY",1872,298,44781   
"NY",1873,121,13323673
"NY",1873,122,        
"NY",1873,123,        
"NY",1873,140,        
"NY",1873,141,16695   
"NY",1873,142,18816   
"NY",1873,143,111989  
"NY",1873,144,        
"NY",1873,146,2440    
"NY",1873,147,76499   
"NY",1873,180,1205    
"NY",1873,223,9662    
"NY",1873,231,        
"NY",1873,235,300148  
"NY",1873,262,354197  
"NY",1873,273,80574   
"NY",1873,277,        
"NY",1873,281,1718689 
"NY",1873,290,6605    
"NY",1873,292,        
"NY",1873,293,300000  
"NY",1873,294,12058   
"NY",1873,298,117425  
"NY",1874,121,20915163
"NY",1874,122,        
"NY",1874,123,        
"NY",1874,140,        
"NY",1874,141,25202   
"NY",1874,142,16527   
"NY",1874,143,124427  
"NY",1874,144,        
"NY",1874,146,2487    
"NY",1874,147,69757   
"NY",1874,180,        
"NY",1874,223,10725   
"NY",1874,231,        
"NY",1874,235,        
"NY",1874,262,379393  
"NY",1874,273,69815   
"NY",1874,277,        
"NY",1874,281,2114553 
"NY",1874,290,3467    
"NY",1874,292,        
"NY",1874,293,207750  
"NY",1874,294,14129   
"NY",1874,298,79711   
"NY",1875,121,12880819
"NY",1875,122,        
"NY",1875,123,        
"NY",1875,140,        
"NY",1875,141,24019   
"NY",1875,142,15408   
"NY",1875,143,94259   
"NY",1875,144,        
"NY",1875,146,2469    
"NY",1875,147,70432   
"NY",1875,180,1145    
"NY",1875,223,8822    
"NY",1875,231,        
"NY",1875,235,        
"NY",1875,262,368979  
"NY",1875,273,65973   
"NY",1875,277,        
"NY",1875,281,1708870 
"NY",1875,290,79746   
"NY",1875,292,        
"NY",1875,293,        
"NY",1875,294,1268    
"NY",1875,298,82514   
"NY",1876,121,10882821
"NY",1876,122,        
"NY",1876,123,        
"NY",1876,140,        
"NY",1876,141,12448   
"NY",1876,142,19518   
"NY",1876,143,79232   
"NY",1876,144,        
"NY",1876,146,2420    
"NY",1876,147,75788   
"NY",1876,180,1120    
"NY",1876,223,9440    
"NY",1876,231,        
"NY",1876,235,        
"NY",1876,262,246694  
"NY",1876,273,57782   
"NY",1876,277,        
"NY",1876,281,1186417 
"NY",1876,290,185690  
"NY",1876,292,        
"NY",1876,293,        
"NY",1876,294,976     
"NY",1876,298,71783   
"NY",1877,121,4847395 
"NY",1877,122,        
"NY",1877,123,        
"NY",1877,140,        
"NY",1877,141,18323   
"NY",1877,142,19765   
"NY",1877,143,78015   
"NY",1877,144,        
"NY",1877,146,2473    
"NY",1877,147,64294   
"NY",1877,180,1277    
"NY",1877,223,1917    
"NY",1877,231,        
"NY",1877,235,98186   
"NY",1877,262,319912  
"NY",1877,273,60378   
"NY",1877,277,        
"NY",1877,281,11741283
"NY",1877,290,6564    
"NY",1877,292,        
"NY",1877,293,        
"NY",1877,294,10928   
"NY",1877,298,71665   
"NY",1878,121,5290002 
"NY",1878,122,        
"NY",1878,123,        
"NY",1878,140,        
"NY",1878,141,10698   
"NY",1878,142,17015   
"NY",1878,143,83880   
"NY",1878,144,        
"NY",1878,146,2487    
"NY",1878,147,49673   
"NY",1878,180,2560    
"NY",1878,223,21135   
"NY",1878,231,        
"NY",1878,235,82737   
"NY",1878,262,380746  
"NY",1878,273,72145   
"NY",1878,277,        
"NY",1878,281,948691  
"NY",1878,290,9277    
"NY",1878,292,        
"NY",1878,293,        
"NY",1878,294,2834    
"NY",1878,298,71763   
"NY",1879,121,6239473 
"NY",1879,122,        
"NY",1879,123,        
"NY",1879,140,        
"NY",1879,141,24394   
"NY",1879,142,17057   
"NY",1879,143,77962   
"NY",1879,144,        
"NY",1879,146,2480    
"NY",1879,147,38408   
"NY",1879,180,2932    
"NY",1879,223,7760    
"NY",1879,231,        
"NY",1879,235,        
"NY",1879,262,414795  
"NY",1879,273,76211   
"NY",1879,277,        
"NY",1879,281,908446  
"NY",1879,290,43826   
"NY",1879,292,        
"NY",1879,293,        
"NY",1879,294,105288  
"NY",1879,298,51378   
"NY",1880,121,4940886 
"NY",1880,122,        
"NY",1880,123,        
"NY",1880,140,141127  
"NY",1880,141,21231   
"NY",1880,142,19829   
"NY",1880,143,82661   
"NY",1880,144,        
"NY",1880,146,2420    
"NY",1880,147,32998   
"NY",1880,180,        
"NY",1880,223,11202   
"NY",1880,231,        
"NY",1880,235,61859   
"NY",1880,262,398418  
"NY",1880,273,84471   
"NY",1880,277,        
"NY",1880,281,        
"NY",1880,290,9655    
"NY",1880,292,        
"NY",1880,293,        
"NY",1880,294,6252    
"NY",1880,298,46232   
"NY",1881,121,6444364 
"NY",1881,122,        
"NY",1881,123,        
"NY",1881,140,992725  
"NY",1881,141,10340   
"NY",1881,142,19865   
"NY",1881,143,147516  
"NY",1881,144,        
"NY",1881,146,2528    
"NY",1881,147,31901   
"NY",1881,180,        
"NY",1881,223,12890   
"NY",1881,231,        
"NY",1881,235,21421   
"NY",1881,262,414097  
"NY",1881,273,78409   
"NY",1881,277,        
"NY",1881,281,838176  
"NY",1881,290,28509   
"NY",1881,292,        
"NY",1881,293,500000  
"NY",1881,294,9045    
"NY",1881,298,28727   
"NY",1882,121,3305566 
"NY",1882,122,        
"NY",1882,123,        
"NY",1882,140,1539684 
"NY",1882,141,17960   
"NY",1882,142,74      
"NY",1882,143,101250  
"NY",1882,144,        
"NY",1882,146,2478    
"NY",1882,147,26466   
"NY",1882,180,        
"NY",1882,223,14811   
"NY",1882,231,        
"NY",1882,235,83344   
"NY",1882,262,430225  
"NY",1882,273,3227    
"NY",1882,277,        
"NY",1882,281,1000381 
"NY",1882,290,7948    
"NY",1882,292,        
"NY",1882,293,        
"NY",1882,294,81513   
"NY",1882,298,56142   
"NY",1883,121,3876814 
"NY",1883,122,        
"NY",1883,123,        
"NY",1883,140,1935179 
"NY",1883,141,27151   
"NY",1883,142,41317   
"NY",1883,143,91896   
"NY",1883,144,        
"NY",1883,146,2480    
"NY",1883,147,24473   
"NY",1883,180,        
"NY",1883,223,24268   
"NY",1883,231,        
"NY",1883,235,        
"NY",1883,262,421968  
"NY",1883,273,77257   
"NY",1883,277,        
"NY",1883,281,3070189 
"NY",1883,290,96772   
"NY",1883,292,        
"NY",1883,293,        
"NY",1883,294,31792   
"NY",1883,298,36817   
"NY",1884,121,6400419 
"NY",1884,122,        
"NY",1884,123,        
"NY",1884,140,1603613 
"NY",1884,141,62406   
"NY",1884,142,20059   
"NY",1884,143,86057   
"NY",1884,144,        
"NY",1884,146,2498    
"NY",1884,147,22673   
"NY",1884,180,        
"NY",1884,223,21854   
"NY",1884,231,        
"NY",1884,235,54947   
"NY",1884,262,402393  
"NY",1884,273,73518   
"NY",1884,277,        
"NY",1884,281,725634  
"NY",1884,290,17598   
"NY",1884,292,        
"NY",1884,293,        
"NY",1884,294,26035   
"NY",1884,298,39680   
"NY",1885,121,4629475 
"NY",1885,122,        
"NY",1885,123,        
"NY",1885,140,1673879 
"NY",1885,141,66566   
"NY",1885,142,19995   
"NY",1885,143,89113   
"NY",1885,144,        
"NY",1885,146,2468    
"NY",1885,147,18872   
"NY",1885,180,        
"NY",1885,223,23894   
"NY",1885,231,        
"NY",1885,235,        
"NY",1885,262,506694  
"NY",1885,273,67698   
"NY",1885,277,        
"NY",1885,281,646688  
"NY",1885,290,7227    
"NY",1885,292,        
"NY",1885,293,1000000 
"NY",1885,294,35845   
"NY",1885,298,36846   
"NY",1886,121,6558565 
"NY",1886,122,84129   
"NY",1886,123,        
"NY",1886,140,1429661 
"NY",1886,141,64911   
"NY",1886,142,19400   
"NY",1886,143,107580  
"NY",1886,144,        
"NY",1886,146,33626   
"NY",1886,147,19090   
"NY",1886,180,        
"NY",1886,223,27355   
"NY",1886,231,        
"NY",1886,235,18838   
"NY",1886,262,988412  
"NY",1886,273,65268   
"NY",1886,277,        
"NY",1886,281,663685  
"NY",1886,290,42579   
"NY",1886,292,        
"NY",1886,293,300000  
"NY",1886,294,19907   
"NY",1886,298,18721   
"NY",1887,121,5934669 
"NY",1887,122,561716  
"NY",1887,123,        
"NY",1887,140,1441528 
"NY",1887,141,69366   
"NY",1887,142,30934   
"NY",1887,143,132268  
"NY",1887,144,        
"NY",1887,146,15767   
"NY",1887,147,18041   
"NY",1887,180,        
"NY",1887,223,31391   
"NY",1887,231,        
"NY",1887,235,        
"NY",1887,262,1111824 
"NY",1887,273,58992   
"NY",1887,277,        
"NY",1887,281,988755  
"NY",1887,290,40477   
"NY",1887,292,        
"NY",1887,293,        
"NY",1887,294,51382   
"NY",1887,298,35310   
"NY",1888,121,5224255 
"NY",1888,122,736084  
"NY",1888,123,        
"NY",1888,140,1175516 
"NY",1888,141,58657   
"NY",1888,142,20971   
"NY",1888,143,149344  
"NY",1888,144,        
"NY",1888,146,41827   
"NY",1888,147,17418   
"NY",1888,180,23179   
"NY",1888,223,26102   
"NY",1888,231,        
"NY",1888,235,60639   
"NY",1888,262,2110043 
"NY",1888,273,58604   
"NY",1888,277,        
"NY",1888,281,988263  
"NY",1888,290,61889   
"NY",1888,292,        
"NY",1888,293,        
"NY",1888,294,25416   
"NY",1888,298,51347   
"NY",1889,121,5628597 
"NY",1889,122,1075692 
"NY",1889,123,        
"NY",1889,140,1371582 
"NY",1889,141,81400   
"NY",1889,142,20993   
"NY",1889,143,160432  
"NY",1889,144,        
"NY",1889,146,        
"NY",1889,147,9088    
"NY",1889,180,27211   
"NY",1889,223,25865   
"NY",1889,231,        
"NY",1889,235,70729   
"NY",1889,262,459330  
"NY",1889,273,55691   
"NY",1889,277,        
"NY",1889,281,646338  
"NY",1889,290,123204  
"NY",1889,292,        
"NY",1889,293,        
"NY",1889,294,22112   
"NY",1889,298,44794   
"NY",1890,121,7888834 
"NY",1890,122,1117638 
"NY",1890,123,        
"NY",1890,140,1379698 
"NY",1890,141,63064   
"NY",1890,142,20950   
"NY",1890,143,145248  
"NY",1890,144,        
"NY",1890,146,        
"NY",1890,147,2707    
"NY",1890,180,22371   
"NY",1890,223,74277   
"NY",1890,231,72561   
"NY",1890,235,        
"NY",1890,262,15055   
"NY",1890,273,54294   
"NY",1890,277,        
"NY",1890,281,602272  
"NY",1890,290,42027   
"NY",1890,292,        
"NY",1890,293,        
"NY",1890,294,29730   
"NY",1890,298,37210   
"NY",1891,121,5716800 
"NY",1891,122,890268  
"NY",1891,123,        
"NY",1891,140,1535876 
"NY",1891,141,72572   
"NY",1891,142,28302   
"NY",1891,143,132626  
"NY",1891,144,        
"NY",1891,146,2523    
"NY",1891,147,2990    
"NY",1891,180,30436   
"NY",1891,223,55321   
"NY",1891,231,94903   
"NY",1891,235,2213331 
"NY",1891,262,19386   
"NY",1891,273,40402   
"NY",1891,277,        
"NY",1891,281,2191213 
"NY",1891,290,39892   
"NY",1891,292,        
"NY",1891,293,        
"NY",1891,294,22930   
"NY",1891,298,68239   
"NY",1892,121,2023824 
"NY",1892,122,1786218 
"NY",1892,123,        
"NY",1892,140,1696961 
"NY",1892,141,75432   
"NY",1892,142,28358   
"NY",1892,143,175831  
"NY",1892,144,        
"NY",1892,146,97068   
"NY",1892,147,8581    
"NY",1892,180,40902   
"NY",1892,223,73886   
"NY",1892,231,107164  
"NY",1892,235,16197   
"NY",1892,262,244189  
"NY",1892,273,43609   
"NY",1892,277,        
"NY",1892,281,1859203 
"NY",1892,290,90578   
"NY",1892,292,        
"NY",1892,293,        
"NY",1892,294,45195   
"NY",1892,298,        
"NY",1893,121,4226376 
"NY",1893,122,3071687 
"NY",1893,123,        
"NY",1893,140,1967153 
"NY",1893,141,53299   
"NY",1893,142,3346    
"NY",1893,143,164419  
"NY",1893,144,        
"NY",1893,146,22930   
"NY",1893,147,394     
"NY",1893,180,30524   
"NY",1893,223,108745  
"NY",1893,231,96661   
"NY",1893,235,        
"NY",1893,262,21896   
"NY",1893,273,34730   
"NY",1893,277,        
"NY",1893,281,2711660 
"NY",1893,290,28669   
"NY",1893,292,        
"NY",1893,293,        
"NY",1893,294,29199   
"NY",1893,298,20937   
"NY",1894,121,6094506 
"NY",1894,122,1688954 
"NY",1894,123,        
"NY",1894,140,1796641 
"NY",1894,141,55840   
"NY",1894,142,52182   
"NY",1894,143,174675  
"NY",1894,144,        
"NY",1894,146,51873   
"NY",1894,147,        
"NY",1894,180,28743   
"NY",1894,223,85467   
"NY",1894,231,76600   
"NY",1894,235,        
"NY",1894,262,89192   
"NY",1894,273,31661   
"NY",1894,277,        
"NY",1894,281,2129186 
"NY",1894,290,83194   
"NY",1894,292,        
"NY",1894,293,350000  
"NY",1894,294,470529  
"NY",1894,298,14897   
"NY",1895,121,4639229 
"NY",1895,122,2126895 
"NY",1895,123,        
"NY",1895,140,2115808 
"NY",1895,141,89042   
"NY",1895,142,32451   
"NY",1895,143,197340  
"NY",1895,144,        
"NY",1895,146,136772  
"NY",1895,147,        
"NY",1895,180,119667  
"NY",1895,223,87736   
"NY",1895,231,123931  
"NY",1895,235,        
"NY",1895,262,116204  
"NY",1895,273,30968   
"NY",1895,277,        
"NY",1895,281,1925837 
"NY",1895,290,49866   
"NY",1895,292,        
"NY",1895,293,2600000 
"NY",1895,294,40773   
"NY",1895,298,5436    
"NY",1896,121,10036808
"NY",1896,122,1796652 
"NY",1896,123,        
"NY",1896,140,2669562 
"NY",1896,141,68337   
"NY",1896,142,37917   
"NY",1896,143,195080  
"NY",1896,144,        
"NY",1896,146,67978   
"NY",1896,147,        
"NY",1896,180,3591038 
"NY",1896,223,88278   
"NY",1896,231,114944  
"NY",1896,235,149682  
"NY",1896,262,16230   
"NY",1896,273,30952   
"NY",1896,277,        
"NY",1896,281,1124429 
"NY",1896,290,22070   
"NY",1896,292,        
"NY",1896,293,2350000 
"NY",1896,294,46803   
"NY",1896,298,10167   
"NY",1897,121,9273579 
"NY",1897,122,1829942 
"NY",1897,123,        
"NY",1897,140,2412292 
"NY",1897,141,75798   
"NY",1897,142,35749   
"NY",1897,143,199797  
"NY",1897,144,        
"NY",1897,146,66870   
"NY",1897,147,        
"NY",1897,180,4056664 
"NY",1897,223,94682   
"NY",1897,231,119775  
"NY",1897,235,        
"NY",1897,262,18785   
"NY",1897,273,28959   
"NY",1897,277,        
"NY",1897,281,3432548 
"NY",1897,290,20916   
"NY",1897,292,        
"NY",1897,293,        
"NY",1897,294,38290   
"NY",1897,298,24803   
"NY",1898,121,8144162 
"NY",1898,122,1997210 
"NY",1898,123,        
"NY",1898,140,2497247 
"NY",1898,141,79812   
"NY",1898,142,35425   
"NY",1898,143,232620  
"NY",1898,144,        
"NY",1898,146,53588   
"NY",1898,147,        
"NY",1898,180,4284676 
"NY",1898,223,111688  
"NY",1898,231,115862  
"NY",1898,235,        
"NY",1898,262,22673   
"NY",1898,273,25836   
"NY",1898,277,        
"NY",1898,281,991171  
"NY",1898,290,425866  
"NY",1898,292,        
"NY",1898,293,1400000 
"NY",1898,294,91378   
"NY",1898,298,29928   
"NY",1899,121,6178736 
"NY",1899,122,2194612 
"NY",1899,123,        
"NY",1899,140,2741318 
"NY",1899,141,74001   
"NY",1899,142,42295   
"NY",1899,143,274113  
"NY",1899,144,        
"NY",1899,146,4000    
"NY",1899,147,        
"NY",1899,180,4316111 
"NY",1899,223,124855  
"NY",1899,231,99537   
"NY",1899,235,191372  
"NY",1899,262,165718  
"NY",1899,273,6931    
"NY",1899,277,        
"NY",1899,281,924566  
"NY",1899,290,936174  
"NY",1899,292,        
"NY",1899,293,2150000 
"NY",1899,294,39755   
"NY",1899,298,22194   
"NY",1900,121,8624614 
"NY",1900,122,4334803 
"NY",1900,123,        
"NY",1900,140,2981287 
"NY",1900,141,72215   
"NY",1900,142,89085   
"NY",1900,143,283518  
"NY",1900,144,        
"NY",1900,146,        
"NY",1900,147,        
"NY",1900,180,4331316 
"NY",1900,223,195371  
"NY",1900,231,151032  
"NY",1900,235,161666  
"NY",1900,262,406102  
"NY",1900,273,        
"NY",1900,277,        
"NY",1900,281,467105  
"NY",1900,290,25177   
"NY",1900,292,        
"NY",1900,293,2000000 
"NY",1900,294,35542   
"NY",1900,298,32910   
"NY",1901,121,7103504 
"NY",1901,122,4084607 
"NY",1901,123,        
"NY",1901,140,5261772 
"NY",1901,141,82641   
"NY",1901,142,78505   
"NY",1901,143,296037  
"NY",1901,144,        
"NY",1901,146,        
"NY",1901,147,        
"NY",1901,180,4301245 
"NY",1901,223,110648  
"NY",1901,231,158080  
"NY",1901,235,146801  
"NY",1901,262,303324  
"NY",1901,273,        
"NY",1901,277,        
"NY",1901,281,504436  
"NY",1901,290,218821  
"NY",1901,292,        
"NY",1901,293,        
"NY",1901,294,59830   
"NY",1901,298,65723   
"NY",1902,121,2773425 
"NY",1902,122,3303555 
"NY",1902,123,        
"NY",1902,140,6646750 
"NY",1902,141,75205   
"NY",1902,142,124722  
"NY",1902,143,270220  
"NY",1902,144,        
"NY",1902,146,        
"NY",1902,147,        
"NY",1902,180,4361180 
"NY",1902,223,180292  
"NY",1902,231,191354  
"NY",1902,235,44849   
"NY",1902,262,321428  
"NY",1902,273,        
"NY",1902,277,        
"NY",1902,281,586104  
"NY",1902,290,117066  
"NY",1902,292,        
"NY",1902,293,        
"NY",1902,294,121021  
"NY",1902,298,101376  
"NY",1903,121,977111  
"NY",1903,122,4665736 
"NY",1903,123,        
"NY",1903,140,7169810 
"NY",1903,141,71210   
"NY",1903,142,52949   
"NY",1903,143,244502  
"NY",1903,144,        
"NY",1903,146,        
"NY",1903,147,        
"NY",1903,180,8995966 
"NY",1903,223,248373  
"NY",1903,231,170913  
"NY",1903,235,36310   
"NY",1903,262,365849  
"NY",1903,273,        
"NY",1903,277,        
"NY",1903,281,484906  
"NY",1903,290,62796   
"NY",1903,292,        
"NY",1903,293,        
"NY",1903,294,66028   
"NY",1903,298,123804  
"NY",1904,121,977893  
"NY",1904,122,5428052 
"NY",1904,123,        
"NY",1904,140,7232877 
"NY",1904,141,81323   
"NY",1904,142,91038   
"NY",1904,143,281727  
"NY",1904,144,        
"NY",1904,146,        
"NY",1904,147,        
"NY",1904,180,9251294 
"NY",1904,223,245211  
"NY",1904,231,171051  
"NY",1904,235,5759    
"NY",1904,262,359856  
"NY",1904,273,        
"NY",1904,277,        
"NY",1904,281,503662  
"NY",1904,290,55378   
"NY",1904,292,        
"NY",1904,293,        
"NY",1904,294,47321   
"NY",1904,298,144290  
"NY",1905,121,1182000 
"NY",1905,122,4627051 
"NY",1905,123,        
"NY",1905,140,8201570 
"NY",1905,141,105428  
"NY",1905,142,95451   
"NY",1905,143,288990  
"NY",1905,144,        
"NY",1905,146,        
"NY",1905,147,        
"NY",1905,180,9364249 
"NY",1905,223,        
"NY",1905,231,317618  
"NY",1905,235,178250  
"NY",1905,262,372435  
"NY",1905,273,        
"NY",1905,277,        
"NY",1905,281,1029035 
"NY",1905,290,71620   
"NY",1905,292,        
"NY",1905,293,        
"NY",1905,294,40786   
"NY",1905,298,120104  
"NY",1906,121,1556546 
"NY",1906,122,4713311 
"NY",1906,123,431323  
"NY",1906,140,14949777
"NY",1906,141,85090   
"NY",1906,142,108018  
"NY",1906,143,322940  
"NY",1906,144,        
"NY",1906,146,        
"NY",1906,147,        
"NY",1906,180,9687871 
"NY",1906,223,359583  
"NY",1906,231,204027  
"NY",1906,235,184210  
"NY",1906,262,445754  
"NY",1906,273,        
"NY",1906,277,        
"NY",1906,281,712571  
"NY",1906,290,75839   
"NY",1906,292,        
"NY",1906,293,        
"NY",1906,294,170168  
"NY",1906,298,107526  
"NY",1907,121,236943  
"NY",1907,122,5435395 
"NY",1907,123,2442250 
"NY",1907,140,14548633
"NY",1907,141,519     
"NY",1907,142,103505  
"NY",1907,143,340082  
"NY",1907,144,        
"NY",1907,146,        
"NY",1907,147,        
"NY",1907,180,9913429 
"NY",1907,223,382025  
"NY",1907,231,208342  
"NY",1907,235,        
"NY",1907,262,526217  
"NY",1907,273,        
"NY",1907,277,        
"NY",1907,281,1472962 
"NY",1907,290,80809   
"NY",1907,292,        
"NY",1907,293,1315000 
"NY",1907,294,90053   
"NY",1907,298,221314  
"NY",1908,121,385328  
"NY",1908,122,6605891 
"NY",1908,123,1666528 
"NY",1908,140,13052543
"NY",1908,141,        
"NY",1908,142,118935  
"NY",1908,143,389407  
"NY",1908,144,        
"NY",1908,146,        
"NY",1908,147,        
"NY",1908,180,9606762 
"NY",1908,223,        
"NY",1908,231,191502  
"NY",1908,235,        
"NY",1908,262,616337  
"NY",1908,273,        
"NY",1908,277,        
"NY",1908,281,1372636 
"NY",1908,290,625667  
"NY",1908,292,        
"NY",1908,293,6950000 
"NY",1908,294,54036   
"NY",1908,298,305119  
"NY",1909,121,354455  
"NY",1909,122,6962615 
"NY",1909,123,1844821 
"NY",1909,140,14371405
"NY",1909,141,        
"NY",1909,142,144590  
"NY",1909,143,427074  
"NY",1909,144,        
"NY",1909,146,        
"NY",1909,147,        
"NY",1909,180,5205691 
"NY",1909,223,681944  
"NY",1909,231,183685  
"NY",1909,235,        
"NY",1909,262,575400  
"NY",1909,273,        
"NY",1909,277,        
"NY",1909,281,863569  
"NY",1909,290,27372   
"NY",1909,292,        
"NY",1909,293,6300000 
"NY",1909,294,43672   
"NY",1909,298,389044  
"NY",1910,121,369337  
"NY",1910,122,8212735 
"NY",1910,123,1931848 
"NY",1910,140,14247360
"NY",1910,141,        
"NY",1910,142,128113  
"NY",1910,143,506390  
"NY",1910,144,        
"NY",1910,146,        
"NY",1910,147,        
"NY",1910,180,9601480 
"NY",1910,223,1042631 
"NY",1910,231,174981  
"NY",1910,235,49542   
"NY",1910,262,759836  
"NY",1910,273,        
"NY",1910,277,        
"NY",1910,281,836614  
"NY",1910,290,134013  
"NY",1910,292,        
"NY",1910,293,5000000 
"NY",1910,294,50022   
"NY",1910,298,251891  
"NY",1911,121,379115  
"NY",1911,122,8152199 
"NY",1911,123,1787622 
"NY",1911,140,13618821
"NY",1911,141,        
"NY",1911,142,144009  
"NY",1911,143,604585  
"NY",1911,144,        
"NY",1911,146,        
"NY",1911,147,        
"NY",1911,180,7835067 
"NY",1911,223,856609  
"NY",1911,231,179485  
"NY",1911,235,        
"NY",1911,262,817659  
"NY",1911,273,        
"NY",1911,277,        
"NY",1911,281,5408388 
"NY",1911,290,996954  
"NY",1911,292,        
"NY",1911,293,10600000
"NY",1911,294,28001   
"NY",1911,298,229104  
"NY",1912,121,6353437 
"NY",1912,122,12153189
"NY",1912,123,1852324 
"NY",1912,140,14475162
"NY",1912,141,        
"NY",1912,142,252307  
"NY",1912,143,689269  
"NY",1912,144,        
"NY",1912,146,        
"NY",1912,147,        
"NY",1912,180,10825954
"NY",1912,223,879700  
"NY",1912,231,179120  
"NY",1912,235,        
"NY",1912,262,860807  
"NY",1912,273,        
"NY",1912,277,        
"NY",1912,281,1916371 
"NY",1912,290,1170489 
"NY",1912,292,        
"NY",1912,293,8000000 
"NY",1912,294,23167   
"NY",1912,298,321481  
