"FL",1849,3,55807.79   
"FL",1850,3,38559.33   
"FL",1851,3,74455.89   
"FL",1852,3,112755.02  
"FL",1853,3,150810.43  
"FL",1854,3,104552.71  
"FL",1855,3,162931.19  
"FL",1856,3,84473.85   
"FL",1857,3,244696.46  
"FL",1858,3,115630.42  
"FL",1859,3,164882.74  
"FL",1860,3,176548.83  
"FL",1866,3,135641.4   
"FL",1867,3,256497.84  
"FL",1868,3,330226     
"FL",1869,3,521561.61  
"FL",1870,3,208587.67  
"FL",1871,3,198549.7   
"FL",1872,3,244834.02  
"FL",1873,3,611973.81  
"FL",1874,3,401940.02  
"FL",1875,3,368930.08  
"FL",1876,3,257487.1   
"FL",1877,3,436189.38  
"FL",1878,3,304853.32  
"FL",1879,3,356481.72  
"FL",1880,3,281544.16  
"FL",1882,3,338464.81  
"FL",1883,3,334901.86  
"FL",1884,3,419161.67  
"FL",1885,3,440270.03  
"FL",1887,3,648393.59  
"FL",1889,3,717997.39  
"FL",1890,3,696605.35  
"FL",1891,3,728547.18  
"FL",1892,3,664183.31  
"FL",1893,3,696598.1   
"FL",1894,3,683682.37  
"FL",1895,3,714013.36  
"FL",1896,3,647864.85  
"FL",1897,3,681615.12  
"FL",1898,3,663279.37  
"FL",1899,3,799239.67  
"FL",1900,3,936915.43  
"FL",1901,3,1173340.03 
"FL",1902,3,1060568.34 
"FL",1903,3,2388334.13 
"FL",1904,3,1299185.85 
"FL",1905,3,1550457.22 
"FL",1906,3,1698956.43 
"FL",1907,3,1834152.7  
"FL",1908,3,2041762.58 
"FL",1909,3,2394193.22 
"FL",1910,3,2816627.9  
"FL",1911,3,2955292.13 
"FL",1912,3,2874564.97 
"FL",1913,3,3229817.05 
"FL",1914,3,3394301.33 
"FL",1915,3,3672350.42 
"FL",1849,34,7699.78   
"FL",1849,36,40148.42  
"FL",1849,39,7959.59   
"FL",1850,34,7851.24   
"FL",1850,36,24796.8   
"FL",1850,39,5911.29   
"FL",1851,32,478.42    
"FL",1851,34,12127.93  
"FL",1851,35,414.68    
"FL",1851,36,47016.66  
"FL",1851,39,6418.2    
"FL",1851,41,8000      
"FL",1852,29,1131.9    
"FL",1852,31,29622.61  
"FL",1852,34,14021.34  
"FL",1852,35,473.4     
"FL",1852,36,34001.19  
"FL",1852,39,4864.58   
"FL",1852,41,28640     
"FL",1853,31,11743.53  
"FL",1853,34,26669.64  
"FL",1853,35,2399.11   
"FL",1853,39,27065     
"FL",1853,41,1.25      
"FL",1853,99,82931.9   
"FL",1854,31,16204     
"FL",1854,34,4582.21   
"FL",1854,35,3383.44   
"FL",1854,41,32010.46  
"FL",1854,99,48372.6   
"FL",1855,31,2057.23   
"FL",1855,34,14573.4   
"FL",1855,35,70165.14  
"FL",1855,36,58139.61  
"FL",1855,39,3774.97   
"FL",1855,41,14220.84  
"FL",1856,31,6684.93   
"FL",1856,34,14786.66  
"FL",1856,35,560.36    
"FL",1856,36,51701.59  
"FL",1856,39,6262.68   
"FL",1856,41,4477.63   
"FL",1857,31,11202.05  
"FL",1857,32,42288.77  
"FL",1857,34,38423.67  
"FL",1857,35,546.5     
"FL",1857,36,65034.53  
"FL",1857,37,29020.79  
"FL",1857,39,5625.91   
"FL",1857,40,445.7     
"FL",1857,41,52108.54  
"FL",1858,31,25891.03  
"FL",1858,32,8675.31   
"FL",1858,34,19533.37  
"FL",1858,35,499       
"FL",1858,36,43268.41  
"FL",1858,39,1998.35   
"FL",1858,40,10764.95  
"FL",1858,41,5000      
"FL",1859,31,44330.05  
"FL",1859,32,2473.63   
"FL",1859,34,2992.95   
"FL",1859,35,1026.9    
"FL",1859,36,92973.33  
"FL",1859,39,4851.58   
"FL",1859,40,11234.3   
"FL",1859,41,5000      
"FL",1860,31,40225.79  
"FL",1860,32,4199.5    
"FL",1860,34,22742.85  
"FL",1860,35,634.7     
"FL",1860,36,80659.91  
"FL",1860,39,7571.8    
"FL",1860,40,15514.28  
"FL",1860,41,5000      
"FL",1866,31,5199.95   
"FL",1866,32,952.75    
"FL",1866,34,6389.02   
"FL",1866,35,160       
"FL",1866,36,80090.59  
"FL",1866,39,4326.79   
"FL",1866,40,4655      
"FL",1866,41,33867.3   
"FL",1867,31,13040.45  
"FL",1867,32,3991.77   
"FL",1867,34,34548.18  
"FL",1867,35,609.11    
"FL",1867,36,116884.3  
"FL",1867,39,8710.08   
"FL",1867,40,2229      
"FL",1867,41,76484.95  
"FL",1868,31,16055.71  
"FL",1868,32,1095.7    
"FL",1868,34,46308.19  
"FL",1868,35,938.95    
"FL",1868,36,162600.15 
"FL",1868,39,13273.01  
"FL",1868,40,1872      
"FL",1868,41,88082.29  
"FL",1869,31,13308.93  
"FL",1869,32,1339.95   
"FL",1869,34,103550.46 
"FL",1869,35,873.04    
"FL",1869,36,189794.66 
"FL",1869,38,300       
"FL",1869,39,22756.58  
"FL",1869,40,14137.4   
"FL",1869,41,175500.59 
"FL",1870,31,7059.65   
"FL",1870,32,1326.83   
"FL",1870,34,31597.28  
"FL",1870,35,1050.75   
"FL",1870,36,78518.99  
"FL",1870,39,11775.52  
"FL",1870,40,7723.31   
"FL",1870,41,69535.34  
"FL",1871,31,4180.66   
"FL",1871,32,275       
"FL",1871,34,14995.94  
"FL",1871,35,44.5      
"FL",1871,36,114461.19 
"FL",1871,39,4099.91   
"FL",1871,40,164.33    
"FL",1871,41,60328.17  
"FL",1872,31,30459.76  
"FL",1872,32,418       
"FL",1872,34,17277.5   
"FL",1872,35,63.5      
"FL",1872,36,88117.29  
"FL",1872,39,8403.68   
"FL",1872,40,17983     
"FL",1872,41,82111.29  
"FL",1873,31,39420.75  
"FL",1873,32,14786.41  
"FL",1873,34,42649.29  
"FL",1873,35,82.6      
"FL",1873,36,251123.83 
"FL",1873,39,8949.32   
"FL",1873,40,46786.02  
"FL",1873,41,208175.59 
"FL",1874,31,20366.37  
"FL",1874,32,11080.65  
"FL",1874,34,28346.9   
"FL",1874,35,144.8     
"FL",1874,36,217588.22 
"FL",1874,39,8425.84   
"FL",1874,40,78588.25  
"FL",1874,41,37398.99  
"FL",1875,31,4617.74   
"FL",1875,32,11735.5   
"FL",1875,34,25539.44  
"FL",1875,35,280       
"FL",1875,36,230146.28 
"FL",1875,39,7948.39   
"FL",1875,40,82121.35  
"FL",1875,41,6541.38   
"FL",1876,31,1592.45   
"FL",1876,32,4630.01   
"FL",1876,34,10715.54  
"FL",1876,35,84.6      
"FL",1876,36,121441.03 
"FL",1876,39,2071.37   
"FL",1876,40,82770.15  
"FL",1876,41,34181.95  
"FL",1877,31,25313.73  
"FL",1877,32,22700.82  
"FL",1877,34,33496.42  
"FL",1877,35,561.1     
"FL",1877,36,251638.44 
"FL",1877,39,3896.1    
"FL",1877,40,72564.13  
"FL",1877,41,26018.64  
"FL",1878,31,34371.4   
"FL",1878,32,15359.98  
"FL",1878,34,7549.86   
"FL",1878,35,83        
"FL",1878,36,143064.57 
"FL",1878,39,4661.08   
"FL",1878,40,84222     
"FL",1878,41,15541.43  
"FL",1879,31,26851.38  
"FL",1879,32,31534.56  
"FL",1879,34,3942.45   
"FL",1879,35,288.2     
"FL",1879,36,212289.39 
"FL",1879,39,4338.42   
"FL",1879,40,71411.75  
"FL",1879,41,5825.57   
"FL",1880,31,32083.05  
"FL",1880,32,20172.32  
"FL",1880,34,470.35    
"FL",1880,35,220       
"FL",1880,36,151549.11 
"FL",1880,39,2965.88   
"FL",1880,40,73467.67  
"FL",1880,41,615.78    
"FL",1882,31,17205.98  
"FL",1882,32,27634.06  
"FL",1882,34,49.71     
"FL",1882,35,250       
"FL",1882,36,138465.92 
"FL",1882,39,5170.27   
"FL",1882,40,118123.72 
"FL",1882,41,31565.15  
"FL",1883,31,2046.8    
"FL",1883,32,33851.27  
"FL",1883,34,615.62    
"FL",1883,35,1188.35   
"FL",1883,36,191066.04 
"FL",1883,38,17169.08  
"FL",1883,39,5341.4    
"FL",1883,40,81227.99  
"FL",1883,41,2395.31   
"FL",1884,31,135278.62 
"FL",1884,32,29835.72  
"FL",1884,34,548.12    
"FL",1884,35,410       
"FL",1884,36,140025.5  
"FL",1884,39,5824.59   
"FL",1884,40,87616.9   
"FL",1884,41,19622.22  
"FL",1885,31,54393.79  
"FL",1885,32,42809.44  
"FL",1885,34,7125      
"FL",1885,35,900       
"FL",1885,36,216757.49 
"FL",1885,38,1777.5    
"FL",1885,39,44054.36  
"FL",1885,40,72452.45  
"FL",1887,31,140961.57 
"FL",1887,32,41616.92  
"FL",1887,33,3588.74   
"FL",1887,34,17980.33  
"FL",1887,35,306.5     
"FL",1887,36,319166.06 
"FL",1887,38,9368.83   
"FL",1887,39,27890.64  
"FL",1887,40,79954     
"FL",1887,41,7560      
"FL",1889,31,165614.75 
"FL",1889,32,45555.37  
"FL",1889,33,9973.16   
"FL",1889,34,71172.15  
"FL",1889,35,7797.95   
"FL",1889,36,308137.45 
"FL",1889,38,34486.38  
"FL",1889,39,10317.18  
"FL",1889,40,64943     
"FL",1890,31,198619.41 
"FL",1890,32,43216.08  
"FL",1890,33,9184.02   
"FL",1890,34,79024.59  
"FL",1890,35,36774.86  
"FL",1890,36,228995.57 
"FL",1890,38,29882.83  
"FL",1890,39,5881.99   
"FL",1890,40,65026     
"FL",1891,31,165059.96 
"FL",1891,32,68528.84  
"FL",1891,33,4690.73   
"FL",1891,34,92010.75  
"FL",1891,35,43864.67  
"FL",1891,36,310599.62 
"FL",1891,38,36598.77  
"FL",1891,39,5445.93   
"FL",1891,40,1747.91   
"FL",1892,31,149056.88 
"FL",1892,32,48489.12  
"FL",1892,34,110010.59 
"FL",1892,35,50396.18  
"FL",1892,36,254855.2  
"FL",1892,38,37840.96  
"FL",1892,39,4784.38   
"FL",1892,40,8750      
"FL",1893,31,154808.47 
"FL",1893,32,53911.69  
"FL",1893,34,97098.78  
"FL",1893,35,39078.34  
"FL",1893,36,295980.31 
"FL",1893,38,40873.03  
"FL",1893,39,6097.48   
"FL",1893,40,8750      
"FL",1894,31,166976.29 
"FL",1894,32,47372.9   
"FL",1894,34,107077.59 
"FL",1894,35,44030.51  
"FL",1894,36,255246.84 
"FL",1894,38,50911.35  
"FL",1894,39,3316.89   
"FL",1894,40,8750      
"FL",1895,31,202021.35 
"FL",1895,32,67992.86  
"FL",1895,34,74945.42  
"FL",1895,35,27958.8   
"FL",1895,36,271483.25 
"FL",1895,38,55087.3   
"FL",1895,39,4251.08   
"FL",1895,40,10173.3   
"FL",1895,41,100       
"FL",1896,31,157833.58 
"FL",1896,32,67044.78  
"FL",1896,34,72197.24  
"FL",1896,35,52236.49  
"FL",1896,36,227395.07 
"FL",1896,38,58870.49  
"FL",1896,39,3537.2    
"FL",1896,40,8750      
"FL",1897,31,187986.14 
"FL",1897,32,60177.21  
"FL",1897,33,2968.99   
"FL",1897,34,29658.6   
"FL",1897,35,30744.79  
"FL",1897,36,294243.12 
"FL",1897,38,60911.34  
"FL",1897,39,6174.93   
"FL",1897,40,8750      
"FL",1898,31,170574.81 
"FL",1898,32,59485.67  
"FL",1898,33,10154.83  
"FL",1898,34,29543.98  
"FL",1898,35,31543.74  
"FL",1898,36,211261.03 
"FL",1898,38,60331.62  
"FL",1898,39,5487.85   
"FL",1898,40,9791.67   
"FL",1898,41,75104.17  
"FL",1899,31,187559.56 
"FL",1899,32,77508.3   
"FL",1899,33,1339.41   
"FL",1899,34,36466.43  
"FL",1899,35,39186.46  
"FL",1899,36,295792.38 
"FL",1899,38,59200.42  
"FL",1899,39,5239.93   
"FL",1899,40,71946.78  
"FL",1899,41,25000     
"FL",1900,31,361380.05 
"FL",1900,32,69284.64  
"FL",1900,33,10271.38  
"FL",1900,34,24786.25  
"FL",1900,35,48745.66  
"FL",1900,36,207090.3  
"FL",1900,38,44437.9   
"FL",1900,39,3998.25   
"FL",1900,40,66921     
"FL",1900,41,100000    
"FL",1901,31,528723.76 
"FL",1901,32,113253.26 
"FL",1901,33,12202.68  
"FL",1901,34,41068.61  
"FL",1901,35,48914.17  
"FL",1901,36,292990.2  
"FL",1901,38,51791.18  
"FL",1901,39,15619.67  
"FL",1901,40,68776.5   
"FL",1902,31,341958.93 
"FL",1902,32,81187.14  
"FL",1902,33,13051.32  
"FL",1902,34,107293.65 
"FL",1902,35,32334.01  
"FL",1902,36,302160.61 
"FL",1902,38,123153.52 
"FL",1902,39,5744.16   
"FL",1902,40,53685     
"FL",1903,31,793833.06 
"FL",1903,32,733700.21 
"FL",1903,33,13304.19  
"FL",1903,34,163314.81 
"FL",1903,35,29821     
"FL",1903,36,361563.95 
"FL",1903,38,198620.42 
"FL",1903,39,53469.49  
"FL",1903,40,40707     
"FL",1904,31,378426.64 
"FL",1904,32,97221.4   
"FL",1904,33,12729.43  
"FL",1904,34,168731.16 
"FL",1904,35,85049.21  
"FL",1904,36,209924.46 
"FL",1904,38,316720.19 
"FL",1904,39,12336.36  
"FL",1904,40,18047     
"FL",1905,31,422800.44 
"FL",1905,32,103076.62 
"FL",1905,33,12969.89  
"FL",1905,34,262226.99 
"FL",1905,35,66950.38  
"FL",1905,36,393956.14 
"FL",1905,38,237855.84 
"FL",1905,39,32473.92  
"FL",1905,40,18047     
"FL",1905,41,100       
"FL",1906,31,616741.04 
"FL",1906,32,129016.97 
"FL",1906,34,226268.06 
"FL",1906,35,67782.28  
"FL",1906,36,321138.43 
"FL",1906,38,293969.15 
"FL",1906,39,25993.5   
"FL",1906,40,18047     
"FL",1907,31,437476.51 
"FL",1907,32,148145.3  
"FL",1907,33,16968.88  
"FL",1907,34,266867.66 
"FL",1907,35,42117.08  
"FL",1907,36,491612.45 
"FL",1907,38,357010.47 
"FL",1907,39,55907.35  
"FL",1907,40,18047     
"FL",1908,31,414270.29 
"FL",1908,32,147421.26 
"FL",1908,33,27952.77  
"FL",1908,34,290611.23 
"FL",1908,35,54641.74  
"FL",1908,36,347061.63 
"FL",1908,38,730835.31 
"FL",1908,39,10921.35  
"FL",1908,40,18047     
"FL",1909,31,507803.33 
"FL",1909,32,212488.31 
"FL",1909,33,32083.71  
"FL",1909,34,292874.85 
"FL",1909,35,122567.98 
"FL",1909,36,479373.41 
"FL",1909,38,721310.38 
"FL",1909,39,7644.25   
"FL",1909,40,18047     
"FL",1910,31,807500.66 
"FL",1910,32,191755.57 
"FL",1910,33,23627.48  
"FL",1910,34,288401.16 
"FL",1910,35,425704.11 
"FL",1910,36,410205.13 
"FL",1910,38,644606.52 
"FL",1910,39,6780.27   
"FL",1910,40,18047     
"FL",1911,31,575765.59 
"FL",1911,32,185014.01 
"FL",1911,33,30218.44  
"FL",1911,34,433658.52 
"FL",1911,35,566534.56 
"FL",1911,36,493952.26 
"FL",1911,38,616667.87 
"FL",1911,39,35433.88  
"FL",1911,40,18047     
"FL",1912,31,680970.83 
"FL",1912,32,217564.78 
"FL",1912,33,36347.62  
"FL",1912,34,362191.19 
"FL",1912,35,420149.67 
"FL",1912,36,520863.79 
"FL",1912,38,601827.56 
"FL",1912,39,16602.53  
"FL",1912,40,18047     
"FL",1913,31,839010.51 
"FL",1913,32,332832.11 
"FL",1913,33,37182.59  
"FL",1913,34,349270.49 
"FL",1913,35,309629.61 
"FL",1913,36,696619.45 
"FL",1913,38,618897.24 
"FL",1913,39,28328.05  
"FL",1913,40,18047     
"FL",1914,31,952321.66 
"FL",1914,32,242810.93 
"FL",1914,33,35310.52  
"FL",1914,34,358158.36 
"FL",1914,35,476947.1  
"FL",1914,36,562804.04 
"FL",1914,38,723587.51 
"FL",1914,39,24314.21  
"FL",1914,40,18047     
"FL",1915,31,801697.49 
"FL",1915,32,278696.12 
"FL",1915,33,35363.39  
"FL",1915,34,325574.91 
"FL",1915,35,606485.12 
"FL",1915,36,728691.47 
"FL",1915,38,745541.29 
"FL",1915,39,132253.63 
"FL",1915,40,18047     
"FL",1849,343,7699.78  
"FL",1849,360,16627.59 
"FL",1849,361,16552.83 
"FL",1849,363,6968     
"FL",1849,391,4392.4   
"FL",1849,399,3567.19  
"FL",1850,343,7451.24  
"FL",1850,345,400      
"FL",1850,362,4200     
"FL",1850,363,20496.8  
"FL",1850,366,100      
"FL",1850,391,5911.29  
"FL",1851,324,478.42   
"FL",1851,343,11877.93 
"FL",1851,345,250      
"FL",1851,351,414.68   
"FL",1851,360,18804.11 
"FL",1851,361,22901.07 
"FL",1851,363,3811.48  
"FL",1851,366,1000     
"FL",1851,367,500      
"FL",1851,391,6418.2   
"FL",1851,415,8000     
"FL",1852,290,151.9    
"FL",1852,294,980      
"FL",1852,311,29622.61 
"FL",1852,343,9470.25  
"FL",1852,345,4551.09  
"FL",1852,351,218.4    
"FL",1852,356,255      
"FL",1852,360,20000    
"FL",1852,363,11501.19 
"FL",1852,367,2500     
"FL",1852,391,4864.58  
"FL",1852,415,28640    
"FL",1853,311,6728.53  
"FL",1853,313,5015     
"FL",1853,345,26669.64 
"FL",1853,351,2399.11  
"FL",1853,391,15       
"FL",1853,393,27040    
"FL",1853,399,10       
"FL",1853,415,1.25     
"FL",1853,999,82931.9  
"FL",1854,311,9204     
"FL",1854,313,7000     
"FL",1854,345,4582.21  
"FL",1854,351,3383.44  
"FL",1854,415,32010.46 
"FL",1854,999,48372.6  
"FL",1855,311,462.4    
"FL",1855,313,1594.83  
"FL",1855,343,12216.22 
"FL",1855,345,2357.18  
"FL",1855,351,69617.14 
"FL",1855,356,548      
"FL",1855,360,4924.95  
"FL",1855,361,19971.08 
"FL",1855,363,28372.22 
"FL",1855,365,341.05   
"FL",1855,366,4530.31  
"FL",1855,391,3774.97  
"FL",1855,415,14220.84 
"FL",1856,311,3777.93  
"FL",1856,313,2907     
"FL",1856,343,11560.88 
"FL",1856,345,3225.78  
"FL",1856,351,93.36    
"FL",1856,356,467      
"FL",1856,360,8682     
"FL",1856,361,10860.19 
"FL",1856,363,28920.25 
"FL",1856,367,630.72   
"FL",1856,369,2608.43  
"FL",1856,391,5762.68  
"FL",1856,399,500      
"FL",1856,415,4477.63  
"FL",1857,311,7267.05  
"FL",1857,313,3935     
"FL",1857,323,1458.6   
"FL",1857,325,40830.17 
"FL",1857,343,11974.41 
"FL",1857,345,26449.26 
"FL",1857,356,546.5    
"FL",1857,360,6111.33  
"FL",1857,361,20287.51 
"FL",1857,363,37690.95 
"FL",1857,364,677      
"FL",1857,367,149.13   
"FL",1857,369,118.61   
"FL",1857,373,29020.79 
"FL",1857,391,5595.91  
"FL",1857,399,30       
"FL",1857,400,445.7    
"FL",1857,412,48927.49 
"FL",1857,415,3181.05  
"FL",1858,311,18255.59 
"FL",1858,313,7560.44  
"FL",1858,316,75       
"FL",1858,323,2.85     
"FL",1858,325,8672.46  
"FL",1858,343,8377.32  
"FL",1858,345,11156.05 
"FL",1858,356,499      
"FL",1858,360,4900     
"FL",1858,363,36464.69 
"FL",1858,364,3        
"FL",1858,367,1900.72  
"FL",1858,391,1998.35  
"FL",1858,400,10764.95 
"FL",1858,411,5000     
"FL",1859,311,34445.05 
"FL",1859,313,9885     
"FL",1859,323,2473.63  
"FL",1859,345,2992.95  
"FL",1859,356,1026.9   
"FL",1859,360,5983.57  
"FL",1859,361,22933.73 
"FL",1859,363,53241.48 
"FL",1859,365,400      
"FL",1859,366,100      
"FL",1859,367,1590.33  
"FL",1859,369,8724.22  
"FL",1859,391,4803.83  
"FL",1859,399,47.75    
"FL",1859,400,11234.3  
"FL",1859,411,5000     
"FL",1860,311,28698.21 
"FL",1860,313,11527.58 
"FL",1860,323,3036     
"FL",1860,325,1163.5   
"FL",1860,343,21818.87 
"FL",1860,345,923.98   
"FL",1860,356,634.7    
"FL",1860,360,6100     
"FL",1860,361,12957    
"FL",1860,363,56282.86 
"FL",1860,365,75.25    
"FL",1860,367,954.9    
"FL",1860,369,4289.9   
"FL",1860,391,7116.22  
"FL",1860,398,455.58   
"FL",1860,400,15514.28 
"FL",1860,411,5000     
"FL",1866,311,1465.85  
"FL",1866,313,3734.1   
"FL",1866,323,952.75   
"FL",1866,343,2507.19  
"FL",1866,345,3881.83  
"FL",1866,356,160      
"FL",1866,360,10569.74 
"FL",1866,361,28958.9  
"FL",1866,363,36427.95 
"FL",1866,367,460.25   
"FL",1866,369,3673.75  
"FL",1866,391,4326.79  
"FL",1866,400,4655     
"FL",1866,412,6648.82  
"FL",1866,415,27218.48 
"FL",1867,311,2721.95  
"FL",1867,313,10318.5  
"FL",1867,323,1719.65  
"FL",1867,325,2272.12  
"FL",1867,343,32749.26 
"FL",1867,345,1798.92  
"FL",1867,356,609.11   
"FL",1867,360,8212     
"FL",1867,361,29492.8  
"FL",1867,363,58401.72 
"FL",1867,367,1144.44  
"FL",1867,369,19633.34 
"FL",1867,391,5502.44  
"FL",1867,398,2648.5   
"FL",1867,399,559.14   
"FL",1867,400,2229     
"FL",1867,415,76484.95 
"FL",1868,311,10048.04 
"FL",1868,313,6007.67  
"FL",1868,323,1095.7   
"FL",1868,343,45215.01 
"FL",1868,345,1093.18  
"FL",1868,356,938.95   
"FL",1868,360,16022.8  
"FL",1868,361,71508.71 
"FL",1868,363,64236.78 
"FL",1868,364,60       
"FL",1868,367,646.79   
"FL",1868,369,10125.07 
"FL",1868,391,10947.96 
"FL",1868,392,1935     
"FL",1868,398,390.05   
"FL",1868,400,1872     
"FL",1868,411,418      
"FL",1868,412,1343.44  
"FL",1868,415,86320.85 
"FL",1869,311,4641.71  
"FL",1869,313,8667.22  
"FL",1869,323,1339.95  
"FL",1869,343,80119.13 
"FL",1869,345,23431.33 
"FL",1869,356,873.04   
"FL",1869,360,17328.13 
"FL",1869,361,66494.78 
"FL",1869,363,75267.53 
"FL",1869,364,1858.8   
"FL",1869,365,270.04   
"FL",1869,367,758.29   
"FL",1869,369,27817.09 
"FL",1869,381,300      
"FL",1869,391,19736.58 
"FL",1869,398,3000     
"FL",1869,399,20       
"FL",1869,400,13118.72 
"FL",1869,401,1018.68  
"FL",1869,412,47438.76 
"FL",1869,415,128061.83
"FL",1870,311,1829.65  
"FL",1870,313,5230     
"FL",1870,323,724.34   
"FL",1870,325,602.49   
"FL",1870,343,30136.18 
"FL",1870,345,1461.1   
"FL",1870,356,1050.75  
"FL",1870,360,7954     
"FL",1870,361,14632    
"FL",1870,363,43591.96 
"FL",1870,364,565      
"FL",1870,365,2788.86  
"FL",1870,366,500      
"FL",1870,367,4008.72  
"FL",1870,369,4478.45  
"FL",1870,391,4868.71  
"FL",1870,398,239.72   
"FL",1870,399,6667.09  
"FL",1870,400,7514.83  
"FL",1870,401,208.48   
"FL",1870,412,2644.38  
"FL",1870,415,66890.96 
"FL",1871,311,3680.66  
"FL",1871,313,500      
"FL",1871,323,150      
"FL",1871,325,125      
"FL",1871,343,11167.75 
"FL",1871,345,3828.19  
"FL",1871,356,44.5     
"FL",1871,360,9956.45  
"FL",1871,361,64491.96 
"FL",1871,363,22511.86 
"FL",1871,364,57.51    
"FL",1871,365,1222.16  
"FL",1871,366,1892.25  
"FL",1871,367,4447     
"FL",1871,369,9882     
"FL",1871,391,2579.25  
"FL",1871,398,370.66   
"FL",1871,399,1150     
"FL",1871,401,164.33   
"FL",1871,412,51698.16 
"FL",1871,415,8630.01  
"FL",1872,311,17580.76 
"FL",1872,313,12879    
"FL",1872,323,270      
"FL",1872,325,148      
"FL",1872,343,15764.5  
"FL",1872,345,1513     
"FL",1872,356,63.5     
"FL",1872,360,11626.83 
"FL",1872,361,31217.83 
"FL",1872,363,34992.9  
"FL",1872,364,389      
"FL",1872,365,976.07   
"FL",1872,367,589.9    
"FL",1872,369,8324.76  
"FL",1872,391,6651.68  
"FL",1872,399,1752     
"FL",1872,400,17983    
"FL",1872,411,1383     
"FL",1872,412,66351.76 
"FL",1872,415,14376.53 
"FL",1873,311,32496.4  
"FL",1873,313,6799.35  
"FL",1873,316,125      
"FL",1873,323,13561.41 
"FL",1873,325,1225     
"FL",1873,343,38081.27 
"FL",1873,345,4568.02  
"FL",1873,356,82.6     
"FL",1873,360,20601.32 
"FL",1873,361,62970.79 
"FL",1873,362,4386     
"FL",1873,363,119067.72
"FL",1873,365,10771.02 
"FL",1873,366,117.7    
"FL",1873,367,2399.54  
"FL",1873,368,938.31   
"FL",1873,369,29871.43 
"FL",1873,391,7751.32  
"FL",1873,399,1198     
"FL",1873,400,26866    
"FL",1873,401,19920.02 
"FL",1873,411,2988.1   
"FL",1873,412,201455.42
"FL",1873,415,3732.07  
"FL",1874,311,14389.11 
"FL",1874,313,5602.26  
"FL",1874,316,375      
"FL",1874,323,10980.65 
"FL",1874,325,100      
"FL",1874,343,27036.65 
"FL",1874,345,1310.25  
"FL",1874,356,144.8    
"FL",1874,360,18166.02 
"FL",1874,361,64008.93 
"FL",1874,362,215.2    
"FL",1874,363,98004.19 
"FL",1874,365,21868.87 
"FL",1874,366,220.86   
"FL",1874,367,5920.25  
"FL",1874,369,9183.9   
"FL",1874,391,6187.67  
"FL",1874,398,691.94   
"FL",1874,399,1546.23  
"FL",1874,400,56612.07 
"FL",1874,401,21976.18 
"FL",1874,411,22293.11 
"FL",1874,412,11488    
"FL",1874,415,3617.88  
"FL",1875,311,3817.74  
"FL",1875,313,800      
"FL",1875,323,11085.5  
"FL",1875,325,650      
"FL",1875,343,24919.33 
"FL",1875,345,620.11   
"FL",1875,356,280      
"FL",1875,360,21702.89 
"FL",1875,361,63216.74 
"FL",1875,362,228.05   
"FL",1875,363,100412.47
"FL",1875,364,76.2     
"FL",1875,365,30116.7  
"FL",1875,367,4507.91  
"FL",1875,369,9885.32  
"FL",1875,391,5959.64  
"FL",1875,398,1645.55  
"FL",1875,399,343.2    
"FL",1875,400,80750.8  
"FL",1875,401,1370.55  
"FL",1875,411,5290.75  
"FL",1875,412,55       
"FL",1875,415,1195.63  
"FL",1876,311,1592.45  
"FL",1876,323,4630.01  
"FL",1876,343,9761.01  
"FL",1876,345,954.53   
"FL",1876,356,84.6     
"FL",1876,360,13459.76 
"FL",1876,361,11772.31 
"FL",1876,363,74066.56 
"FL",1876,365,12862.07 
"FL",1876,367,899      
"FL",1876,369,8381.33  
"FL",1876,391,1881.22  
"FL",1876,398,150.15   
"FL",1876,399,40       
"FL",1876,400,82770.15 
"FL",1876,411,34106.95 
"FL",1876,415,75       
"FL",1877,311,19079.35 
"FL",1877,313,5734.38  
"FL",1877,316,500      
"FL",1877,323,21594.08 
"FL",1877,325,1106.74  
"FL",1877,343,33221.98 
"FL",1877,345,274.44   
"FL",1877,356,561.1    
"FL",1877,360,25900.22 
"FL",1877,361,53484.98 
"FL",1877,363,124200.92
"FL",1877,364,914.6    
"FL",1877,365,34723.54 
"FL",1877,367,1274.58  
"FL",1877,369,11139.6  
"FL",1877,391,2428.39  
"FL",1877,398,1467.71  
"FL",1877,400,72564.13 
"FL",1877,411,25743.5  
"FL",1877,412,275.14   
"FL",1878,311,24972.65 
"FL",1878,313,9398.75  
"FL",1878,323,15359.98 
"FL",1878,343,7549.86  
"FL",1878,356,83       
"FL",1878,360,23388.35 
"FL",1878,361,375.21   
"FL",1878,363,73334.81 
"FL",1878,365,33941.06 
"FL",1878,367,1544.07  
"FL",1878,369,10481.07 
"FL",1878,391,4373.46  
"FL",1878,398,287.62   
"FL",1878,400,84222    
"FL",1878,411,15308    
"FL",1878,415,233.43   
"FL",1879,311,21962.23 
"FL",1879,313,4389.15  
"FL",1879,316,500      
"FL",1879,323,28432.56 
"FL",1879,325,3102     
"FL",1879,343,3942.45  
"FL",1879,356,288.2    
"FL",1879,360,19408.33 
"FL",1879,361,63920.3  
"FL",1879,363,88418.85 
"FL",1879,365,26600.09 
"FL",1879,366,868.8    
"FL",1879,367,1980.8   
"FL",1879,369,11092.22 
"FL",1879,391,3662.69  
"FL",1879,398,675.73   
"FL",1879,400,71411.75 
"FL",1879,411,5773.75  
"FL",1879,412,51.82    
"FL",1880,311,26486.73 
"FL",1880,313,5596.32  
"FL",1880,323,19467.62 
"FL",1880,325,704.7    
"FL",1880,343,470.35   
"FL",1880,356,220      
"FL",1880,360,19200    
"FL",1880,363,98567.43 
"FL",1880,364,241.2    
"FL",1880,365,23306.95 
"FL",1880,366,75.2     
"FL",1880,367,1320.92  
"FL",1880,369,8837.41  
"FL",1880,391,2135.66  
"FL",1880,393,5        
"FL",1880,398,525.22   
"FL",1880,399,300      
"FL",1880,400,73467.67 
"FL",1880,411,615.78   
"FL",1882,313,17205.98 
"FL",1882,323,27177.92 
"FL",1882,325,456.14   
"FL",1882,343,49.71    
"FL",1882,356,250      
"FL",1882,360,18737    
"FL",1882,363,78247.98 
"FL",1882,365,22566.14 
"FL",1882,366,137.12   
"FL",1882,367,2278.91  
"FL",1882,369,16498.77 
"FL",1882,391,4549.39  
"FL",1882,398,620.88   
"FL",1882,400,118123.72
"FL",1882,411,31565.15 
"FL",1883,311,1573.15  
"FL",1883,313,473.65   
"FL",1883,323,32843.3  
"FL",1883,325,1007.97  
"FL",1883,343,565.62   
"FL",1883,345,50       
"FL",1883,351,988.35   
"FL",1883,356,200      
"FL",1883,360,20100    
"FL",1883,361,53823.58 
"FL",1883,363,86744.06 
"FL",1883,365,25150.81 
"FL",1883,366,582.7    
"FL",1883,367,2120.54  
"FL",1883,369,2544.35  
"FL",1883,381,17169.08 
"FL",1883,391,4085.18  
"FL",1883,398,531.22   
"FL",1883,399,725      
"FL",1883,400,81227.99 
"FL",1883,411,2395.31  
"FL",1884,310,31749.07 
"FL",1884,311,89753.5  
"FL",1884,313,13306.05 
"FL",1884,316,470      
"FL",1884,323,29835.72 
"FL",1884,343,548.12   
"FL",1884,356,410      
"FL",1884,360,19400    
"FL",1884,363,86636.97 
"FL",1884,364,160.4    
"FL",1884,365,18427.46 
"FL",1884,366,943.8    
"FL",1884,367,6594.06  
"FL",1884,369,7862.81  
"FL",1884,391,5102.56  
"FL",1884,398,722.03   
"FL",1884,400,87616.9  
"FL",1884,411,19622.22 
"FL",1885,310,18281.59 
"FL",1885,311,22673.45 
"FL",1885,313,12639.5  
"FL",1885,316,799.25   
"FL",1885,323,42189.44 
"FL",1885,325,620      
"FL",1885,343,7125     
"FL",1885,351,490      
"FL",1885,356,410      
"FL",1885,360,21905.55 
"FL",1885,361,45866.97 
"FL",1885,363,99154.91 
"FL",1885,365,26092.62 
"FL",1885,366,16.6     
"FL",1885,367,4914.86  
"FL",1885,369,18805.98 
"FL",1885,381,1777.5   
"FL",1885,391,3824.36  
"FL",1885,398,35793.03 
"FL",1885,399,4436.97  
"FL",1885,400,72452.45 
"FL",1887,310,73712.53 
"FL",1887,311,43423.65 
"FL",1887,313,22191.59 
"FL",1887,316,1633.8   
"FL",1887,323,34613.62 
"FL",1887,325,7003.3   
"FL",1887,337,3588.74  
"FL",1887,343,13715.82 
"FL",1887,345,4264.51  
"FL",1887,351,66.5     
"FL",1887,356,240      
"FL",1887,360,22471.8  
"FL",1887,361,70000    
"FL",1887,363,186460.48
"FL",1887,365,26555.71 
"FL",1887,367,1915.43  
"FL",1887,369,11762.64 
"FL",1887,381,9368.83  
"FL",1887,391,6627.45  
"FL",1887,398,21213.19 
"FL",1887,399,50       
"FL",1887,400,79954    
"FL",1887,412,7560     
"FL",1889,310,100831.85
"FL",1889,311,59272.25 
"FL",1889,313,4741.83  
"FL",1889,316,768.82   
"FL",1889,323,45299.97 
"FL",1889,325,255.4    
"FL",1889,337,9973.16  
"FL",1889,343,68913.24 
"FL",1889,345,2258.91  
"FL",1889,351,504.49   
"FL",1889,356,7293.46  
"FL",1889,360,1148.6   
"FL",1889,361,84413.85 
"FL",1889,362,510      
"FL",1889,363,165180.48
"FL",1889,364,127.8    
"FL",1889,365,43417.64 
"FL",1889,366,32.54    
"FL",1889,367,6282.5   
"FL",1889,369,7024.04  
"FL",1889,381,34486.38 
"FL",1889,391,7805.03  
"FL",1889,398,2262.15  
"FL",1889,399,250      
"FL",1889,400,64943    
"FL",1890,310,104617.9 
"FL",1890,311,60966.58 
"FL",1890,313,32235.18 
"FL",1890,316,799.75   
"FL",1890,323,42429.47 
"FL",1890,325,786.61   
"FL",1890,337,9184.02  
"FL",1890,343,74358.37 
"FL",1890,345,4666.22  
"FL",1890,351,8877.52  
"FL",1890,356,27897.34 
"FL",1890,361,5500     
"FL",1890,362,720      
"FL",1890,363,156378.6 
"FL",1890,365,39365.74 
"FL",1890,367,2989.06  
"FL",1890,369,24042.17 
"FL",1890,381,29882.83 
"FL",1890,391,4695.36  
"FL",1890,393,250      
"FL",1890,398,936.63   
"FL",1890,400,65026    
"FL",1891,310,101432.9 
"FL",1891,311,51212.27 
"FL",1891,313,11683.82 
"FL",1891,316,730.97   
"FL",1891,323,68397.54 
"FL",1891,325,131.3    
"FL",1891,337,4690.73  
"FL",1891,343,85493.15 
"FL",1891,345,6517.6   
"FL",1891,351,12224.26 
"FL",1891,356,31640.41 
"FL",1891,361,59976.18 
"FL",1891,363,147048.73
"FL",1891,365,64115.98 
"FL",1891,366,91.97    
"FL",1891,367,3738.38  
"FL",1891,369,35628.38 
"FL",1891,381,36598.77 
"FL",1891,391,4218.51  
"FL",1891,398,1227.42  
"FL",1891,400,1747.91  
"FL",1892,310,85235.25 
"FL",1892,311,56522.16 
"FL",1892,313,5807     
"FL",1892,316,1492.47  
"FL",1892,323,48454.12 
"FL",1892,325,35       
"FL",1892,343,99049.46 
"FL",1892,345,10961.13 
"FL",1892,351,13489.49 
"FL",1892,356,36906.69 
"FL",1892,360,19150.03 
"FL",1892,361,1.55     
"FL",1892,362,1440     
"FL",1892,363,172422.99
"FL",1892,365,55649.36 
"FL",1892,366,153.78   
"FL",1892,367,3383.5   
"FL",1892,369,2653.99  
"FL",1892,381,37840.96 
"FL",1892,391,3778.16  
"FL",1892,398,1006.22  
"FL",1892,400,8750     
"FL",1893,310,95135.28 
"FL",1893,311,50748.69 
"FL",1893,313,7807     
"FL",1893,316,1117.5   
"FL",1893,322,96.67    
"FL",1893,323,53815.02 
"FL",1893,343,91920.95 
"FL",1893,345,5177.83  
"FL",1893,351,12149.22 
"FL",1893,356,26929.12 
"FL",1893,360,20675    
"FL",1893,361,65002.29 
"FL",1893,362,720      
"FL",1893,363,138427.01
"FL",1893,364,177.8    
"FL",1893,365,58790.99 
"FL",1893,366,110.97   
"FL",1893,367,3054.07  
"FL",1893,369,9022.18  
"FL",1893,381,40873.03 
"FL",1893,391,4453.66  
"FL",1893,398,1067.66  
"FL",1893,399,576.16   
"FL",1893,400,8750     
"FL",1894,310,103254.95
"FL",1894,311,53110.51 
"FL",1894,313,9807     
"FL",1894,315,503.83   
"FL",1894,316,300      
"FL",1894,322,370.57   
"FL",1894,323,47002.33 
"FL",1894,343,98262.86 
"FL",1894,345,8814.73  
"FL",1894,351,11732.92 
"FL",1894,356,32297.59 
"FL",1894,360,21262.5  
"FL",1894,362,570      
"FL",1894,363,126945.7 
"FL",1894,365,55419.69 
"FL",1894,366,138.86   
"FL",1894,367,3818.51  
"FL",1894,369,47091.58 
"FL",1894,381,50911.35 
"FL",1894,391,2497.06  
"FL",1894,398,819.83   
"FL",1894,400,8750     
"FL",1895,310,130489.87
"FL",1895,311,55402.63 
"FL",1895,313,15507    
"FL",1895,316,621.85   
"FL",1895,322,454.14   
"FL",1895,323,67038.72 
"FL",1895,325,500      
"FL",1895,343,64016.17 
"FL",1895,345,10929.25 
"FL",1895,351,11001.09 
"FL",1895,353,290      
"FL",1895,356,16667.71 
"FL",1895,360,22350    
"FL",1895,361,70000    
"FL",1895,362,720      
"FL",1895,363,100063.87
"FL",1895,365,48978.14 
"FL",1895,366,17       
"FL",1895,367,3793.46  
"FL",1895,368,389.07   
"FL",1895,369,25171.71 
"FL",1895,381,55087.3  
"FL",1895,391,3052.36  
"FL",1895,398,1198.72  
"FL",1895,400,10173.3  
"FL",1895,412,100      
"FL",1896,310,79618.72 
"FL",1896,311,56077.61 
"FL",1896,313,21207    
"FL",1896,316,930.25   
"FL",1896,322,436.89   
"FL",1896,323,66497.89 
"FL",1896,325,110      
"FL",1896,343,60503.23 
"FL",1896,345,11694.01 
"FL",1896,351,9886.47  
"FL",1896,356,42350.02 
"FL",1896,360,23550    
"FL",1896,362,720      
"FL",1896,363,104538.45
"FL",1896,365,57010.12 
"FL",1896,366,82.7     
"FL",1896,367,3021.88  
"FL",1896,368,795.35   
"FL",1896,369,37676.57 
"FL",1896,381,58870.49 
"FL",1896,391,2945.37  
"FL",1896,398,591.83   
"FL",1896,400,8750     
"FL",1897,310,100653.04
"FL",1897,311,62905.63 
"FL",1897,313,23609.06 
"FL",1897,316,818.41   
"FL",1897,322,443.83   
"FL",1897,323,58940.08 
"FL",1897,325,793.3    
"FL",1897,337,2968.99  
"FL",1897,343,12715.52 
"FL",1897,345,16943.08 
"FL",1897,351,4942.62  
"FL",1897,356,25802.17 
"FL",1897,360,27337.5  
"FL",1897,361,71560.33 
"FL",1897,362,360      
"FL",1897,363,105107.23
"FL",1897,364,150.4    
"FL",1897,365,54732.93 
"FL",1897,366,47.08    
"FL",1897,367,4324.33  
"FL",1897,368,2188.91  
"FL",1897,369,28434.41 
"FL",1897,381,60911.34 
"FL",1897,391,4523.32  
"FL",1897,398,1300.35  
"FL",1897,399,351.26   
"FL",1897,400,8750     
"FL",1898,310,90315.55 
"FL",1898,311,58658.39 
"FL",1898,313,20800.92 
"FL",1898,316,799.95   
"FL",1898,322,817.9    
"FL",1898,323,58667.77 
"FL",1898,337,10154.83 
"FL",1898,343,16451.91 
"FL",1898,345,13092.07 
"FL",1898,351,1064.64  
"FL",1898,356,30479.1  
"FL",1898,360,33050    
"FL",1898,363,94687.2  
"FL",1898,365,55152.64 
"FL",1898,366,80.63    
"FL",1898,367,3640.39  
"FL",1898,369,24650.17 
"FL",1898,381,60331.62 
"FL",1898,391,4750.76  
"FL",1898,398,737.09   
"FL",1898,400,9791.67  
"FL",1898,413,75104.17 
"FL",1899,310,93906.15 
"FL",1899,311,66253.05 
"FL",1899,313,26727.21 
"FL",1899,316,673.15   
"FL",1899,322,1066.9   
"FL",1899,323,71716.35 
"FL",1899,325,4725.05  
"FL",1899,337,1339.41  
"FL",1899,343,24529.23 
"FL",1899,345,11937.2  
"FL",1899,351,1057.46  
"FL",1899,356,38129    
"FL",1899,360,16000    
"FL",1899,361,65016.47 
"FL",1899,363,135081   
"FL",1899,365,52140.01 
"FL",1899,366,1015.58  
"FL",1899,367,2872.47  
"FL",1899,368,3618.59  
"FL",1899,369,20048.26 
"FL",1899,381,59200.42 
"FL",1899,391,4067.7   
"FL",1899,398,1147.23  
"FL",1899,399,25       
"FL",1899,400,71946.78 
"FL",1899,413,25000    
"FL",1900,310,95548.1  
"FL",1900,311,239939.35
"FL",1900,313,25647.9  
"FL",1900,316,244.7    
"FL",1900,322,800.96   
"FL",1900,323,68411.83 
"FL",1900,325,71.85    
"FL",1900,337,10271.38 
"FL",1900,343,16423.25 
"FL",1900,345,8363     
"FL",1900,351,849.34   
"FL",1900,356,47896.32 
"FL",1900,360,32009.7  
"FL",1900,363,96461.41 
"FL",1900,365,48309.25 
"FL",1900,367,3603.74  
"FL",1900,368,3938.3   
"FL",1900,369,22767.9  
"FL",1900,381,44437.9  
"FL",1900,391,3316.43  
"FL",1900,398,681.82   
"FL",1900,400,66921    
"FL",1900,413,100000   
"FL",1901,310,91930.58 
"FL",1901,311,352636.63
"FL",1901,313,83429.1  
"FL",1901,316,727.45   
"FL",1901,322,1011.16  
"FL",1901,323,99726.7  
"FL",1901,325,12515.4  
"FL",1901,337,12202.68 
"FL",1901,343,23122.13 
"FL",1901,345,17946.48 
"FL",1901,351,2093.49  
"FL",1901,356,46820.68 
"FL",1901,360,32749.68 
"FL",1901,361,62966.46 
"FL",1901,363,110063.96
"FL",1901,364,182.4    
"FL",1901,365,55345.67 
"FL",1901,366,438.69   
"FL",1901,367,8655.98  
"FL",1901,368,5595.71  
"FL",1901,369,16991.65 
"FL",1901,381,51791.18 
"FL",1901,391,6702.82  
"FL",1901,398,1416.85  
"FL",1901,399,7500     
"FL",1901,400,68776.5  
"FL",1902,310,100720.9 
"FL",1902,311,167232.07
"FL",1902,313,73265.37 
"FL",1902,316,740.59   
"FL",1902,323,79735.74 
"FL",1902,325,1451.4   
"FL",1902,337,13051.32 
"FL",1902,343,102969.14
"FL",1902,345,4324.51  
"FL",1902,351,3157.04  
"FL",1902,356,29176.97 
"FL",1902,360,33815.51 
"FL",1902,363,118480.48
"FL",1902,365,55418.18 
"FL",1902,366,12       
"FL",1902,367,77422    
"FL",1902,368,4833.91  
"FL",1902,369,12178.53 
"FL",1902,381,123153.52
"FL",1902,391,4736.95  
"FL",1902,398,1007.21  
"FL",1902,400,53685    
"FL",1903,310,99785.5  
"FL",1903,311,563913.95
"FL",1903,313,129606.86
"FL",1903,316,526.75   
"FL",1903,322,1252.27  
"FL",1903,323,73039.32 
"FL",1903,325,659408.62
"FL",1903,337,13304.19 
"FL",1903,343,130488.15
"FL",1903,345,32826.66 
"FL",1903,351,1455.45  
"FL",1903,356,28365.55 
"FL",1903,360,36406.65 
"FL",1903,361,75837.96 
"FL",1903,363,123202.68
"FL",1903,365,54123.69 
"FL",1903,367,44665.09 
"FL",1903,368,6145.16  
"FL",1903,369,21182.72 
"FL",1903,381,198620.42
"FL",1903,391,7567.32  
"FL",1903,398,19240.9  
"FL",1903,399,26661.27 
"FL",1903,400,40707    
"FL",1904,310,121019.4 
"FL",1904,311,175905.39
"FL",1904,313,80748.71 
"FL",1904,316,753.14   
"FL",1904,322,87368.69 
"FL",1904,325,9852.71  
"FL",1904,337,12729.43 
"FL",1904,343,139591.6 
"FL",1904,345,29139.56 
"FL",1904,351,53073.48 
"FL",1904,356,31975.73 
"FL",1904,360,42520    
"FL",1904,361,5130     
"FL",1904,363,127686.1 
"FL",1904,365,4201.56  
"FL",1904,366,14.25    
"FL",1904,367,6074.23  
"FL",1904,368,6321.2   
"FL",1904,369,17977.12 
"FL",1904,381,316720.19
"FL",1904,391,7006.8   
"FL",1904,398,5309.56  
"FL",1904,399,20       
"FL",1904,400,18047    
"FL",1905,310,155266.75
"FL",1905,311,134861.63
"FL",1905,313,131884.61
"FL",1905,316,787.45   
"FL",1905,323,100711.8 
"FL",1905,325,2364.82  
"FL",1905,337,12969.89 
"FL",1905,343,245449.5 
"FL",1905,344,265.75   
"FL",1905,345,16511.74 
"FL",1905,351,3890.51  
"FL",1905,356,63059.87 
"FL",1905,360,26693.3  
"FL",1905,361,83860.28 
"FL",1905,362,18970.83 
"FL",1905,363,139187.89
"FL",1905,364,349.8    
"FL",1905,365,57598.95 
"FL",1905,366,12       
"FL",1905,367,7762.27  
"FL",1905,368,5763.33  
"FL",1905,369,53757.49 
"FL",1905,381,237855.84
"FL",1905,391,9364.85  
"FL",1905,398,6109.07  
"FL",1905,399,17000    
"FL",1905,400,18047    
"FL",1905,412,100      
"FL",1906,310,242712.48
"FL",1906,311,223759.55
"FL",1906,313,149519.01
"FL",1906,316,750      
"FL",1906,322,407.37   
"FL",1906,323,126744.45
"FL",1906,325,1865.15  
"FL",1906,343,186818.04
"FL",1906,344,1423.75  
"FL",1906,345,38026.27 
"FL",1906,351,2979.3   
"FL",1906,356,64802.98 
"FL",1906,360,33438.22 
"FL",1906,361,640      
"FL",1906,362,20000    
"FL",1906,363,142954.38
"FL",1906,365,66147.62 
"FL",1906,367,26755.13 
"FL",1906,368,7363.24  
"FL",1906,369,23839.84 
"FL",1906,381,293969.15
"FL",1906,391,6093.58  
"FL",1906,398,2899.92  
"FL",1906,399,17000    
"FL",1906,400,18047    
"FL",1907,310,197870.05
"FL",1907,311,131379.55
"FL",1907,313,108226.91
"FL",1907,322,723.45   
"FL",1907,323,141743.65
"FL",1907,325,5678.2   
"FL",1907,337,16968.88 
"FL",1907,343,241565.14
"FL",1907,344,4145.41  
"FL",1907,345,21157.11 
"FL",1907,351,5759.35  
"FL",1907,356,36357.73 
"FL",1907,360,35227.21 
"FL",1907,361,84871.03 
"FL",1907,362,20000    
"FL",1907,363,193043.64
"FL",1907,365,98829.57 
"FL",1907,366,10.25    
"FL",1907,367,12197.23 
"FL",1907,368,7776.03  
"FL",1907,369,39657.49 
"FL",1907,381,357010.47
"FL",1907,391,10100.52 
"FL",1907,393,15000    
"FL",1907,398,28290.18 
"FL",1907,399,2516.65  
"FL",1907,400,18047    
"FL",1908,310,282140.52
"FL",1908,311,50006.33 
"FL",1908,313,82123.44 
"FL",1908,322,1116.77  
"FL",1908,323,139142.3 
"FL",1908,325,7162.19  
"FL",1908,337,27952.77 
"FL",1908,343,254067.13
"FL",1908,344,10327.36 
"FL",1908,345,26216.74 
"FL",1908,351,19822.17 
"FL",1908,356,34819.57 
"FL",1908,360,38155.29 
"FL",1908,362,20000    
"FL",1908,363,158773.8 
"FL",1908,365,92332.33 
"FL",1908,366,47.6     
"FL",1908,367,6931.13  
"FL",1908,368,9052.35  
"FL",1908,369,21769.13 
"FL",1908,381,730835.31
"FL",1908,391,7200.01  
"FL",1908,398,3719.89  
"FL",1908,399,1.45     
"FL",1908,400,18047    
"FL",1909,310,232274.61
"FL",1909,311,128433.1 
"FL",1909,313,146996.57
"FL",1909,316,99.05    
"FL",1909,322,3836.55  
"FL",1909,323,197413.9 
"FL",1909,325,11237.86 
"FL",1909,337,32083.71 
"FL",1909,343,230906.47
"FL",1909,344,10268.48 
"FL",1909,345,51699.9  
"FL",1909,351,11607.97 
"FL",1909,354,5080.74  
"FL",1909,356,105879.27
"FL",1909,360,40175.79 
"FL",1909,361,83138.36 
"FL",1909,362,20000    
"FL",1909,363,167380.6 
"FL",1909,364,192      
"FL",1909,365,114820.13
"FL",1909,366,17       
"FL",1909,367,9827.52  
"FL",1909,368,7143.82  
"FL",1909,369,36678.19 
"FL",1909,381,721310.38
"FL",1909,391,3873.93  
"FL",1909,398,3770.32  
"FL",1909,400,18047    
"FL",1910,310,168725.84
"FL",1910,311,307622.14
"FL",1910,313,330776.18
"FL",1910,316,376.5    
"FL",1910,323,187063.39
"FL",1910,325,4692.18  
"FL",1910,337,23627.48 
"FL",1910,343,237122.08
"FL",1910,344,13924.94 
"FL",1910,345,37354.14 
"FL",1910,351,20043.76 
"FL",1910,354,331941.31
"FL",1910,356,73719.04 
"FL",1910,360,40044.25 
"FL",1910,362,20000    
"FL",1910,363,172240.27
"FL",1910,365,113334.5 
"FL",1910,367,35012.84 
"FL",1910,368,6261.68  
"FL",1910,369,23311.59 
"FL",1910,381,644606.52
"FL",1910,391,3871.02  
"FL",1910,398,2909.25  
"FL",1910,400,18047    
"FL",1911,310,181623.41
"FL",1911,311,150737.73
"FL",1911,313,242313.45
"FL",1911,316,1091     
"FL",1911,320,168      
"FL",1911,323,178451.8 
"FL",1911,325,6394.21  
"FL",1911,337,30218.44 
"FL",1911,343,364907.21
"FL",1911,344,16274.32 
"FL",1911,345,52476.99 
"FL",1911,351,14116.04 
"FL",1911,354,454514.08
"FL",1911,356,97904.44 
"FL",1911,360,42187.86 
"FL",1911,361,93125.82 
"FL",1911,362,20344.32 
"FL",1911,363,178132.37
"FL",1911,365,107653.68
"FL",1911,367,17777.51 
"FL",1911,368,6585.88  
"FL",1911,369,28144.82 
"FL",1911,381,616667.87
"FL",1911,391,7078.35  
"FL",1911,398,4380.34  
"FL",1911,399,23975.19 
"FL",1911,400,18047    
"FL",1912,310,194407.78
"FL",1912,311,147765.81
"FL",1912,313,338797.24
"FL",1912,323,211466.28
"FL",1912,325,6098.5   
"FL",1912,337,36347.62 
"FL",1912,343,296843.76
"FL",1912,344,11397.68 
"FL",1912,345,53949.75 
"FL",1912,350,1410     
"FL",1912,351,38944.61 
"FL",1912,354,244151.7 
"FL",1912,356,135643.36
"FL",1912,360,48257.57 
"FL",1912,361,7636.9   
"FL",1912,362,20796.69 
"FL",1912,363,229957.43
"FL",1912,365,123088.91
"FL",1912,367,56362.44 
"FL",1912,368,7314.72  
"FL",1912,369,27449.13 
"FL",1912,381,601827.56
"FL",1912,391,4054.37  
"FL",1912,398,4717.21  
"FL",1912,399,7830.95  
"FL",1912,400,18047    
"FL",1913,310,208187.51
"FL",1913,311,280160.46
"FL",1913,313,350662.54
"FL",1913,323,301118.11
"FL",1913,325,31714    
"FL",1913,337,37182.59 
"FL",1913,343,257828.12
"FL",1913,344,16754.93 
"FL",1913,345,74687.44 
"FL",1913,351,30116.1  
"FL",1913,354,182959.15
"FL",1913,356,96554.36 
"FL",1913,360,50680.29 
"FL",1913,361,102724.97
"FL",1913,362,23659.89 
"FL",1913,363,229790.8 
"FL",1913,364,365.8    
"FL",1913,365,122154.47
"FL",1913,367,111348.81
"FL",1913,368,16058.25 
"FL",1913,369,39836.17 
"FL",1913,381,618897.24
"FL",1913,391,6556.67  
"FL",1913,398,7723.16  
"FL",1913,399,14048.22 
"FL",1913,400,18047    
"FL",1914,310,224263.14
"FL",1914,311,415727.94
"FL",1914,313,312030.58
"FL",1914,316,300      
"FL",1914,323,236517.43
"FL",1914,325,6293.5   
"FL",1914,337,35310.52 
"FL",1914,343,292179.11
"FL",1914,344,21495.32 
"FL",1914,345,44483.93 
"FL",1914,351,91804.29 
"FL",1914,354,260055.08
"FL",1914,356,125087.73
"FL",1914,360,57415.06 
"FL",1914,361,846.29   
"FL",1914,362,27600    
"FL",1914,363,246913.08
"FL",1914,365,136979.06
"FL",1914,367,36093.19 
"FL",1914,368,19531.25 
"FL",1914,369,37426.11 
"FL",1914,381,723587.51
"FL",1914,391,12473.26 
"FL",1914,398,5746.42  
"FL",1914,399,6094.53  
"FL",1914,400,18047    
"FL",1915,310,278694.62
"FL",1915,311,259196.2 
"FL",1915,313,261837.82
"FL",1915,316,1968.85  
"FL",1915,323,271345.6 
"FL",1915,325,7350.52  
"FL",1915,331,3710.16  
"FL",1915,337,31653.23 
"FL",1915,343,227385.66
"FL",1915,344,33933.09 
"FL",1915,345,64256.16 
"FL",1915,350,27600    
"FL",1915,351,106196.98
"FL",1915,354,313447.23
"FL",1915,356,159240.91
"FL",1915,360,59872.5  
"FL",1915,361,90326.57 
"FL",1915,363,291378.97
"FL",1915,364,767.55   
"FL",1915,365,146996.01
"FL",1915,366,24       
"FL",1915,367,31150.5  
"FL",1915,368,14393.54 
"FL",1915,369,93781.83 
"FL",1915,381,745541.29
"FL",1915,391,11988.03 
"FL",1915,398,101600.61
"FL",1915,399,18664.99 
"FL",1915,400,18047    
