"TX",1848,3,199182   
"TX",1851,3,267940   
"TX",1853,3,1397344  
"TX",1855,3,735048   
"TX",1857,3,1084459  
"TX",1859,3,1233322  
"TX",1864,3,3768616  
"TX",1866,3,195847   
"TX",1868,3,353287   
"TX",1869,3,556405   
"TX",1870,3,587969   
"TX",1871,3,1239264  
"TX",1872,3,1917341  
"TX",1873,3,1383430  
"TX",1874,3,2274274  
"TX",1875,3,1914404  
"TX",1876,3,1937515  
"TX",1877,3,1785498  
"TX",1878,3,1862375  
"TX",1879,3,2534009  
"TX",1880,3,2889110  
"TX",1881,3,2448672  
"TX",1882,3,3574721  
"TX",1883,3,3851902  
"TX",1884,3,3314325  
"TX",1885,3,3997857  
"TX",1886,3,4073590  
"TX",1887,3,4301768  
"TX",1888,3,4657658  
"TX",1889,3,4641758  
"TX",1890,3,4271354  
"TX",1891,3,4936177  
"TX",1892,3,5223972  
"TX",1893,3,5643015  
"TX",1894,3,5142113  
"TX",1895,3,4954992  
"TX",1896,3,5170302  
"TX",1897,3,4536089  
"TX",1848,30,38666   
"TX",1848,31,0       
"TX",1848,32,20647   
"TX",1848,34,9343    
"TX",1848,36,123936  
"TX",1848,39,6590    
"TX",1848,41,0       
"TX",1851,30,41744   
"TX",1851,31,0       
"TX",1851,32,14214   
"TX",1851,34,14404   
"TX",1851,36,167325  
"TX",1851,39,30253   
"TX",1851,41,0       
"TX",1853,30,35772   
"TX",1853,31,0       
"TX",1853,32,41616   
"TX",1853,34,87589   
"TX",1853,36,371192  
"TX",1853,39,42205   
"TX",1853,41,818970  
"TX",1855,30,70921   
"TX",1855,31,27136   
"TX",1855,32,57588   
"TX",1855,34,7643    
"TX",1855,36,311546  
"TX",1855,39,38028   
"TX",1855,41,222186  
"TX",1857,30,84533   
"TX",1857,31,201255  
"TX",1857,32,96336   
"TX",1857,34,75989   
"TX",1857,36,396097  
"TX",1857,39,108674  
"TX",1857,41,121575  
"TX",1859,30,100534  
"TX",1859,31,238024  
"TX",1859,32,51683   
"TX",1859,34,103533  
"TX",1859,36,419203  
"TX",1859,39,234613  
"TX",1859,41,85732   
"TX",1864,30,49382   
"TX",1864,31,39863   
"TX",1864,32,1495400 
"TX",1864,34,1635233 
"TX",1864,36,279209  
"TX",1864,39,156330  
"TX",1864,41,113199  
"TX",1866,30,18843   
"TX",1866,31,0       
"TX",1866,32,26505   
"TX",1866,34,0       
"TX",1866,36,123684  
"TX",1866,39,26815   
"TX",1866,41,0       
"TX",1868,30,44952   
"TX",1868,31,2083    
"TX",1868,32,50633   
"TX",1868,34,0       
"TX",1868,36,254742  
"TX",1868,39,877     
"TX",1868,41,0       
"TX",1869,30,42410   
"TX",1869,31,3342    
"TX",1869,32,163222  
"TX",1869,34,0       
"TX",1869,36,334084  
"TX",1869,39,12727   
"TX",1869,41,620     
"TX",1870,30,59818   
"TX",1870,31,223     
"TX",1870,32,66565   
"TX",1870,34,0       
"TX",1870,36,441117  
"TX",1870,39,20246   
"TX",1870,41,0       
"TX",1871,30,91829   
"TX",1871,31,32383   
"TX",1871,32,104628  
"TX",1871,34,405645  
"TX",1871,36,568256  
"TX",1871,39,29775   
"TX",1871,41,6748    
"TX",1872,30,89828   
"TX",1872,31,599393  
"TX",1872,32,93693   
"TX",1872,34,429779  
"TX",1872,36,554223  
"TX",1872,39,37481   
"TX",1872,41,112944  
"TX",1873,30,111474  
"TX",1873,31,189977  
"TX",1873,32,129489  
"TX",1873,34,224500  
"TX",1873,36,619271  
"TX",1873,39,34438   
"TX",1873,41,74281   
"TX",1874,30,133326  
"TX",1874,31,796510  
"TX",1874,32,199753  
"TX",1874,34,192915  
"TX",1874,36,693526  
"TX",1874,39,98777   
"TX",1874,41,159467  
"TX",1875,30,102392  
"TX",1875,31,661134  
"TX",1875,32,126025  
"TX",1875,34,280247  
"TX",1875,36,504605  
"TX",1875,39,35304   
"TX",1875,41,204697  
"TX",1876,30,106268  
"TX",1876,31,637933  
"TX",1876,32,148807  
"TX",1876,34,165961  
"TX",1876,36,523466  
"TX",1876,39,14023   
"TX",1876,41,341057  
"TX",1877,30,123711  
"TX",1877,31,579974  
"TX",1877,32,172800  
"TX",1877,34,162438  
"TX",1877,36,273987  
"TX",1877,39,42393   
"TX",1877,41,430195  
"TX",1878,30,119180  
"TX",1878,31,727769  
"TX",1878,32,252310  
"TX",1878,34,165624  
"TX",1878,36,229486  
"TX",1878,39,4437    
"TX",1878,41,363569  
"TX",1879,30,116288  
"TX",1879,31,1003584 
"TX",1879,32,369997  
"TX",1879,34,187941  
"TX",1879,36,442395  
"TX",1879,39,26175   
"TX",1879,41,387629  
"TX",1880,30,126468  
"TX",1880,31,777728  
"TX",1880,32,160107  
"TX",1880,34,82234   
"TX",1880,36,410930  
"TX",1880,39,37061   
"TX",1880,41,1294582 
"TX",1881,30,120258  
"TX",1881,31,828192  
"TX",1881,32,149806  
"TX",1881,34,92076   
"TX",1881,36,483967  
"TX",1881,39,50537   
"TX",1881,41,723836  
"TX",1882,30,154619  
"TX",1882,31,966714  
"TX",1882,32,289177  
"TX",1882,34,28792   
"TX",1882,36,702845  
"TX",1882,39,112364  
"TX",1882,41,1320210 
"TX",1883,30,196960  
"TX",1883,31,1244933 
"TX",1883,32,591770  
"TX",1883,34,69534   
"TX",1883,36,612368  
"TX",1883,39,212395  
"TX",1883,41,923942  
"TX",1884,30,171786  
"TX",1884,31,1676129 
"TX",1884,32,546453  
"TX",1884,34,87143   
"TX",1884,36,617972  
"TX",1884,39,8504    
"TX",1884,41,206338  
"TX",1885,30,149456  
"TX",1885,31,2070647 
"TX",1885,32,471071  
"TX",1885,34,60678   
"TX",1885,36,817997  
"TX",1885,39,161371  
"TX",1885,41,266637  
"TX",1886,30,129583  
"TX",1886,31,2507659 
"TX",1886,32,388911  
"TX",1886,34,45739   
"TX",1886,36,707337  
"TX",1886,39,37585   
"TX",1886,41,256776  
"TX",1887,30,133266  
"TX",1887,31,2361180 
"TX",1887,32,509567  
"TX",1887,34,46723   
"TX",1887,36,952823  
"TX",1887,39,39179   
"TX",1887,41,259030  
"TX",1888,30,154040  
"TX",1888,31,2643522 
"TX",1888,32,529831  
"TX",1888,34,34794   
"TX",1888,36,1022126 
"TX",1888,39,11973   
"TX",1888,41,261372  
"TX",1889,30,199677  
"TX",1889,31,2434072 
"TX",1889,32,550524  
"TX",1889,34,34289   
"TX",1889,36,1152898 
"TX",1889,39,35513   
"TX",1889,41,234785  
"TX",1890,30,204990  
"TX",1890,31,2437946 
"TX",1890,32,551269  
"TX",1890,34,43149   
"TX",1890,36,736566  
"TX",1890,39,19852   
"TX",1890,41,277582  
"TX",1891,30,242735  
"TX",1891,31,2749524 
"TX",1891,32,678020  
"TX",1891,34,51227   
"TX",1891,36,901376  
"TX",1891,39,62784   
"TX",1891,41,250511  
"TX",1892,30,237973  
"TX",1892,31,2742956 
"TX",1892,32,694077  
"TX",1892,34,62445   
"TX",1892,36,982778  
"TX",1892,39,51695   
"TX",1892,41,452048  
"TX",1893,30,281724  
"TX",1893,31,3235798 
"TX",1893,32,638082  
"TX",1893,34,63116   
"TX",1893,36,1175635 
"TX",1893,39,21863   
"TX",1893,41,226797  
"TX",1894,30,217263  
"TX",1894,31,2710423 
"TX",1894,32,668694  
"TX",1894,34,68755   
"TX",1894,36,1184810 
"TX",1894,39,2309    
"TX",1894,41,289859  
"TX",1895,30,164506  
"TX",1895,31,2750561 
"TX",1895,32,631507  
"TX",1895,34,45545   
"TX",1895,36,1106872 
"TX",1895,39,33385   
"TX",1895,41,222616  
"TX",1896,30,163358  
"TX",1896,31,3105205 
"TX",1896,32,630325  
"TX",1896,34,30520   
"TX",1896,36,993262  
"TX",1896,39,27066   
"TX",1896,41,220566  
"TX",1897,30,162485  
"TX",1897,31,2412079 
"TX",1897,32,540980  
"TX",1897,34,31885   
"TX",1897,36,1128560 
"TX",1897,39,31619   
"TX",1897,41,228481  
"TX",1848,300,38666  
"TX",1848,310,0      
"TX",1848,320,20647  
"TX",1848,345,9343   
"TX",1848,361,43812  
"TX",1848,363,53654  
"TX",1848,365,11260  
"TX",1848,367,100    
"TX",1848,369,15110  
"TX",1848,398,6590   
"TX",1848,410,0      
"TX",1851,300,41744  
"TX",1851,310,0      
"TX",1851,320,14214  
"TX",1851,345,14404  
"TX",1851,361,64428  
"TX",1851,363,63601  
"TX",1851,365,16463  
"TX",1851,367,5995   
"TX",1851,369,16838  
"TX",1851,398,30253  
"TX",1851,410,0      
"TX",1853,300,35772  
"TX",1853,310,0      
"TX",1853,320,41616  
"TX",1853,345,87589  
"TX",1853,361,78418  
"TX",1853,363,72341  
"TX",1853,365,16370  
"TX",1853,367,183314 
"TX",1853,369,20749  
"TX",1853,398,42205  
"TX",1853,410,818970 
"TX",1855,300,70921  
"TX",1855,310,27136  
"TX",1855,320,57588  
"TX",1855,345,7643   
"TX",1855,361,76596  
"TX",1855,363,83156  
"TX",1855,365,35889  
"TX",1855,367,99115  
"TX",1855,369,16790  
"TX",1855,398,38028  
"TX",1855,410,222186 
"TX",1857,300,84533  
"TX",1857,310,201255 
"TX",1857,320,96336  
"TX",1857,345,75989  
"TX",1857,361,168908 
"TX",1857,363,101019 
"TX",1857,365,37916  
"TX",1857,367,43001  
"TX",1857,369,45253  
"TX",1857,398,108674 
"TX",1857,410,121575 
"TX",1859,300,100534 
"TX",1859,310,238024 
"TX",1859,320,51683  
"TX",1859,345,103533 
"TX",1859,361,124638 
"TX",1859,363,146902 
"TX",1859,365,39179  
"TX",1859,367,78225  
"TX",1859,369,30259  
"TX",1859,398,234613 
"TX",1859,410,85732  
"TX",1864,300,49382  
"TX",1864,310,39863  
"TX",1864,320,1495400
"TX",1864,345,1635233
"TX",1864,361,119979 
"TX",1864,363,84856  
"TX",1864,365,34866  
"TX",1864,367,29262  
"TX",1864,369,10246  
"TX",1864,398,156330 
"TX",1864,410,113199 
"TX",1866,300,18843  
"TX",1866,310,0      
"TX",1866,320,26505  
"TX",1866,345,0      
"TX",1866,361,67256  
"TX",1866,363,36148  
"TX",1866,365,14460  
"TX",1866,367,5521   
"TX",1866,369,299    
"TX",1866,398,26815  
"TX",1866,410,0      
"TX",1868,300,44952  
"TX",1868,310,2083   
"TX",1868,320,50633  
"TX",1868,345,0      
"TX",1868,361,112293 
"TX",1868,363,107477 
"TX",1868,365,20555  
"TX",1868,367,5925   
"TX",1868,369,8492   
"TX",1868,398,877    
"TX",1868,410,0      
"TX",1869,300,42410  
"TX",1869,310,3342   
"TX",1869,320,163222 
"TX",1869,345,0      
"TX",1869,361,174779 
"TX",1869,363,121420 
"TX",1869,365,25650  
"TX",1869,367,2830   
"TX",1869,369,9405   
"TX",1869,398,12727  
"TX",1869,410,620    
"TX",1870,300,59818  
"TX",1870,310,223    
"TX",1870,320,66565  
"TX",1870,345,0      
"TX",1870,361,279872 
"TX",1870,363,96544  
"TX",1870,365,29738  
"TX",1870,367,27288  
"TX",1870,369,7675   
"TX",1870,398,20246  
"TX",1870,410,0      
"TX",1871,300,91829  
"TX",1871,310,32383  
"TX",1871,320,104628 
"TX",1871,345,405645 
"TX",1871,361,256796 
"TX",1871,363,225600 
"TX",1871,365,31819  
"TX",1871,367,39041  
"TX",1871,369,15000  
"TX",1871,398,29775  
"TX",1871,410,6748   
"TX",1872,300,89828  
"TX",1872,310,599393 
"TX",1872,320,93693  
"TX",1872,345,429779 
"TX",1872,361,214444 
"TX",1872,363,246519 
"TX",1872,365,34084  
"TX",1872,367,10965  
"TX",1872,369,48211  
"TX",1872,398,37481  
"TX",1872,410,112944 
"TX",1873,300,111474 
"TX",1873,310,189977 
"TX",1873,320,129489 
"TX",1873,345,224500 
"TX",1873,361,283755 
"TX",1873,363,275813 
"TX",1873,365,35552  
"TX",1873,367,4753   
"TX",1873,369,19398  
"TX",1873,398,34438  
"TX",1873,410,74281  
"TX",1874,300,133326 
"TX",1874,310,796510 
"TX",1874,320,199753 
"TX",1874,345,192915 
"TX",1874,361,208556 
"TX",1874,363,364597 
"TX",1874,365,51700  
"TX",1874,367,13382  
"TX",1874,369,55291  
"TX",1874,398,98777  
"TX",1874,410,159467 
"TX",1875,300,102392 
"TX",1875,310,661134 
"TX",1875,320,126025 
"TX",1875,345,280247 
"TX",1875,361,131102 
"TX",1875,363,295186 
"TX",1875,365,39826  
"TX",1875,367,13603  
"TX",1875,369,24888  
"TX",1875,398,35304  
"TX",1875,410,204697 
"TX",1876,300,106268 
"TX",1876,310,637933 
"TX",1876,320,148807 
"TX",1876,345,165961 
"TX",1876,361,191348 
"TX",1876,363,263525 
"TX",1876,365,40628  
"TX",1876,367,9763   
"TX",1876,369,18202  
"TX",1876,398,14023  
"TX",1876,410,341057 
"TX",1877,300,123711 
"TX",1877,310,579974 
"TX",1877,320,172800 
"TX",1877,345,162438 
"TX",1877,361,874    
"TX",1877,363,194096 
"TX",1877,365,39383  
"TX",1877,367,6216   
"TX",1877,369,33418  
"TX",1877,398,42393  
"TX",1877,410,430195 
"TX",1878,300,119180 
"TX",1878,310,727769 
"TX",1878,320,252310 
"TX",1878,345,165624 
"TX",1878,361,0      
"TX",1878,363,173903 
"TX",1878,365,39272  
"TX",1878,367,2669   
"TX",1878,369,13642  
"TX",1878,398,4437   
"TX",1878,410,363569 
"TX",1879,300,116288 
"TX",1879,310,1003584
"TX",1879,320,369997 
"TX",1879,345,187941 
"TX",1879,361,135471 
"TX",1879,363,209197 
"TX",1879,365,34253  
"TX",1879,367,5782   
"TX",1879,369,57692  
"TX",1879,398,26175  
"TX",1879,410,387629 
"TX",1880,300,126468 
"TX",1880,310,777728 
"TX",1880,320,160107 
"TX",1880,345,82234  
"TX",1880,361,4484   
"TX",1880,363,305084 
"TX",1880,365,54429  
"TX",1880,367,2298   
"TX",1880,369,44635  
"TX",1880,398,37061  
"TX",1880,410,1294582
"TX",1881,300,120258 
"TX",1881,310,828192 
"TX",1881,320,149806 
"TX",1881,345,92076  
"TX",1881,361,90262  
"TX",1881,363,310690 
"TX",1881,365,46146  
"TX",1881,367,2260   
"TX",1881,369,34609  
"TX",1881,398,50537  
"TX",1881,410,723836 
"TX",1882,300,154619 
"TX",1882,310,966714 
"TX",1882,320,289177 
"TX",1882,345,28792  
"TX",1882,361,42414  
"TX",1882,363,574155 
"TX",1882,365,60903  
"TX",1882,367,4457   
"TX",1882,369,20916  
"TX",1882,398,112364 
"TX",1882,410,1320210
"TX",1883,300,196960 
"TX",1883,310,1244933
"TX",1883,320,591770 
"TX",1883,345,69534  
"TX",1883,361,110138 
"TX",1883,363,395898 
"TX",1883,365,66651  
"TX",1883,367,0      
"TX",1883,369,39681  
"TX",1883,398,212395 
"TX",1883,410,923942 
"TX",1884,300,171786 
"TX",1884,310,1676129
"TX",1884,320,546453 
"TX",1884,345,87143  
"TX",1884,361,46954  
"TX",1884,363,481558 
"TX",1884,365,70812  
"TX",1884,367,0      
"TX",1884,369,18648  
"TX",1884,398,8504   
"TX",1884,410,206338 
"TX",1885,300,149456 
"TX",1885,310,2070647
"TX",1885,320,471071 
"TX",1885,345,60678  
"TX",1885,361,84719  
"TX",1885,363,623044 
"TX",1885,365,80735  
"TX",1885,367,0      
"TX",1885,369,29499  
"TX",1885,398,161371 
"TX",1885,410,266637 
"TX",1886,300,129583 
"TX",1886,310,2507659
"TX",1886,320,388911 
"TX",1886,345,45739  
"TX",1886,361,150    
"TX",1886,363,614784 
"TX",1886,365,71778  
"TX",1886,367,0      
"TX",1886,369,20625  
"TX",1886,398,37585  
"TX",1886,410,256776 
"TX",1887,300,133266 
"TX",1887,310,2361180
"TX",1887,320,509567 
"TX",1887,345,46723  
"TX",1887,361,102354 
"TX",1887,363,738675 
"TX",1887,365,68610  
"TX",1887,367,12362  
"TX",1887,369,30822  
"TX",1887,398,39179  
"TX",1887,410,259030 
"TX",1888,300,154040 
"TX",1888,310,2643522
"TX",1888,320,529831 
"TX",1888,345,34794  
"TX",1888,361,43203  
"TX",1888,363,844197 
"TX",1888,365,68368  
"TX",1888,367,20202  
"TX",1888,369,46156  
"TX",1888,398,11973  
"TX",1888,410,261372 
"TX",1889,300,199677 
"TX",1889,310,2434072
"TX",1889,320,550524 
"TX",1889,345,34289  
"TX",1889,361,104067 
"TX",1889,363,778232 
"TX",1889,365,70594  
"TX",1889,367,161531 
"TX",1889,369,38474  
"TX",1889,398,35513  
"TX",1889,410,234785 
"TX",1890,300,204990 
"TX",1890,310,2437946
"TX",1890,320,551269 
"TX",1890,345,43149  
"TX",1890,361,2235   
"TX",1890,363,556402 
"TX",1890,365,68723  
"TX",1890,367,62115  
"TX",1890,369,47091  
"TX",1890,398,19852  
"TX",1890,410,277582 
"TX",1891,300,242735 
"TX",1891,310,2749524
"TX",1891,320,678020 
"TX",1891,345,51227  
"TX",1891,361,110690 
"TX",1891,363,642855 
"TX",1891,365,82816  
"TX",1891,367,26863  
"TX",1891,369,38152  
"TX",1891,398,62784  
"TX",1891,410,250511 
"TX",1892,300,237973 
"TX",1892,310,2742956
"TX",1892,320,694077 
"TX",1892,345,62445  
"TX",1892,361,51972  
"TX",1892,363,794417 
"TX",1892,365,97768  
"TX",1892,367,24518  
"TX",1892,369,14103  
"TX",1892,398,51695  
"TX",1892,410,452048 
"TX",1893,300,281724 
"TX",1893,310,3235798
"TX",1893,320,638082 
"TX",1893,345,63116  
"TX",1893,361,163645 
"TX",1893,363,862147 
"TX",1893,365,87438  
"TX",1893,367,30568  
"TX",1893,369,31837  
"TX",1893,398,21863  
"TX",1893,410,226797 
"TX",1894,300,217263 
"TX",1894,310,2710423
"TX",1894,320,668694 
"TX",1894,345,68755  
"TX",1894,361,1021   
"TX",1894,363,1018674
"TX",1894,365,96902  
"TX",1894,367,30888  
"TX",1894,369,37325  
"TX",1894,398,2309   
"TX",1894,410,289859 
"TX",1895,300,164506 
"TX",1895,310,2750561
"TX",1895,320,631507 
"TX",1895,345,45545  
"TX",1895,361,122961 
"TX",1895,363,852093 
"TX",1895,365,88082  
"TX",1895,367,22362  
"TX",1895,369,21374  
"TX",1895,398,33385  
"TX",1895,410,222616 
"TX",1896,300,163358 
"TX",1896,310,3105205
"TX",1896,320,630325 
"TX",1896,345,30520  
"TX",1896,361,22039  
"TX",1896,363,840441 
"TX",1896,365,84104  
"TX",1896,367,23194  
"TX",1896,369,23484  
"TX",1896,398,27066  
"TX",1896,410,220566 
"TX",1897,300,162485 
"TX",1897,310,2412079
"TX",1897,320,540980 
"TX",1897,345,31885  
"TX",1897,361,168040 
"TX",1897,363,832275 
"TX",1897,365,76407  
"TX",1897,367,23340  
"TX",1897,369,28498  
"TX",1897,398,31619  
"TX",1897,410,228481 
