"ME",1820,3,37     
"ME",1821,3,79     
"ME",1822,3,120    
"ME",1823,3,100    
"ME",1824,3,79     
"ME",1825,3,90     
"ME",1826,3,92     
"ME",1827,3,123    
"ME",1828,3,141    
"ME",1829,3,131    
"ME",1830,3,188    
"ME",1831,3,253    
"ME",1832,3,144    
"ME",1833,3,154    
"ME",1834,3,172    
"ME",1835,3,310    
"ME",1836,3,232    
"ME",1837,3,308    
"ME",1839,3,746    
"ME",1840,3,1340   
"ME",1841,3,430    
"ME",1842,3,316    
"ME",1843,3,740    
"ME",1844,3,757    
"ME",1846,3,1005   
"ME",1847,3,653    
"ME",1848,3,562    
"ME",1849,3,403    
"ME",1850,3,604    
"ME",1851,3,549    
"ME",1852,3,756    
"ME",1853,3,526    
"ME",1854,3,453    
"ME",1855,3,636    
"ME",1856,3,630    
"ME",1857,3,504    
"ME",1858,3,424    
"ME",1860,3,559    
"ME",1861,3,1427   
"ME",1862,3,728    
"ME",1863,3,2145   
"ME",1864,3,6071   
"ME",1865,3,3178   
"ME",1866,3,2550   
"ME",1867,3,1837   
"ME",1868,3,1360   
"ME",1869,3,1155   
"ME",1870,3,5159   
"ME",1871,3,2308   
"ME",1872,3,1529   
"ME",1873,3,1799   
"ME",1874,3,1864   
"ME",1875,3,1892   
"ME",1876,3,0      
"ME",1877,3,1604   
"ME",1878,3,0      
"ME",1879,3,1383   
"ME",1880,3,1741   
"ME",1881,3,1577   
"ME",1882,3,1575   
"ME",1883,3,1863   
"ME",1884,3,1395   
"ME",1885,3,1641   
"ME",1886,3,1564   
"ME",1887,3,0      
"ME",1888,3,1399   
"ME",1889,3,5421   
"ME",1890,3,1558   
"ME",1891,3,1912   
"ME",1892,3,1788   
"ME",1893,3,2169   
"ME",1894,3,1987   
"ME",1895,3,1992   
"ME",1896,3,1866   
"ME",1897,3,1951   
"ME",1898,3,2005   
"ME",1899,3,2293   
"ME",1900,3,2214   
"ME",1901,3,2590   
"ME",1902,3,2709   
"ME",1903,3,2992   
"ME",1904,3,2946   
"ME",1905,3,2857   
"ME",1906,3,3112   
"ME",1907,3,3906   
"ME",1908,3,3472   
"ME",1909,3,3965   
"ME",1910,3,4006   
"ME",1911,3,5020   
"ME",1912,3,5825   
"ME",1913,3,5538   
"ME",1914,3,7002   
"ME",1915,3,9102   
"ME",1916,3,7025   
"ME",1917,3,9660   
"ME",1918,3,10184  
"ME",1919,3,11776  
"ME",1920,3,18898  
"ME",1921,3,8654   
"ME",1922,3,17856  
"ME",1923,3,17371  
"ME",1924,3,18798  
"ME",1925,3,19078  
"ME",1926,3,21080  
"ME",1927,3,28069  
"ME",1928,3,25843  
"ME",1929,3,25989  
"ME",1930,3,27806  
"ME",1931,3,33720  
"ME",1932,3,30140  
                   
"ME",1820,31,2     
"ME",1820,32,      
"ME",1820,33,      
"ME",1820,34,1     
"ME",1820,35,      
"ME",1820,36,18    
"ME",1820,38,      
"ME",1820,39,15    
"ME",1820,40,1     
"ME",1820,41,      
"ME",1821,31,5     
"ME",1821,32,      
"ME",1821,33,      
"ME",1821,34,6     
"ME",1821,35,      
"ME",1821,36,54    
"ME",1821,38,      
"ME",1821,39,12    
"ME",1821,40,1     
"ME",1821,41,1     
"ME",1822,31,5     
"ME",1822,32,      
"ME",1822,33,      
"ME",1822,34,8     
"ME",1822,35,      
"ME",1822,36,49    
"ME",1822,38,      
"ME",1822,39,8     
"ME",1822,40,3     
"ME",1822,41,47    
"ME",1823,31,6     
"ME",1823,32,27    
"ME",1823,33,      
"ME",1823,34,8     
"ME",1823,35,      
"ME",1823,36,54    
"ME",1823,38,      
"ME",1823,39,3     
"ME",1823,40,2     
"ME",1823,41,      
"ME",1824,31,5     
"ME",1824,32,7     
"ME",1824,33,1     
"ME",1824,34,9     
"ME",1824,35,      
"ME",1824,36,52    
"ME",1824,38,1     
"ME",1824,39,2     
"ME",1824,40,2     
"ME",1824,41,      
"ME",1825,31,7     
"ME",1825,32,8     
"ME",1825,33,1     
"ME",1825,34,7     
"ME",1825,35,      
"ME",1825,36,61    
"ME",1825,38,      
"ME",1825,39,4     
"ME",1825,40,2     
"ME",1825,41,      
"ME",1826,31,7     
"ME",1826,32,5     
"ME",1826,33,1     
"ME",1826,34,10    
"ME",1826,35,      
"ME",1826,36,51    
"ME",1826,38,      
"ME",1826,39,6     
"ME",1826,40,2     
"ME",1826,41,10    
"ME",1827,31,7     
"ME",1827,32,14    
"ME",1827,33,      
"ME",1827,34,6     
"ME",1827,35,      
"ME",1827,36,56    
"ME",1827,38,1     
"ME",1827,39,10    
"ME",1827,40,3     
"ME",1827,41,26    
"ME",1828,31,7     
"ME",1828,32,12    
"ME",1828,33,3     
"ME",1828,34,7     
"ME",1828,35,      
"ME",1828,36,60    
"ME",1828,38,1     
"ME",1828,39,8     
"ME",1828,40,3     
"ME",1828,41,40    
"ME",1829,31,6     
"ME",1829,32,14    
"ME",1829,33,7     
"ME",1829,34,7     
"ME",1829,35,      
"ME",1829,36,80    
"ME",1829,38,1     
"ME",1829,39,6     
"ME",1829,40,2     
"ME",1829,41,8     
"ME",1830,31,7     
"ME",1830,32,11    
"ME",1830,33,12    
"ME",1830,34,6     
"ME",1830,35,      
"ME",1830,36,120   
"ME",1830,38,1     
"ME",1830,39,28    
"ME",1830,40,3     
"ME",1830,41,      
"ME",1831,31,4     
"ME",1831,32,15    
"ME",1831,33,9     
"ME",1831,34,7     
"ME",1831,35,3     
"ME",1831,36,97    
"ME",1831,38,1     
"ME",1831,39,9     
"ME",1831,40,4     
"ME",1831,41,104   
"ME",1832,31,4     
"ME",1832,32,9     
"ME",1832,33,8     
"ME",1832,34,7     
"ME",1832,35,2     
"ME",1832,36,74    
"ME",1832,38,1     
"ME",1832,39,5     
"ME",1832,40,3     
"ME",1832,41,31    
"ME",1833,31,3     
"ME",1833,32,18    
"ME",1833,33,16    
"ME",1833,34,12    
"ME",1833,35,5     
"ME",1833,36,83    
"ME",1833,38,1     
"ME",1833,39,11    
"ME",1833,40,3     
"ME",1833,41,2     
"ME",1834,31,19    
"ME",1834,32,14    
"ME",1834,33,10    
"ME",1834,34,10    
"ME",1834,35,5     
"ME",1834,36,75    
"ME",1834,38,1     
"ME",1834,39,6     
"ME",1834,40,4     
"ME",1834,41,28    
"ME",1835,31,25    
"ME",1835,32,19    
"ME",1835,33,2     
"ME",1835,34,20    
"ME",1835,35,1     
"ME",1835,36,85    
"ME",1835,38,1     
"ME",1835,39,3     
"ME",1835,40,10    
"ME",1835,41,144   
"ME",1836,31,29    
"ME",1836,32,22    
"ME",1836,33,4     
"ME",1836,34,3     
"ME",1836,35,18    
"ME",1836,36,81    
"ME",1836,38,10    
"ME",1836,39,37    
"ME",1836,40,3     
"ME",1836,41,25    
"ME",1837,31,36    
"ME",1837,32,45    
"ME",1837,33,3     
"ME",1837,34,20    
"ME",1837,35,10    
"ME",1837,36,90    
"ME",1837,38,5     
"ME",1837,39,12    
"ME",1837,40,7     
"ME",1837,41,80    
"ME",1839,31,7     
"ME",1839,32,28    
"ME",1839,33,4     
"ME",1839,34,8     
"ME",1839,35,17    
"ME",1839,36,96    
"ME",1839,38,2     
"ME",1839,39,320   
"ME",1839,40,31    
"ME",1839,41,233   
"ME",1840,31,42    
"ME",1840,32,28    
"ME",1840,33,8     
"ME",1840,34,6     
"ME",1840,35,203   
"ME",1840,36,152   
"ME",1840,38,3     
"ME",1840,39,122   
"ME",1840,40,90    
"ME",1840,41,686   
"ME",1841,31,46    
"ME",1841,32,18    
"ME",1841,33,8     
"ME",1841,34,4     
"ME",1841,35,5     
"ME",1841,36,143   
"ME",1841,38,3     
"ME",1841,39,29    
"ME",1841,40,98    
"ME",1841,41,76    
"ME",1842,31,36    
"ME",1842,32,14    
"ME",1842,33,2     
"ME",1842,34,20    
"ME",1842,35,2     
"ME",1842,36,112   
"ME",1842,38,2     
"ME",1842,39,8     
"ME",1842,40,103   
"ME",1842,41,17    
"ME",1843,31,29    
"ME",1843,32,14    
"ME",1843,33,1     
"ME",1843,34,2     
"ME",1843,35,1     
"ME",1843,36,124   
"ME",1843,38,2     
"ME",1843,39,16    
"ME",1843,40,100   
"ME",1843,41,451   
"ME",1844,31,29    
"ME",1844,32,22    
"ME",1844,33,4     
"ME",1844,34,2     
"ME",1844,35,2     
"ME",1844,36,115   
"ME",1844,38,2     
"ME",1844,39,18    
"ME",1844,40,98    
"ME",1844,41,465   
"ME",1846,31,27    
"ME",1846,32,17    
"ME",1846,33,1     
"ME",1846,34,      
"ME",1846,35,2     
"ME",1846,36,114   
"ME",1846,38,3     
"ME",1846,39,17    
"ME",1846,40,138   
"ME",1846,41,686   
"ME",1847,31,27    
"ME",1847,32,26    
"ME",1847,33,2     
"ME",1847,34,2     
"ME",1847,35,3     
"ME",1847,36,102   
"ME",1847,38,2     
"ME",1847,39,185   
"ME",1847,40,79    
"ME",1847,41,225   
"ME",1848,31,29    
"ME",1848,32,28    
"ME",1848,33,2     
"ME",1848,34,7     
"ME",1848,35,4     
"ME",1848,36,97    
"ME",1848,38,2     
"ME",1848,39,32    
"ME",1848,40,73    
"ME",1848,41,288   
"ME",1849,31,28    
"ME",1849,32,27    
"ME",1849,33,2     
"ME",1849,34,1     
"ME",1849,35,4     
"ME",1849,36,109   
"ME",1849,38,2     
"ME",1849,39,26    
"ME",1849,40,69    
"ME",1849,41,135   
"ME",1850,31,29    
"ME",1850,32,26    
"ME",1850,33,2     
"ME",1850,34,1     
"ME",1850,35,2     
"ME",1850,36,121   
"ME",1850,38,2     
"ME",1850,39,27    
"ME",1850,40,62    
"ME",1850,41,332   
"ME",1851,31,36    
"ME",1851,32,21    
"ME",1851,33,7     
"ME",1851,34,1     
"ME",1851,35,7     
"ME",1851,36,140   
"ME",1851,38,2     
"ME",1851,39,10    
"ME",1851,40,52    
"ME",1851,41,273   
"ME",1852,31,65    
"ME",1852,32,133   
"ME",1852,33,      
"ME",1852,34,4     
"ME",1852,35,9     
"ME",1852,36,156   
"ME",1852,38,3     
"ME",1852,39,15    
"ME",1852,40,51    
"ME",1852,41,320   
"ME",1853,31,44    
"ME",1853,32,66    
"ME",1853,33,4     
"ME",1853,34,2     
"ME",1853,35,3     
"ME",1853,36,136   
"ME",1853,38,2     
"ME",1853,39,124   
"ME",1853,40,42    
"ME",1853,41,103   
"ME",1854,31,51    
"ME",1854,32,54    
"ME",1854,33,2     
"ME",1854,34,2     
"ME",1854,35,5     
"ME",1854,36,148   
"ME",1854,38,2     
"ME",1854,39,12    
"ME",1854,40,39    
"ME",1854,41,138   
"ME",1855,31,69    
"ME",1855,32,75    
"ME",1855,33,      
"ME",1855,34,2     
"ME",1855,35,7     
"ME",1855,36,144   
"ME",1855,38,2     
"ME",1855,39,18    
"ME",1855,40,38    
"ME",1855,41,281   
"ME",1856,31,85    
"ME",1856,32,58    
"ME",1856,33,      
"ME",1856,34,2     
"ME",1856,35,6     
"ME",1856,36,140   
"ME",1856,38,2     
"ME",1856,39,15    
"ME",1856,40,38    
"ME",1856,41,284   
"ME",1857,31,83    
"ME",1857,32,71    
"ME",1857,33,      
"ME",1857,34,6     
"ME",1857,35,9     
"ME",1857,36,199   
"ME",1857,38,2     
"ME",1857,39,17    
"ME",1857,40,39    
"ME",1857,41,78    
"ME",1858,31,41    
"ME",1858,32,62    
"ME",1858,33,      
"ME",1858,34,5     
"ME",1858,35,10    
"ME",1858,36,151   
"ME",1858,38,2     
"ME",1858,39,8     
"ME",1858,40,39    
"ME",1858,41,106   
"ME",1860,31,98    
"ME",1860,32,52    
"ME",1860,33,      
"ME",1860,34,4     
"ME",1860,35,11    
"ME",1860,36,121   
"ME",1860,38,2     
"ME",1860,39,142   
"ME",1860,40,41    
"ME",1860,41,88    
"ME",1861,31,73    
"ME",1861,32,62    
"ME",1861,33,      
"ME",1861,34,1008  
"ME",1861,35,9     
"ME",1861,36,117   
"ME",1861,38,2     
"ME",1861,39,17    
"ME",1861,40,40    
"ME",1861,41,99    
"ME",1862,31,81    
"ME",1862,32,55    
"ME",1862,33,      
"ME",1862,34,234   
"ME",1862,35,12    
"ME",1862,36,124   
"ME",1862,38,2     
"ME",1862,39,15    
"ME",1862,40,84    
"ME",1862,41,121   
"ME",1863,31,90    
"ME",1863,32,61    
"ME",1863,33,      
"ME",1863,34,1322  
"ME",1863,35,8     
"ME",1863,36,132   
"ME",1863,38,2     
"ME",1863,39,15    
"ME",1863,40,100   
"ME",1863,41,415   
"ME",1864,31,82    
"ME",1864,32,60    
"ME",1864,33,      
"ME",1864,34,3780  
"ME",1864,35,7     
"ME",1864,36,137   
"ME",1864,38,2     
"ME",1864,39,28    
"ME",1864,40,226   
"ME",1864,41,1749  
"ME",1865,31,48    
"ME",1865,32,85    
"ME",1865,33,      
"ME",1865,34,1584  
"ME",1865,35,8     
"ME",1865,36,127   
"ME",1865,38,2     
"ME",1865,39,25    
"ME",1865,40,323   
"ME",1865,41,976   
"ME",1866,31,40    
"ME",1866,32,94    
"ME",1866,33,      
"ME",1866,34,541   
"ME",1866,35,8     
"ME",1866,36,148   
"ME",1866,38,2     
"ME",1866,39,28    
"ME",1866,40,325   
"ME",1866,41,1364  
"ME",1867,31,63    
"ME",1867,32,90    
"ME",1867,33,      
"ME",1867,34,458   
"ME",1867,35,12    
"ME",1867,36,160   
"ME",1867,38,115   
"ME",1867,39,59    
"ME",1867,40,349   
"ME",1867,41,531   
"ME",1868,31,35    
"ME",1868,32,91    
"ME",1868,33,      
"ME",1868,34,18    
"ME",1868,35,158   
"ME",1868,36,148   
"ME",1868,38,52    
"ME",1868,39,65    
"ME",1868,40,296   
"ME",1868,41,497   
"ME",1869,31,46    
"ME",1869,32,159   
"ME",1869,33,      
"ME",1869,34,7     
"ME",1869,35,15    
"ME",1869,36,155   
"ME",1869,38,54    
"ME",1869,39,56    
"ME",1869,40,313   
"ME",1869,41,350   
"ME",1870,31,126   
"ME",1870,32,175   
"ME",1870,33,      
"ME",1870,34,18    
"ME",1870,35,685   
"ME",1870,36,192   
"ME",1870,38,26    
"ME",1870,39,59    
"ME",1870,40,471   
"ME",1870,41,3407  
"ME",1871,31,66    
"ME",1871,32,122   
"ME",1871,33,      
"ME",1871,34,17    
"ME",1871,35,30    
"ME",1871,36,202   
"ME",1871,38,27    
"ME",1871,39,31    
"ME",1871,40,480   
"ME",1871,41,1333  
"ME",1872,31,94    
"ME",1872,32,115   
"ME",1872,33,      
"ME",1872,34,4     
"ME",1872,35,43    
"ME",1872,36,175   
"ME",1872,38,27    
"ME",1872,39,27    
"ME",1872,40,433   
"ME",1872,41,611   
"ME",1873,31,343   
"ME",1873,32,94    
"ME",1873,33,      
"ME",1873,34,19    
"ME",1873,35,16    
"ME",1873,36,177   
"ME",1873,38,26    
"ME",1873,39,42    
"ME",1873,40,431   
"ME",1873,41,651   
"ME",1874,31,424   
"ME",1874,32,153   
"ME",1874,33,      
"ME",1874,34,11    
"ME",1874,35,35    
"ME",1874,36,185   
"ME",1874,38,25    
"ME",1874,39,38    
"ME",1874,40,432   
"ME",1874,41,561   
"ME",1875,31,439   
"ME",1875,32,146   
"ME",1875,33,      
"ME",1875,34,8     
"ME",1875,35,19    
"ME",1875,36,182   
"ME",1875,38,25    
"ME",1875,39,44    
"ME",1875,40,424   
"ME",1875,41,605   
"ME",1876,31,0     
"ME",1876,32,0     
"ME",1876,33,0     
"ME",1876,34,0     
"ME",1876,35,0     
"ME",1876,36,0     
"ME",1876,38,0     
"ME",1876,39,0     
"ME",1876,40,0     
"ME",1876,41,0     
"ME",1877,31,500   
"ME",1877,32,136   
"ME",1877,33,0     
"ME",1877,34,12    
"ME",1877,35,18    
"ME",1877,36,169   
"ME",1877,38,26    
"ME",1877,39,31    
"ME",1877,40,354   
"ME",1877,41,358   
"ME",1878,31,0     
"ME",1878,32,0     
"ME",1878,33,0     
"ME",1878,34,0     
"ME",1878,35,0     
"ME",1878,36,0     
"ME",1878,38,0     
"ME",1878,39,0     
"ME",1878,40,0     
"ME",1878,41,0     
"ME",1879,31,405   
"ME",1879,32,119   
"ME",1879,33,0     
"ME",1879,34,3     
"ME",1879,35,15    
"ME",1879,36,144   
"ME",1879,38,25    
"ME",1879,39,20    
"ME",1879,40,353   
"ME",1879,41,299   
"ME",1880,31,353   
"ME",1880,32,125   
"ME",1880,33,0     
"ME",1880,34,23    
"ME",1880,35,13    
"ME",1880,36,139   
"ME",1880,38,24    
"ME",1880,39,77    
"ME",1880,40,349   
"ME",1880,41,638   
"ME",1881,31,339   
"ME",1881,32,160   
"ME",1881,33,0     
"ME",1881,34,17    
"ME",1881,35,25    
"ME",1881,36,140   
"ME",1881,38,20    
"ME",1881,39,32    
"ME",1881,40,339   
"ME",1881,41,505   
"ME",1882,31,356   
"ME",1882,32,107   
"ME",1882,33,0     
"ME",1882,34,15    
"ME",1882,35,15    
"ME",1882,36,92    
"ME",1882,38,20    
"ME",1882,39,36    
"ME",1882,40,327   
"ME",1882,41,607   
"ME",1883,31,394   
"ME",1883,32,208   
"ME",1883,33,0     
"ME",1883,34,17    
"ME",1883,35,23    
"ME",1883,36,165   
"ME",1883,38,21    
"ME",1883,39,70    
"ME",1883,40,363   
"ME",1883,41,602   
"ME",1884,31,393   
"ME",1884,32,128   
"ME",1884,33,0     
"ME",1884,34,15    
"ME",1884,35,16    
"ME",1884,36,121   
"ME",1884,38,22    
"ME",1884,39,58    
"ME",1884,40,316   
"ME",1884,41,326   
"ME",1885,31,414   
"ME",1885,32,171   
"ME",1885,33,0     
"ME",1885,34,16    
"ME",1885,35,31    
"ME",1885,36,146   
"ME",1885,38,21    
"ME",1885,39,80    
"ME",1885,40,317   
"ME",1885,41,445   
"ME",1886,31,411   
"ME",1886,32,123   
"ME",1886,33,0     
"ME",1886,34,15    
"ME",1886,35,29    
"ME",1886,36,117   
"ME",1886,38,24    
"ME",1886,39,74    
"ME",1886,40,313   
"ME",1886,41,458   
"ME",1887,31,0     
"ME",1887,32,0     
"ME",1887,33,0     
"ME",1887,34,0     
"ME",1887,35,0     
"ME",1887,36,0     
"ME",1887,38,0     
"ME",1887,39,0     
"ME",1887,40,0     
"ME",1887,41,0     
"ME",1888,31,444   
"ME",1888,32,149   
"ME",1888,33,0     
"ME",1888,34,16    
"ME",1888,35,20    
"ME",1888,36,147   
"ME",1888,38,37    
"ME",1888,39,71    
"ME",1888,40,243   
"ME",1888,41,272   
"ME",1889,31,466   
"ME",1889,32,249   
"ME",1889,33,0     
"ME",1889,34,29    
"ME",1889,35,61    
"ME",1889,36,218   
"ME",1889,38,44    
"ME",1889,39,191   
"ME",1889,40,229   
"ME",1889,41,3934  
"ME",1890,31,461   
"ME",1890,32,213   
"ME",1890,33,1     
"ME",1890,34,36    
"ME",1890,35,41    
"ME",1890,36,164   
"ME",1890,38,67    
"ME",1890,39,176   
"ME",1890,40,94    
"ME",1890,41,305   
"ME",1891,31,499   
"ME",1891,32,212   
"ME",1891,33,11    
"ME",1891,34,36    
"ME",1891,35,73    
"ME",1891,36,247   
"ME",1891,38,65    
"ME",1891,39,119   
"ME",1891,40,102   
"ME",1891,41,548   
"ME",1892,31,570   
"ME",1892,32,188   
"ME",1892,33,0     
"ME",1892,34,40    
"ME",1892,35,66    
"ME",1892,36,186   
"ME",1892,38,60    
"ME",1892,39,129   
"ME",1892,40,92    
"ME",1892,41,457   
"ME",1893,31,593   
"ME",1893,32,204   
"ME",1893,33,0     
"ME",1893,34,50    
"ME",1893,35,73    
"ME",1893,36,252   
"ME",1893,38,58    
"ME",1893,39,135   
"ME",1893,40,91    
"ME",1893,41,713   
"ME",1894,31,600   
"ME",1894,32,157   
"ME",1894,33,0     
"ME",1894,34,50    
"ME",1894,35,82    
"ME",1894,36,199   
"ME",1894,38,66    
"ME",1894,39,144   
"ME",1894,40,81    
"ME",1894,41,608   
"ME",1895,31,651   
"ME",1895,32,279   
"ME",1895,33,0     
"ME",1895,34,62    
"ME",1895,35,91    
"ME",1895,36,249   
"ME",1895,38,64    
"ME",1895,39,181   
"ME",1895,40,75    
"ME",1895,41,340   
"ME",1896,31,647   
"ME",1896,32,294   
"ME",1896,33,0     
"ME",1896,34,57    
"ME",1896,35,104   
"ME",1896,36,197   
"ME",1896,38,72    
"ME",1896,39,167   
"ME",1896,40,74    
"ME",1896,41,254   
"ME",1897,31,677   
"ME",1897,32,255   
"ME",1897,33,0     
"ME",1897,34,69    
"ME",1897,35,111   
"ME",1897,36,280   
"ME",1897,38,73    
"ME",1897,39,207   
"ME",1897,40,77    
"ME",1897,41,202   
"ME",1898,31,656   
"ME",1898,32,210   
"ME",1898,33,0     
"ME",1898,34,61    
"ME",1898,35,118   
"ME",1898,36,216   
"ME",1898,38,76    
"ME",1898,39,186   
"ME",1898,40,77    
"ME",1898,41,405   
"ME",1899,31,634   
"ME",1899,32,362   
"ME",1899,33,0     
"ME",1899,34,151   
"ME",1899,35,124   
"ME",1899,36,271   
"ME",1899,38,74    
"ME",1899,39,201   
"ME",1899,40,76    
"ME",1899,41,400   
"ME",1900,31,663   
"ME",1900,32,353   
"ME",1900,33,0     
"ME",1900,34,74    
"ME",1900,35,131   
"ME",1900,36,228   
"ME",1900,38,79    
"ME",1900,39,158   
"ME",1900,40,79    
"ME",1900,41,449   
"ME",1901,31,644   
"ME",1901,32,389   
"ME",1901,33,0     
"ME",1901,34,51    
"ME",1901,35,134   
"ME",1901,36,331   
"ME",1901,38,79    
"ME",1901,39,186   
"ME",1901,40,78    
"ME",1901,41,698   
"ME",1902,31,702   
"ME",1902,32,267   
"ME",1902,33,8     
"ME",1902,34,67    
"ME",1902,35,140   
"ME",1902,36,266   
"ME",1902,38,84    
"ME",1902,39,247   
"ME",1902,40,69    
"ME",1902,41,859   
"ME",1903,31,775   
"ME",1903,32,396   
"ME",1903,33,8     
"ME",1903,34,54    
"ME",1903,35,207   
"ME",1903,36,355   
"ME",1903,38,83    
"ME",1903,39,343   
"ME",1903,40,63    
"ME",1903,41,708   
"ME",1904,31,814   
"ME",1904,32,340   
"ME",1904,33,30    
"ME",1904,34,69    
"ME",1904,35,211   
"ME",1904,36,314   
"ME",1904,38,89    
"ME",1904,39,264   
"ME",1904,40,60    
"ME",1904,41,755   
"ME",1905,31,770   
"ME",1905,32,424   
"ME",1905,33,73    
"ME",1905,34,74    
"ME",1905,35,241   
"ME",1905,36,359   
"ME",1905,38,87    
"ME",1905,39,320   
"ME",1905,40,55    
"ME",1905,41,454   
"ME",1906,31,783   
"ME",1906,32,308   
"ME",1906,33,75    
"ME",1906,34,69    
"ME",1906,35,259   
"ME",1906,36,318   
"ME",1906,38,89    
"ME",1906,39,276   
"ME",1906,40,50    
"ME",1906,41,885   
"ME",1907,31,910   
"ME",1907,32,575   
"ME",1907,33,93    
"ME",1907,34,71    
"ME",1907,35,342   
"ME",1907,36,422   
"ME",1907,38,91    
"ME",1907,39,314   
"ME",1907,40,29    
"ME",1907,41,1059  
"ME",1908,31,861   
"ME",1908,32,578   
"ME",1908,33,197   
"ME",1908,34,72    
"ME",1908,35,339   
"ME",1908,36,355   
"ME",1908,38,89    
"ME",1908,39,371   
"ME",1908,40,26    
"ME",1908,41,584   
"ME",1909,31,1266  
"ME",1909,32,811   
"ME",1909,33,184   
"ME",1909,34,104   
"ME",1909,35,600   
"ME",1909,36,440   
"ME",1909,38,91    
"ME",1909,39,368   
"ME",1909,40,25    
"ME",1909,41,76    
"ME",1910,31,1288  
"ME",1910,32,692   
"ME",1910,33,309   
"ME",1910,34,114   
"ME",1910,35,454   
"ME",1910,36,253   
"ME",1910,38,90    
"ME",1910,39,632   
"ME",1910,40,38    
"ME",1910,41,136   
"ME",1911,31,1973  
"ME",1911,32,723   
"ME",1911,33,226   
"ME",1911,34,96    
"ME",1911,35,461   
"ME",1911,36,322   
"ME",1911,38,85    
"ME",1911,39,275   
"ME",1911,40,35    
"ME",1911,41,824   
"ME",1912,31,2177  
"ME",1912,32,728   
"ME",1912,33,429   
"ME",1912,34,110   
"ME",1912,35,407   
"ME",1912,36,286   
"ME",1912,38,159   
"ME",1912,39,338   
"ME",1912,40,28    
"ME",1912,41,1163  
"ME",1913,31,2072  
"ME",1913,32,809   
"ME",1913,33,553   
"ME",1913,34,108   
"ME",1913,35,521   
"ME",1913,36,389   
"ME",1913,38,90    
"ME",1913,39,335   
"ME",1913,40,12    
"ME",1913,41,649   
"ME",1914,31,2283  
"ME",1914,32,1094  
"ME",1914,33,1395  
"ME",1914,34,150   
"ME",1914,35,582   
"ME",1914,36,265   
"ME",1914,38,119   
"ME",1914,39,304   
"ME",1914,40,24    
"ME",1914,41,786   
"ME",1915,31,3745  
"ME",1915,32,1023  
"ME",1915,33,1312  
"ME",1915,34,175   
"ME",1915,35,593   
"ME",1915,36,418   
"ME",1915,38,127   
"ME",1915,39,456   
"ME",1915,40,54    
"ME",1915,41,1199  
"ME",1916,31,2279  
"ME",1916,32,1154  
"ME",1916,33,159   
"ME",1916,34,204   
"ME",1916,35,585   
"ME",1916,36,584   
"ME",1916,38,130   
"ME",1916,39,349   
"ME",1916,40,69    
"ME",1916,41,1512  
"ME",1917,31,2352  
"ME",1917,32,1494  
"ME",1917,33,1511  
"ME",1917,34,501   
"ME",1917,35,817   
"ME",1917,36,391   
"ME",1917,38,187   
"ME",1917,39,398   
"ME",1917,40,93    
"ME",1917,41,1916  
"ME",1918,31,2256  
"ME",1918,32,1435  
"ME",1918,33,2137  
"ME",1918,34,500   
"ME",1918,35,839   
"ME",1918,36,347   
"ME",1918,38,77    
"ME",1918,39,421   
"ME",1918,40,107   
"ME",1918,41,2065  
"ME",1919,31,2497  
"ME",1919,32,1708  
"ME",1919,33,2352  
"ME",1919,34,841   
"ME",1919,35,826   
"ME",1919,36,549   
"ME",1919,38,137   
"ME",1919,39,444   
"ME",1919,40,125   
"ME",1919,41,2297  
"ME",1920,31,2689  
"ME",1920,32,2178  
"ME",1920,33,4416  
"ME",1920,34,1189  
"ME",1920,35,1482  
"ME",1920,36,445   
"ME",1920,38,143   
"ME",1920,39,302   
"ME",1920,40,215   
"ME",1920,41,5839  
"ME",1921,31,450   
"ME",1921,32,1033  
"ME",1921,33,1511  
"ME",1921,34,2237  
"ME",1921,35,595   
"ME",1921,36,402   
"ME",1921,38,89    
"ME",1921,39,34    
"ME",1921,40,192   
"ME",1921,41,2111  
"ME",1922,31,2939  
"ME",1922,32,2322  
"ME",1922,33,6364  
"ME",1922,34,457   
"ME",1922,35,1850  
"ME",1922,36,441   
"ME",1922,38,143   
"ME",1922,39,370   
"ME",1922,40,467   
"ME",1922,41,2503  
"ME",1923,31,2880  
"ME",1923,32,2126  
"ME",1923,33,5334  
"ME",1923,34,306   
"ME",1923,35,2016  
"ME",1923,36,627   
"ME",1923,38,138   
"ME",1923,39,636   
"ME",1923,40,570   
"ME",1923,41,2738  
"ME",1924,31,3147  
"ME",1924,32,2540  
"ME",1924,33,6083  
"ME",1924,34,329   
"ME",1924,35,1571  
"ME",1924,36,459   
"ME",1924,38,120   
"ME",1924,39,698   
"ME",1924,40,656   
"ME",1924,41,3195  
"ME",1925,31,3119  
"ME",1925,32,2420  
"ME",1925,33,7112  
"ME",1925,34,276   
"ME",1925,35,1514  
"ME",1925,36,769   
"ME",1925,38,109   
"ME",1925,39,610   
"ME",1925,40,147   
"ME",1925,41,3002  
"ME",1926,31,3194  
"ME",1926,32,2186  
"ME",1926,33,7358  
"ME",1926,34,330   
"ME",1926,35,1570  
"ME",1926,36,455   
"ME",1926,38,87    
"ME",1926,39,665   
"ME",1926,40,225   
"ME",1926,41,5010  
"ME",1927,31,3217  
"ME",1927,32,2406  
"ME",1927,33,11867 
"ME",1927,34,282   
"ME",1927,35,1417  
"ME",1927,36,729   
"ME",1927,38,103   
"ME",1927,39,642   
"ME",1927,40,752   
"ME",1927,41,6654  
"ME",1928,31,3476  
"ME",1928,32,2674  
"ME",1928,33,10112 
"ME",1928,34,341   
"ME",1928,35,1691  
"ME",1928,36,548   
"ME",1928,38,108   
"ME",1928,39,721   
"ME",1928,40,878   
"ME",1928,41,5294  
"ME",1929,31,3488  
"ME",1929,32,2416  
"ME",1929,33,11501 
"ME",1929,34,493   
"ME",1929,35,1843  
"ME",1929,36,839   
"ME",1929,38,104   
"ME",1929,39,853   
"ME",1929,40,857   
"ME",1929,41,3595  
"ME",1930,31,3683  
"ME",1930,32,2767  
"ME",1930,33,13647 
"ME",1930,34,413   
"ME",1930,35,1900  
"ME",1930,36,540   
"ME",1930,38,95    
"ME",1930,39,947   
"ME",1930,40,879   
"ME",1930,41,2935  
"ME",1931,31,3894  
"ME",1931,32,3035  
"ME",1931,33,16506 
"ME",1931,34,465   
"ME",1931,35,2190  
"ME",1931,36,966   
"ME",1931,38,91    
"ME",1931,39,1012  
"ME",1931,40,939   
"ME",1931,41,4622  
"ME",1932,31,3115  
"ME",1932,32,2754  
"ME",1932,33,17476 
"ME",1932,34,636   
"ME",1932,35,2085  
"ME",1932,36,748   
"ME",1932,38,87    
"ME",1932,39,1510  
"ME",1932,40,1049  
"ME",1932,41,680   
                   
"ME",1820,310,2    
"ME",1820,320,     
"ME",1820,323,     
"ME",1820,331,     
"ME",1820,344,     
"ME",1820,345,1    
"ME",1820,350,     
"ME",1820,351,     
"ME",1820,356,     
"ME",1820,361,12   
"ME",1820,362,5    
"ME",1820,363,1    
"ME",1820,367,     
"ME",1820,381,     
"ME",1820,390,     
"ME",1820,399,15   
"ME",1820,400,1    
"ME",1820,411,     
"ME",1820,414,     
"ME",1820,415,     
"ME",1820,416,     
"ME",1821,310,5    
"ME",1821,320,     
"ME",1821,323,     
"ME",1821,331,     
"ME",1821,344,     
"ME",1821,345,6    
"ME",1821,350,     
"ME",1821,351,     
"ME",1821,356,     
"ME",1821,361,26   
"ME",1821,362,10   
"ME",1821,363,18   
"ME",1821,367,     
"ME",1821,381,     
"ME",1821,390,     
"ME",1821,399,12   
"ME",1821,400,1    
"ME",1821,411,     
"ME",1821,414,     
"ME",1821,415,     
"ME",1821,416,1    
"ME",1822,310,5    
"ME",1822,320,     
"ME",1822,323,     
"ME",1822,331,     
"ME",1822,344,     
"ME",1822,345,8    
"ME",1822,350,     
"ME",1822,351,     
"ME",1822,356,     
"ME",1822,361,16   
"ME",1822,362,8    
"ME",1822,363,25   
"ME",1822,367,     
"ME",1822,381,     
"ME",1822,390,     
"ME",1822,399,8    
"ME",1822,400,3    
"ME",1822,411,     
"ME",1822,414,     
"ME",1822,415,     
"ME",1822,416,47   
"ME",1823,310,6    
"ME",1823,320,1    
"ME",1823,323,26   
"ME",1823,331,     
"ME",1823,344,     
"ME",1823,345,8    
"ME",1823,350,     
"ME",1823,351,     
"ME",1823,356,     
"ME",1823,361,17   
"ME",1823,362,8    
"ME",1823,363,29   
"ME",1823,367,     
"ME",1823,381,     
"ME",1823,390,     
"ME",1823,399,3    
"ME",1823,400,2    
"ME",1823,411,     
"ME",1823,414,     
"ME",1823,415,     
"ME",1823,416,     
"ME",1824,310,5    
"ME",1824,320,1    
"ME",1824,323,6    
"ME",1824,331,1    
"ME",1824,344,     
"ME",1824,345,9    
"ME",1824,350,     
"ME",1824,351,     
"ME",1824,356,     
"ME",1824,361,20   
"ME",1824,362,10   
"ME",1824,363,22   
"ME",1824,367,     
"ME",1824,381,1    
"ME",1824,390,     
"ME",1824,399,2    
"ME",1824,400,2    
"ME",1824,411,     
"ME",1824,414,     
"ME",1824,415,     
"ME",1824,416,     
"ME",1825,310,7    
"ME",1825,320,3    
"ME",1825,323,5    
"ME",1825,331,1    
"ME",1825,344,     
"ME",1825,345,7    
"ME",1825,350,     
"ME",1825,351,     
"ME",1825,356,     
"ME",1825,361,21   
"ME",1825,362,11   
"ME",1825,363,29   
"ME",1825,367,     
"ME",1825,381,     
"ME",1825,390,     
"ME",1825,399,4    
"ME",1825,400,2    
"ME",1825,411,     
"ME",1825,414,     
"ME",1825,415,     
"ME",1825,416,     
"ME",1826,310,7    
"ME",1826,320,2    
"ME",1826,323,3    
"ME",1826,331,1    
"ME",1826,344,     
"ME",1826,345,10   
"ME",1826,350,     
"ME",1826,351,     
"ME",1826,356,     
"ME",1826,361,25   
"ME",1826,362,9    
"ME",1826,363,17   
"ME",1826,367,     
"ME",1826,381,     
"ME",1826,390,     
"ME",1826,399,6    
"ME",1826,400,2    
"ME",1826,411,     
"ME",1826,414,     
"ME",1826,415,     
"ME",1826,416,10   
"ME",1827,310,7    
"ME",1827,320,2    
"ME",1827,323,12   
"ME",1827,331,     
"ME",1827,344,     
"ME",1827,345,6    
"ME",1827,350,     
"ME",1827,351,     
"ME",1827,356,     
"ME",1827,361,22   
"ME",1827,362,10   
"ME",1827,363,24   
"ME",1827,367,     
"ME",1827,381,1    
"ME",1827,390,     
"ME",1827,399,10   
"ME",1827,400,3    
"ME",1827,411,     
"ME",1827,414,     
"ME",1827,415,     
"ME",1827,416,26   
"ME",1828,310,7    
"ME",1828,320,2    
"ME",1828,323,10   
"ME",1828,331,3    
"ME",1828,344,     
"ME",1828,345,7    
"ME",1828,350,     
"ME",1828,351,     
"ME",1828,356,     
"ME",1828,361,23   
"ME",1828,362,11   
"ME",1828,363,23   
"ME",1828,367,3    
"ME",1828,381,1    
"ME",1828,390,     
"ME",1828,399,8    
"ME",1828,400,3    
"ME",1828,411,     
"ME",1828,414,     
"ME",1828,415,     
"ME",1828,416,40   
"ME",1829,310,6    
"ME",1829,320,3    
"ME",1829,323,11   
"ME",1829,331,7    
"ME",1829,344,     
"ME",1829,345,7    
"ME",1829,350,     
"ME",1829,351,     
"ME",1829,356,     
"ME",1829,361,23   
"ME",1829,362,12   
"ME",1829,363,19   
"ME",1829,367,26   
"ME",1829,381,1    
"ME",1829,390,     
"ME",1829,399,6    
"ME",1829,400,2    
"ME",1829,411,     
"ME",1829,414,     
"ME",1829,415,     
"ME",1829,416,8    
"ME",1830,310,7    
"ME",1830,320,2    
"ME",1830,323,9    
"ME",1830,331,12   
"ME",1830,344,     
"ME",1830,345,6    
"ME",1830,350,     
"ME",1830,351,     
"ME",1830,356,     
"ME",1830,361,28   
"ME",1830,362,10   
"ME",1830,363,25   
"ME",1830,367,57   
"ME",1830,381,1    
"ME",1830,390,     
"ME",1830,399,28   
"ME",1830,400,3    
"ME",1830,411,     
"ME",1830,414,     
"ME",1830,415,     
"ME",1830,416,     
"ME",1831,310,4    
"ME",1831,320,2    
"ME",1831,323,13   
"ME",1831,331,9    
"ME",1831,344,     
"ME",1831,345,7    
"ME",1831,350,3    
"ME",1831,351,     
"ME",1831,356,     
"ME",1831,361,34   
"ME",1831,362,13   
"ME",1831,363,22   
"ME",1831,367,28   
"ME",1831,381,1    
"ME",1831,390,     
"ME",1831,399,9    
"ME",1831,400,4    
"ME",1831,411,     
"ME",1831,414,     
"ME",1831,415,28   
"ME",1831,416,76   
"ME",1832,310,4    
"ME",1832,320,2    
"ME",1832,323,7    
"ME",1832,331,8    
"ME",1832,344,     
"ME",1832,345,7    
"ME",1832,350,2    
"ME",1832,351,     
"ME",1832,356,     
"ME",1832,361,31   
"ME",1832,362,13   
"ME",1832,363,22   
"ME",1832,367,8    
"ME",1832,381,1    
"ME",1832,390,     
"ME",1832,399,5    
"ME",1832,400,3    
"ME",1832,411,     
"ME",1832,414,     
"ME",1832,415,1    
"ME",1832,416,30   
"ME",1833,310,3    
"ME",1833,320,4    
"ME",1833,323,14   
"ME",1833,331,16   
"ME",1833,344,     
"ME",1833,345,12   
"ME",1833,350,5    
"ME",1833,351,     
"ME",1833,356,     
"ME",1833,361,30   
"ME",1833,362,13   
"ME",1833,363,25   
"ME",1833,367,15   
"ME",1833,381,1    
"ME",1833,390,     
"ME",1833,399,11   
"ME",1833,400,3    
"ME",1833,411,     
"ME",1833,414,     
"ME",1833,415,     
"ME",1833,416,2    
"ME",1834,310,19   
"ME",1834,320,9    
"ME",1834,323,5    
"ME",1834,331,10   
"ME",1834,344,     
"ME",1834,345,10   
"ME",1834,350,5    
"ME",1834,351,     
"ME",1834,356,     
"ME",1834,361,34   
"ME",1834,362,16   
"ME",1834,363,23   
"ME",1834,367,2    
"ME",1834,381,1    
"ME",1834,390,     
"ME",1834,399,6    
"ME",1834,400,4    
"ME",1834,411,     
"ME",1834,414,     
"ME",1834,415,     
"ME",1834,416,28   
"ME",1835,310,25   
"ME",1835,320,7    
"ME",1835,323,12   
"ME",1835,331,2    
"ME",1835,344,     
"ME",1835,345,20   
"ME",1835,350,1    
"ME",1835,351,     
"ME",1835,356,     
"ME",1835,361,37   
"ME",1835,362,19   
"ME",1835,363,24   
"ME",1835,367,5    
"ME",1835,381,1    
"ME",1835,390,     
"ME",1835,399,3    
"ME",1835,400,10   
"ME",1835,411,     
"ME",1835,414,6    
"ME",1835,415,     
"ME",1835,416,138  
"ME",1836,310,29   
"ME",1836,320,8    
"ME",1836,323,14   
"ME",1836,331,4    
"ME",1836,344,     
"ME",1836,345,3    
"ME",1836,350,18   
"ME",1836,351,     
"ME",1836,356,     
"ME",1836,361,42   
"ME",1836,362,25   
"ME",1836,363,14   
"ME",1836,367,     
"ME",1836,381,10   
"ME",1836,390,     
"ME",1836,399,37   
"ME",1836,400,3    
"ME",1836,411,     
"ME",1836,414,25   
"ME",1836,415,     
"ME",1836,416,     
"ME",1837,310,36   
"ME",1837,320,6    
"ME",1837,323,39   
"ME",1837,331,3    
"ME",1837,344,     
"ME",1837,345,20   
"ME",1837,350,9    
"ME",1837,351,1    
"ME",1837,356,     
"ME",1837,361,41   
"ME",1837,362,24   
"ME",1837,363,25   
"ME",1837,367,     
"ME",1837,381,5    
"ME",1837,390,1    
"ME",1837,399,11   
"ME",1837,400,7    
"ME",1837,411,     
"ME",1837,414,45   
"ME",1837,415,     
"ME",1837,416,35   
"ME",1839,310,7    
"ME",1839,320,7    
"ME",1839,323,21   
"ME",1839,331,4    
"ME",1839,344,     
"ME",1839,345,8    
"ME",1839,350,17   
"ME",1839,351,     
"ME",1839,356,     
"ME",1839,361,40   
"ME",1839,362,51   
"ME",1839,363,5    
"ME",1839,367,     
"ME",1839,381,2    
"ME",1839,390,     
"ME",1839,399,320  
"ME",1839,400,31   
"ME",1839,411,     
"ME",1839,414,8    
"ME",1839,415,     
"ME",1839,416,225  
"ME",1840,310,42   
"ME",1840,320,6    
"ME",1840,323,22   
"ME",1840,331,8    
"ME",1840,344,     
"ME",1840,345,6    
"ME",1840,350,202  
"ME",1840,351,1    
"ME",1840,356,     
"ME",1840,361,57   
"ME",1840,362,75   
"ME",1840,363,20   
"ME",1840,367,     
"ME",1840,381,3    
"ME",1840,390,     
"ME",1840,399,122  
"ME",1840,400,90   
"ME",1840,411,     
"ME",1840,414,83   
"ME",1840,415,     
"ME",1840,416,603  
"ME",1841,310,46   
"ME",1841,320,5    
"ME",1841,323,13   
"ME",1841,331,8    
"ME",1841,344,1    
"ME",1841,345,3    
"ME",1841,350,4    
"ME",1841,351,1    
"ME",1841,356,     
"ME",1841,361,48   
"ME",1841,362,83   
"ME",1841,363,12   
"ME",1841,367,     
"ME",1841,381,3    
"ME",1841,390,1    
"ME",1841,399,28   
"ME",1841,400,98   
"ME",1841,411,     
"ME",1841,414,56   
"ME",1841,415,     
"ME",1841,416,20   
"ME",1842,310,36   
"ME",1842,320,5    
"ME",1842,323,9    
"ME",1842,331,2    
"ME",1842,344,1    
"ME",1842,345,19   
"ME",1842,350,     
"ME",1842,351,2    
"ME",1842,356,     
"ME",1842,361,48   
"ME",1842,362,52   
"ME",1842,363,12   
"ME",1842,367,     
"ME",1842,381,2    
"ME",1842,390,2    
"ME",1842,399,6    
"ME",1842,400,103  
"ME",1842,411,     
"ME",1842,414,8    
"ME",1842,415,     
"ME",1842,416,9    
"ME",1843,310,29   
"ME",1843,320,6    
"ME",1843,323,8    
"ME",1843,331,1    
"ME",1843,344,     
"ME",1843,345,2    
"ME",1843,350,     
"ME",1843,351,1    
"ME",1843,356,     
"ME",1843,361,33   
"ME",1843,362,76   
"ME",1843,363,15   
"ME",1843,367,     
"ME",1843,381,2    
"ME",1843,390,11   
"ME",1843,399,5    
"ME",1843,400,100  
"ME",1843,411,     
"ME",1843,414,389  
"ME",1843,415,     
"ME",1843,416,62   
"ME",1844,310,29   
"ME",1844,320,5    
"ME",1844,323,17   
"ME",1844,331,4    
"ME",1844,344,1    
"ME",1844,345,1    
"ME",1844,350,     
"ME",1844,351,2    
"ME",1844,356,     
"ME",1844,361,33   
"ME",1844,362,66   
"ME",1844,363,16   
"ME",1844,367,     
"ME",1844,381,2    
"ME",1844,390,10   
"ME",1844,399,8    
"ME",1844,400,98   
"ME",1844,411,     
"ME",1844,414,392  
"ME",1844,415,     
"ME",1844,416,73   
"ME",1846,310,27   
"ME",1846,320,7    
"ME",1846,323,10   
"ME",1846,331,1    
"ME",1846,344,     
"ME",1846,345,     
"ME",1846,350,     
"ME",1846,351,2    
"ME",1846,356,     
"ME",1846,361,40   
"ME",1846,362,55   
"ME",1846,363,19   
"ME",1846,367,     
"ME",1846,381,3    
"ME",1846,390,12   
"ME",1846,399,5    
"ME",1846,400,138  
"ME",1846,411,     
"ME",1846,414,369  
"ME",1846,415,     
"ME",1846,416,317  
"ME",1847,310,27   
"ME",1847,320,5    
"ME",1847,323,21   
"ME",1847,331,2    
"ME",1847,344,1    
"ME",1847,345,1    
"ME",1847,350,     
"ME",1847,351,3    
"ME",1847,356,     
"ME",1847,361,38   
"ME",1847,362,45   
"ME",1847,363,19   
"ME",1847,367,     
"ME",1847,381,2    
"ME",1847,390,9    
"ME",1847,399,176  
"ME",1847,400,79   
"ME",1847,411,     
"ME",1847,414,93   
"ME",1847,415,     
"ME",1847,416,132  
"ME",1848,310,29   
"ME",1848,320,5    
"ME",1848,323,23   
"ME",1848,331,2    
"ME",1848,344,1    
"ME",1848,345,6    
"ME",1848,350,1    
"ME",1848,351,3    
"ME",1848,356,     
"ME",1848,361,36   
"ME",1848,362,47   
"ME",1848,363,14   
"ME",1848,367,     
"ME",1848,381,2    
"ME",1848,390,27   
"ME",1848,399,5    
"ME",1848,400,73   
"ME",1848,411,     
"ME",1848,414,126  
"ME",1848,415,     
"ME",1848,416,162  
"ME",1849,310,28   
"ME",1849,320,6    
"ME",1849,323,21   
"ME",1849,331,2    
"ME",1849,344,1    
"ME",1849,345,     
"ME",1849,350,1    
"ME",1849,351,3    
"ME",1849,356,     
"ME",1849,361,40   
"ME",1849,362,54   
"ME",1849,363,15   
"ME",1849,367,     
"ME",1849,381,2    
"ME",1849,390,23   
"ME",1849,399,3    
"ME",1849,400,69   
"ME",1849,411,     
"ME",1849,414,79   
"ME",1849,415,     
"ME",1849,416,56   
"ME",1850,310,29   
"ME",1850,320,6    
"ME",1850,323,20   
"ME",1850,331,2    
"ME",1850,344,1    
"ME",1850,345,     
"ME",1850,350,     
"ME",1850,351,2    
"ME",1850,356,     
"ME",1850,361,42   
"ME",1850,362,55   
"ME",1850,363,24   
"ME",1850,367,     
"ME",1850,381,2    
"ME",1850,390,24   
"ME",1850,399,3    
"ME",1850,400,62   
"ME",1850,411,     
"ME",1850,414,126  
"ME",1850,415,     
"ME",1850,416,206  
"ME",1851,310,36   
"ME",1851,320,6    
"ME",1851,323,15   
"ME",1851,331,7    
"ME",1851,344,1    
"ME",1851,345,     
"ME",1851,350,5    
"ME",1851,351,2    
"ME",1851,356,     
"ME",1851,361,48   
"ME",1851,362,65   
"ME",1851,363,27   
"ME",1851,367,     
"ME",1851,381,2    
"ME",1851,390,1    
"ME",1851,399,9    
"ME",1851,400,52   
"ME",1851,411,     
"ME",1851,414,45   
"ME",1851,415,     
"ME",1851,416,228  
"ME",1852,310,65   
"ME",1852,320,11   
"ME",1852,323,122  
"ME",1852,331,     
"ME",1852,344,1    
"ME",1852,345,3    
"ME",1852,350,3    
"ME",1852,351,6    
"ME",1852,356,     
"ME",1852,361,58   
"ME",1852,362,65   
"ME",1852,363,33   
"ME",1852,367,     
"ME",1852,381,3    
"ME",1852,390,5    
"ME",1852,399,10   
"ME",1852,400,51   
"ME",1852,411,     
"ME",1852,414,165  
"ME",1852,415,     
"ME",1852,416,155  
"ME",1853,310,44   
"ME",1853,320,6    
"ME",1853,323,60   
"ME",1853,331,4    
"ME",1853,344,1    
"ME",1853,345,1    
"ME",1853,350,     
"ME",1853,351,3    
"ME",1853,356,     
"ME",1853,361,45   
"ME",1853,362,66   
"ME",1853,363,25   
"ME",1853,367,     
"ME",1853,381,2    
"ME",1853,390,6    
"ME",1853,399,118  
"ME",1853,400,42   
"ME",1853,411,     
"ME",1853,414,93   
"ME",1853,415,     
"ME",1853,416,10   
"ME",1854,310,51   
"ME",1854,320,4    
"ME",1854,323,50   
"ME",1854,331,2    
"ME",1854,344,1    
"ME",1854,345,1    
"ME",1854,350,     
"ME",1854,351,5    
"ME",1854,356,     
"ME",1854,361,47   
"ME",1854,362,65   
"ME",1854,363,36   
"ME",1854,367,     
"ME",1854,381,2    
"ME",1854,390,3    
"ME",1854,399,9    
"ME",1854,400,39   
"ME",1854,411,     
"ME",1854,414,108  
"ME",1854,415,     
"ME",1854,416,30   
"ME",1855,310,69   
"ME",1855,320,8    
"ME",1855,323,67   
"ME",1855,331,     
"ME",1855,344,1    
"ME",1855,345,1    
"ME",1855,350,1    
"ME",1855,351,6    
"ME",1855,356,     
"ME",1855,361,35   
"ME",1855,362,73   
"ME",1855,363,36   
"ME",1855,367,     
"ME",1855,381,2    
"ME",1855,390,6    
"ME",1855,399,12   
"ME",1855,400,38   
"ME",1855,411,     
"ME",1855,414,39   
"ME",1855,415,     
"ME",1855,416,242  
"ME",1856,310,85   
"ME",1856,320,7    
"ME",1856,323,51   
"ME",1856,331,     
"ME",1856,344,     
"ME",1856,345,2    
"ME",1856,350,     
"ME",1856,351,6    
"ME",1856,356,     
"ME",1856,361,44   
"ME",1856,362,75   
"ME",1856,363,21   
"ME",1856,367,     
"ME",1856,381,2    
"ME",1856,390,3    
"ME",1856,399,12   
"ME",1856,400,38   
"ME",1856,411,     
"ME",1856,414,146  
"ME",1856,415,     
"ME",1856,416,138  
"ME",1857,310,83   
"ME",1857,320,12   
"ME",1857,323,59   
"ME",1857,331,     
"ME",1857,344,2    
"ME",1857,345,4    
"ME",1857,350,     
"ME",1857,351,9    
"ME",1857,356,     
"ME",1857,361,45   
"ME",1857,362,118  
"ME",1857,363,36   
"ME",1857,367,     
"ME",1857,381,2    
"ME",1857,390,4    
"ME",1857,399,13   
"ME",1857,400,39   
"ME",1857,411,     
"ME",1857,414,48   
"ME",1857,415,     
"ME",1857,416,30   
"ME",1858,310,41   
"ME",1858,320,7    
"ME",1858,323,55   
"ME",1858,331,     
"ME",1858,344,1    
"ME",1858,345,4    
"ME",1858,350,1    
"ME",1858,351,9    
"ME",1858,356,     
"ME",1858,361,38   
"ME",1858,362,79   
"ME",1858,363,34   
"ME",1858,367,     
"ME",1858,381,2    
"ME",1858,390,3    
"ME",1858,399,5    
"ME",1858,400,39   
"ME",1858,411,     
"ME",1858,414,76   
"ME",1858,415,     
"ME",1858,416,30   
"ME",1860,310,98   
"ME",1860,320,10   
"ME",1860,323,42   
"ME",1860,331,     
"ME",1860,344,1    
"ME",1860,345,3    
"ME",1860,350,     
"ME",1860,351,11   
"ME",1860,356,     
"ME",1860,361,35   
"ME",1860,362,86   
"ME",1860,363,     
"ME",1860,367,     
"ME",1860,381,2    
"ME",1860,390,4    
"ME",1860,399,138  
"ME",1860,400,41   
"ME",1860,411,     
"ME",1860,414,37   
"ME",1860,415,     
"ME",1860,416,51   
"ME",1861,310,73   
"ME",1861,320,9    
"ME",1861,323,53   
"ME",1861,331,     
"ME",1861,344,     
"ME",1861,345,1008 
"ME",1861,350,3    
"ME",1861,351,6    
"ME",1861,356,     
"ME",1861,361,35   
"ME",1861,362,82   
"ME",1861,363,     
"ME",1861,367,     
"ME",1861,381,2    
"ME",1861,390,5    
"ME",1861,399,12   
"ME",1861,400,40   
"ME",1861,411,     
"ME",1861,414,68   
"ME",1861,415,     
"ME",1861,416,31   
"ME",1862,310,81   
"ME",1862,320,10   
"ME",1862,323,45   
"ME",1862,331,     
"ME",1862,344,     
"ME",1862,345,234  
"ME",1862,350,4    
"ME",1862,351,8    
"ME",1862,356,     
"ME",1862,361,35   
"ME",1862,362,89   
"ME",1862,363,     
"ME",1862,367,     
"ME",1862,381,2    
"ME",1862,390,3    
"ME",1862,399,12   
"ME",1862,400,84   
"ME",1862,411,     
"ME",1862,414,94   
"ME",1862,415,     
"ME",1862,416,27   
"ME",1863,310,90   
"ME",1863,320,7    
"ME",1863,323,54   
"ME",1863,331,     
"ME",1863,344,     
"ME",1863,345,1322 
"ME",1863,350,1    
"ME",1863,351,7    
"ME",1863,356,     
"ME",1863,361,35   
"ME",1863,362,97   
"ME",1863,363,     
"ME",1863,367,     
"ME",1863,381,2    
"ME",1863,390,6    
"ME",1863,399,9    
"ME",1863,400,100  
"ME",1863,411,     
"ME",1863,414,365  
"ME",1863,415,     
"ME",1863,416,50   
"ME",1864,310,82   
"ME",1864,320,7    
"ME",1864,323,53   
"ME",1864,331,     
"ME",1864,344,     
"ME",1864,345,3780 
"ME",1864,350,1    
"ME",1864,351,6    
"ME",1864,356,     
"ME",1864,361,35   
"ME",1864,362,102  
"ME",1864,363,     
"ME",1864,367,     
"ME",1864,381,2    
"ME",1864,390,4    
"ME",1864,399,24   
"ME",1864,400,226  
"ME",1864,411,     
"ME",1864,414,95   
"ME",1864,415,     
"ME",1864,416,1654 
"ME",1865,310,48   
"ME",1865,320,11   
"ME",1865,323,74   
"ME",1865,331,     
"ME",1865,344,     
"ME",1865,345,1584 
"ME",1865,350,1    
"ME",1865,351,7    
"ME",1865,356,     
"ME",1865,361,35   
"ME",1865,362,92   
"ME",1865,363,     
"ME",1865,367,     
"ME",1865,381,2    
"ME",1865,390,4    
"ME",1865,399,21   
"ME",1865,400,323  
"ME",1865,411,96   
"ME",1865,414,305  
"ME",1865,415,     
"ME",1865,416,575  
"ME",1866,310,40   
"ME",1866,320,13   
"ME",1866,323,81   
"ME",1866,331,     
"ME",1866,344,     
"ME",1866,345,541  
"ME",1866,350,2    
"ME",1866,351,6    
"ME",1866,356,     
"ME",1866,361,35   
"ME",1866,362,113  
"ME",1866,363,     
"ME",1866,367,     
"ME",1866,381,2    
"ME",1866,390,4    
"ME",1866,399,24   
"ME",1866,400,325  
"ME",1866,411,151  
"ME",1866,414,232  
"ME",1866,415,     
"ME",1866,416,981  
"ME",1867,310,63   
"ME",1867,320,10   
"ME",1867,323,80   
"ME",1867,331,     
"ME",1867,344,     
"ME",1867,345,458  
"ME",1867,350,5    
"ME",1867,351,7    
"ME",1867,356,     
"ME",1867,361,35   
"ME",1867,362,125  
"ME",1867,363,     
"ME",1867,367,     
"ME",1867,381,115  
"ME",1867,390,5    
"ME",1867,399,54   
"ME",1867,400,349  
"ME",1867,411,285  
"ME",1867,414,209  
"ME",1867,415,     
"ME",1867,416,37   
"ME",1868,310,35   
"ME",1868,320,11   
"ME",1868,323,80   
"ME",1868,331,     
"ME",1868,344,     
"ME",1868,345,18   
"ME",1868,350,151  
"ME",1868,351,7    
"ME",1868,356,     
"ME",1868,361,36   
"ME",1868,362,112  
"ME",1868,363,     
"ME",1868,367,     
"ME",1868,381,52   
"ME",1868,390,5    
"ME",1868,399,60   
"ME",1868,400,296  
"ME",1868,411,244  
"ME",1868,414,216  
"ME",1868,415,     
"ME",1868,416,37   
"ME",1869,310,46   
"ME",1869,320,41   
"ME",1869,323,118  
"ME",1869,331,     
"ME",1869,344,     
"ME",1869,345,7    
"ME",1869,350,6    
"ME",1869,351,9    
"ME",1869,356,     
"ME",1869,361,35   
"ME",1869,362,120  
"ME",1869,363,     
"ME",1869,367,     
"ME",1869,381,54   
"ME",1869,390,5    
"ME",1869,399,51   
"ME",1869,400,313  
"ME",1869,411,77   
"ME",1869,414,236  
"ME",1869,415,     
"ME",1869,416,37   
"ME",1870,310,126  
"ME",1870,320,46   
"ME",1870,323,129  
"ME",1870,331,     
"ME",1870,344,     
"ME",1870,345,18   
"ME",1870,350,678  
"ME",1870,351,7    
"ME",1870,356,     
"ME",1870,361,36   
"ME",1870,362,155  
"ME",1870,363,1    
"ME",1870,367,     
"ME",1870,381,26   
"ME",1870,390,6    
"ME",1870,399,53   
"ME",1870,400,471  
"ME",1870,411,214  
"ME",1870,414,118  
"ME",1870,415,     
"ME",1870,416,3075 
"ME",1871,310,66   
"ME",1871,320,28   
"ME",1871,323,94   
"ME",1871,331,     
"ME",1871,344,     
"ME",1871,345,17   
"ME",1871,350,13   
"ME",1871,351,7    
"ME",1871,356,10   
"ME",1871,361,35   
"ME",1871,362,160  
"ME",1871,363,7    
"ME",1871,367,     
"ME",1871,381,27   
"ME",1871,390,6    
"ME",1871,399,25   
"ME",1871,400,480  
"ME",1871,411,258  
"ME",1871,414,192  
"ME",1871,415,     
"ME",1871,416,883  
"ME",1872,310,94   
"ME",1872,320,33   
"ME",1872,323,82   
"ME",1872,331,     
"ME",1872,344,     
"ME",1872,345,4    
"ME",1872,350,26   
"ME",1872,351,7    
"ME",1872,356,10   
"ME",1872,361,40   
"ME",1872,362,132  
"ME",1872,363,3    
"ME",1872,367,     
"ME",1872,381,27   
"ME",1872,390,7    
"ME",1872,399,20   
"ME",1872,400,433  
"ME",1872,411,174  
"ME",1872,414,380  
"ME",1872,415,     
"ME",1872,416,57   
"ME",1873,310,343  
"ME",1873,320,31   
"ME",1873,323,63   
"ME",1873,331,     
"ME",1873,344,     
"ME",1873,345,19   
"ME",1873,350,9    
"ME",1873,351,7    
"ME",1873,356,     
"ME",1873,361,41   
"ME",1873,362,133  
"ME",1873,363,3    
"ME",1873,367,     
"ME",1873,381,26   
"ME",1873,390,8    
"ME",1873,399,34   
"ME",1873,400,431  
"ME",1873,411,166  
"ME",1873,414,436  
"ME",1873,415,     
"ME",1873,416,49   
"ME",1874,310,424  
"ME",1874,320,34   
"ME",1874,323,119  
"ME",1874,331,     
"ME",1874,344,     
"ME",1874,345,11   
"ME",1874,350,2    
"ME",1874,351,8    
"ME",1874,356,25   
"ME",1874,361,41   
"ME",1874,362,140  
"ME",1874,363,4    
"ME",1874,367,     
"ME",1874,381,25   
"ME",1874,390,8    
"ME",1874,399,30   
"ME",1874,400,432  
"ME",1874,411,188  
"ME",1874,414,322  
"ME",1874,415,     
"ME",1874,416,51   
"ME",1875,310,439  
"ME",1875,320,35   
"ME",1875,323,111  
"ME",1875,331,     
"ME",1875,344,     
"ME",1875,345,8    
"ME",1875,350,2    
"ME",1875,351,7    
"ME",1875,356,10   
"ME",1875,361,40   
"ME",1875,362,138  
"ME",1875,363,4    
"ME",1875,367,     
"ME",1875,381,25   
"ME",1875,390,9    
"ME",1875,399,35   
"ME",1875,400,424  
"ME",1875,411,204  
"ME",1875,414,377  
"ME",1875,415,     
"ME",1875,416,24   
"ME",1876,310,0    
"ME",1876,320,0    
"ME",1876,323,0    
"ME",1876,331,0    
"ME",1876,344,0    
"ME",1876,345,0    
"ME",1876,350,0    
"ME",1876,351,0    
"ME",1876,356,0    
"ME",1876,361,0    
"ME",1876,362,0    
"ME",1876,363,0    
"ME",1876,367,0    
"ME",1876,381,0    
"ME",1876,390,0    
"ME",1876,400,0    
"ME",1876,411,0    
"ME",1876,414,0    
"ME",1876,415,0    
"ME",1876,416,0    
"ME",1877,310,500  
"ME",1877,320,46   
"ME",1877,323,90   
"ME",1877,331,0    
"ME",1877,344,0    
"ME",1877,345,12   
"ME",1877,350,5    
"ME",1877,351,8    
"ME",1877,356,5    
"ME",1877,361,41   
"ME",1877,362,91   
"ME",1877,363,37   
"ME",1877,367,0    
"ME",1877,381,26   
"ME",1877,390,31   
"ME",1877,400,354  
"ME",1877,411,80   
"ME",1877,414,231  
"ME",1877,415,0    
"ME",1877,416,47   
"ME",1878,310,0    
"ME",1878,320,0    
"ME",1878,323,0    
"ME",1878,331,0    
"ME",1878,344,0    
"ME",1878,345,0    
"ME",1878,350,0    
"ME",1878,351,0    
"ME",1878,356,0    
"ME",1878,361,0    
"ME",1878,362,0    
"ME",1878,363,0    
"ME",1878,367,0    
"ME",1878,381,0    
"ME",1878,390,0    
"ME",1878,400,0    
"ME",1878,411,0    
"ME",1878,414,0    
"ME",1878,415,0    
"ME",1878,416,0    
"ME",1879,310,405  
"ME",1879,320,40   
"ME",1879,323,79   
"ME",1879,331,0    
"ME",1879,344,0    
"ME",1879,345,3    
"ME",1879,350,3    
"ME",1879,351,7    
"ME",1879,356,5    
"ME",1879,361,41   
"ME",1879,362,69   
"ME",1879,363,34   
"ME",1879,367,0    
"ME",1879,381,25   
"ME",1879,390,20   
"ME",1879,400,353  
"ME",1879,411,80   
"ME",1879,414,69   
"ME",1879,415,0    
"ME",1879,416,150  
"ME",1880,310,353  
"ME",1880,320,41   
"ME",1880,323,84   
"ME",1880,331,0    
"ME",1880,344,0    
"ME",1880,345,23   
"ME",1880,350,7    
"ME",1880,351,1    
"ME",1880,356,5    
"ME",1880,361,36   
"ME",1880,362,101  
"ME",1880,363,2    
"ME",1880,367,0    
"ME",1880,381,24   
"ME",1880,390,77   
"ME",1880,400,349  
"ME",1880,411,80   
"ME",1880,414,160  
"ME",1880,415,0    
"ME",1880,416,398  
"ME",1881,310,339  
"ME",1881,320,26   
"ME",1881,323,134  
"ME",1881,331,0    
"ME",1881,344,0    
"ME",1881,345,17   
"ME",1881,350,8    
"ME",1881,351,12   
"ME",1881,356,5    
"ME",1881,361,36   
"ME",1881,362,104  
"ME",1881,363,0    
"ME",1881,367,0    
"ME",1881,381,20   
"ME",1881,390,32   
"ME",1881,400,339  
"ME",1881,411,80   
"ME",1881,414,142  
"ME",1881,415,0    
"ME",1881,416,283  
"ME",1882,310,356  
"ME",1882,320,39   
"ME",1882,323,68   
"ME",1882,331,0    
"ME",1882,344,0    
"ME",1882,345,15   
"ME",1882,350,1    
"ME",1882,351,9    
"ME",1882,356,5    
"ME",1882,361,0    
"ME",1882,362,91   
"ME",1882,363,1    
"ME",1882,367,0    
"ME",1882,381,20   
"ME",1882,390,36   
"ME",1882,400,327  
"ME",1882,411,80   
"ME",1882,414,475  
"ME",1882,415,0    
"ME",1882,416,52   
"ME",1883,310,394  
"ME",1883,320,42   
"ME",1883,323,166  
"ME",1883,331,0    
"ME",1883,344,0    
"ME",1883,345,17   
"ME",1883,350,4    
"ME",1883,351,14   
"ME",1883,356,5    
"ME",1883,361,36   
"ME",1883,362,128  
"ME",1883,363,1    
"ME",1883,367,0    
"ME",1883,381,21   
"ME",1883,390,70   
"ME",1883,400,363  
"ME",1883,411,80   
"ME",1883,414,88   
"ME",1883,415,0    
"ME",1883,416,434  
"ME",1884,310,393  
"ME",1884,320,46   
"ME",1884,323,82   
"ME",1884,331,0    
"ME",1884,344,0    
"ME",1884,345,15   
"ME",1884,350,3    
"ME",1884,351,8    
"ME",1884,356,5    
"ME",1884,361,0    
"ME",1884,362,119  
"ME",1884,363,2    
"ME",1884,367,0    
"ME",1884,381,22   
"ME",1884,390,58   
"ME",1884,400,316  
"ME",1884,411,83   
"ME",1884,414,192  
"ME",1884,415,0    
"ME",1884,416,51   
"ME",1885,310,414  
"ME",1885,320,48   
"ME",1885,323,123  
"ME",1885,331,0    
"ME",1885,344,0    
"ME",1885,345,16   
"ME",1885,350,6    
"ME",1885,351,15   
"ME",1885,356,10   
"ME",1885,361,37   
"ME",1885,362,107  
"ME",1885,363,2    
"ME",1885,367,0    
"ME",1885,381,21   
"ME",1885,390,80   
"ME",1885,400,317  
"ME",1885,411,78   
"ME",1885,414,319  
"ME",1885,415,0    
"ME",1885,416,48   
"ME",1886,310,411  
"ME",1886,320,55   
"ME",1886,323,68   
"ME",1886,331,0    
"ME",1886,344,0    
"ME",1886,345,15   
"ME",1886,350,2    
"ME",1886,351,19   
"ME",1886,356,8    
"ME",1886,361,0    
"ME",1886,362,116  
"ME",1886,363,1    
"ME",1886,367,0    
"ME",1886,381,24   
"ME",1886,390,74   
"ME",1886,400,313  
"ME",1886,411,80   
"ME",1886,414,319  
"ME",1886,415,0    
"ME",1886,416,59   
"ME",1887,310,0    
"ME",1887,320,0    
"ME",1887,323,0    
"ME",1887,331,0    
"ME",1887,344,0    
"ME",1887,345,0    
"ME",1887,350,0    
"ME",1887,351,0    
"ME",1887,356,0    
"ME",1887,361,0    
"ME",1887,362,0    
"ME",1887,363,0    
"ME",1887,367,0    
"ME",1887,381,0    
"ME",1887,390,0    
"ME",1887,400,0    
"ME",1887,411,0    
"ME",1887,414,0    
"ME",1887,415,0    
"ME",1887,416,0    
"ME",1888,310,444  
"ME",1888,320,61   
"ME",1888,323,88   
"ME",1888,331,0    
"ME",1888,344,0    
"ME",1888,345,16   
"ME",1888,350,7    
"ME",1888,351,5    
"ME",1888,356,8    
"ME",1888,361,0    
"ME",1888,362,145  
"ME",1888,363,2    
"ME",1888,367,0    
"ME",1888,381,37   
"ME",1888,390,71   
"ME",1888,400,243  
"ME",1888,411,0    
"ME",1888,414,272  
"ME",1888,415,0    
"ME",1888,416,0    
"ME",1889,310,466  
"ME",1889,320,58   
"ME",1889,323,191  
"ME",1889,331,0    
"ME",1889,344,0    
"ME",1889,345,29   
"ME",1889,350,31   
"ME",1889,351,15   
"ME",1889,356,15   
"ME",1889,361,42   
"ME",1889,362,174  
"ME",1889,363,2    
"ME",1889,367,0    
"ME",1889,381,44   
"ME",1889,390,191  
"ME",1889,400,229  
"ME",1889,411,0    
"ME",1889,414,63   
"ME",1889,415,0    
"ME",1889,416,3871 
"ME",1890,310,461  
"ME",1890,320,67   
"ME",1890,323,146  
"ME",1890,331,1    
"ME",1890,344,16   
"ME",1890,345,20   
"ME",1890,350,7    
"ME",1890,351,24   
"ME",1890,356,10   
"ME",1890,361,0    
"ME",1890,362,162  
"ME",1890,363,2    
"ME",1890,367,0    
"ME",1890,381,67   
"ME",1890,390,176  
"ME",1890,400,94   
"ME",1890,411,0    
"ME",1890,414,175  
"ME",1890,415,0    
"ME",1890,416,130  
"ME",1891,310,499  
"ME",1891,320,58   
"ME",1891,323,154  
"ME",1891,331,11   
"ME",1891,344,18   
"ME",1891,345,18   
"ME",1891,350,16   
"ME",1891,351,32   
"ME",1891,356,25   
"ME",1891,361,42   
"ME",1891,362,202  
"ME",1891,363,3    
"ME",1891,367,0    
"ME",1891,381,65   
"ME",1891,390,119  
"ME",1891,400,102  
"ME",1891,411,0    
"ME",1891,414,200  
"ME",1891,415,0    
"ME",1891,416,348  
"ME",1892,310,570  
"ME",1892,320,62   
"ME",1892,323,126  
"ME",1892,331,0    
"ME",1892,344,20   
"ME",1892,345,20   
"ME",1892,350,12   
"ME",1892,351,36   
"ME",1892,356,18   
"ME",1892,361,0    
"ME",1892,362,184  
"ME",1892,363,2    
"ME",1892,367,0    
"ME",1892,381,60   
"ME",1892,390,129  
"ME",1892,400,92   
"ME",1892,411,0    
"ME",1892,414,305  
"ME",1892,415,0    
"ME",1892,416,152  
"ME",1893,310,593  
"ME",1893,320,63   
"ME",1893,323,141  
"ME",1893,331,0    
"ME",1893,344,19   
"ME",1893,345,31   
"ME",1893,350,13   
"ME",1893,351,38   
"ME",1893,356,22   
"ME",1893,361,42   
"ME",1893,362,208  
"ME",1893,363,2    
"ME",1893,367,0    
"ME",1893,381,58   
"ME",1893,390,135  
"ME",1893,400,91   
"ME",1893,411,0    
"ME",1893,414,336  
"ME",1893,415,0    
"ME",1893,416,377  
"ME",1894,310,600  
"ME",1894,320,48   
"ME",1894,323,109  
"ME",1894,331,0    
"ME",1894,344,18   
"ME",1894,345,32   
"ME",1894,350,12   
"ME",1894,351,39   
"ME",1894,356,31   
"ME",1894,361,0    
"ME",1894,362,196  
"ME",1894,363,3    
"ME",1894,367,0    
"ME",1894,381,66   
"ME",1894,390,144  
"ME",1894,400,81   
"ME",1894,411,0    
"ME",1894,414,458  
"ME",1894,415,0    
"ME",1894,416,150  
"ME",1895,310,651  
"ME",1895,320,84   
"ME",1895,323,195  
"ME",1895,331,0    
"ME",1895,344,26   
"ME",1895,345,36   
"ME",1895,350,11   
"ME",1895,351,52   
"ME",1895,356,28   
"ME",1895,361,42   
"ME",1895,362,203  
"ME",1895,363,4    
"ME",1895,367,0    
"ME",1895,381,64   
"ME",1895,390,181  
"ME",1895,400,75   
"ME",1895,411,0    
"ME",1895,414,290  
"ME",1895,415,0    
"ME",1895,416,50   
"ME",1896,310,647  
"ME",1896,320,69   
"ME",1896,323,225  
"ME",1896,331,0    
"ME",1896,344,22   
"ME",1896,345,35   
"ME",1896,350,12   
"ME",1896,351,55   
"ME",1896,356,37   
"ME",1896,361,0    
"ME",1896,362,194  
"ME",1896,363,3    
"ME",1896,367,0    
"ME",1896,381,72   
"ME",1896,390,167  
"ME",1896,400,74   
"ME",1896,411,0    
"ME",1896,414,204  
"ME",1896,415,0    
"ME",1896,416,50   
"ME",1897,310,677  
"ME",1897,320,95   
"ME",1897,323,160  
"ME",1897,331,0    
"ME",1897,344,29   
"ME",1897,345,40   
"ME",1897,350,12   
"ME",1897,351,70   
"ME",1897,356,29   
"ME",1897,361,42   
"ME",1897,362,235  
"ME",1897,363,3    
"ME",1897,367,0    
"ME",1897,381,73   
"ME",1897,390,207  
"ME",1897,400,77   
"ME",1897,411,0    
"ME",1897,414,152  
"ME",1897,415,0    
"ME",1897,416,50   
"ME",1898,310,656  
"ME",1898,320,69   
"ME",1898,323,141  
"ME",1898,331,0    
"ME",1898,344,27   
"ME",1898,345,34   
"ME",1898,350,12   
"ME",1898,351,65   
"ME",1898,356,41   
"ME",1898,361,0    
"ME",1898,362,213  
"ME",1898,363,3    
"ME",1898,367,0    
"ME",1898,381,76   
"ME",1898,390,186  
"ME",1898,400,77   
"ME",1898,411,0    
"ME",1898,414,155  
"ME",1898,415,0    
"ME",1898,416,250  
"ME",1899,310,634  
"ME",1899,320,94   
"ME",1899,323,268  
"ME",1899,331,0    
"ME",1899,344,25   
"ME",1899,345,126  
"ME",1899,350,15   
"ME",1899,351,69   
"ME",1899,356,40   
"ME",1899,361,42   
"ME",1899,362,227  
"ME",1899,363,2    
"ME",1899,367,0    
"ME",1899,381,74   
"ME",1899,390,201  
"ME",1899,400,76   
"ME",1899,411,0    
"ME",1899,414,200  
"ME",1899,415,0    
"ME",1899,416,200  
"ME",1900,310,663  
"ME",1900,320,97   
"ME",1900,323,256  
"ME",1900,331,0    
"ME",1900,344,27   
"ME",1900,345,47   
"ME",1900,350,13   
"ME",1900,351,77   
"ME",1900,356,41   
"ME",1900,361,0    
"ME",1900,362,224  
"ME",1900,363,4    
"ME",1900,367,0    
"ME",1900,381,79   
"ME",1900,390,158  
"ME",1900,400,79   
"ME",1900,411,0    
"ME",1900,414,199  
"ME",1900,415,0    
"ME",1900,416,250  
"ME",1901,310,644  
"ME",1901,320,87   
"ME",1901,323,302  
"ME",1901,331,0    
"ME",1901,344,21   
"ME",1901,345,30   
"ME",1901,350,22   
"ME",1901,351,81   
"ME",1901,356,31   
"ME",1901,361,54   
"ME",1901,362,266  
"ME",1901,363,11   
"ME",1901,367,0    
"ME",1901,381,79   
"ME",1901,390,186  
"ME",1901,400,78   
"ME",1901,411,0    
"ME",1901,414,298  
"ME",1901,415,0    
"ME",1901,416,400  
"ME",1902,310,702  
"ME",1902,320,101  
"ME",1902,323,166  
"ME",1902,331,8    
"ME",1902,344,29   
"ME",1902,345,38   
"ME",1902,350,16   
"ME",1902,351,80   
"ME",1902,356,44   
"ME",1902,361,0    
"ME",1902,362,251  
"ME",1902,363,15   
"ME",1902,367,0    
"ME",1902,381,84   
"ME",1902,390,247  
"ME",1902,400,69   
"ME",1902,411,0    
"ME",1902,414,439  
"ME",1902,415,0    
"ME",1902,416,420  
"ME",1903,310,775  
"ME",1903,320,96   
"ME",1903,323,300  
"ME",1903,331,8    
"ME",1903,344,26   
"ME",1903,345,28   
"ME",1903,350,38   
"ME",1903,351,115  
"ME",1903,356,54   
"ME",1903,361,59   
"ME",1903,362,266  
"ME",1903,363,30   
"ME",1903,367,0    
"ME",1903,381,83   
"ME",1903,390,343  
"ME",1903,400,63   
"ME",1903,411,0    
"ME",1903,414,638  
"ME",1903,415,0    
"ME",1903,416,70   
"ME",1904,310,814  
"ME",1904,320,104  
"ME",1904,323,236  
"ME",1904,331,30   
"ME",1904,344,23   
"ME",1904,345,46   
"ME",1904,350,49   
"ME",1904,351,109  
"ME",1904,356,53   
"ME",1904,361,0    
"ME",1904,362,299  
"ME",1904,363,15   
"ME",1904,367,0    
"ME",1904,381,89   
"ME",1904,390,264  
"ME",1904,400,60   
"ME",1904,411,0    
"ME",1904,414,245  
"ME",1904,415,0    
"ME",1904,416,510  
"ME",1905,310,770  
"ME",1905,320,128  
"ME",1905,323,296  
"ME",1905,331,73   
"ME",1905,344,37   
"ME",1905,345,37   
"ME",1905,350,29   
"ME",1905,351,156  
"ME",1905,356,56   
"ME",1905,361,74   
"ME",1905,362,256  
"ME",1905,363,29   
"ME",1905,367,0    
"ME",1905,381,87   
"ME",1905,390,320  
"ME",1905,400,55   
"ME",1905,411,0    
"ME",1905,414,431  
"ME",1905,415,0    
"ME",1905,416,23   
"ME",1906,310,783  
"ME",1906,320,117  
"ME",1906,323,191  
"ME",1906,331,75   
"ME",1906,344,24   
"ME",1906,345,45   
"ME",1906,350,34   
"ME",1906,351,160  
"ME",1906,356,65   
"ME",1906,361,0    
"ME",1906,362,252  
"ME",1906,363,66   
"ME",1906,367,0    
"ME",1906,381,89   
"ME",1906,390,276  
"ME",1906,400,50   
"ME",1906,411,0    
"ME",1906,414,598  
"ME",1906,415,0    
"ME",1906,416,287  
"ME",1907,310,910  
"ME",1907,320,125  
"ME",1907,323,450  
"ME",1907,331,93   
"ME",1907,344,25   
"ME",1907,345,46   
"ME",1907,350,32   
"ME",1907,351,209  
"ME",1907,356,101  
"ME",1907,361,87   
"ME",1907,362,275  
"ME",1907,363,60   
"ME",1907,367,0    
"ME",1907,381,91   
"ME",1907,390,314  
"ME",1907,400,29   
"ME",1907,411,0    
"ME",1907,414,479  
"ME",1907,415,0    
"ME",1907,416,580  
"ME",1908,310,861  
"ME",1908,320,203  
"ME",1908,323,375  
"ME",1908,331,197  
"ME",1908,344,27   
"ME",1908,345,45   
"ME",1908,350,38   
"ME",1908,351,218  
"ME",1908,356,83   
"ME",1908,361,0    
"ME",1908,362,277  
"ME",1908,363,78   
"ME",1908,367,0    
"ME",1908,381,89   
"ME",1908,390,371  
"ME",1908,400,26   
"ME",1908,411,0    
"ME",1908,414,569  
"ME",1908,415,0    
"ME",1908,416,15   
"ME",1909,310,1266 
"ME",1909,320,295  
"ME",1909,323,516  
"ME",1909,331,184  
"ME",1909,344,56   
"ME",1909,345,48   
"ME",1909,350,35   
"ME",1909,351,360  
"ME",1909,356,205  
"ME",1909,361,156  
"ME",1909,362,164  
"ME",1909,363,120  
"ME",1909,367,0    
"ME",1909,381,91   
"ME",1909,390,368  
"ME",1909,400,25   
"ME",1909,411,0    
"ME",1909,414,76   
"ME",1909,415,0    
"ME",1909,416,0    
"ME",1910,310,1288 
"ME",1910,320,154  
"ME",1910,323,538  
"ME",1910,331,309  
"ME",1910,344,56   
"ME",1910,345,58   
"ME",1910,350,54   
"ME",1910,351,319  
"ME",1910,356,81   
"ME",1910,361,0    
"ME",1910,362,127  
"ME",1910,363,126  
"ME",1910,367,0    
"ME",1910,381,90   
"ME",1910,390,632  
"ME",1910,400,38   
"ME",1910,411,0    
"ME",1910,414,136  
"ME",1910,415,0    
"ME",1910,416,0    
"ME",1911,310,1973 
"ME",1911,320,190  
"ME",1911,323,533  
"ME",1911,331,226  
"ME",1911,344,42   
"ME",1911,345,54   
"ME",1911,350,34   
"ME",1911,351,308  
"ME",1911,356,119  
"ME",1911,361,119  
"ME",1911,362,115  
"ME",1911,363,88   
"ME",1911,367,0    
"ME",1911,381,85   
"ME",1911,390,275  
"ME",1911,400,35   
"ME",1911,411,0    
"ME",1911,414,502  
"ME",1911,415,0    
"ME",1911,416,322  
"ME",1912,310,2177 
"ME",1912,320,291  
"ME",1912,323,437  
"ME",1912,331,429  
"ME",1912,344,49   
"ME",1912,345,61   
"ME",1912,350,37   
"ME",1912,351,268  
"ME",1912,356,102  
"ME",1912,361,23   
"ME",1912,362,168  
"ME",1912,363,95   
"ME",1912,367,0    
"ME",1912,381,159  
"ME",1912,390,338  
"ME",1912,400,28   
"ME",1912,411,0    
"ME",1912,414,457  
"ME",1912,415,0    
"ME",1912,416,706  
"ME",1913,310,2072 
"ME",1913,320,188  
"ME",1913,323,621  
"ME",1913,331,553  
"ME",1913,344,56   
"ME",1913,345,52   
"ME",1913,350,41   
"ME",1913,351,374  
"ME",1913,356,106  
"ME",1913,361,148  
"ME",1913,362,147  
"ME",1913,363,94   
"ME",1913,367,0    
"ME",1913,381,90   
"ME",1913,390,335  
"ME",1913,400,12   
"ME",1913,411,0    
"ME",1913,414,649  
"ME",1913,415,0    
"ME",1913,416,0    
"ME",1914,310,2283 
"ME",1914,320,215  
"ME",1914,323,879  
"ME",1914,331,1395 
"ME",1914,344,76   
"ME",1914,345,74   
"ME",1914,350,41   
"ME",1914,351,432  
"ME",1914,356,109  
"ME",1914,361,6    
"ME",1914,362,163  
"ME",1914,363,96   
"ME",1914,367,0    
"ME",1914,381,119  
"ME",1914,390,304  
"ME",1914,400,24   
"ME",1914,411,8    
"ME",1914,414,778  
"ME",1914,415,0    
"ME",1914,416,0    
"ME",1915,310,3745 
"ME",1915,320,327  
"ME",1915,323,696  
"ME",1915,331,1312 
"ME",1915,344,99   
"ME",1915,345,76   
"ME",1915,350,27   
"ME",1915,351,388  
"ME",1915,356,178  
"ME",1915,361,135  
"ME",1915,362,163  
"ME",1915,363,120  
"ME",1915,367,0    
"ME",1915,381,127  
"ME",1915,390,456  
"ME",1915,400,54   
"ME",1915,411,40   
"ME",1915,414,1159 
"ME",1915,415,0    
"ME",1915,416,0    
"ME",1916,310,2279 
"ME",1916,320,380  
"ME",1916,323,774  
"ME",1916,331,159  
"ME",1916,344,132  
"ME",1916,345,72   
"ME",1916,350,34   
"ME",1916,351,355  
"ME",1916,356,196  
"ME",1916,361,8    
"ME",1916,362,475  
"ME",1916,363,101  
"ME",1916,367,0    
"ME",1916,381,130  
"ME",1916,390,349  
"ME",1916,400,69   
"ME",1916,411,39   
"ME",1916,414,1473 
"ME",1916,415,0    
"ME",1916,416,0    
"ME",1917,310,2352 
"ME",1917,320,286  
"ME",1917,323,1208 
"ME",1917,331,1511 
"ME",1917,344,34   
"ME",1917,345,467  
"ME",1917,350,129  
"ME",1917,351,381  
"ME",1917,356,307  
"ME",1917,361,157  
"ME",1917,362,127  
"ME",1917,363,107  
"ME",1917,367,0    
"ME",1917,381,187  
"ME",1917,390,398  
"ME",1917,400,93   
"ME",1917,411,54   
"ME",1917,414,1862 
"ME",1917,415,0    
"ME",1917,416,0    
"ME",1918,310,2256 
"ME",1918,320,322  
"ME",1918,323,1113 
"ME",1918,331,2137 
"ME",1918,344,139  
"ME",1918,345,361  
"ME",1918,350,29   
"ME",1918,351,417  
"ME",1918,356,393  
"ME",1918,361,4    
"ME",1918,362,191  
"ME",1918,363,152  
"ME",1918,367,0    
"ME",1918,381,77   
"ME",1918,390,421  
"ME",1918,400,107  
"ME",1918,411,79   
"ME",1918,414,1986 
"ME",1918,415,0    
"ME",1918,416,0    
"ME",1919,310,2497 
"ME",1919,320,408  
"ME",1919,323,1300 
"ME",1919,331,2352 
"ME",1919,344,155  
"ME",1919,345,686  
"ME",1919,350,44   
"ME",1919,351,524  
"ME",1919,356,258  
"ME",1919,361,171  
"ME",1919,362,249  
"ME",1919,363,129  
"ME",1919,367,0    
"ME",1919,381,137  
"ME",1919,390,444  
"ME",1919,400,125  
"ME",1919,411,79   
"ME",1919,414,2218 
"ME",1919,415,0    
"ME",1919,416,0    
"ME",1920,310,2689 
"ME",1920,320,655  
"ME",1920,323,1523 
"ME",1920,331,4416 
"ME",1920,344,202  
"ME",1920,345,987  
"ME",1920,350,311  
"ME",1920,351,629  
"ME",1920,356,542  
"ME",1920,361,10   
"ME",1920,362,291  
"ME",1920,363,144  
"ME",1920,367,0    
"ME",1920,381,143  
"ME",1920,390,302  
"ME",1920,400,215  
"ME",1920,411,288  
"ME",1920,414,5551 
"ME",1920,415,0    
"ME",1920,416,0    
"ME",1921,310,450  
"ME",1921,320,298  
"ME",1921,323,735  
"ME",1921,331,1511 
"ME",1921,344,73   
"ME",1921,345,2164 
"ME",1921,350,40   
"ME",1921,351,298  
"ME",1921,356,257  
"ME",1921,361,192  
"ME",1921,362,146  
"ME",1921,363,64   
"ME",1921,367,0    
"ME",1921,381,89   
"ME",1921,390,34   
"ME",1921,400,192  
"ME",1921,411,100  
"ME",1921,414,2011 
"ME",1921,415,0    
"ME",1921,416,0    
"ME",1922,310,2939 
"ME",1922,320,673  
"ME",1922,323,1649 
"ME",1922,331,6364 
"ME",1922,344,169  
"ME",1922,345,288  
"ME",1922,350,391  
"ME",1922,351,777  
"ME",1922,356,682  
"ME",1922,361,12   
"ME",1922,362,281  
"ME",1922,363,148  
"ME",1922,367,0    
"ME",1922,381,143  
"ME",1922,390,370  
"ME",1922,400,467  
"ME",1922,411,419  
"ME",1922,414,1864 
"ME",1922,415,0    
"ME",1922,416,220  
"ME",1923,310,2880 
"ME",1923,320,706  
"ME",1923,323,1420 
"ME",1923,331,5334 
"ME",1923,344,180  
"ME",1923,345,126  
"ME",1923,350,786  
"ME",1923,351,603  
"ME",1923,356,627  
"ME",1923,361,187  
"ME",1923,362,292  
"ME",1923,363,148  
"ME",1923,367,0    
"ME",1923,381,138  
"ME",1923,390,636  
"ME",1923,400,570  
"ME",1923,411,419  
"ME",1923,414,2085 
"ME",1923,415,0    
"ME",1923,416,234  
"ME",1924,310,3147 
"ME",1924,320,757  
"ME",1924,323,1783 
"ME",1924,331,6083 
"ME",1924,344,188  
"ME",1924,345,141  
"ME",1924,350,341  
"ME",1924,351,622  
"ME",1924,356,608  
"ME",1924,361,16   
"ME",1924,362,300  
"ME",1924,363,143  
"ME",1924,367,0    
"ME",1924,381,120  
"ME",1924,390,698  
"ME",1924,400,656  
"ME",1924,411,469  
"ME",1924,414,2718 
"ME",1924,415,0    
"ME",1924,416,8    
"ME",1925,310,3119 
"ME",1925,320,770  
"ME",1925,323,1650 
"ME",1925,331,7112 
"ME",1925,344,154  
"ME",1925,345,122  
"ME",1925,350,112  
"ME",1925,351,686  
"ME",1925,356,716  
"ME",1925,361,191  
"ME",1925,362,422  
"ME",1925,363,156  
"ME",1925,367,0    
"ME",1925,381,109  
"ME",1925,390,610  
"ME",1925,400,147  
"ME",1925,411,350  
"ME",1925,414,2612 
"ME",1925,415,0    
"ME",1925,416,40   
"ME",1926,310,3194 
"ME",1926,320,823  
"ME",1926,323,1363 
"ME",1926,331,7358 
"ME",1926,344,168  
"ME",1926,345,162  
"ME",1926,350,196  
"ME",1926,351,714  
"ME",1926,356,660  
"ME",1926,361,12   
"ME",1926,362,299  
"ME",1926,363,144  
"ME",1926,367,0    
"ME",1926,381,87   
"ME",1926,390,665  
"ME",1926,400,225  
"ME",1926,411,370  
"ME",1926,414,4639 
"ME",1926,415,0    
"ME",1926,416,1    
"ME",1927,310,3217 
"ME",1927,320,985  
"ME",1927,323,1421 
"ME",1927,331,11867
"ME",1927,344,163  
"ME",1927,345,119  
"ME",1927,350,76   
"ME",1927,351,799  
"ME",1927,356,542  
"ME",1927,361,198  
"ME",1927,362,384  
"ME",1927,363,147  
"ME",1927,367,0    
"ME",1927,381,103  
"ME",1927,390,642  
"ME",1927,400,752  
"ME",1927,411,631  
"ME",1927,414,6023 
"ME",1927,415,0    
"ME",1927,416,0    
"ME",1928,310,3476 
"ME",1928,320,911  
"ME",1928,323,1763 
"ME",1928,331,10112
"ME",1928,344,213  
"ME",1928,345,128  
"ME",1928,350,137  
"ME",1928,351,877  
"ME",1928,356,677  
"ME",1928,361,16   
"ME",1928,362,347  
"ME",1928,363,185  
"ME",1928,367,0    
"ME",1928,381,108  
"ME",1928,390,721  
"ME",1928,400,878  
"ME",1928,411,817  
"ME",1928,414,4477 
"ME",1928,415,0    
"ME",1928,416,0    
"ME",1929,310,3488 
"ME",1929,320,966  
"ME",1929,323,1450 
"ME",1929,331,11501
"ME",1929,344,382  
"ME",1929,345,111  
"ME",1929,350,214  
"ME",1929,351,823  
"ME",1929,356,806  
"ME",1929,361,245  
"ME",1929,362,405  
"ME",1929,363,189  
"ME",1929,367,0    
"ME",1929,381,104  
"ME",1929,390,853  
"ME",1929,400,857  
"ME",1929,411,876  
"ME",1929,414,2671 
"ME",1929,415,0    
"ME",1929,416,48   
"ME",1930,310,3683 
"ME",1930,320,1238 
"ME",1930,323,1529 
"ME",1930,331,13647
"ME",1930,344,283  
"ME",1930,345,130  
"ME",1930,350,146  
"ME",1930,351,961  
"ME",1930,356,793  
"ME",1930,361,12   
"ME",1930,362,320  
"ME",1930,363,208  
"ME",1930,367,0    
"ME",1930,381,95   
"ME",1930,390,947  
"ME",1930,400,879  
"ME",1930,411,979  
"ME",1930,414,1929 
"ME",1930,415,0    
"ME",1930,416,27   
"ME",1931,310,3894 
"ME",1931,320,1285 
"ME",1931,323,1750 
"ME",1931,331,16506
"ME",1931,344,319  
"ME",1931,345,146  
"ME",1931,350,172  
"ME",1931,351,1146 
"ME",1931,356,872  
"ME",1931,361,222  
"ME",1931,362,509  
"ME",1931,363,235  
"ME",1931,367,0    
"ME",1931,381,91   
"ME",1931,390,1012 
"ME",1931,400,939  
"ME",1931,411,932  
"ME",1931,414,2878 
"ME",1931,415,0    
"ME",1931,416,812  
"ME",1932,310,3115 
"ME",1932,320,1453 
"ME",1932,323,1301 
"ME",1932,331,17476
"ME",1932,344,432  
"ME",1932,345,204  
"ME",1932,350,159  
"ME",1932,351,1244 
"ME",1932,356,682  
"ME",1932,361,12   
"ME",1932,362,501  
"ME",1932,363,235  
"ME",1932,367,0    
"ME",1932,381,87   
"ME",1932,390,1510 
"ME",1932,400,1049 
"ME",1932,411,675  
"ME",1932,414,0    
"ME",1932,415,0    
"ME",1932,416,5    
