"AK",1838,1,118871   
"AK",1840,1,153760   
"AK",1842,1,164906   
"AK",1844,1,180049   
"AK",1850,1,590417   
"AK",1852,1,651571   
"AK",1854,1,736275   
"AK",1858,1,1069343  
"AK",1860,1,2010508  
"AK",1862,1,1194964  
"AK",1864,1,426785   
"AK",1868,1,1834895  
"AK",1872,1,6421881  
"AK",1874,1,4136499  
"AK",1876,1,3896719  
"AK",1880,1,2659453  
"AK",1884,1,6466289  
"AK",1886,1,6539594  
"AK",1888,1,7240050  
"AK",1890,1,6331951  
"AK",1892,1,5459566  
"AK",1894,1,3928429  
"AK",1896,1,3875138  
"AK",1898,1,6550175  
"AK",1900,1,4681377  
"AK",1902,1,4818636  
"AK",1904,1,6444554  
"AK",1906,1,6272809  
"AK",1908,1,8897093  
                     
"AK",1838,11,58581   
"AK",1838,14,5000    
"AK",1838,29,55290   
"AK",1840,11,61578   
"AK",1840,14,10208   
"AK",1840,23,12      
"AK",1840,29,81962   
"AK",1842,11,49641   
"AK",1842,19,5844    
"AK",1842,22,596     
"AK",1842,23,105238  
"AK",1842,29,3587    
"AK",1844,11,47395   
"AK",1844,14,200     
"AK",1844,19,8271    
"AK",1844,23,109133  
"AK",1844,29,15050   
"AK",1850,11,211386  
"AK",1850,23,153593  
"AK",1850,26,297     
"AK",1850,29,225141  
"AK",1852,11,203419  
"AK",1852,14,3765    
"AK",1852,23,116918  
"AK",1852,26,190     
"AK",1852,29,327279  
"AK",1854,11,291862  
"AK",1854,23,42580   
"AK",1854,26,79      
"AK",1854,29,401754  
"AK",1858,11,352740  
"AK",1858,14,23303   
"AK",1858,23,1212    
"AK",1858,26,354     
"AK",1858,29,691722  
"AK",1858,99,12      
"AK",1860,11,427359  
"AK",1860,15,4608    
"AK",1860,19,31      
"AK",1860,23,88638   
"AK",1860,26,41      
"AK",1860,29,1489831 
"AK",1862,11,6918    
"AK",1862,15,1530    
"AK",1862,22,39      
"AK",1862,23,43656   
"AK",1862,26,6       
"AK",1862,29,1142815 
"AK",1864,23,31727   
"AK",1864,29,395058  
"AK",1868,11,31625   
"AK",1868,29,1803270 
"AK",1872,29,6421881 
"AK",1874,11,75210   
"AK",1874,29,4061289 
"AK",1876,11,46195   
"AK",1876,29,3850524 
"AK",1880,11,1684556 
"AK",1880,14,1881    
"AK",1880,18,165751  
"AK",1880,29,807265  
"AK",1884,11,976912  
"AK",1884,26,66123   
"AK",1884,29,5423254 
"AK",1886,11,1156389 
"AK",1886,15,1390    
"AK",1886,18,118014  
"AK",1886,22,53508   
"AK",1886,26,1518    
"AK",1886,29,5208775 
"AK",1888,11,1511710 
"AK",1888,15,4133    
"AK",1888,18,230543  
"AK",1888,29,5493664 
"AK",1890,11,1667726 
"AK",1890,18,240881  
"AK",1890,23,16269   
"AK",1890,26,635     
"AK",1890,29,4406440 
"AK",1892,11,2798182 
"AK",1892,15,146     
"AK",1892,18,256925  
"AK",1892,19,9113    
"AK",1892,26,258     
"AK",1892,29,2394942 
"AK",1894,11,2331077 
"AK",1894,14,400     
"AK",1894,15,2       
"AK",1894,18,235585  
"AK",1894,23,95831   
"AK",1894,26,625     
"AK",1894,29,1264909 
"AK",1896,11,1676093 
"AK",1896,14,200     
"AK",1896,15,7       
"AK",1896,18,387656  
"AK",1896,22,27990   
"AK",1896,23,115327  
"AK",1896,26,46      
"AK",1896,29,1667819 
"AK",1898,11,1810964 
"AK",1898,12,3166    
"AK",1898,15,516     
"AK",1898,18,270103  
"AK",1898,23,20611   
"AK",1898,26,107     
"AK",1898,29,4444708 
"AK",1900,11,2140640 
"AK",1900,15,1591    
"AK",1900,18,313580  
"AK",1900,23,22806   
"AK",1900,29,2202760 
"AK",1902,11,1973958 
"AK",1902,12,1594    
"AK",1902,15,1527    
"AK",1902,18,432054  
"AK",1902,28,17617   
"AK",1902,29,2391886 
"AK",1904,11,1859727 
"AK",1904,15,3799    
"AK",1904,18,581778  
"AK",1904,22,29700   
"AK",1904,23,1564    
"AK",1904,29,3967986 
"AK",1906,11,1536309 
"AK",1906,15,2148    
"AK",1906,18,816806  
"AK",1906,22,56597   
"AK",1906,23,24428   
"AK",1906,29,3836521 
"AK",1908,11,5140249 
"AK",1908,15,1171    
"AK",1908,18,467270  
"AK",1908,29,3288403 
                     
"AK",1838,110,58581  
"AK",1838,142,5000   
"AK",1838,290,180    
"AK",1838,291,352    
"AK",1838,293,54758  
"AK",1840,110,61578  
"AK",1840,142,10208  
"AK",1840,236,12     
"AK",1840,293,81962  
"AK",1842,110,49641  
"AK",1842,190,5844   
"AK",1842,220,596    
"AK",1842,236,105238 
"AK",1842,290,245    
"AK",1842,293,3946   
"AK",1842,298,-604   
"AK",1844,110,47395  
"AK",1844,142,200    
"AK",1844,193,8271   
"AK",1844,236,109133 
"AK",1844,290,8040   
"AK",1844,293,1478   
"AK",1844,294,4016   
"AK",1844,298,1516   
"AK",1850,110,211386 
"AK",1850,236,153593 
"AK",1850,266,297    
"AK",1850,290,3922   
"AK",1850,291,646    
"AK",1850,294,2849   
"AK",1850,298,217724 
"AK",1852,110,203419 
"AK",1852,142,3765   
"AK",1852,236,116918 
"AK",1852,266,190    
"AK",1852,294,17411  
"AK",1852,298,309868 
"AK",1854,110,291862 
"AK",1854,236,42580  
"AK",1854,266,79     
"AK",1854,290,682    
"AK",1854,294,7814   
"AK",1854,298,393258 
"AK",1858,110,352740 
"AK",1858,142,23303  
"AK",1858,236,1212   
"AK",1858,266,354    
"AK",1858,290,2912   
"AK",1858,292,24864  
"AK",1858,294,31073  
"AK",1858,298,632873 
"AK",1858,999,12     
"AK",1860,110,427359 
"AK",1860,150,4608   
"AK",1860,190,31     
"AK",1860,236,88638  
"AK",1860,266,41     
"AK",1860,290,4643   
"AK",1860,291,5      
"AK",1860,292,29746  
"AK",1860,293,1340659
"AK",1860,294,62508  
"AK",1860,296,149    
"AK",1860,298,52121  
"AK",1862,110,6918   
"AK",1862,150,1530   
"AK",1862,223,39     
"AK",1862,236,43656  
"AK",1862,266,6      
"AK",1862,290,182505 
"AK",1862,291,16647  
"AK",1862,292,58326  
"AK",1862,293,858280 
"AK",1862,294,1919   
"AK",1862,298,25138  
"AK",1864,236,31727  
"AK",1864,290,1820   
"AK",1864,291,15703  
"AK",1864,292,8078   
"AK",1864,293,369457 
"AK",1868,110,31625  
"AK",1868,298,1803270
"AK",1872,294,102868 
"AK",1872,298,6319013
"AK",1874,110,75210  
"AK",1874,298,4061289
"AK",1876,110,46195  
"AK",1876,298,3850524
"AK",1880,110,1684556
"AK",1880,141,1881   
"AK",1880,180,165751 
"AK",1880,291,675606 
"AK",1880,294,18506  
"AK",1880,298,113153 
"AK",1884,110,976912 
"AK",1884,262,66123  
"AK",1884,293,3321220
"AK",1884,298,2102034
"AK",1886,110,1156389
"AK",1886,150,1390   
"AK",1886,180,106471 
"AK",1886,181,11543  
"AK",1886,223,53508  
"AK",1886,262,1518   
"AK",1886,290,358403 
"AK",1886,292,594978 
"AK",1886,293,3648310
"AK",1886,294,607084 
"AK",1888,110,1511710
"AK",1888,150,4133   
"AK",1888,180,213632 
"AK",1888,181,16911  
"AK",1888,290,6799   
"AK",1888,292,209988 
"AK",1888,293,4931961
"AK",1888,294,260998 
"AK",1888,296,83918  
"AK",1890,110,1667726
"AK",1890,180,213621 
"AK",1890,181,27260  
"AK",1890,236,16269  
"AK",1890,262,635    
"AK",1890,290,3749   
"AK",1890,291,727    
"AK",1890,292,23840  
"AK",1890,293,2692524
"AK",1890,294,1525606
"AK",1890,296,118794 
"AK",1890,298,41200  
"AK",1892,110,2798182
"AK",1892,150,146    
"AK",1892,180,233876 
"AK",1892,181,23049  
"AK",1892,190,9113   
"AK",1892,262,258    
"AK",1892,290,2017   
"AK",1892,292,111715 
"AK",1892,293,2204219
"AK",1892,294,75071  
"AK",1892,298,1920   
"AK",1894,110,2331077
"AK",1894,146,400    
"AK",1894,150,2      
"AK",1894,180,205182 
"AK",1894,181,30403  
"AK",1894,236,95831  
"AK",1894,262,625    
"AK",1894,290,5242   
"AK",1894,292,405239 
"AK",1894,293,570504 
"AK",1894,294,219227 
"AK",1894,296,64697  
"AK",1896,110,1676093
"AK",1896,146,200    
"AK",1896,150,7      
"AK",1896,180,357824 
"AK",1896,181,29832  
"AK",1896,224,27990  
"AK",1896,236,115327 
"AK",1896,262,46     
"AK",1896,290,5273   
"AK",1896,293,1232497
"AK",1896,294,154054 
"AK",1896,296,275995 
"AK",1898,110,1810964
"AK",1898,120,3166   
"AK",1898,150,516    
"AK",1898,180,265590 
"AK",1898,181,4513   
"AK",1898,236,20611  
"AK",1898,262,107    
"AK",1898,290,2755   
"AK",1898,292,3247721
"AK",1898,293,734619 
"AK",1898,294,137952 
"AK",1898,296,321661 
"AK",1900,110,2140640
"AK",1900,150,1591   
"AK",1900,180,272825 
"AK",1900,181,40755  
"AK",1900,235,7910   
"AK",1900,236,14896  
"AK",1900,290,7018   
"AK",1900,292,111886 
"AK",1900,293,1405963
"AK",1900,294,496793 
"AK",1900,296,176750 
"AK",1900,298,4350   
"AK",1902,110,1973958
"AK",1902,122,1594   
"AK",1902,150,1527   
"AK",1902,180,356212 
"AK",1902,181,75842  
"AK",1902,280,17617  
"AK",1902,290,987    
"AK",1902,293,1076665
"AK",1902,294,977557 
"AK",1902,298,336677 
"AK",1904,110,1859727
"AK",1904,150,3799   
"AK",1904,180,415590 
"AK",1904,181,166188 
"AK",1904,224,29700  
"AK",1904,236,1564   
"AK",1904,290,17474  
"AK",1904,291,67890  
"AK",1904,293,3119029
"AK",1904,294,37355  
"AK",1904,298,726238 
"AK",1906,110,1536309
"AK",1906,150,2148   
"AK",1906,180,596219 
"AK",1906,181,220587 
"AK",1906,222,56597  
"AK",1906,236,24428  
"AK",1906,290,4828   
"AK",1906,291,678    
"AK",1906,292,9537   
"AK",1906,293,3104717
"AK",1906,294,39772  
"AK",1906,296,304344 
"AK",1906,298,372645 
"AK",1908,110,5140249
"AK",1908,150,1171   
"AK",1908,180,355758 
"AK",1908,181,111512 
"AK",1908,290,81427  
"AK",1908,293,2595723
"AK",1908,294,48321  
"AK",1908,296,416129 
"AK",1908,298,146803 
