"MI",1835,1,4383        
"MI",1836,1,117544.74   
"MI",1837,1,518650      
"MI",1838,1,530992.14   
"MI",1839,1,1844398.86  
"MI",1840,1,1174861.44  
"MI",1841,1,801660.542  
"MI",1842,1,539334.79   
"MI",1843,1,983771.01   
"MI",1844,1,661516.98   
"MI",1847,1,765609.37   
"MI",1849,1,494166      
"MI",1850,1,429268      
"MI",1851,1,409214      
"MI",1852,1,451085.02   
"MI",1853,1,655667      
"MI",1854,1,610698      
"MI",1855,1,588396      
"MI",1856,1,511273.86   
"MI",1857,1,502919.13   
"MI",1858,1,865720      
"MI",1859,1,724007.86   
"MI",1860,1,692483.56   
"MI",1861,1,1159638.51  
"MI",1862,1,1124591     
"MI",1863,1,3280882     
"MI",1864,1,2090121     
"MI",1865,1,1954320     
"MI",1866,1,1901992     
"MI",1867,1,1697393     
"MI",1871,1,1510181.26  
"MI",1872,1,2181498     
"MI",1873,1,2192484.79  
"MI",1875,1,2208933     
"MI",1876,1,1744406     
"MI",1877,1,1833822.63  
"MI",1878,1,2360916     
"MI",1879,1,2225816     
"MI",1880,1,2793323     
"MI",1881,1,2607288     
"MI",1882,1,2916087     
"MI",1883,1,2752799     
"MI",1884,1,3306619     
"MI",1885,1,2378900     
"MI",1886,1,3046995     
"MI",1887,1,2118335     
"MI",1888,1,3183087     
"MI",1889,1,3062553     
"MI",1890,1,3377235     
"MI",1891,1,3181308     
"MI",1892,1,3205324     
"MI",1893,1,2775992     
"MI",1894,1,3643345     
"MI",1895,1,3704202     
"MI",1896,1,5256060     
"MI",1897,1,3603133     
"MI",1898,1,5122861     
"MI",1899,1,4511613     
"MI",1900,1,6321738     
"MI",1901,1,5825976     
"MI",1902,1,7079428     
"MI",1903,1,8450831     
"MI",1904,1,8417691     
"MI",1905,1,7512134     
"MI",1906,1,16154216    
"MI",1907,1,22496633    
"MI",1908,1,11058075    
"MI",1909,1,10468631    
"MI",1910,1,13682479    
"MI",1911,1,12344490    
"MI",1912,1,14190500    
"MI",1913,1,13434475    
"MI",1914,1,17133165    
"MI",1915,1,15940797    
                        
"MI",1835,11,1398       
"MI",1835,16,2985       
"MI",1836,11,5611.93    
"MI",1836,16,697.29     
"MI",1836,22,1202.77    
"MI",1836,29,110032.75  
"MI",1837,11,47128      
"MI",1837,12,10         
"MI",1837,14,731        
"MI",1837,16,381        
"MI",1837,18,148        
"MI",1837,23,438552     
"MI",1837,25,30293      
"MI",1837,26,25         
"MI",1837,29,1382       
"MI",1838,11,35475      
"MI",1838,14,2814.24    
"MI",1838,16,795        
"MI",1838,18,134        
"MI",1838,26,30         
"MI",1838,29,475347.64  
"MI",1838,63,16396.26   
"MI",1839,11,27685.71   
"MI",1839,12,4938.53    
"MI",1839,14,2928.32    
"MI",1839,18,650        
"MI",1839,26,1548345.67 
"MI",1839,29,179850.63  
"MI",1839,63,80000      
"MI",1840,11,82091.54   
"MI",1840,14,630        
"MI",1840,18,10223.76   
"MI",1840,22,950.2      
"MI",1840,23,14107.53   
"MI",1840,25,16686.47   
"MI",1840,26,313501.67  
"MI",1840,29,621670.27  
"MI",1840,63,115000     
"MI",1841,11,119923     
"MI",1841,14,8897       
"MI",1841,16,16         
"MI",1841,18,16412      
"MI",1841,23,416323.542 
"MI",1841,26,20760      
"MI",1841,29,128927     
"MI",1841,63,90402      
"MI",1842,10,91784      
"MI",1842,11,45058      
"MI",1842,14,3503       
"MI",1842,16,11265      
"MI",1842,18,350        
"MI",1842,25,157707.79  
"MI",1842,26,99475      
"MI",1842,29,72567      
"MI",1842,63,57625      
"MI",1843,10,76367      
"MI",1843,11,28464      
"MI",1843,14,1323       
"MI",1843,18,32562      
"MI",1843,23,1378       
"MI",1843,25,207927.01  
"MI",1843,26,44762      
"MI",1843,29,446023     
"MI",1843,63,144965     
"MI",1844,11,93601      
"MI",1844,14,610        
"MI",1844,18,440        
"MI",1844,22,58         
"MI",1844,23,828        
"MI",1844,25,274391.35  
"MI",1844,26,73772      
"MI",1844,29,208288.63  
"MI",1844,63,9528       
"MI",1847,11,124625     
"MI",1847,14,5478       
"MI",1847,18,826        
"MI",1847,25,174        
"MI",1847,26,515934.23  
"MI",1847,29,118572.14  
"MI",1849,11,117602     
"MI",1849,14,18552      
"MI",1849,18,357        
"MI",1849,26,69943      
"MI",1849,29,287712     
"MI",1850,11,102919     
"MI",1850,14,23951      
"MI",1850,18,453        
"MI",1850,23,2559       
"MI",1850,26,79808      
"MI",1850,29,219578     
"MI",1851,11,71199      
"MI",1851,14,22542      
"MI",1851,18,692        
"MI",1851,23,4315       
"MI",1851,26,100651     
"MI",1851,29,209815     
"MI",1852,11,62071      
"MI",1852,14,85855      
"MI",1852,18,341        
"MI",1852,23,20         
"MI",1852,25,105        
"MI",1852,26,100181     
"MI",1852,29,202512.02  
"MI",1853,11,110016     
"MI",1853,14,101939     
"MI",1853,18,609        
"MI",1853,23,32059      
"MI",1853,26,202650     
"MI",1853,29,208394     
"MI",1854,11,55219      
"MI",1854,14,113319     
"MI",1854,18,517        
"MI",1854,26,212905     
"MI",1854,29,228738     
"MI",1855,11,58304      
"MI",1855,14,119339     
"MI",1855,18,520        
"MI",1855,23,52262      
"MI",1855,26,168263     
"MI",1855,29,189708     
"MI",1856,11,61889      
"MI",1856,14,127977     
"MI",1856,18,726        
"MI",1856,22,1          
"MI",1856,26,145028     
"MI",1856,29,175652.86  
"MI",1857,11,73354      
"MI",1857,14,132722     
"MI",1857,18,498        
"MI",1857,22,3          
"MI",1857,23,77571.56   
"MI",1857,26,125095     
"MI",1857,29,93675.57   
"MI",1858,11,98395      
"MI",1858,14,166262     
"MI",1858,18,295        
"MI",1858,22,5          
"MI",1858,23,4262       
"MI",1858,26,113305     
"MI",1858,29,483196     
"MI",1859,11,123489     
"MI",1859,14,145875     
"MI",1859,18,399        
"MI",1859,22,46         
"MI",1859,25,3141.36    
"MI",1859,26,119772     
"MI",1859,29,331285.5   
"MI",1860,11,189059     
"MI",1860,14,150493     
"MI",1860,18,389        
"MI",1860,22,2          
"MI",1860,25,22955.56   
"MI",1860,26,128682     
"MI",1860,29,200903     
"MI",1861,11,161115     
"MI",1861,14,149337     
"MI",1861,18,354        
"MI",1861,22,6          
"MI",1861,23,3317       
"MI",1861,25,10137      
"MI",1861,26,119142     
"MI",1861,29,716230.51  
"MI",1862,11,425854     
"MI",1862,14,187984     
"MI",1862,18,549        
"MI",1862,22,22         
"MI",1862,25,15000      
"MI",1862,26,137009     
"MI",1862,29,358173     
"MI",1863,11,455939     
"MI",1863,14,151153     
"MI",1863,18,420        
"MI",1863,22,13         
"MI",1863,23,1676       
"MI",1863,25,19955      
"MI",1863,26,222010     
"MI",1863,29,2429716    
"MI",1864,11,431820     
"MI",1864,12,2093       
"MI",1864,14,160510     
"MI",1864,18,307        
"MI",1864,22,14         
"MI",1864,23,9445       
"MI",1864,25,15144      
"MI",1864,26,294723     
"MI",1864,29,1176065    
"MI",1865,11,463750     
"MI",1865,12,1592       
"MI",1865,14,171761     
"MI",1865,18,470        
"MI",1865,23,17619      
"MI",1865,25,16375      
"MI",1865,26,97221      
"MI",1865,29,1185532    
"MI",1866,11,627206     
"MI",1866,14,201607     
"MI",1866,18,339        
"MI",1866,23,3237       
"MI",1866,25,14185      
"MI",1866,26,209846     
"MI",1866,29,845572     
"MI",1867,11,578124     
"MI",1867,14,250425     
"MI",1867,19,992        
"MI",1867,22,25537      
"MI",1867,23,12127      
"MI",1867,25,18906      
"MI",1867,26,203090     
"MI",1867,29,608192     
"MI",1871,11,465089     
"MI",1871,14,365713.26  
"MI",1871,18,321        
"MI",1871,22,9831       
"MI",1871,26,223272     
"MI",1871,29,445955     
"MI",1872,11,799074     
"MI",1872,14,358172     
"MI",1872,18,498        
"MI",1872,22,11737      
"MI",1872,26,259349     
"MI",1872,29,752668     
"MI",1873,11,983052     
"MI",1873,14,347645.79  
"MI",1873,18,587        
"MI",1873,22,13383      
"MI",1873,26,235301     
"MI",1873,29,612516     
"MI",1875,11,1050452    
"MI",1875,14,547334     
"MI",1875,18,1177       
"MI",1875,22,14627      
"MI",1875,26,141292     
"MI",1875,29,454051     
"MI",1876,11,616320     
"MI",1876,14,527566     
"MI",1876,18,736        
"MI",1876,22,10462      
"MI",1876,23,14224      
"MI",1876,26,158374     
"MI",1876,29,416724     
"MI",1877,11,734779     
"MI",1877,14,512904     
"MI",1877,18,762        
"MI",1877,22,9608       
"MI",1877,23,1644       
"MI",1877,26,121421     
"MI",1877,29,452704.63  
"MI",1878,11,1022131    
"MI",1878,14,635221     
"MI",1878,18,648        
"MI",1878,22,9498       
"MI",1878,23,1441       
"MI",1878,26,143759     
"MI",1878,29,548218     
"MI",1879,11,902097     
"MI",1879,14,531741     
"MI",1879,18,886        
"MI",1879,22,9219       
"MI",1879,23,882        
"MI",1879,26,161543     
"MI",1879,29,619448     
"MI",1880,11,1159040    
"MI",1880,14,619543     
"MI",1880,18,1448       
"MI",1880,22,19136      
"MI",1880,23,850        
"MI",1880,26,202851     
"MI",1880,29,790455     
"MI",1881,11,863665     
"MI",1881,14,750089     
"MI",1881,18,1395       
"MI",1881,22,22725      
"MI",1881,26,258350     
"MI",1881,29,711064     
"MI",1882,11,1061815    
"MI",1882,14,676941     
"MI",1882,18,2175       
"MI",1882,22,17230      
"MI",1882,23,18974      
"MI",1882,26,324835     
"MI",1882,29,814117     
"MI",1883,11,1241018    
"MI",1883,14,833075     
"MI",1883,18,3092       
"MI",1883,22,9289       
"MI",1883,26,239883     
"MI",1883,29,426442     
"MI",1884,11,1805798    
"MI",1884,14,802599     
"MI",1884,18,2439       
"MI",1884,22,4945       
"MI",1884,23,26115      
"MI",1884,26,121586     
"MI",1884,29,543137     
"MI",1885,11,1184517    
"MI",1885,14,867846     
"MI",1885,18,6875       
"MI",1885,22,7289       
"MI",1885,23,17111      
"MI",1885,26,120941     
"MI",1885,29,174321     
"MI",1886,11,1850807    
"MI",1886,14,812712     
"MI",1886,18,1833       
"MI",1886,22,9081       
"MI",1886,23,13545      
"MI",1886,26,164221     
"MI",1886,29,194796     
"MI",1887,11,1278464    
"MI",1887,14,561238     
"MI",1887,18,1763       
"MI",1887,22,8847       
"MI",1887,26,181567     
"MI",1887,29,86456      
"MI",1888,11,2083290    
"MI",1888,14,846295     
"MI",1888,16,1691       
"MI",1888,18,3762       
"MI",1888,22,11451      
"MI",1888,23,1493       
"MI",1888,26,146161     
"MI",1888,29,88944      
"MI",1889,11,1887261    
"MI",1889,14,947172     
"MI",1889,16,2073       
"MI",1889,18,3695       
"MI",1889,22,11422      
"MI",1889,23,2975       
"MI",1889,26,104761     
"MI",1889,29,103194     
"MI",1890,11,2033418    
"MI",1890,14,934176     
"MI",1890,16,359        
"MI",1890,18,3208       
"MI",1890,22,13479      
"MI",1890,23,6490       
"MI",1890,26,98935      
"MI",1890,29,287170     
"MI",1891,11,1434171    
"MI",1891,14,1071749    
"MI",1891,18,2930       
"MI",1891,22,14854      
"MI",1891,23,4994       
"MI",1891,26,121469     
"MI",1891,29,531141     
"MI",1892,11,1808320    
"MI",1892,14,1069412    
"MI",1892,18,5465       
"MI",1892,22,26419      
"MI",1892,23,8709       
"MI",1892,26,104860     
"MI",1892,29,182139     
"MI",1893,11,1282400    
"MI",1893,14,1088428    
"MI",1893,18,4350       
"MI",1893,19,2          
"MI",1893,22,34658      
"MI",1893,23,37055      
"MI",1893,26,229852     
"MI",1893,29,99247      
"MI",1894,11,2102853    
"MI",1894,14,1196231    
"MI",1894,18,2679       
"MI",1894,22,38559      
"MI",1894,23,60310      
"MI",1894,26,96381      
"MI",1894,29,146332     
"MI",1895,11,2034900    
"MI",1895,14,1089158    
"MI",1895,18,3447       
"MI",1895,19,5          
"MI",1895,22,38984      
"MI",1895,23,50054      
"MI",1895,26,95052      
"MI",1895,29,392602     
"MI",1896,11,3101830    
"MI",1896,14,996062     
"MI",1896,18,3678       
"MI",1896,22,44430      
"MI",1896,23,51076      
"MI",1896,24,260        
"MI",1896,26,104912     
"MI",1896,29,953812     
"MI",1897,11,2615793    
"MI",1897,14,777821     
"MI",1897,18,4291       
"MI",1897,22,49664      
"MI",1897,23,35134      
"MI",1897,24,2168       
"MI",1897,26,70046      
"MI",1897,29,48216      
"MI",1898,11,3299822    
"MI",1898,14,1028930    
"MI",1898,18,8061       
"MI",1898,22,41056      
"MI",1898,23,81728      
"MI",1898,24,1715       
"MI",1898,26,135845     
"MI",1898,29,525704     
"MI",1899,11,2598729    
"MI",1899,14,1310220    
"MI",1899,18,2313       
"MI",1899,22,101067     
"MI",1899,23,119572     
"MI",1899,24,6088       
"MI",1899,26,204166     
"MI",1899,29,169458     
"MI",1900,11,4387529    
"MI",1900,14,1439058    
"MI",1900,18,13415      
"MI",1900,22,40224      
"MI",1900,23,91047      
"MI",1900,24,3264       
"MI",1900,26,193110     
"MI",1900,29,154091     
"MI",1901,11,3437934    
"MI",1901,14,1528643    
"MI",1901,18,15170      
"MI",1901,22,37860      
"MI",1901,23,427961     
"MI",1901,24,9234       
"MI",1901,26,181310     
"MI",1901,29,187864     
"MI",1902,11,4466831    
"MI",1902,14,2104129    
"MI",1902,18,29416      
"MI",1902,22,37726      
"MI",1902,23,142618     
"MI",1902,24,9214       
"MI",1902,26,84037      
"MI",1902,29,205457     
"MI",1903,11,3693727    
"MI",1903,14,3451430    
"MI",1903,18,22103      
"MI",1903,22,43561      
"MI",1903,23,459494     
"MI",1903,24,13875      
"MI",1903,26,141327     
"MI",1903,29,625314     
"MI",1904,11,4681148    
"MI",1904,14,2552986    
"MI",1904,16,24098      
"MI",1904,18,23856      
"MI",1904,22,51358      
"MI",1904,23,76008      
"MI",1904,24,8281       
"MI",1904,26,145644     
"MI",1904,29,854312     
"MI",1905,11,3728101    
"MI",1905,14,2533208    
"MI",1905,18,23855      
"MI",1905,22,53384      
"MI",1905,23,83966      
"MI",1905,24,9600       
"MI",1905,26,56981      
"MI",1905,29,1023039    
"MI",1906,11,4559370    
"MI",1906,14,9015670    
"MI",1906,18,51288      
"MI",1906,22,59563      
"MI",1906,23,194296     
"MI",1906,24,12757      
"MI",1906,26,62863      
"MI",1906,29,2198409    
"MI",1907,11,4099880    
"MI",1907,14,4295632    
"MI",1907,18,31316      
"MI",1907,22,66950      
"MI",1907,23,115525     
"MI",1907,24,19286      
"MI",1907,26,64696      
"MI",1907,29,530229     
"MI",1907,99,13273119   
"MI",1908,11,5332161    
"MI",1908,14,4368223    
"MI",1908,18,23382      
"MI",1908,22,78927      
"MI",1908,23,110050     
"MI",1908,24,16154      
"MI",1908,26,78686      
"MI",1908,29,1050492    
"MI",1909,11,4678160    
"MI",1909,14,4691627    
"MI",1909,18,24097      
"MI",1909,22,81309      
"MI",1909,23,123500     
"MI",1909,24,17898      
"MI",1909,26,152878     
"MI",1909,29,699162     
"MI",1910,11,6375426    
"MI",1910,14,5645851    
"MI",1910,18,69194      
"MI",1910,22,158217     
"MI",1910,23,135940     
"MI",1910,24,23359      
"MI",1910,26,508158     
"MI",1910,29,766334     
"MI",1911,11,5236919    
"MI",1911,14,5951446    
"MI",1911,16,54         
"MI",1911,18,82700      
"MI",1911,22,206722     
"MI",1911,23,143819     
"MI",1911,24,20009      
"MI",1911,26,269711     
"MI",1911,29,433110     
"MI",1912,11,6899908    
"MI",1912,14,5760046    
"MI",1912,16,247695     
"MI",1912,18,59913      
"MI",1912,22,296755     
"MI",1912,23,145029     
"MI",1912,24,31394      
"MI",1912,26,229826     
"MI",1912,29,519934     
"MI",1913,11,5980792    
"MI",1913,14,5916384    
"MI",1913,16,268058     
"MI",1913,18,55786      
"MI",1913,22,333440     
"MI",1913,23,149144     
"MI",1913,24,30669      
"MI",1913,25,4000       
"MI",1913,26,397864     
"MI",1913,29,298338     
"MI",1914,11,8945080    
"MI",1914,14,5682194    
"MI",1914,16,362385     
"MI",1914,18,52341      
"MI",1914,22,580930     
"MI",1914,23,136738     
"MI",1914,24,28411      
"MI",1914,26,892810     
"MI",1914,28,3659       
"MI",1914,29,448617     
"MI",1915,11,6650163    
"MI",1915,12,515004     
"MI",1915,14,5783598    
"MI",1915,16,274882     
"MI",1915,18,451779     
"MI",1915,22,440949     
"MI",1915,23,155925     
"MI",1915,24,34782      
"MI",1915,25,16         
"MI",1915,26,1160057    
"MI",1915,28,63620      
"MI",1915,29,410022     
                        
"MI",1835,110,1398      
"MI",1835,160,2985      
"MI",1836,110,5611.93   
"MI",1836,160,697.29    
"MI",1836,223,1202.77   
"MI",1836,290,32.75     
"MI",1836,293,110000    
"MI",1837,110,47128     
"MI",1837,121,10        
"MI",1837,142,731       
"MI",1837,160,381       
"MI",1837,180,148       
"MI",1837,235,438552    
"MI",1837,259,30293     
"MI",1837,261,25        
"MI",1837,290,906       
"MI",1837,291,476       
"MI",1838,110,35475     
"MI",1838,140,85        
"MI",1838,142,2729.24   
"MI",1838,160,795       
"MI",1838,180,134       
"MI",1838,266,30        
"MI",1838,290,5956      
"MI",1838,291,22451.99  
"MI",1838,293,408393    
"MI",1838,294,38546.65  
"MI",1838,632,7224.84   
"MI",1838,635,9171.42   
"MI",1839,110,27685.71  
"MI",1839,120,4938.53   
"MI",1839,142,2928.32   
"MI",1839,180,650       
"MI",1839,261,27799.26  
"MI",1839,263,1505026.77
"MI",1839,264,12572.48  
"MI",1839,266,2947.16   
"MI",1839,290,872.24    
"MI",1839,291,14504.92  
"MI",1839,293,31000     
"MI",1839,298,133473.47 
"MI",1839,636,80000     
"MI",1840,110,82091.54  
"MI",1840,142,630       
"MI",1840,180,10223.76  
"MI",1840,226,950.2     
"MI",1840,235,14107.53  
"MI",1840,259,16686.47  
"MI",1840,263,313210    
"MI",1840,269,291.67    
"MI",1840,290,5235.05   
"MI",1840,291,7079.47   
"MI",1840,293,509355    
"MI",1840,294,.75       
"MI",1840,299,100000    
"MI",1840,632,15000     
"MI",1840,636,100000    
"MI",1841,110,119923    
"MI",1841,140,8139      
"MI",1841,142,758       
"MI",1841,160,16        
"MI",1841,180,438       
"MI",1841,183,15974     
"MI",1841,235,416323.542
"MI",1841,261,19527     
"MI",1841,269,1233      
"MI",1841,290,6885      
"MI",1841,291,14424     
"MI",1841,293,81844     
"MI",1841,298,2219      
"MI",1841,299,23555     
"MI",1841,632,2000      
"MI",1841,633,3868      
"MI",1841,635,3868      
"MI",1841,636,5000      
"MI",1841,637,75666     
"MI",1842,100,91784     
"MI",1842,110,45058     
"MI",1842,140,3003      
"MI",1842,142,500       
"MI",1842,160,11265     
"MI",1842,180,350       
"MI",1842,253,5284      
"MI",1842,254,152423.79 
"MI",1842,261,62299     
"MI",1842,266,10        
"MI",1842,269,37166     
"MI",1842,290,14755     
"MI",1842,291,24088     
"MI",1842,293,1054      
"MI",1842,298,3012      
"MI",1842,299,29658     
"MI",1842,632,6301      
"MI",1842,636,266       
"MI",1842,637,51058     
"MI",1843,100,76367     
"MI",1843,110,28464     
"MI",1843,140,723       
"MI",1843,142,600       
"MI",1843,180,488       
"MI",1843,183,32074     
"MI",1843,235,1378      
"MI",1843,253,32888     
"MI",1843,254,174051.01 
"MI",1843,259,988       
"MI",1843,261,44762     
"MI",1843,290,3555      
"MI",1843,291,16529     
"MI",1843,293,267850    
"MI",1843,294,156921    
"MI",1843,298,1156      
"MI",1843,299,12        
"MI",1843,632,1105      
"MI",1843,636,804       
"MI",1843,637,143056    
"MI",1844,110,93601     
"MI",1844,142,610       
"MI",1844,180,440       
"MI",1844,222,50        
"MI",1844,223,8         
"MI",1844,235,828       
"MI",1844,253,2881      
"MI",1844,254,271510.35 
"MI",1844,261,73772     
"MI",1844,290,856       
"MI",1844,293,1507.74   
"MI",1844,294,195939    
"MI",1844,298,8933.89   
"MI",1844,299,1052      
"MI",1844,636,9528      
"MI",1847,110,124625    
"MI",1847,141,2722      
"MI",1847,142,1991      
"MI",1847,146,765       
"MI",1847,180,826       
"MI",1847,254,174       
"MI",1847,261,85425     
"MI",1847,263,430509.23 
"MI",1847,290,10964     
"MI",1847,291,40822.14  
"MI",1847,294,65185     
"MI",1847,298,1601      
"MI",1849,110,117602    
"MI",1849,141,14686     
"MI",1849,142,2543      
"MI",1849,145,12        
"MI",1849,146,1311      
"MI",1849,180,357       
"MI",1849,261,69940     
"MI",1849,266,3         
"MI",1849,290,6131      
"MI",1849,291,2995      
"MI",1849,292,71750     
"MI",1849,294,206382    
"MI",1849,298,454       
"MI",1850,110,102919    
"MI",1850,141,17457     
"MI",1850,142,2987      
"MI",1850,145,499       
"MI",1850,146,3008      
"MI",1850,180,453       
"MI",1850,235,2559      
"MI",1850,261,79009     
"MI",1850,266,799       
"MI",1850,290,9184      
"MI",1850,291,3874      
"MI",1850,292,68807     
"MI",1850,294,136527    
"MI",1850,298,1186      
"MI",1851,110,71199     
"MI",1851,141,16808     
"MI",1851,142,4929      
"MI",1851,145,805       
"MI",1851,180,692       
"MI",1851,235,4315      
"MI",1851,261,100651    
"MI",1851,290,39738     
"MI",1851,292,65750     
"MI",1851,294,96339     
"MI",1851,298,2790      
"MI",1851,299,5198      
"MI",1852,110,62071     
"MI",1852,140,85855     
"MI",1852,180,341       
"MI",1852,230,20        
"MI",1852,259,105       
"MI",1852,261,100039    
"MI",1852,266,142       
"MI",1852,290,55187     
"MI",1852,292,74297     
"MI",1852,294,69626     
"MI",1852,298,3402.02   
"MI",1853,110,110016    
"MI",1853,141,79408     
"MI",1853,142,9386      
"MI",1853,145,1240      
"MI",1853,146,11905     
"MI",1853,180,609       
"MI",1853,235,32059     
"MI",1853,261,202583    
"MI",1853,266,67        
"MI",1853,290,9533      
"MI",1853,291,4553      
"MI",1853,292,59750     
"MI",1853,294,129941    
"MI",1853,298,4617      
"MI",1854,110,55219     
"MI",1854,141,92056     
"MI",1854,142,8151      
"MI",1854,145,1467      
"MI",1854,146,11645     
"MI",1854,180,517       
"MI",1854,261,212858    
"MI",1854,266,47        
"MI",1854,290,8268      
"MI",1854,291,4637      
"MI",1854,292,56750     
"MI",1854,294,143834    
"MI",1854,298,15249     
"MI",1855,110,58304     
"MI",1855,141,103563    
"MI",1855,142,7325      
"MI",1855,145,828       
"MI",1855,146,7623      
"MI",1855,180,520       
"MI",1855,235,52262     
"MI",1855,261,167909    
"MI",1855,266,354       
"MI",1855,290,6996      
"MI",1855,291,32342     
"MI",1855,292,53750     
"MI",1855,294,82798     
"MI",1855,298,13822     
"MI",1856,110,61889     
"MI",1856,141,109017    
"MI",1856,142,8898      
"MI",1856,145,1462      
"MI",1856,146,8600      
"MI",1856,180,726       
"MI",1856,223,1         
"MI",1856,261,145028    
"MI",1856,290,5225      
"MI",1856,291,23736     
"MI",1856,292,25750     
"MI",1856,294,109538.86 
"MI",1856,298,11403     
"MI",1857,110,73354     
"MI",1857,141,118578    
"MI",1857,142,6626      
"MI",1857,145,1796      
"MI",1857,146,5722      
"MI",1857,180,498       
"MI",1857,223,3         
"MI",1857,235,77571.56  
"MI",1857,261,124812    
"MI",1857,266,283       
"MI",1857,290,5869      
"MI",1857,291,12236     
"MI",1857,294,65855.57  
"MI",1857,298,9715      
"MI",1858,110,98395     
"MI",1858,141,149940    
"MI",1858,142,7597      
"MI",1858,145,750       
"MI",1858,146,7975      
"MI",1858,180,295       
"MI",1858,223,5         
"MI",1858,235,4262      
"MI",1858,261,113305    
"MI",1858,290,17507     
"MI",1858,291,11890     
"MI",1858,293,266000    
"MI",1858,294,170236    
"MI",1858,298,17563     
"MI",1859,110,123489    
"MI",1859,141,132115    
"MI",1859,142,6151      
"MI",1859,145,146       
"MI",1859,146,7463      
"MI",1859,180,399       
"MI",1859,223,46        
"MI",1859,253,3141.36   
"MI",1859,261,118430    
"MI",1859,266,1342      
"MI",1859,290,20534     
"MI",1859,291,9260      
"MI",1859,293,103112.5  
"MI",1859,294,186340    
"MI",1859,298,12039     
"MI",1860,110,189059    
"MI",1860,141,139021    
"MI",1860,142,6042      
"MI",1860,145,46        
"MI",1860,146,5384      
"MI",1860,180,389       
"MI",1860,223,2         
"MI",1860,253,22955.56  
"MI",1860,261,126355    
"MI",1860,266,2327      
"MI",1860,290,13454     
"MI",1860,291,5697      
"MI",1860,294,167936    
"MI",1860,298,13816     
"MI",1861,110,161115    
"MI",1861,141,139030    
"MI",1861,142,3460      
"MI",1861,146,6847      
"MI",1861,180,354       
"MI",1861,223,6         
"MI",1861,235,3317      
"MI",1861,253,10137     
"MI",1861,261,118297    
"MI",1861,266,845       
"MI",1861,290,16869     
"MI",1861,291,6477      
"MI",1861,293,431083.51 
"MI",1861,294,154677    
"MI",1861,298,107124    
"MI",1862,110,425854    
"MI",1862,141,172401    
"MI",1862,142,4306      
"MI",1862,143,3768      
"MI",1862,146,7509      
"MI",1862,180,549       
"MI",1862,223,22        
"MI",1862,253,15000     
"MI",1862,261,136249    
"MI",1862,266,760       
"MI",1862,290,21809     
"MI",1862,291,13031     
"MI",1862,293,153151    
"MI",1862,294,156029    
"MI",1862,298,14153     
"MI",1863,110,455939    
"MI",1863,141,143004    
"MI",1863,142,3189      
"MI",1863,143,4629      
"MI",1863,146,331       
"MI",1863,180,420       
"MI",1863,223,13        
"MI",1863,235,1676      
"MI",1863,253,19955     
"MI",1863,261,220872    
"MI",1863,266,1138      
"MI",1863,290,26750     
"MI",1863,291,14532     
"MI",1863,293,2009210   
"MI",1863,294,288977    
"MI",1863,298,90247     
"MI",1864,110,431820    
"MI",1864,121,2093      
"MI",1864,141,148985    
"MI",1864,142,4871      
"MI",1864,143,6654      
"MI",1864,180,307       
"MI",1864,223,14        
"MI",1864,235,9445      
"MI",1864,253,15144     
"MI",1864,261,293772    
"MI",1864,266,951       
"MI",1864,290,16082     
"MI",1864,291,12950     
"MI",1864,293,816366    
"MI",1864,294,311035    
"MI",1864,298,19632     
"MI",1865,110,463750    
"MI",1865,121,1592      
"MI",1865,141,156719    
"MI",1865,142,4794      
"MI",1865,143,10114     
"MI",1865,146,134       
"MI",1865,180,470       
"MI",1865,235,17619     
"MI",1865,253,16375     
"MI",1865,261,95646     
"MI",1865,266,1575      
"MI",1865,290,44961     
"MI",1865,291,21276     
"MI",1865,293,111870    
"MI",1865,294,368161    
"MI",1865,298,639264    
"MI",1866,110,627206    
"MI",1866,141,160667    
"MI",1866,142,900       
"MI",1866,143,40040     
"MI",1866,180,339       
"MI",1866,235,3237      
"MI",1866,253,14185     
"MI",1866,261,209297    
"MI",1866,266,549       
"MI",1866,290,22502     
"MI",1866,291,27127     
"MI",1866,294,405270    
"MI",1866,298,390673    
"MI",1867,110,578124    
"MI",1867,141,163916    
"MI",1867,142,34212     
"MI",1867,143,52210     
"MI",1867,146,87        
"MI",1867,191,992       
"MI",1867,223,25537     
"MI",1867,235,12127     
"MI",1867,253,18906     
"MI",1867,261,201444    
"MI",1867,266,1646      
"MI",1867,290,22761     
"MI",1867,291,10399     
"MI",1867,294,564611    
"MI",1867,298,10421     
"MI",1871,110,465089    
"MI",1871,140,9.5       
"MI",1871,141,263918.93 
"MI",1871,143,89845.51  
"MI",1871,145,1701.09   
"MI",1871,146,10238.23  
"MI",1871,180,321       
"MI",1871,223,9831      
"MI",1871,261,221836    
"MI",1871,266,1390      
"MI",1871,269,46        
"MI",1871,290,45519     
"MI",1871,291,17242     
"MI",1871,294,331259    
"MI",1871,298,51935     
"MI",1872,110,799074    
"MI",1872,140,358172    
"MI",1872,180,498       
"MI",1872,223,11737     
"MI",1872,261,257915    
"MI",1872,266,892       
"MI",1872,269,542       
"MI",1872,290,54684     
"MI",1872,291,18768     
"MI",1872,293,58892     
"MI",1872,294,562314    
"MI",1872,298,58010     
"MI",1873,110,983052    
"MI",1873,141,211239.56 
"MI",1873,143,115189.43 
"MI",1873,144,152       
"MI",1873,146,21064.8   
"MI",1873,180,587       
"MI",1873,223,13383     
"MI",1873,261,229235    
"MI",1873,266,3359      
"MI",1873,269,2707      
"MI",1873,290,23371     
"MI",1873,291,58817     
"MI",1873,294,460995    
"MI",1873,298,69333     
"MI",1875,110,1050452   
"MI",1875,140,547334    
"MI",1875,180,577       
"MI",1875,181,600       
"MI",1875,223,13181     
"MI",1875,225,1446      
"MI",1875,261,126378    
"MI",1875,266,12366     
"MI",1875,269,2548      
"MI",1875,290,26114     
"MI",1875,291,86211     
"MI",1875,294,290184    
"MI",1875,298,51542     
"MI",1876,110,616320    
"MI",1876,140,527566    
"MI",1876,180,336       
"MI",1876,181,400       
"MI",1876,223,10384     
"MI",1876,225,78        
"MI",1876,235,14224     
"MI",1876,261,147188    
"MI",1876,264,1448      
"MI",1876,266,8872      
"MI",1876,269,866       
"MI",1876,290,17842     
"MI",1876,291,81183     
"MI",1876,294,291866    
"MI",1876,298,25833     
"MI",1877,110,734779    
"MI",1877,140,512904    
"MI",1877,180,462       
"MI",1877,181,300       
"MI",1877,223,9576      
"MI",1877,225,32        
"MI",1877,235,1644      
"MI",1877,261,111184    
"MI",1877,266,6683      
"MI",1877,269,3554      
"MI",1877,290,22545     
"MI",1877,291,65439.63  
"MI",1877,293,10572     
"MI",1877,294,303117    
"MI",1877,296,14867     
"MI",1877,298,36164     
"MI",1878,110,1022131   
"MI",1878,140,635221    
"MI",1878,180,348       
"MI",1878,181,300       
"MI",1878,223,9481      
"MI",1878,225,17        
"MI",1878,235,1441      
"MI",1878,261,133999    
"MI",1878,266,8655      
"MI",1878,269,1105      
"MI",1878,290,34125     
"MI",1878,291,59725     
"MI",1878,293,13658     
"MI",1878,294,417955    
"MI",1878,298,22755     
"MI",1879,110,902097    
"MI",1879,140,531741    
"MI",1879,180,586       
"MI",1879,181,300       
"MI",1879,223,9219      
"MI",1879,235,882       
"MI",1879,261,147236    
"MI",1879,266,10922     
"MI",1879,269,3385      
"MI",1879,290,35406     
"MI",1879,291,55936     
"MI",1879,293,13500     
"MI",1879,294,423622    
"MI",1879,296,67975     
"MI",1879,298,23009     
"MI",1880,110,1159040   
"MI",1880,140,619543    
"MI",1880,180,1148      
"MI",1880,181,300       
"MI",1880,223,19136     
"MI",1880,235,850       
"MI",1880,261,186656    
"MI",1880,266,15469     
"MI",1880,269,726       
"MI",1880,290,49092     
"MI",1880,291,72854     
"MI",1880,293,13500     
"MI",1880,294,540351    
"MI",1880,296,86935     
"MI",1880,298,27723     
"MI",1881,110,863665    
"MI",1881,140,750089    
"MI",1881,180,995       
"MI",1881,181,400       
"MI",1881,223,22725     
"MI",1881,261,244072    
"MI",1881,266,10788     
"MI",1881,269,3490      
"MI",1881,290,36752     
"MI",1881,291,85940     
"MI",1881,293,3375      
"MI",1881,294,474935    
"MI",1881,296,83700     
"MI",1881,298,26362     
"MI",1882,110,1061815   
"MI",1882,140,676941    
"MI",1882,180,875       
"MI",1882,181,1300      
"MI",1882,223,17230     
"MI",1882,235,18974     
"MI",1882,261,315576    
"MI",1882,266,7824      
"MI",1882,269,1435      
"MI",1882,290,46100     
"MI",1882,291,155560    
"MI",1882,294,526297    
"MI",1882,296,83252     
"MI",1882,298,2908      
"MI",1883,110,1241018   
"MI",1883,140,833075    
"MI",1883,180,1292      
"MI",1883,181,1800      
"MI",1883,223,8789      
"MI",1883,225,500       
"MI",1883,261,230038    
"MI",1883,266,5818      
"MI",1883,269,4027      
"MI",1883,290,86534     
"MI",1883,291,73853     
"MI",1883,293,3362      
"MI",1883,294,259093    
"MI",1883,298,3600      
"MI",1884,110,1805798   
"MI",1884,140,802599    
"MI",1884,180,1339      
"MI",1884,181,1100      
"MI",1884,223,4695      
"MI",1884,225,250       
"MI",1884,235,26115     
"MI",1884,261,116004    
"MI",1884,266,4980      
"MI",1884,269,602       
"MI",1884,290,788       
"MI",1884,291,49540     
"MI",1884,294,432273    
"MI",1884,296,59656     
"MI",1884,298,880       
"MI",1885,110,1184517   
"MI",1885,140,867846    
"MI",1885,180,1475      
"MI",1885,181,5400      
"MI",1885,223,7289      
"MI",1885,235,17111     
"MI",1885,261,111393    
"MI",1885,266,5875      
"MI",1885,269,3673      
"MI",1885,290,4239      
"MI",1885,291,52723     
"MI",1885,294,92914     
"MI",1885,296,24385     
"MI",1885,298,60        
"MI",1886,110,1850807   
"MI",1886,140,812712    
"MI",1886,180,1533      
"MI",1886,181,300       
"MI",1886,223,9081      
"MI",1886,235,13545     
"MI",1886,261,153055    
"MI",1886,266,7383      
"MI",1886,268,2500      
"MI",1886,269,1283      
"MI",1886,290,6189      
"MI",1886,291,33486     
"MI",1886,293,74085     
"MI",1886,294,78853     
"MI",1886,296,1943      
"MI",1886,298,240       
"MI",1887,110,1278464   
"MI",1887,140,561238    
"MI",1887,180,1763      
"MI",1887,223,8318      
"MI",1887,225,529       
"MI",1887,261,171677    
"MI",1887,266,6250      
"MI",1887,269,3640      
"MI",1887,290,831       
"MI",1887,291,20543     
"MI",1887,294,64540     
"MI",1887,298,542       
"MI",1888,110,2083290   
"MI",1888,140,846295    
"MI",1888,161,1691      
"MI",1888,180,3762      
"MI",1888,223,10451     
"MI",1888,225,1000      
"MI",1888,235,1493      
"MI",1888,261,136998    
"MI",1888,266,6231      
"MI",1888,268,1000      
"MI",1888,269,1932      
"MI",1888,290,1304      
"MI",1888,291,29965     
"MI",1888,293,2153      
"MI",1888,294,55213     
"MI",1888,298,309       
"MI",1889,110,1887261   
"MI",1889,140,947172    
"MI",1889,161,2073      
"MI",1889,180,3695      
"MI",1889,223,11172     
"MI",1889,225,250       
"MI",1889,235,2975      
"MI",1889,261,94503     
"MI",1889,266,6711      
"MI",1889,269,3547      
"MI",1889,290,12047     
"MI",1889,291,40895     
"MI",1889,293,17461     
"MI",1889,294,32631     
"MI",1889,298,160       
"MI",1890,110,2033418   
"MI",1890,140,934176    
"MI",1890,161,359       
"MI",1890,180,3208      
"MI",1890,223,12956     
"MI",1890,225,523       
"MI",1890,235,6490      
"MI",1890,261,84694     
"MI",1890,266,12559     
"MI",1890,269,1682      
"MI",1890,290,1010      
"MI",1890,291,34922     
"MI",1890,293,229000    
"MI",1890,294,21998     
"MI",1890,298,240       
"MI",1891,110,1434171   
"MI",1891,140,1071749   
"MI",1891,180,2930      
"MI",1891,223,13635     
"MI",1891,225,1219      
"MI",1891,235,4994      
"MI",1891,261,107942    
"MI",1891,266,9192      
"MI",1891,269,4335      
"MI",1891,290,435521    
"MI",1891,291,29350     
"MI",1891,294,65176     
"MI",1891,298,1094      
"MI",1892,110,1808320   
"MI",1892,140,1069412   
"MI",1892,180,5465      
"MI",1892,223,26067     
"MI",1892,225,352       
"MI",1892,235,8709      
"MI",1892,261,93720     
"MI",1892,266,10088     
"MI",1892,269,1052      
"MI",1892,290,103239    
"MI",1892,291,48746     
"MI",1892,294,23960     
"MI",1892,298,6194      
"MI",1893,110,1282400   
"MI",1893,140,1088428   
"MI",1893,180,4350      
"MI",1893,194,2         
"MI",1893,223,33327     
"MI",1893,225,1331      
"MI",1893,235,37055     
"MI",1893,261,214244    
"MI",1893,266,11445     
"MI",1893,269,4163      
"MI",1893,290,49303     
"MI",1893,291,25739     
"MI",1893,294,21884     
"MI",1893,298,2321      
"MI",1894,110,2102853   
"MI",1894,140,1196231   
"MI",1894,180,2659      
"MI",1894,182,20        
"MI",1894,223,38559     
"MI",1894,235,60310     
"MI",1894,261,83367     
"MI",1894,266,12021     
"MI",1894,269,993       
"MI",1894,290,1452      
"MI",1894,291,28472     
"MI",1894,294,111673    
"MI",1894,298,4735      
"MI",1895,110,2034900   
"MI",1895,140,1089158   
"MI",1895,180,3447      
"MI",1895,194,5         
"MI",1895,223,38984     
"MI",1895,235,50054     
"MI",1895,261,79899     
"MI",1895,266,10213     
"MI",1895,268,1000      
"MI",1895,269,3940      
"MI",1895,290,204341    
"MI",1895,291,15312     
"MI",1895,294,172761    
"MI",1895,298,188       
"MI",1896,110,3101830   
"MI",1896,140,996062    
"MI",1896,180,3678      
"MI",1896,223,44430     
"MI",1896,235,51076     
"MI",1896,240,260       
"MI",1896,261,94463     
"MI",1896,266,9146      
"MI",1896,269,1303      
"MI",1896,290,909719    
"MI",1896,291,7379      
"MI",1896,294,16391     
"MI",1896,298,20323     
"MI",1897,110,2615793   
"MI",1897,140,777821    
"MI",1897,180,4175      
"MI",1897,182,116       
"MI",1897,223,49114     
"MI",1897,225,550       
"MI",1897,235,35134     
"MI",1897,240,2168      
"MI",1897,261,57302     
"MI",1897,266,8971      
"MI",1897,268,1000      
"MI",1897,269,2773      
"MI",1897,290,4245      
"MI",1897,291,23047     
"MI",1897,294,20414     
"MI",1897,298,510       
"MI",1898,110,3299822   
"MI",1898,140,1028930   
"MI",1898,180,6446      
"MI",1898,182,1615      
"MI",1898,223,40840     
"MI",1898,225,216       
"MI",1898,235,81728     
"MI",1898,240,1715      
"MI",1898,261,123109    
"MI",1898,266,9623      
"MI",1898,268,1000      
"MI",1898,269,2113      
"MI",1898,290,3563      
"MI",1898,291,22687     
"MI",1898,294,23379     
"MI",1898,295,834       
"MI",1898,298,475241    
"MI",1899,110,2598729   
"MI",1899,140,1310220   
"MI",1899,182,2313      
"MI",1899,223,101067    
"MI",1899,235,119572    
"MI",1899,240,6088      
"MI",1899,261,203874    
"MI",1899,265,120       
"MI",1899,266,172       
"MI",1899,290,6954      
"MI",1899,291,924       
"MI",1899,294,25923     
"MI",1899,295,565       
"MI",1899,298,135092    
"MI",1900,110,4387529   
"MI",1900,140,1439058   
"MI",1900,180,9015      
"MI",1900,182,4400      
"MI",1900,223,19192     
"MI",1900,225,21032     
"MI",1900,235,91047     
"MI",1900,240,3264      
"MI",1900,261,174844    
"MI",1900,266,15079     
"MI",1900,268,1445      
"MI",1900,269,1742      
"MI",1900,290,16509     
"MI",1900,291,36364     
"MI",1900,294,36050     
"MI",1900,295,10788     
"MI",1900,298,54380     
"MI",1901,110,3437934   
"MI",1901,140,1528643   
"MI",1901,180,8957      
"MI",1901,182,6213      
"MI",1901,222,2000      
"MI",1901,223,17555     
"MI",1901,225,18305     
"MI",1901,235,427961    
"MI",1901,240,9234      
"MI",1901,261,163335    
"MI",1901,266,13649     
"MI",1901,268,822       
"MI",1901,269,3504      
"MI",1901,290,5521      
"MI",1901,291,77806     
"MI",1901,294,26554     
"MI",1901,295,11474     
"MI",1901,298,66509     
"MI",1902,110,4466831   
"MI",1902,140,2104129   
"MI",1902,180,8632      
"MI",1902,182,20784     
"MI",1902,222,2000      
"MI",1902,223,21041     
"MI",1902,225,14685     
"MI",1902,235,142618    
"MI",1902,240,9214      
"MI",1902,261,64386     
"MI",1902,262,22        
"MI",1902,266,15529     
"MI",1902,268,1978      
"MI",1902,269,2122      
"MI",1902,290,53188     
"MI",1902,291,62277     
"MI",1902,294,29340     
"MI",1902,295,7704      
"MI",1902,298,52948     
"MI",1903,110,3693727   
"MI",1903,140,3441705   
"MI",1903,141,5647      
"MI",1903,145,3186      
"MI",1903,146,892       
"MI",1903,180,11737     
"MI",1903,182,10366     
"MI",1903,222,2000      
"MI",1903,223,26266     
"MI",1903,225,15295     
"MI",1903,235,459494    
"MI",1903,240,13875     
"MI",1903,261,116932    
"MI",1903,262,8         
"MI",1903,265,1476      
"MI",1903,266,17597     
"MI",1903,268,1826      
"MI",1903,269,3488      
"MI",1903,290,14680     
"MI",1903,291,99276     
"MI",1903,294,136889    
"MI",1903,295,9981      
"MI",1903,298,364488    
"MI",1904,110,4681148   
"MI",1904,140,677343    
"MI",1904,141,1865975   
"MI",1904,145,4215      
"MI",1904,146,5453      
"MI",1904,160,24098     
"MI",1904,180,12093     
"MI",1904,182,11763     
"MI",1904,222,2000      
"MI",1904,223,29243     
"MI",1904,225,20115     
"MI",1904,235,76008     
"MI",1904,240,8281      
"MI",1904,261,120899    
"MI",1904,265,1621      
"MI",1904,266,18997     
"MI",1904,268,1859      
"MI",1904,269,2268      
"MI",1904,290,8135      
"MI",1904,291,85741     
"MI",1904,294,229257    
"MI",1904,295,8036      
"MI",1904,298,523143    
"MI",1905,110,3728101   
"MI",1905,140,743368    
"MI",1905,141,1779643   
"MI",1905,145,5077      
"MI",1905,146,5120      
"MI",1905,180,14741     
"MI",1905,182,9114      
"MI",1905,222,2000      
"MI",1905,223,27708     
"MI",1905,225,23676     
"MI",1905,235,83966     
"MI",1905,240,9600      
"MI",1905,261,31638     
"MI",1905,265,1563      
"MI",1905,266,19300     
"MI",1905,268,896       
"MI",1905,269,3584      
"MI",1905,290,9231      
"MI",1905,291,81682     
"MI",1905,294,199527    
"MI",1905,295,9825      
"MI",1905,298,722774    
"MI",1906,110,4559370   
"MI",1906,140,906958    
"MI",1906,141,8079119   
"MI",1906,145,18037     
"MI",1906,146,11556     
"MI",1906,180,41614     
"MI",1906,182,9674      
"MI",1906,223,36916     
"MI",1906,225,22647     
"MI",1906,235,194296    
"MI",1906,240,12757     
"MI",1906,261,32271     
"MI",1906,262,7         
"MI",1906,265,4373      
"MI",1906,266,22608     
"MI",1906,268,989       
"MI",1906,269,2615      
"MI",1906,290,19096     
"MI",1906,291,1217978   
"MI",1906,294,271168    
"MI",1906,295,11927     
"MI",1906,298,678240    
"MI",1907,110,4099880   
"MI",1907,140,880486    
"MI",1907,141,3385132   
"MI",1907,145,17248     
"MI",1907,146,12766     
"MI",1907,180,25667     
"MI",1907,182,5649      
"MI",1907,223,42364     
"MI",1907,225,24586     
"MI",1907,235,115525    
"MI",1907,240,19286     
"MI",1907,261,28830     
"MI",1907,262,26        
"MI",1907,265,6121      
"MI",1907,266,25304     
"MI",1907,268,427       
"MI",1907,269,3988      
"MI",1907,290,26801     
"MI",1907,291,159315    
"MI",1907,294,255151    
"MI",1907,295,9136      
"MI",1907,298,79826     
"MI",1907,999,13273119  
"MI",1908,110,5332161   
"MI",1908,140,818895    
"MI",1908,141,3499367   
"MI",1908,145,18193     
"MI",1908,146,31768     
"MI",1908,180,18041     
"MI",1908,182,5341      
"MI",1908,223,48300     
"MI",1908,225,30627     
"MI",1908,235,110050    
"MI",1908,240,16154     
"MI",1908,261,20928     
"MI",1908,262,7         
"MI",1908,264,14095     
"MI",1908,265,14748     
"MI",1908,266,27948     
"MI",1908,268,939       
"MI",1908,269,21        
"MI",1908,290,15984     
"MI",1908,291,81458     
"MI",1908,294,389038    
"MI",1908,295,11515     
"MI",1908,298,552497    
"MI",1909,110,4678160   
"MI",1909,140,3869363   
"MI",1909,141,811850    
"MI",1909,146,10414     
"MI",1909,180,21259     
"MI",1909,182,2838      
"MI",1909,223,52149     
"MI",1909,225,29160     
"MI",1909,235,123500    
"MI",1909,240,17898     
"MI",1909,261,15095     
"MI",1909,264,99767     
"MI",1909,265,10037     
"MI",1909,266,26442     
"MI",1909,268,1500      
"MI",1909,269,37        
"MI",1909,290,8859      
"MI",1909,291,46683     
"MI",1909,294,228665    
"MI",1909,295,12761     
"MI",1909,298,402194    
"MI",1910,110,6375426   
"MI",1910,140,5635514   
"MI",1910,146,10337     
"MI",1910,180,65518     
"MI",1910,182,3676      
"MI",1910,223,126245    
"MI",1910,225,31972     
"MI",1910,235,135940    
"MI",1910,240,23359     
"MI",1910,261,287736    
"MI",1910,262,19        
"MI",1910,264,179387    
"MI",1910,265,14322     
"MI",1910,266,1321      
"MI",1910,268,11785     
"MI",1910,269,13588     
"MI",1910,290,135964    
"MI",1910,291,66795     
"MI",1910,292,4526      
"MI",1910,293,200000    
"MI",1910,294,176469    
"MI",1910,295,4002      
"MI",1910,298,178578    
"MI",1911,110,5236919   
"MI",1911,140,5940154   
"MI",1911,146,11292     
"MI",1911,160,54        
"MI",1911,180,79381     
"MI",1911,182,3319      
"MI",1911,223,174921    
"MI",1911,225,31801     
"MI",1911,235,143819    
"MI",1911,240,20009     
"MI",1911,261,11081     
"MI",1911,262,19        
"MI",1911,264,218035    
"MI",1911,265,14180     
"MI",1911,266,796       
"MI",1911,268,15339     
"MI",1911,269,10261     
"MI",1911,290,10946     
"MI",1911,291,77631     
"MI",1911,294,261421    
"MI",1911,295,5012      
"MI",1911,298,78100     
"MI",1912,110,6899908   
"MI",1912,140,5748653   
"MI",1912,146,11393     
"MI",1912,164,247695    
"MI",1912,180,56534     
"MI",1912,181,1948      
"MI",1912,182,1431      
"MI",1912,223,246902    
"MI",1912,225,49853     
"MI",1912,235,145029    
"MI",1912,240,31394     
"MI",1912,261,10523     
"MI",1912,262,8         
"MI",1912,264,177323    
"MI",1912,265,12601     
"MI",1912,266,1557      
"MI",1912,268,16650     
"MI",1912,269,11164     
"MI",1912,290,8688      
"MI",1912,291,52497     
"MI",1912,294,278731    
"MI",1912,295,8335      
"MI",1912,298,171683    
"MI",1913,110,5980792   
"MI",1913,140,5903525   
"MI",1913,141,377       
"MI",1913,146,12482     
"MI",1913,164,268058    
"MI",1913,180,51660     
"MI",1913,181,2077      
"MI",1913,182,2049      
"MI",1913,223,275968    
"MI",1913,225,57472     
"MI",1913,233,2499      
"MI",1913,235,146645    
"MI",1913,240,30669     
"MI",1913,251,4000      
"MI",1913,261,7148      
"MI",1913,262,15        
"MI",1913,264,348779    
"MI",1913,265,13326     
"MI",1913,266,901       
"MI",1913,268,17560     
"MI",1913,269,10135     
"MI",1913,290,9009      
"MI",1913,291,95625     
"MI",1913,294,86903     
"MI",1913,295,7714      
"MI",1913,298,99087     
"MI",1914,110,8945080   
"MI",1914,140,5668539   
"MI",1914,141,181       
"MI",1914,146,13474     
"MI",1914,161,73440     
"MI",1914,164,288945    
"MI",1914,180,46737     
"MI",1914,181,2849      
"MI",1914,182,2755      
"MI",1914,223,528891    
"MI",1914,225,52039     
"MI",1914,233,1771      
"MI",1914,235,134967    
"MI",1914,240,28411     
"MI",1914,261,7673      
"MI",1914,262,8         
"MI",1914,264,785615    
"MI",1914,265,30575     
"MI",1914,266,5765      
"MI",1914,268,44266     
"MI",1914,269,18908     
"MI",1914,280,3659      
"MI",1914,290,66927     
"MI",1914,291,117322    
"MI",1914,294,62858     
"MI",1914,295,18974     
"MI",1914,298,182536    
"MI",1915,110,6650163   
"MI",1915,122,515004    
"MI",1915,141,4556990   
"MI",1915,143,686094    
"MI",1915,144,350       
"MI",1915,145,23287     
"MI",1915,146,516877    
"MI",1915,161,20826     
"MI",1915,164,254056    
"MI",1915,180,449071    
"MI",1915,181,2201      
"MI",1915,182,507       
"MI",1915,222,10000     
"MI",1915,223,379070    
"MI",1915,225,51879     
"MI",1915,233,9275      
"MI",1915,235,146650    
"MI",1915,240,34782     
"MI",1915,256,16        
"MI",1915,261,6101      
"MI",1915,262,990       
"MI",1915,264,1052052   
"MI",1915,265,29749     
"MI",1915,266,686       
"MI",1915,268,53931     
"MI",1915,269,16548     
"MI",1915,280,63620     
"MI",1915,290,72902     
"MI",1915,291,167196    
"MI",1915,294,51175     
"MI",1915,295,10333     
"MI",1915,298,108416    
