"RI",1797,1,28411   
"RI",1799,1,26290   
"RI",1803,1,65499   
"RI",1804,1,22109   
"RI",1805,1,15129   
"RI",1806,1,21418   
"RI",1807,1,3697    
"RI",1808,1,21105   
"RI",1809,1,3488    
"RI",1810,1,4713    
"RI",1811,1,17149   
"RI",1812,1,3867    
"RI",1813,1,20325   
"RI",1814,1,34768   
"RI",1815,1,53621   
"RI",1816,1,53011   
"RI",1817,1,13768   
"RI",1818,1,11560   
"RI",1819,1,12753   
"RI",1820,1,30859   
"RI",1821,1,17507   
"RI",1822,1,5147    
"RI",1823,1,19631   
"RI",1824,1,29444   
"RI",1825,1,23959   
"RI",1826,1,9721    
"RI",1827,1,25010   
"RI",1828,1,30011   
"RI",1829,1,26943   
"RI",1830,1,48754   
"RI",1831,1,25438   
"RI",1832,1,24656   
"RI",1833,1,36872   
"RI",1834,1,42840   
"RI",1835,1,30252   
"RI",1836,1,49035   
"RI",1837,1,57053   
"RI",1838,1,64034   
"RI",1839,1,70043   
"RI",1840,1,64632   
"RI",1841,1,90902   
"RI",1842,1,124397  
"RI",1843,1,137819  
"RI",1844,1,68724   
"RI",1845,1,72576   
"RI",1846,1,104665  
"RI",1847,1,64194   
"RI",1848,1,72231   
"RI",1849,1,162593  
"RI",1850,1,95710   
"RI",1851,1,109078  
"RI",1852,1,116840  
"RI",1853,1,127789  
"RI",1854,1,130649  
"RI",1855,1,83083   
"RI",1856,1,113152  
"RI",1857,1,210436  
"RI",1858,1,212335  
"RI",1859,1,546349  
"RI",1860,1,269095  
"RI",1861,1,238527  
"RI",1862,1,204711  
"RI",1863,1,320314  
"RI",1864,1,392635  
"RI",1865,1,717407  
"RI",1866,1,775733  
"RI",1867,1,683115  
"RI",1868,1,267398  
"RI",1869,1,714434  
"RI",1870,1,628883  
"RI",1871,1,703215  
"RI",1872,1,710477  
"RI",1873,1,700134  
"RI",1874,1,818557  
"RI",1875,1,1062374 
"RI",1876,1,1026612 
"RI",1877,1,809356  
"RI",1878,1,1205678 
"RI",1879,1,971810  
"RI",1880,1,671158  
"RI",1881,1,919790  
"RI",1882,1,888420  
"RI",1883,1,930433  
"RI",1884,1,825705  
"RI",1885,1,827002  
"RI",1886,1,726592  
"RI",1887,1,735922  
"RI",1888,1,822903  
"RI",1889,1,1053550 
"RI",1890,1,1075962 
"RI",1891,1,1202263 
"RI",1892,1,1138202 
"RI",1893,1,1338412 
"RI",1894,1,1334730 
"RI",1895,1,1340394 
"RI",1896,1,1454561 
"RI",1897,1,1405683 
"RI",1898,1,1501771 
"RI",1899,1,1438970 
"RI",1900,1,1481476 
                    
"RI",1797,11,20000  
"RI",1797,16,3968   
"RI",1797,20,4443   
"RI",1799,11,20000  
"RI",1799,20,6290   
"RI",1803,11,45000  
"RI",1803,20,20499  
"RI",1804,11,20000  
"RI",1804,20,2109   
"RI",1805,11,10000  
"RI",1805,14,3447   
"RI",1805,20,1682   
"RI",1806,11,20000  
"RI",1806,20,1418   
"RI",1807,11,3220   
"RI",1807,20,333    
"RI",1807,29,144    
"RI",1808,0,1972    
"RI",1808,11,17529  
"RI",1808,20,1604   
"RI",1809,0,3488    
"RI",1810,0,4713    
"RI",1811,11,15433  
"RI",1811,20,1716   
"RI",1812,11,3101   
"RI",1812,20,766    
"RI",1813,0,10358   
"RI",1813,11,9967   
"RI",1814,0,13438   
"RI",1814,11,19830  
"RI",1814,29,1500   
"RI",1815,0,8614    
"RI",1815,11,22853  
"RI",1815,29,22154  
"RI",1816,0,13227   
"RI",1816,11,17866  
"RI",1816,29,21918  
"RI",1817,0,9172    
"RI",1817,11,4596   
"RI",1818,0,1457    
"RI",1818,11,10103  
"RI",1819,0,8628    
"RI",1819,11,4101   
"RI",1819,29,24     
"RI",1820,0,1433    
"RI",1820,11,14012  
"RI",1820,23,15000  
"RI",1820,29,414    
"RI",1821,0,1144    
"RI",1821,11,10859  
"RI",1821,23,5504   
"RI",1822,0,2708    
"RI",1822,11,397    
"RI",1822,29,2042   
"RI",1823,0,5575    
"RI",1823,11,9310   
"RI",1823,14,1678   
"RI",1823,22,1068   
"RI",1823,29,2000   
"RI",1824,0,5416    
"RI",1824,11,19801  
"RI",1824,14,2227   
"RI",1824,29,2000   
"RI",1825,0,6673    
"RI",1825,11,14994  
"RI",1825,14,2292   
"RI",1826,0,6700    
"RI",1826,11,86     
"RI",1826,14,2935   
"RI",1827,0,13408   
"RI",1827,11,103    
"RI",1827,14,7319   
"RI",1827,20,4180   
"RI",1828,0,5861    
"RI",1828,14,3359   
"RI",1828,20,16745  
"RI",1828,22,4046   
"RI",1829,0,5843    
"RI",1829,14,3359   
"RI",1829,20,13758  
"RI",1829,22,3983   
"RI",1830,0,23754   
"RI",1830,14,7433   
"RI",1830,20,17567  
"RI",1831,0,25438   
"RI",1832,0,8271    
"RI",1832,14,11672  
"RI",1832,16,214    
"RI",1832,18,3266   
"RI",1832,19,224    
"RI",1832,22,1009   
"RI",1833,14,12206  
"RI",1833,16,1308   
"RI",1833,18,3877   
"RI",1833,19,295    
"RI",1833,20,15419  
"RI",1833,22,1488   
"RI",1833,29,2279   
"RI",1834,14,22082  
"RI",1834,16,1200   
"RI",1834,18,3681   
"RI",1834,19,195    
"RI",1834,20,10000  
"RI",1834,22,1978   
"RI",1834,25,1117   
"RI",1834,29,2587   
"RI",1835,14,15679  
"RI",1835,16,966    
"RI",1835,18,3302   
"RI",1835,19,207    
"RI",1835,20,2500   
"RI",1835,22,2355   
"RI",1835,25,2422   
"RI",1835,29,2821   
"RI",1836,14,23184  
"RI",1836,16,885    
"RI",1836,18,4030   
"RI",1836,19,454    
"RI",1836,20,10000  
"RI",1836,22,2825   
"RI",1836,25,4249   
"RI",1836,29,3408   
"RI",1837,14,31961  
"RI",1837,16,584    
"RI",1837,18,3676   
"RI",1837,19,246    
"RI",1837,20,10000  
"RI",1837,22,3033   
"RI",1837,25,2481   
"RI",1837,29,5072   
"RI",1838,14,23868  
"RI",1838,16,773    
"RI",1838,18,3811   
"RI",1838,19,224    
"RI",1838,20,10000  
"RI",1838,22,3337   
"RI",1838,25,700    
"RI",1838,29,21321  
"RI",1839,14,25627  
"RI",1839,16,680    
"RI",1839,18,3758   
"RI",1839,19,210    
"RI",1839,20,9866   
"RI",1839,22,2545   
"RI",1839,25,3486   
"RI",1839,29,23871  
"RI",1840,14,25842  
"RI",1840,16,968    
"RI",1840,18,2197   
"RI",1840,19,282    
"RI",1840,20,9000   
"RI",1840,22,2139   
"RI",1840,25,850    
"RI",1840,29,23354  
"RI",1841,14,25201  
"RI",1841,16,154    
"RI",1841,18,5015   
"RI",1841,19,231    
"RI",1841,20,9275   
"RI",1841,22,1868   
"RI",1841,25,2800   
"RI",1841,29,24979  
"RI",1841,99,21379  
"RI",1842,14,26709  
"RI",1842,16,318    
"RI",1842,18,3178   
"RI",1842,19,253    
"RI",1842,20,9000   
"RI",1842,22,2868   
"RI",1842,25,1600   
"RI",1842,29,80471  
"RI",1843,14,25841  
"RI",1843,16,112    
"RI",1843,18,6240   
"RI",1843,19,123    
"RI",1843,20,4500   
"RI",1843,22,1701   
"RI",1843,29,99302  
"RI",1844,10,1635   
"RI",1844,11,5911   
"RI",1844,14,25823  
"RI",1844,16,204    
"RI",1844,18,6642   
"RI",1844,19,269    
"RI",1844,20,2250   
"RI",1844,22,2109   
"RI",1844,24,60     
"RI",1844,25,850    
"RI",1844,26,728    
"RI",1844,29,22243  
"RI",1845,10,2035   
"RI",1845,14,16417  
"RI",1845,16,580    
"RI",1845,18,5649   
"RI",1845,19,272    
"RI",1845,20,0      
"RI",1845,22,3263   
"RI",1845,24,50     
"RI",1845,25,4000   
"RI",1845,29,40310  
"RI",1846,10,1407   
"RI",1846,14,31653  
"RI",1846,16,1672   
"RI",1846,18,4887   
"RI",1846,19,247    
"RI",1846,22,3031   
"RI",1846,24,75     
"RI",1846,25,900    
"RI",1846,29,60793  
"RI",1847,10,272    
"RI",1847,14,34563  
"RI",1847,16,2008   
"RI",1847,18,6479   
"RI",1847,19,229    
"RI",1847,22,6014   
"RI",1847,24,115    
"RI",1847,25,1000   
"RI",1847,29,13514  
"RI",1848,10,314    
"RI",1848,14,35726  
"RI",1848,16,1294   
"RI",1848,18,6515   
"RI",1848,19,232    
"RI",1848,22,7117   
"RI",1848,24,125    
"RI",1848,29,19286  
"RI",1848,39,1622   
"RI",1849,14,36479  
"RI",1849,16,1294   
"RI",1849,18,6068   
"RI",1849,19,225    
"RI",1849,22,5085   
"RI",1849,24,95     
"RI",1849,25,1000   
"RI",1849,29,112347 
"RI",1850,11,18333  
"RI",1850,14,44792  
"RI",1850,16,1337   
"RI",1850,18,6216   
"RI",1850,19,208    
"RI",1850,22,7522   
"RI",1850,24,75     
"RI",1850,25,1000   
"RI",1850,29,16227  
"RI",1851,11,18376  
"RI",1851,14,57880  
"RI",1851,16,963    
"RI",1851,18,5965   
"RI",1851,19,95     
"RI",1851,22,4824   
"RI",1851,24,65     
"RI",1851,25,1722   
"RI",1851,29,19188  
"RI",1852,11,18306  
"RI",1852,14,64832  
"RI",1852,16,1153   
"RI",1852,18,6049   
"RI",1852,19,153    
"RI",1852,22,6147   
"RI",1852,24,413    
"RI",1852,25,1400   
"RI",1852,29,18387  
"RI",1853,11,18443  
"RI",1853,14,81932  
"RI",1853,16,1058   
"RI",1853,18,4125   
"RI",1853,19,255    
"RI",1853,22,4046   
"RI",1853,24,105    
"RI",1853,25,2047   
"RI",1853,29,15778  
"RI",1854,11,18461  
"RI",1854,14,86277  
"RI",1854,16,881    
"RI",1854,18,5016   
"RI",1854,19,214    
"RI",1854,22,5051   
"RI",1854,24,290    
"RI",1854,29,14459  
"RI",1855,14,36130  
"RI",1855,16,866    
"RI",1855,18,2595   
"RI",1855,19,294    
"RI",1855,22,4530   
"RI",1855,25,1590   
"RI",1855,29,36688  
"RI",1855,36,390    
"RI",1856,11,18395  
"RI",1856,14,68767  
"RI",1856,16,353    
"RI",1856,18,2700   
"RI",1856,22,6880   
"RI",1856,24,20     
"RI",1856,26,55     
"RI",1856,29,15982  
"RI",1857,11,52408  
"RI",1857,14,87925  
"RI",1857,16,1221   
"RI",1857,18,4000   
"RI",1857,21,1504   
"RI",1857,22,11237  
"RI",1857,24,30     
"RI",1857,25,968    
"RI",1857,26,32     
"RI",1857,29,51111  
"RI",1858,11,55560  
"RI",1858,14,72204  
"RI",1858,16,914    
"RI",1858,18,2500   
"RI",1858,21,1236   
"RI",1858,22,10943  
"RI",1858,24,685    
"RI",1858,26,1511   
"RI",1858,29,66782  
"RI",1859,0,175491  
"RI",1859,11,111156 
"RI",1859,13,3000   
"RI",1859,14,154324 
"RI",1859,16,2032   
"RI",1859,18,3700   
"RI",1859,21,2360   
"RI",1859,22,27023  
"RI",1859,26,48     
"RI",1859,29,67215  
"RI",1860,11,55560  
"RI",1860,14,89484  
"RI",1860,16,1021   
"RI",1860,18,4340   
"RI",1860,21,1115   
"RI",1860,22,15310  
"RI",1860,26,75     
"RI",1860,29,102190 
"RI",1861,11,66672  
"RI",1861,14,106632 
"RI",1861,16,840    
"RI",1861,18,2800   
"RI",1861,21,877    
"RI",1861,22,11976  
"RI",1861,26,100    
"RI",1861,29,48630  
"RI",1862,11,66672  
"RI",1862,14,94892  
"RI",1862,16,835    
"RI",1862,18,2490   
"RI",1862,21,863    
"RI",1862,22,11369  
"RI",1862,24,82     
"RI",1862,26,307    
"RI",1862,29,27201  
"RI",1863,11,169857 
"RI",1863,14,93716  
"RI",1863,16,1647   
"RI",1863,18,3340   
"RI",1863,21,336    
"RI",1863,22,12461  
"RI",1863,24,60     
"RI",1863,26,40     
"RI",1863,29,38857  
"RI",1864,11,221103 
"RI",1864,14,102596 
"RI",1864,16,1160   
"RI",1864,18,5270   
"RI",1864,21,27144  
"RI",1864,22,10742  
"RI",1864,24,61     
"RI",1864,26,199    
"RI",1864,29,24360  
"RI",1865,11,559351 
"RI",1865,14,82408  
"RI",1865,16,1278   
"RI",1865,18,7691   
"RI",1865,21,25422  
"RI",1865,22,8696   
"RI",1865,25,49     
"RI",1865,29,31512  
"RI",1865,34,1000   
"RI",1866,11,569217 
"RI",1866,14,102581 
"RI",1866,16,2099   
"RI",1866,18,12440  
"RI",1866,21,39841  
"RI",1866,22,14210  
"RI",1866,24,661    
"RI",1866,27,49     
"RI",1866,29,34635  
"RI",1867,11,549253 
"RI",1867,14,61824  
"RI",1867,16,1611   
"RI",1867,18,7200   
"RI",1867,21,22043  
"RI",1867,22,10631  
"RI",1867,25,228    
"RI",1867,26,93     
"RI",1867,29,30232  
"RI",1868,11,82668  
"RI",1868,14,57857  
"RI",1868,16,2408   
"RI",1868,18,11150  
"RI",1868,21,55415  
"RI",1868,22,16661  
"RI",1868,24,1814   
"RI",1868,29,39425  
"RI",1869,11,469085 
"RI",1869,14,66583  
"RI",1869,16,2693   
"RI",1869,18,8000   
"RI",1869,21,90594  
"RI",1869,22,44616  
"RI",1869,24,1949   
"RI",1869,29,30914  
"RI",1870,11,468712 
"RI",1870,14,75667  
"RI",1870,16,1631   
"RI",1870,18,5300   
"RI",1870,21,22198  
"RI",1870,22,25185  
"RI",1870,24,1528   
"RI",1870,29,28662  
"RI",1871,11,468531 
"RI",1871,14,76004  
"RI",1871,16,771    
"RI",1871,18,7400   
"RI",1871,21,71499  
"RI",1871,22,34315  
"RI",1871,24,2187   
"RI",1871,29,42508  
"RI",1872,11,468565 
"RI",1872,14,104439 
"RI",1872,16,1000   
"RI",1872,18,5300   
"RI",1872,21,73742  
"RI",1872,22,24964  
"RI",1872,24,2773   
"RI",1872,29,29694  
"RI",1873,11,468611 
"RI",1873,14,104915 
"RI",1873,16,663    
"RI",1873,18,7884   
"RI",1873,21,46150  
"RI",1873,22,40184  
"RI",1873,26,2360   
"RI",1873,29,29367  
"RI",1874,11,495960 
"RI",1874,14,157403 
"RI",1874,16,2160   
"RI",1874,18,8297   
"RI",1874,21,87921  
"RI",1874,22,41363  
"RI",1874,26,803    
"RI",1874,29,24650  
"RI",1875,11,543342 
"RI",1875,14,269891 
"RI",1875,16,718    
"RI",1875,18,4050   
"RI",1875,21,3701   
"RI",1875,22,17650  
"RI",1875,29,223022 
"RI",1876,11,492586 
"RI",1876,14,164494 
"RI",1876,16,1755   
"RI",1876,18,5800   
"RI",1876,21,92841  
"RI",1876,22,22978  
"RI",1876,24,5300   
"RI",1876,29,240858 
"RI",1877,11,492352 
"RI",1877,14,168868 
"RI",1877,16,2872   
"RI",1877,18,9220   
"RI",1877,21,67563  
"RI",1877,22,17792  
"RI",1877,26,30615  
"RI",1877,29,20074  
"RI",1878,11,604768 
"RI",1878,14,320432 
"RI",1878,16,3210   
"RI",1878,18,11313  
"RI",1878,21,108560 
"RI",1878,22,40359  
"RI",1878,26,50681  
"RI",1878,29,66355  
"RI",1879,11,670359 
"RI",1879,14,153498 
"RI",1879,16,2135   
"RI",1879,18,10020  
"RI",1879,21,67636  
"RI",1879,22,15642  
"RI",1879,26,36253  
"RI",1879,29,16267  
"RI",1880,11,388913 
"RI",1880,14,151338 
"RI",1880,16,1837   
"RI",1880,18,10397  
"RI",1880,21,29821  
"RI",1880,22,21862  
"RI",1880,26,47199  
"RI",1880,29,14228  
"RI",1880,34,5563   
"RI",1881,11,502711 
"RI",1881,14,164818 
"RI",1881,16,1959   
"RI",1881,18,11168  
"RI",1881,21,139630 
"RI",1881,22,21292  
"RI",1881,26,64296  
"RI",1881,29,13916  
"RI",1882,11,492796 
"RI",1882,14,180328 
"RI",1882,16,1446   
"RI",1882,18,11361  
"RI",1882,21,83813  
"RI",1882,22,33272  
"RI",1882,27,64681  
"RI",1882,29,20723  
"RI",1883,11,394237 
"RI",1883,14,190781 
"RI",1883,16,2984   
"RI",1883,18,12482  
"RI",1883,21,85961  
"RI",1883,22,164028 
"RI",1883,26,52564  
"RI",1883,29,27396  
"RI",1884,11,394239 
"RI",1884,14,205384 
"RI",1884,16,1204   
"RI",1884,18,13070  
"RI",1884,21,99630  
"RI",1884,22,32938  
"RI",1884,26,50092  
"RI",1884,29,29148  
"RI",1885,11,391059 
"RI",1885,14,209228 
"RI",1885,16,990    
"RI",1885,18,11453  
"RI",1885,21,119147 
"RI",1885,22,28579  
"RI",1885,26,40932  
"RI",1885,29,24626  
"RI",1885,34,988    
"RI",1886,11,397413 
"RI",1886,14,215725 
"RI",1886,16,1037   
"RI",1886,18,9933   
"RI",1886,21,10642  
"RI",1886,22,29678  
"RI",1886,26,33508  
"RI",1886,29,27275  
"RI",1886,34,1381   
"RI",1887,11,394237 
"RI",1887,14,227600 
"RI",1887,16,2154   
"RI",1887,18,10469  
"RI",1887,21,7834   
"RI",1887,22,28297  
"RI",1887,26,40250  
"RI",1887,29,23895  
"RI",1887,34,1186   
"RI",1888,11,459943 
"RI",1888,14,238845 
"RI",1888,16,944    
"RI",1888,18,10125  
"RI",1888,21,9343   
"RI",1888,22,38812  
"RI",1888,26,41264  
"RI",1888,29,22357  
"RI",1888,34,1270   
"RI",1889,11,591355 
"RI",1889,14,254017 
"RI",1889,16,1311   
"RI",1889,18,11942  
"RI",1889,21,82869  
"RI",1889,22,43542  
"RI",1889,26,44808  
"RI",1889,29,22556  
"RI",1889,34,1150   
"RI",1890,11,591355 
"RI",1890,14,268248 
"RI",1890,16,2076   
"RI",1890,18,7801   
"RI",1890,21,112893 
"RI",1890,22,33303  
"RI",1890,26,39243  
"RI",1890,29,19839  
"RI",1890,34,1204   
"RI",1891,10,87493  
"RI",1891,11,591418 
"RI",1891,14,288013 
"RI",1891,16,1274   
"RI",1891,18,15416  
"RI",1891,21,120728 
"RI",1891,22,38132  
"RI",1891,26,40117  
"RI",1891,29,18513  
"RI",1891,34,1159   
"RI",1892,11,591375 
"RI",1892,14,302389 
"RI",1892,16,1293   
"RI",1892,18,10822  
"RI",1892,21,129214 
"RI",1892,22,36093  
"RI",1892,26,38342  
"RI",1892,29,27454  
"RI",1892,34,1220   
"RI",1893,10,11926  
"RI",1893,11,647433 
"RI",1893,14,440254 
"RI",1893,16,1724   
"RI",1893,18,10121  
"RI",1893,21,130334 
"RI",1893,22,30439  
"RI",1893,26,37566  
"RI",1893,29,28615  
"RI",1894,11,647225 
"RI",1894,14,443976 
"RI",1894,16,1082   
"RI",1894,18,9651   
"RI",1894,21,116125 
"RI",1894,22,32307  
"RI",1894,26,44884  
"RI",1894,29,39480  
"RI",1895,11,647190 
"RI",1895,14,448552 
"RI",1895,16,1430   
"RI",1895,18,9380   
"RI",1895,21,118220 
"RI",1895,22,35031  
"RI",1895,26,40518  
"RI",1895,29,40073  
"RI",1896,10,636061 
"RI",1896,11,4845   
"RI",1896,14,462740 
"RI",1896,16,1668   
"RI",1896,18,9190   
"RI",1896,21,129205 
"RI",1896,22,44244  
"RI",1896,26,42473  
"RI",1896,27,11231  
"RI",1896,29,112904 
"RI",1897,10,519978 
"RI",1897,11,121152 
"RI",1897,14,466842 
"RI",1897,16,2008   
"RI",1897,18,9522   
"RI",1897,21,121569 
"RI",1897,22,33744  
"RI",1897,25,15433  
"RI",1897,26,45299  
"RI",1897,27,11968  
"RI",1897,29,21774  
"RI",1897,40,36394  
"RI",1898,10,500621 
"RI",1898,11,140989 
"RI",1898,14,494433 
"RI",1898,16,1737   
"RI",1898,18,9915   
"RI",1898,21,124993 
"RI",1898,22,25176  
"RI",1898,25,6278   
"RI",1898,26,44609  
"RI",1898,27,12359  
"RI",1898,29,121606 
"RI",1898,36,19055  
"RI",1899,10,463817 
"RI",1899,11,178728 
"RI",1899,14,503049 
"RI",1899,16,1732   
"RI",1899,18,16468  
"RI",1899,21,142430 
"RI",1899,22,41221  
"RI",1899,25,2439   
"RI",1899,26,49216  
"RI",1899,27,14572  
"RI",1899,29,25298  
"RI",1900,10,296694 
"RI",1900,11,347425 
"RI",1900,14,539655 
"RI",1900,16,1900   
"RI",1900,18,23458  
"RI",1900,21,130398 
"RI",1900,22,46961  
"RI",1900,26,58037  
"RI",1900,27,12180  
"RI",1900,29,24768  
                    
"RI",1797,110,20000 
"RI",1797,160,3968  
"RI",1797,200,4443  
"RI",1799,110,20000 
"RI",1799,200,6290  
"RI",1803,110,45000 
"RI",1803,200,20499 
"RI",1804,110,20000 
"RI",1804,200,2109  
"RI",1805,110,10000 
"RI",1805,142,3447  
"RI",1805,200,1682  
"RI",1806,110,20000 
"RI",1806,200,1418  
"RI",1807,110,3220  
"RI",1807,200,333   
"RI",1807,291,144   
"RI",1808,0,1972    
"RI",1808,110,17529 
"RI",1808,200,1604  
"RI",1809,0,3488    
"RI",1810,0,4713    
"RI",1811,110,15433 
"RI",1811,200,1716  
"RI",1812,110,3101  
"RI",1812,200,766   
"RI",1813,0,10358   
"RI",1813,110,9967  
"RI",1814,0,13438   
"RI",1814,110,19830 
"RI",1814,293,1500  
"RI",1815,0,8614    
"RI",1815,110,22853 
"RI",1815,293,22154 
"RI",1816,0,13227   
"RI",1816,110,17866 
"RI",1816,293,21918 
"RI",1817,0,9172    
"RI",1817,110,4596  
"RI",1818,0,1457    
"RI",1818,110,10103 
"RI",1819,0,8628    
"RI",1819,110,4101  
"RI",1819,293,24    
"RI",1820,0,1433    
"RI",1820,110,14012 
"RI",1820,235,15000 
"RI",1820,293,414   
"RI",1821,0,1144    
"RI",1821,110,10859 
"RI",1821,235,5504  
"RI",1822,0,2708    
"RI",1822,110,397   
"RI",1822,293,2042  
"RI",1823,0,5575    
"RI",1823,110,9310  
"RI",1823,142,1678  
"RI",1823,220,1068  
"RI",1823,293,2000  
"RI",1824,0,5416    
"RI",1824,110,19801 
"RI",1824,142,2227  
"RI",1824,293,2000  
"RI",1825,0,6673    
"RI",1825,110,14994 
"RI",1825,142,2292  
"RI",1826,0,6700    
"RI",1826,110,86    
"RI",1826,142,2935  
"RI",1827,0,13408   
"RI",1827,110,103   
"RI",1827,142,7319  
"RI",1827,205,4180  
"RI",1828,0,5861    
"RI",1828,142,3359  
"RI",1828,205,16745 
"RI",1828,220,4046  
"RI",1829,0,5843    
"RI",1829,142,3359  
"RI",1829,205,13758 
"RI",1829,220,3983  
"RI",1830,0,23754   
"RI",1830,142,7433  
"RI",1830,205,17567 
"RI",1831,0,25438   
"RI",1832,0,8271    
"RI",1832,142,11672 
"RI",1832,160,214   
"RI",1832,180,3266  
"RI",1832,190,224   
"RI",1832,220,656   
"RI",1832,221,353   
"RI",1833,142,12206 
"RI",1833,160,1308  
"RI",1833,180,3877  
"RI",1833,190,295   
"RI",1833,205,15419 
"RI",1833,220,981   
"RI",1833,221,507   
"RI",1833,291,158   
"RI",1833,292,2121  
"RI",1834,142,22082 
"RI",1834,160,1200  
"RI",1834,180,3681  
"RI",1834,190,195   
"RI",1834,205,10000 
"RI",1834,220,1506  
"RI",1834,221,472   
"RI",1834,250,1117  
"RI",1834,291,170   
"RI",1834,292,2417  
"RI",1835,142,15679 
"RI",1835,160,966   
"RI",1835,180,3302  
"RI",1835,190,207   
"RI",1835,205,2500  
"RI",1835,220,1998  
"RI",1835,221,357   
"RI",1835,250,2422  
"RI",1835,291,209   
"RI",1835,292,2612  
"RI",1836,142,23184 
"RI",1836,160,885   
"RI",1836,180,4030  
"RI",1836,190,454   
"RI",1836,205,10000 
"RI",1836,220,2629  
"RI",1836,221,196   
"RI",1836,250,4249  
"RI",1836,291,314   
"RI",1836,292,3094  
"RI",1837,142,31961 
"RI",1837,160,584   
"RI",1837,180,3676  
"RI",1837,190,246   
"RI",1837,205,10000 
"RI",1837,220,2377  
"RI",1837,221,656   
"RI",1837,250,2481  
"RI",1837,291,1711  
"RI",1837,292,3361  
"RI",1838,142,23868 
"RI",1838,160,773   
"RI",1838,180,3811  
"RI",1838,190,224   
"RI",1838,205,10000 
"RI",1838,220,2213  
"RI",1838,221,1124  
"RI",1838,250,700   
"RI",1838,290,42    
"RI",1838,291,17933 
"RI",1838,292,3346  
"RI",1839,142,25627 
"RI",1839,160,680   
"RI",1839,180,3758  
"RI",1839,190,210   
"RI",1839,205,9866  
"RI",1839,220,1869  
"RI",1839,221,676   
"RI",1839,250,3486  
"RI",1839,291,19255 
"RI",1839,292,3416  
"RI",1839,294,1200  
"RI",1840,142,25842 
"RI",1840,160,968   
"RI",1840,180,2197  
"RI",1840,190,282   
"RI",1840,205,9000  
"RI",1840,220,1579  
"RI",1840,221,560   
"RI",1840,250,850   
"RI",1840,291,19763 
"RI",1840,292,3591  
"RI",1841,142,25201 
"RI",1841,160,154   
"RI",1841,180,5015  
"RI",1841,190,231   
"RI",1841,205,9275  
"RI",1841,220,790   
"RI",1841,221,1078  
"RI",1841,250,2800  
"RI",1841,290,2872  
"RI",1841,291,17804 
"RI",1841,292,4303  
"RI",1841,999,21379 
"RI",1842,142,26709 
"RI",1842,160,318   
"RI",1842,180,3178  
"RI",1842,190,253   
"RI",1842,205,9000  
"RI",1842,220,2856  
"RI",1842,221,12    
"RI",1842,250,1600  
"RI",1842,291,16627 
"RI",1842,292,3844  
"RI",1842,293,60000 
"RI",1843,142,25841 
"RI",1843,160,112   
"RI",1843,180,6240  
"RI",1843,190,123   
"RI",1843,205,4500  
"RI",1843,220,1701  
"RI",1843,290,76293 
"RI",1843,291,15665 
"RI",1843,292,3068  
"RI",1843,294,4276  
"RI",1844,100,1635  
"RI",1844,110,5911  
"RI",1844,142,25195 
"RI",1844,146,628   
"RI",1844,160,204   
"RI",1844,180,6642  
"RI",1844,190,269   
"RI",1844,205,2250  
"RI",1844,220,2109  
"RI",1844,240,60    
"RI",1844,250,850   
"RI",1844,263,728   
"RI",1844,290,10    
"RI",1844,291,11207 
"RI",1844,292,1026  
"RI",1844,293,10000 
"RI",1845,100,2035  
"RI",1845,142,14059 
"RI",1845,146,2358  
"RI",1845,160,580   
"RI",1845,180,5649  
"RI",1845,190,272   
"RI",1845,205,0     
"RI",1845,220,3263  
"RI",1845,240,50    
"RI",1845,250,4000  
"RI",1845,290,10019 
"RI",1845,291,27470 
"RI",1845,292,2821  
"RI",1846,100,1407  
"RI",1846,142,30063 
"RI",1846,146,1590  
"RI",1846,160,1672  
"RI",1846,180,4887  
"RI",1846,190,247   
"RI",1846,220,3031  
"RI",1846,240,75    
"RI",1846,250,900   
"RI",1846,290,205   
"RI",1846,291,13043 
"RI",1846,292,3243  
"RI",1846,293,44302 
"RI",1847,100,272   
"RI",1847,142,33193 
"RI",1847,146,1370  
"RI",1847,160,2008  
"RI",1847,180,6479  
"RI",1847,190,229   
"RI",1847,220,5341  
"RI",1847,222,673   
"RI",1847,240,115   
"RI",1847,250,1000  
"RI",1847,290,254   
"RI",1847,291,10711 
"RI",1847,292,1539  
"RI",1847,293,1000  
"RI",1847,298,10    
"RI",1848,100,314   
"RI",1848,142,32971 
"RI",1848,145,1300  
"RI",1848,146,1455  
"RI",1848,160,1294  
"RI",1848,180,6515  
"RI",1848,190,232   
"RI",1848,220,6889  
"RI",1848,222,228   
"RI",1848,240,125   
"RI",1848,290,224   
"RI",1848,291,15354 
"RI",1848,292,3202  
"RI",1848,293,506   
"RI",1848,392,1622  
"RI",1849,142,33316 
"RI",1849,146,3163  
"RI",1849,160,1294  
"RI",1849,180,6068  
"RI",1849,190,225   
"RI",1849,220,5085  
"RI",1849,240,95    
"RI",1849,250,1000  
"RI",1849,290,47571 
"RI",1849,291,13680 
"RI",1849,292,3334  
"RI",1849,293,47762 
"RI",1850,110,18333 
"RI",1850,142,40932 
"RI",1850,146,3860  
"RI",1850,160,1337  
"RI",1850,180,6216  
"RI",1850,190,208   
"RI",1850,220,7522  
"RI",1850,240,75    
"RI",1850,250,1000  
"RI",1850,290,462   
"RI",1850,291,9530  
"RI",1850,292,2836  
"RI",1850,293,3399  
"RI",1851,110,18376 
"RI",1851,142,51433 
"RI",1851,146,6447  
"RI",1851,160,963   
"RI",1851,180,5965  
"RI",1851,190,95    
"RI",1851,220,4824  
"RI",1851,240,65    
"RI",1851,250,1722  
"RI",1851,290,2653  
"RI",1851,291,12363 
"RI",1851,292,4172  
"RI",1852,110,18306 
"RI",1852,142,60222 
"RI",1852,146,4610  
"RI",1852,160,1153  
"RI",1852,180,6049  
"RI",1852,190,153   
"RI",1852,220,6147  
"RI",1852,240,413   
"RI",1852,250,1400  
"RI",1852,290,23    
"RI",1852,291,12067 
"RI",1852,292,3508  
"RI",1852,293,1982  
"RI",1852,294,807   
"RI",1853,110,18443 
"RI",1853,142,74928 
"RI",1853,146,7004  
"RI",1853,160,1058  
"RI",1853,180,4125  
"RI",1853,190,255   
"RI",1853,220,4046  
"RI",1853,240,105   
"RI",1853,250,2047  
"RI",1853,290,52    
"RI",1853,291,11775 
"RI",1853,292,3847  
"RI",1853,294,104   
"RI",1854,110,18461 
"RI",1854,142,80751 
"RI",1854,146,5526  
"RI",1854,160,881   
"RI",1854,180,5016  
"RI",1854,190,214   
"RI",1854,220,5051  
"RI",1854,240,290   
"RI",1854,290,42    
"RI",1854,291,12282 
"RI",1854,292,2135  
"RI",1855,142,34643 
"RI",1855,146,1487  
"RI",1855,160,866   
"RI",1855,180,2595  
"RI",1855,190,294   
"RI",1855,220,4530  
"RI",1855,250,1590  
"RI",1855,290,59    
"RI",1855,291,4074  
"RI",1855,292,2555  
"RI",1855,293,30000 
"RI",1855,363,390   
"RI",1856,110,18395 
"RI",1856,142,66707 
"RI",1856,146,2060  
"RI",1856,160,353   
"RI",1856,180,2700  
"RI",1856,220,103   
"RI",1856,221,6777  
"RI",1856,222,0     
"RI",1856,240,20    
"RI",1856,261,55    
"RI",1856,290,62    
"RI",1856,291,4614  
"RI",1856,292,2555  
"RI",1856,293,8751  
"RI",1857,110,52408 
"RI",1857,142,83605 
"RI",1857,146,4320  
"RI",1857,160,1221  
"RI",1857,180,4000  
"RI",1857,210,1504  
"RI",1857,220,1118  
"RI",1857,221,10119 
"RI",1857,240,30    
"RI",1857,250,968   
"RI",1857,261,32    
"RI",1857,290,47    
"RI",1857,291,14777 
"RI",1857,292,5110  
"RI",1857,293,27241 
"RI",1857,296,3936  
"RI",1858,110,55560 
"RI",1858,142,67934 
"RI",1858,146,4270  
"RI",1858,160,914   
"RI",1858,180,2500  
"RI",1858,210,1236  
"RI",1858,220,749   
"RI",1858,221,10194 
"RI",1858,240,685   
"RI",1858,260,1471  
"RI",1858,261,40    
"RI",1858,290,56    
"RI",1858,292,16033 
"RI",1858,293,48541 
"RI",1858,296,2152  
"RI",1859,0,175491  
"RI",1859,110,111156
"RI",1859,130,3000  
"RI",1859,142,143995
"RI",1859,146,10329 
"RI",1859,160,2032  
"RI",1859,180,3700  
"RI",1859,210,2360  
"RI",1859,220,1142  
"RI",1859,221,25881 
"RI",1859,261,48    
"RI",1859,290,29    
"RI",1859,291,19570 
"RI",1859,292,9343  
"RI",1859,293,29311 
"RI",1859,296,8962  
"RI",1860,110,55560 
"RI",1860,142,82400 
"RI",1860,146,7084  
"RI",1860,160,1021  
"RI",1860,180,4340  
"RI",1860,210,1115  
"RI",1860,220,330   
"RI",1860,221,14980 
"RI",1860,261,75    
"RI",1860,290,51    
"RI",1860,291,20533 
"RI",1860,293,77422 
"RI",1860,296,4184  
"RI",1861,110,66672 
"RI",1861,142,99452 
"RI",1861,146,7180  
"RI",1861,160,840   
"RI",1861,180,2800  
"RI",1861,210,877   
"RI",1861,220,897   
"RI",1861,221,11079 
"RI",1861,260,100   
"RI",1861,290,260   
"RI",1861,292,13340 
"RI",1861,293,32000 
"RI",1861,296,3030  
"RI",1862,110,66672 
"RI",1862,142,87550 
"RI",1862,146,7342  
"RI",1862,160,835   
"RI",1862,180,2490  
"RI",1862,210,863   
"RI",1862,220,842   
"RI",1862,221,10527 
"RI",1862,240,82    
"RI",1862,260,307   
"RI",1862,290,51    
"RI",1862,291,14768 
"RI",1862,293,10000 
"RI",1862,296,2382  
"RI",1863,110,169857
"RI",1863,142,85594 
"RI",1863,146,8122  
"RI",1863,160,1647  
"RI",1863,180,3340  
"RI",1863,210,336   
"RI",1863,220,952   
"RI",1863,221,11509 
"RI",1863,240,60    
"RI",1863,260,40    
"RI",1863,290,19353 
"RI",1863,291,803   
"RI",1863,292,14350 
"RI",1863,293,2800  
"RI",1863,296,1551  
"RI",1864,110,221103
"RI",1864,142,88465 
"RI",1864,146,14131 
"RI",1864,160,1160  
"RI",1864,180,5270  
"RI",1864,210,27144 
"RI",1864,220,1101  
"RI",1864,221,9641  
"RI",1864,240,61    
"RI",1864,260,199   
"RI",1864,290,77    
"RI",1864,291,2268  
"RI",1864,292,14921 
"RI",1864,295,5309  
"RI",1864,296,1785  
"RI",1865,110,559351
"RI",1865,142,66331 
"RI",1865,146,16077 
"RI",1865,160,1278  
"RI",1865,180,7691  
"RI",1865,210,25422 
"RI",1865,220,472   
"RI",1865,221,8224  
"RI",1865,250,49    
"RI",1865,290,4     
"RI",1865,291,9112  
"RI",1865,292,20990 
"RI",1865,296,1406  
"RI",1865,343,1000  
"RI",1866,110,569217
"RI",1866,142,83253 
"RI",1866,146,19328 
"RI",1866,160,2099  
"RI",1866,180,12440 
"RI",1866,210,39841 
"RI",1866,220,14210 
"RI",1866,240,661   
"RI",1866,270,49    
"RI",1866,290,24    
"RI",1866,291,9112  
"RI",1866,292,22616 
"RI",1866,296,2883  
"RI",1867,110,549253
"RI",1867,142,43502 
"RI",1867,146,18322 
"RI",1867,160,1611  
"RI",1867,180,7200  
"RI",1867,210,22043 
"RI",1867,220,885   
"RI",1867,221,9746  
"RI",1867,250,228   
"RI",1867,260,93    
"RI",1867,290,97    
"RI",1867,291,7415  
"RI",1867,292,20606 
"RI",1867,296,2114  
"RI",1868,110,82668 
"RI",1868,142,27717 
"RI",1868,146,30140 
"RI",1868,160,2408  
"RI",1868,180,11150 
"RI",1868,210,55415 
"RI",1868,220,16661 
"RI",1868,240,1814  
"RI",1868,290,182   
"RI",1868,291,8280  
"RI",1868,292,28789 
"RI",1868,296,2174  
"RI",1869,110,469085
"RI",1869,142,32948 
"RI",1869,146,33635 
"RI",1869,160,2693  
"RI",1869,180,8000  
"RI",1869,210,90594 
"RI",1869,220,22297 
"RI",1869,222,22319 
"RI",1869,240,1949  
"RI",1869,290,321   
"RI",1869,291,2788  
"RI",1869,292,22760 
"RI",1869,293,4084  
"RI",1869,296,961   
"RI",1870,110,468712
"RI",1870,142,37335 
"RI",1870,146,38332 
"RI",1870,160,1631  
"RI",1870,180,5300  
"RI",1870,210,22198 
"RI",1870,220,1594  
"RI",1870,221,23591 
"RI",1870,240,1528  
"RI",1870,290,333   
"RI",1870,291,4582  
"RI",1870,292,23100 
"RI",1870,296,647   
"RI",1871,110,468531
"RI",1871,142,41350 
"RI",1871,146,34654 
"RI",1871,160,771   
"RI",1871,180,7400  
"RI",1871,210,71499 
"RI",1871,220,1434  
"RI",1871,221,32881 
"RI",1871,240,2187  
"RI",1871,290,9973  
"RI",1871,291,3786  
"RI",1871,292,22734 
"RI",1871,293,4000  
"RI",1871,296,2015  
"RI",1872,110,468565
"RI",1872,142,47106 
"RI",1872,146,57333 
"RI",1872,160,1000  
"RI",1872,180,5300  
"RI",1872,210,73742 
"RI",1872,220,2983  
"RI",1872,221,21981 
"RI",1872,240,2773  
"RI",1872,290,467   
"RI",1872,291,5286  
"RI",1872,292,21639 
"RI",1872,296,2302  
"RI",1873,110,468611
"RI",1873,142,55408 
"RI",1873,146,49507 
"RI",1873,160,663   
"RI",1873,180,7884  
"RI",1873,210,46150 
"RI",1873,220,3289  
"RI",1873,221,36895 
"RI",1873,260,2360  
"RI",1873,290,78    
"RI",1873,291,5034  
"RI",1873,292,21833 
"RI",1873,296,2422  
"RI",1874,110,495960
"RI",1874,142,107927
"RI",1874,146,49476 
"RI",1874,160,2160  
"RI",1874,180,8297  
"RI",1874,210,87921 
"RI",1874,220,6163  
"RI",1874,221,35200 
"RI",1874,260,803   
"RI",1874,290,39    
"RI",1874,291,7458  
"RI",1874,292,16788 
"RI",1874,296,365   
"RI",1875,110,543342
"RI",1875,142,228279
"RI",1875,146,41612 
"RI",1875,160,718   
"RI",1875,180,4050  
"RI",1875,210,3701  
"RI",1875,220,6693  
"RI",1875,221,10341 
"RI",1875,223,616   
"RI",1875,290,509   
"RI",1875,291,9464  
"RI",1875,292,11600 
"RI",1875,294,200000
"RI",1875,296,1449  
"RI",1876,110,492586
"RI",1876,142,115356
"RI",1876,146,49138 
"RI",1876,160,1755  
"RI",1876,180,5800  
"RI",1876,210,92841 
"RI",1876,220,22110 
"RI",1876,223,868   
"RI",1876,240,5300  
"RI",1876,290,619   
"RI",1876,291,17747 
"RI",1876,292,20034 
"RI",1876,294,200000
"RI",1876,296,2458  
"RI",1877,110,492352
"RI",1877,142,125280
"RI",1877,146,43588 
"RI",1877,160,2872  
"RI",1877,180,9220  
"RI",1877,210,67563 
"RI",1877,220,17792 
"RI",1877,260,30615 
"RI",1877,290,414   
"RI",1877,291,6748  
"RI",1877,292,10902 
"RI",1877,296,2010  
"RI",1878,110,604768
"RI",1878,142,252002
"RI",1878,146,68430 
"RI",1878,160,3210  
"RI",1878,180,11313 
"RI",1878,210,108560
"RI",1878,220,40359 
"RI",1878,260,50681 
"RI",1878,290,1747  
"RI",1878,291,4558  
"RI",1878,292,17247 
"RI",1878,296,42803 
"RI",1879,110,670359
"RI",1879,142,114068
"RI",1879,146,39430 
"RI",1879,160,2135  
"RI",1879,180,10020 
"RI",1879,210,67636 
"RI",1879,220,15642 
"RI",1879,260,36253 
"RI",1879,290,651   
"RI",1879,292,11292 
"RI",1879,296,4324  
"RI",1880,110,388913
"RI",1880,142,111291
"RI",1880,146,40047 
"RI",1880,160,1837  
"RI",1880,180,10397 
"RI",1880,210,29821 
"RI",1880,220,21862 
"RI",1880,260,47199 
"RI",1880,290,1279  
"RI",1880,291,366   
"RI",1880,292,12449 
"RI",1880,296,134   
"RI",1880,343,5563  
"RI",1881,110,502711
"RI",1881,142,118540
"RI",1881,146,46278 
"RI",1881,160,1959  
"RI",1881,180,11168 
"RI",1881,210,139630
"RI",1881,220,21292 
"RI",1881,260,64296 
"RI",1881,290,623   
"RI",1881,291,1027  
"RI",1881,292,12121 
"RI",1881,296,145   
"RI",1882,110,492796
"RI",1882,142,125313
"RI",1882,146,55015 
"RI",1882,160,1446  
"RI",1882,180,11361 
"RI",1882,210,83813 
"RI",1882,220,33272 
"RI",1882,270,64681 
"RI",1882,290,2229  
"RI",1882,291,2582  
"RI",1882,292,12661 
"RI",1882,294,1021  
"RI",1882,296,2230  
"RI",1883,110,394237
"RI",1883,142,130079
"RI",1883,146,60702 
"RI",1883,160,2984  
"RI",1883,180,12482 
"RI",1883,210,85961 
"RI",1883,220,140999
"RI",1883,221,23029 
"RI",1883,260,52564 
"RI",1883,290,1329  
"RI",1883,291,6315  
"RI",1883,292,12054 
"RI",1883,294,243   
"RI",1883,296,7455  
"RI",1884,110,394239
"RI",1884,142,135343
"RI",1884,146,70041 
"RI",1884,160,1204  
"RI",1884,180,13070 
"RI",1884,210,99630 
"RI",1884,220,9239  
"RI",1884,221,23699 
"RI",1884,260,50092 
"RI",1884,290,1231  
"RI",1884,291,7437  
"RI",1884,292,12192 
"RI",1884,296,8288  
"RI",1885,110,391059
"RI",1885,142,137112
"RI",1885,146,72116 
"RI",1885,160,990   
"RI",1885,180,11453 
"RI",1885,210,119147
"RI",1885,220,12532 
"RI",1885,221,16047 
"RI",1885,260,40932 
"RI",1885,290,525   
"RI",1885,291,6379  
"RI",1885,292,12238 
"RI",1885,296,5484  
"RI",1885,343,988   
"RI",1886,110,397413
"RI",1886,142,140434
"RI",1886,146,75291 
"RI",1886,160,1037  
"RI",1886,180,9933  
"RI",1886,210,10642 
"RI",1886,220,11037 
"RI",1886,221,18641 
"RI",1886,260,33508 
"RI",1886,290,3889  
"RI",1886,291,5544  
"RI",1886,292,12426 
"RI",1886,296,5416  
"RI",1886,343,1381  
"RI",1887,110,394237
"RI",1887,142,145135
"RI",1887,146,82465 
"RI",1887,160,2154  
"RI",1887,180,10469 
"RI",1887,210,7834  
"RI",1887,220,12550 
"RI",1887,221,15747 
"RI",1887,260,40250 
"RI",1887,290,1788  
"RI",1887,291,4310  
"RI",1887,292,12909 
"RI",1887,296,4888  
"RI",1887,343,1186  
"RI",1888,110,459943
"RI",1888,142,151370
"RI",1888,146,87475 
"RI",1888,160,944   
"RI",1888,180,10125 
"RI",1888,210,9343  
"RI",1888,220,14791 
"RI",1888,221,24021 
"RI",1888,260,41264 
"RI",1888,290,3540  
"RI",1888,291,1007  
"RI",1888,292,12528 
"RI",1888,296,5282  
"RI",1888,343,1270  
"RI",1889,110,591355
"RI",1889,142,159582
"RI",1889,146,94435 
"RI",1889,160,1311  
"RI",1889,180,11942 
"RI",1889,210,82869 
"RI",1889,220,17863 
"RI",1889,221,25679 
"RI",1889,260,44808 
"RI",1889,290,2040  
"RI",1889,291,642   
"RI",1889,292,14338 
"RI",1889,296,5536  
"RI",1889,343,1150  
"RI",1890,110,591355
"RI",1890,142,167415
"RI",1890,146,100833
"RI",1890,160,2076  
"RI",1890,180,7801  
"RI",1890,210,112893
"RI",1890,220,17323 
"RI",1890,221,15980 
"RI",1890,260,39243 
"RI",1890,290,2302  
"RI",1890,291,3562  
"RI",1890,292,11274 
"RI",1890,296,2701  
"RI",1890,343,1204  
"RI",1891,100,87493 
"RI",1891,110,591418
"RI",1891,142,177527
"RI",1891,146,110486
"RI",1891,160,1274  
"RI",1891,180,15416 
"RI",1891,210,120728
"RI",1891,220,19160 
"RI",1891,221,18972 
"RI",1891,260,40117 
"RI",1891,290,2723  
"RI",1891,291,660   
"RI",1891,292,11988 
"RI",1891,296,3142  
"RI",1891,343,1159  
"RI",1892,110,591375
"RI",1892,142,185422
"RI",1892,146,116967
"RI",1892,160,1293  
"RI",1892,180,10822 
"RI",1892,210,129214
"RI",1892,220,19296 
"RI",1892,221,16797 
"RI",1892,260,38342 
"RI",1892,290,11239 
"RI",1892,291,215   
"RI",1892,292,11990 
"RI",1892,296,4010  
"RI",1892,343,1220  
"RI",1893,100,11926 
"RI",1893,110,647433
"RI",1893,142,316085
"RI",1893,146,124169
"RI",1893,160,1724  
"RI",1893,180,10121 
"RI",1893,210,130334
"RI",1893,220,20424 
"RI",1893,221,10015 
"RI",1893,260,37566 
"RI",1893,290,10946 
"RI",1893,291,1320  
"RI",1893,292,11990 
"RI",1893,296,4359  
"RI",1894,110,647225
"RI",1894,142,313374
"RI",1894,146,130602
"RI",1894,160,1082  
"RI",1894,180,9651  
"RI",1894,210,116125
"RI",1894,220,19909 
"RI",1894,221,12398 
"RI",1894,260,44884 
"RI",1894,290,20938 
"RI",1894,291,5305  
"RI",1894,292,8548  
"RI",1894,296,4689  
"RI",1895,110,647190
"RI",1895,142,311118
"RI",1895,146,137434
"RI",1895,160,1430  
"RI",1895,180,9380  
"RI",1895,210,118220
"RI",1895,220,19724 
"RI",1895,221,15307 
"RI",1895,260,40518 
"RI",1895,290,22503 
"RI",1895,291,4086  
"RI",1895,292,9106  
"RI",1895,296,4378  
"RI",1896,100,636061
"RI",1896,110,4845  
"RI",1896,142,319200
"RI",1896,146,143540
"RI",1896,160,1668  
"RI",1896,180,9190  
"RI",1896,210,129205
"RI",1896,220,22519 
"RI",1896,221,21725 
"RI",1896,260,42473 
"RI",1896,270,11231 
"RI",1896,290,7949  
"RI",1896,291,39950 
"RI",1896,292,9094  
"RI",1896,293,2105  
"RI",1896,296,3806  
"RI",1896,298,50000 
"RI",1897,100,519978
"RI",1897,110,121152
"RI",1897,142,320718
"RI",1897,146,146124
"RI",1897,160,2008  
"RI",1897,180,9522  
"RI",1897,210,121569
"RI",1897,220,21392 
"RI",1897,221,12352 
"RI",1897,250,15433 
"RI",1897,260,45299 
"RI",1897,270,11968 
"RI",1897,290,4919  
"RI",1897,291,2829  
"RI",1897,292,8405  
"RI",1897,293,555   
"RI",1897,296,5066  
"RI",1897,400,36394 
"RI",1898,100,500621
"RI",1898,110,140989
"RI",1898,141,17705 
"RI",1898,142,323708
"RI",1898,146,153020
"RI",1898,160,1737  
"RI",1898,180,9915  
"RI",1898,210,124993
"RI",1898,220,2288  
"RI",1898,221,22888 
"RI",1898,250,6278  
"RI",1898,260,44609 
"RI",1898,270,12359 
"RI",1898,290,54746 
"RI",1898,291,2690  
"RI",1898,292,6798  
"RI",1898,293,50154 
"RI",1898,296,7218  
"RI",1898,363,19055 
"RI",1899,100,463817
"RI",1899,110,178728
"RI",1899,141,19052 
"RI",1899,142,331815
"RI",1899,146,152182
"RI",1899,160,1732  
"RI",1899,180,16468 
"RI",1899,210,142430
"RI",1899,220,24077 
"RI",1899,221,17144 
"RI",1899,250,2439  
"RI",1899,260,49216 
"RI",1899,270,14572 
"RI",1899,290,7597  
"RI",1899,291,2919  
"RI",1899,292,7855  
"RI",1899,293,417   
"RI",1899,296,6510  
"RI",1900,100,296694
"RI",1900,110,347425
"RI",1900,141,24486 
"RI",1900,142,351966
"RI",1900,146,163203
"RI",1900,160,1900  
"RI",1900,180,23458 
"RI",1900,210,130398
"RI",1900,220,24308 
"RI",1900,221,22653 
"RI",1900,260,50599 
"RI",1900,261,7438  
"RI",1900,270,12180 
"RI",1900,290,6303  
"RI",1900,291,2638  
"RI",1900,292,8711  
"RI",1900,293,401   
"RI",1900,296,6715  
