"IO",1846,3,6914.74     
"IO",1847,3,52085.02    
"IO",1848,3,29238.24    
"IO",1850,3,64574.78    
"IO",1851,3,118192.87   
"IO",1854,3,121083.38   
"IO",1856,3,256573.11   
"IO",1857,3,371907.03   
"IO",1859,3,799709.4    
"IO",1861,3,1027000.11  
"IO",1863,3,1768463.83  
"IO",1863,3,1768463.83  
"IO",1865,3,1454411.78  
"IO",1867,3,1548812.33  
"IO",1871,3,2789986.16  
"IO",1873,3,2843856.44  
"IO",1875,3,2662067.9   
"IO",1877,3,2748910.82  
"IO",1879,3,2389815.11  
"IO",1881,3,2622970.12  
"IO",1883,3,2905081.3   
"IO",1883,3,2905081.3   
"IO",1885,3,3736113.03  
"IO",1885,3,3736113.03  
"IO",1885,3,3736113.03  
"IO",1887,3,3433134     
"IO",1887,3,3433134     
"IO",1887,3,3433134     
"IO",1889,3,3343453.59  
"IO",1889,3,3343453.59  
"IO",1889,3,3343453.59  
"IO",1891,3,3213771.81  
"IO",1891,3,3213771.81  
"IO",1891,3,3213771.81  
"IO",1893,3,4113036.203 
"IO",1893,3,4113036.203 
"IO",1895,3,3746290.19  
"IO",1895,3,3746290.19  
"IO",1895,3,3746290.19  
"IO",1897,3,4850416.74  
"IO",1897,3,4850416.74  
"IO",1897,3,4850416.74  
"IO",1899,3,4342021.27  
"IO",1899,3,4342021.27  
"IO",1899,3,4342021.27  
"IO",1901,3,4543370.91  
"IO",1901,3,4543370.91  
"IO",1901,3,4543370.91  
"IO",1903,3,6083273.15  
"IO",1903,3,6083273.15  
"IO",1903,3,6083273.15  
"IO",1905,3,3383058.39  
"IO",1905,3,3383058.39  
"IO",1905,3,3383058.39  
"IO",1906,3,4079137.17  
"IO",1906,3,4079137.17  
"IO",1906,3,4079137.17  
"IO",1908,3,4483351.05  
"IO",1908,3,4483351.05  
"IO",1908,3,4483351.05  
"IO",1910,3,4270078.65  
"IO",1910,3,4270078.65  
"IO",1910,3,4270078.65  
"IO",1912,3,9646172.61  
"IO",1912,3,9646172.61  
"IO",1912,3,9646172.61  
"IO",1914,3,12388228.4  
"IO",1914,3,12388228.4  
"IO",1914,3,12388228.4  
"IO",1915,3,6665367.77  
"IO",1915,3,6665367.77  
"IO",1915,3,6665367.77  
"IO",1916,3,8859320.92  
"IO",1916,3,8859320.92  
"IO",1916,3,8859320.92  
"IO",1846,34,1361.79    
"IO",1846,36,1687.54    
"IO",1846,39,3865.41    
"IO",1847,31,112.5      
"IO",1847,34,922.96     
"IO",1847,36,12290.62   
"IO",1847,39,36028.94   
"IO",1847,40,2730       
"IO",1848,31,1350       
"IO",1848,34,37.24      
"IO",1848,35,759        
"IO",1848,36,21056.66   
"IO",1848,39,3482.97    
"IO",1848,40,2552.37    
"IO",1850,31,3637.5     
"IO",1850,32,650        
"IO",1850,33,480.61     
"IO",1850,34,1299.37    
"IO",1850,35,3464.46    
"IO",1850,36,44062.67   
"IO",1850,39,8846.15    
"IO",1850,40,1156.69    
"IO",1850,99,977.33     
"IO",1851,31,2462.5     
"IO",1851,32,3300       
"IO",1851,34,10000      
"IO",1851,35,200        
"IO",1851,36,45488.04   
"IO",1851,39,41463.77   
"IO",1851,40,15278.56   
"IO",1854,31,7600       
"IO",1854,32,7289.5     
"IO",1854,34,9213.09    
"IO",1854,35,3024.27    
"IO",1854,36,40479.79   
"IO",1854,39,36084.11   
"IO",1854,40,15365.62   
"IO",1854,41,2027       
"IO",1856,32,48840.63   
"IO",1856,34,19252.4    
"IO",1856,35,10152.49   
"IO",1856,36,126089.12  
"IO",1856,39,34063.8    
"IO",1856,40,18174.67   
"IO",1857,31,1650       
"IO",1857,32,114560.42  
"IO",1857,34,26726      
"IO",1857,35,16364.48   
"IO",1857,36,93638.62   
"IO",1857,39,60224.16   
"IO",1857,40,58743.35   
"IO",1859,30,779        
"IO",1859,31,15146.25   
"IO",1859,32,154267.16  
"IO",1859,34,67489.13   
"IO",1859,35,40440.39   
"IO",1859,36,160828.09  
"IO",1859,37,600.5      
"IO",1859,39,308085.63  
"IO",1859,40,36878.64   
"IO",1859,41,15194.61   
"IO",1861,31,17598.79   
"IO",1861,32,121997.97  
"IO",1861,34,216959.17  
"IO",1861,35,23796.23   
"IO",1861,36,224046.92  
"IO",1861,39,360644.16  
"IO",1861,40,61956.87   
"IO",1863,31,13486.15   
"IO",1863,32,120765.69  
"IO",1863,34,737375.2   
"IO",1863,35,19214.38   
"IO",1863,36,212838.22  
"IO",1863,37,1374       
"IO",1863,39,554551.9   
"IO",1863,40,108858.29  
"IO",1865,31,56485.53   
"IO",1865,32,159736.41  
"IO",1865,34,283136.27  
"IO",1865,35,18617      
"IO",1865,36,233511.54  
"IO",1865,37,1439       
"IO",1865,38,276864.38  
"IO",1865,39,250071.1   
"IO",1865,40,75546.3    
"IO",1865,41,99004.25   
"IO",1867,31,159363.75  
"IO",1867,32,309386.88  
"IO",1867,34,90485.7    
"IO",1867,35,37669.99   
"IO",1867,36,272162.82  
"IO",1867,37,148        
"IO",1867,39,536223.79  
"IO",1867,40,70369.27   
"IO",1867,41,72633.38   
"IO",1867,99,368.75     
"IO",1871,31,144396.45  
"IO",1871,32,939601.12  
"IO",1871,34,96971.63   
"IO",1871,35,36443.06   
"IO",1871,36,541530.79  
"IO",1871,39,946216.7   
"IO",1871,40,43025.7    
"IO",1871,41,41800.71   
"IO",1873,31,194135.93  
"IO",1873,32,808036.19  
"IO",1873,33,20         
"IO",1873,34,124867.19  
"IO",1873,35,48905.5    
"IO",1873,36,773715.86  
"IO",1873,39,807270.12  
"IO",1873,40,44807.65   
"IO",1873,41,42098      
"IO",1875,31,163469.05  
"IO",1875,32,756652.73  
"IO",1875,33,80.25      
"IO",1875,34,116408.2   
"IO",1875,35,52976.73   
"IO",1875,36,712207.79  
"IO",1875,39,774569.32  
"IO",1875,40,43154.33   
"IO",1875,41,42549.5    
"IO",1877,31,192435.61  
"IO",1877,32,706825.56  
"IO",1877,33,96         
"IO",1877,34,201528.3   
"IO",1877,35,53896.44   
"IO",1877,36,868101.02  
"IO",1877,39,631142.68  
"IO",1877,40,52524.71   
"IO",1877,41,42360.5    
"IO",1879,31,147672.92  
"IO",1879,32,635581.27  
"IO",1879,33,10857.15   
"IO",1879,34,197153.19  
"IO",1879,35,50241.46   
"IO",1879,36,699303.7   
"IO",1879,39,537649.06  
"IO",1879,40,69328.36   
"IO",1879,41,42028      
"IO",1881,31,167066.41  
"IO",1881,32,613351.14  
"IO",1881,33,20384.33   
"IO",1881,34,217030.05  
"IO",1881,35,56292.7    
"IO",1881,36,665648.88  
"IO",1881,39,491745.16  
"IO",1881,40,52063.45   
"IO",1881,41,339388     
"IO",1883,31,243223.44  
"IO",1883,32,927677.63  
"IO",1883,33,20211.03   
"IO",1883,34,371222.01  
"IO",1883,35,56907.4    
"IO",1883,36,822643.34  
"IO",1883,39,444225.1   
"IO",1883,40,18792.85   
"IO",1883,41,178.5      
"IO",1885,31,464352.19  
"IO",1885,32,1242732.28 
"IO",1885,33,33068.13   
"IO",1885,34,313781.49  
"IO",1885,35,67879.05   
"IO",1885,36,926299.27  
"IO",1885,39,659167.08  
"IO",1885,40,28833.54   
"IO",1887,31,441707.12  
"IO",1887,32,1180987.43 
"IO",1887,34,350603.48  
"IO",1887,35,71972.28   
"IO",1887,36,772279.14  
"IO",1887,39,615584.55  
"IO",1889,31,350333.31  
"IO",1889,32,1341152.3  
"IO",1889,33,33546.15   
"IO",1889,34,326468.61  
"IO",1889,35,73125.31   
"IO",1889,36,469060.11  
"IO",1889,39,683493.89  
"IO",1889,40,66273.91   
"IO",1891,31,401889.02  
"IO",1891,32,1455815.56 
"IO",1891,33,28465.6    
"IO",1891,34,299560.93  
"IO",1891,35,66279.47   
"IO",1891,36,437279.97  
"IO",1891,39,517051.26  
"IO",1891,40,7430       
"IO",1893,31,492818.13  
"IO",1893,32,1621384.78 
"IO",1893,33,27436.74   
"IO",1893,34,348943.6   
"IO",1893,35,87996.43   
"IO",1893,36,481942.843 
"IO",1893,39,817882.31  
"IO",1893,40,133.36     
"IO",1893,41,234498.01  
"IO",1895,31,500396.31  
"IO",1895,32,1614369.61 
"IO",1895,33,26695.54   
"IO",1895,34,407883.57  
"IO",1895,35,108878.15  
"IO",1895,36,514441     
"IO",1895,39,573626.01  
"IO",1897,31,488061.98  
"IO",1897,32,2249052.55 
"IO",1897,33,27659.11   
"IO",1897,34,575271.34  
"IO",1897,35,106071.83  
"IO",1897,36,712188.36  
"IO",1897,37,90606.05   
"IO",1897,39,579158.08  
"IO",1897,40,19347.44   
"IO",1897,99,3000       
"IO",1899,31,523228.78  
"IO",1899,32,1959629.13 
"IO",1899,33,23028.17   
"IO",1899,34,657210.71  
"IO",1899,35,95536.1    
"IO",1899,36,477828.37  
"IO",1899,39,547773.44  
"IO",1899,40,57786.57   
"IO",1901,31,790929.38  
"IO",1901,32,1951498.25 
"IO",1901,33,23192.23   
"IO",1901,34,634995.79  
"IO",1901,35,101277.68  
"IO",1901,36,465774.18  
"IO",1901,39,571303.46  
"IO",1901,99,4399.94    
"IO",1903,31,1366667.47 
"IO",1903,32,2836476.86 
"IO",1903,33,26519.33   
"IO",1903,34,601657.01  
"IO",1903,35,149766.94  
"IO",1903,36,585082.62  
"IO",1903,39,517102.92  
"IO",1905,31,1069606.86 
"IO",1905,32,85076.71   
"IO",1905,33,26858.02   
"IO",1905,34,266824.45  
"IO",1905,35,170609.29  
"IO",1905,36,954630     
"IO",1905,39,809453.06  
"IO",1906,31,888377.25  
"IO",1906,32,1522584.21 
"IO",1906,33,12844.59   
"IO",1906,34,421638.92  
"IO",1906,35,75910.28   
"IO",1906,36,690905     
"IO",1906,39,466876.92  
"IO",1908,31,1702607.5  
"IO",1908,32,264662.59  
"IO",1908,33,32945.82   
"IO",1908,34,350043.84  
"IO",1908,35,246014.54  
"IO",1908,36,1116883.06 
"IO",1908,39,770193.7   
"IO",1910,30,1407.33    
"IO",1910,31,1623147.4  
"IO",1910,32,130556.69  
"IO",1910,33,32394.3    
"IO",1910,34,429963.79  
"IO",1910,35,311675.48  
"IO",1910,36,1177451.23 
"IO",1910,39,558077.43  
"IO",1910,99,5405       
"IO",1912,31,2704567.9  
"IO",1912,32,3125038.03 
"IO",1912,33,54758.77   
"IO",1912,34,1150066.71 
"IO",1912,35,417797.24  
"IO",1912,36,1180768.07 
"IO",1912,38,21633.06   
"IO",1912,39,991542.83  
"IO",1914,31,3174602.99 
"IO",1914,32,3662970.92 
"IO",1914,33,277969.62  
"IO",1914,34,1418950.31 
"IO",1914,35,484177.14  
"IO",1914,36,1420630.26 
"IO",1914,39,1948927.16 
"IO",1915,31,1723830.18 
"IO",1915,32,1675141.83 
"IO",1915,33,173081.56  
"IO",1915,34,755327.95  
"IO",1915,35,273166.3   
"IO",1915,36,886279.9   
"IO",1915,39,1177897.43 
"IO",1915,40,642.62     
"IO",1916,31,2569653.86 
"IO",1916,32,2005316.5  
"IO",1916,33,257726.66  
"IO",1916,34,1065221.61 
"IO",1916,35,371050.38  
"IO",1916,36,668084.27  
"IO",1916,39,1921607.22 
"IO",1916,40,660.42     
"IO",1846,343,1324.13   
"IO",1846,345,37.66     
"IO",1846,363,1387.54   
"IO",1846,365,300       
"IO",1846,390,872       
"IO",1846,391,5.92      
"IO",1846,398,2987.49   
"IO",1847,316,112.5     
"IO",1847,341,400       
"IO",1847,343,522.96    
"IO",1847,361,818.27    
"IO",1847,362,1500      
"IO",1847,363,4427.38   
"IO",1847,365,1600      
"IO",1847,366,200       
"IO",1847,367,2200      
"IO",1847,369,1544.97   
"IO",1847,390,20221.07  
"IO",1847,391,1475      
"IO",1847,396,2405.68   
"IO",1847,398,4995.96   
"IO",1847,399,6931.23   
"IO",1847,401,2730      
"IO",1848,311,1200      
"IO",1848,316,150       
"IO",1848,343,37.24     
"IO",1848,351,759       
"IO",1848,361,4862      
"IO",1848,362,1500      
"IO",1848,363,5410.33   
"IO",1848,364,665.24    
"IO",1848,365,1000      
"IO",1848,366,800       
"IO",1848,367,3200      
"IO",1848,369,3619.09   
"IO",1848,391,309.92    
"IO",1848,398,1445.21   
"IO",1848,399,1727.84   
"IO",1848,401,2552.37   
"IO",1850,311,3300      
"IO",1850,316,337.5     
"IO",1850,322,650       
"IO",1850,331,480.61    
"IO",1850,341,320.37    
"IO",1850,343,979       
"IO",1850,351,3464.46   
"IO",1850,361,8058      
"IO",1850,362,3000      
"IO",1850,363,17708.34  
"IO",1850,364,66.08     
"IO",1850,365,2000      
"IO",1850,367,3200      
"IO",1850,369,10030.25  
"IO",1850,391,4513.49   
"IO",1850,393,314.76    
"IO",1850,398,2368.59   
"IO",1850,399,1649.31   
"IO",1850,400,1023.41   
"IO",1850,401,133.28    
"IO",1850,999,977.33    
"IO",1851,311,2200      
"IO",1851,316,262.5     
"IO",1851,322,3300      
"IO",1851,343,10000     
"IO",1851,351,200       
"IO",1851,362,3000      
"IO",1851,363,16582.97  
"IO",1851,365,2000      
"IO",1851,367,2500      
"IO",1851,369,21405.07  
"IO",1851,390,32576.76  
"IO",1851,391,6831.76   
"IO",1851,399,2055.25   
"IO",1851,400,15278.56  
"IO",1854,311,2300      
"IO",1854,313,5000      
"IO",1854,316,300       
"IO",1854,322,7289.5    
"IO",1854,343,9213.09   
"IO",1854,351,3024.27   
"IO",1854,362,3250      
"IO",1854,363,23447.95  
"IO",1854,365,2000      
"IO",1854,367,4585.71   
"IO",1854,369,7196.13   
"IO",1854,390,19971.27  
"IO",1854,391,6363.56   
"IO",1854,398,4074.25   
"IO",1854,399,5675.03   
"IO",1854,400,15365.62  
"IO",1854,413,2027      
"IO",1856,322,21770.33  
"IO",1856,323,27070.3   
"IO",1856,343,19252.4   
"IO",1856,351,10152.49  
"IO",1856,360,10837.5   
"IO",1856,361,40720.69  
"IO",1856,363,27446.45  
"IO",1856,367,4414.29   
"IO",1856,369,42670.19  
"IO",1856,390,8628.73   
"IO",1856,391,5010.51   
"IO",1856,398,9022.6    
"IO",1856,399,11401.96  
"IO",1856,400,18174.67  
"IO",1857,311,1500      
"IO",1857,316,150       
"IO",1857,322,14222     
"IO",1857,323,100338.42 
"IO",1857,343,26726     
"IO",1857,351,16364.48  
"IO",1857,361,31324.64  
"IO",1857,362,3309.39   
"IO",1857,363,23708.23  
"IO",1857,365,3755      
"IO",1857,367,319.15    
"IO",1857,369,31222.21  
"IO",1857,390,9583.49   
"IO",1857,391,1882.18   
"IO",1857,398,39812.88  
"IO",1857,399,8945.61   
"IO",1857,400,1243.35   
"IO",1857,401,57500     
"IO",1859,309,779       
"IO",1859,310,3197.53   
"IO",1859,311,1800      
"IO",1859,313,9448.72   
"IO",1859,316,700       
"IO",1859,322,46387     
"IO",1859,323,107880.16 
"IO",1859,341,1036.75   
"IO",1859,343,46651.59  
"IO",1859,345,19800.79  
"IO",1859,351,40440.39  
"IO",1859,361,49320.22  
"IO",1859,362,6886.1    
"IO",1859,363,62788.02  
"IO",1859,365,7282.98   
"IO",1859,367,13942.51  
"IO",1859,369,20608.26  
"IO",1859,373,600.5     
"IO",1859,390,23326.5   
"IO",1859,391,14404.28  
"IO",1859,393,186800.38 
"IO",1859,396,13309.24  
"IO",1859,398,30847.92  
"IO",1859,399,39397.31  
"IO",1859,400,36878.64  
"IO",1859,414,15194.61  
"IO",1861,310,4790.7    
"IO",1861,313,12758.09  
"IO",1861,316,50        
"IO",1861,322,39622.75  
"IO",1861,323,82375.22  
"IO",1861,341,594.6     
"IO",1861,343,78001.6   
"IO",1861,344,1271.6    
"IO",1861,345,137091.37 
"IO",1861,351,23796.23  
"IO",1861,360,1800      
"IO",1861,361,80243.12  
"IO",1861,362,15497.44  
"IO",1861,363,42405.71  
"IO",1861,364,1612.96   
"IO",1861,365,8919      
"IO",1861,366,858.53    
"IO",1861,367,28565.51  
"IO",1861,369,44144.65  
"IO",1861,390,8907.8    
"IO",1861,391,13775.2   
"IO",1861,393,282578.54 
"IO",1861,398,26649.52  
"IO",1861,399,28733.1   
"IO",1861,400,61956.87  
"IO",1863,310,4857.11   
"IO",1863,313,8629.04   
"IO",1863,320,1340      
"IO",1863,322,41696.25  
"IO",1863,323,77729.44  
"IO",1863,341,458.35    
"IO",1863,343,33495.98  
"IO",1863,344,50        
"IO",1863,345,703370.87 
"IO",1863,351,19214.38  
"IO",1863,361,73660.59  
"IO",1863,362,26407.45  
"IO",1863,363,48109.26  
"IO",1863,364,14763     
"IO",1863,365,5662      
"IO",1863,366,800       
"IO",1863,367,2453.84   
"IO",1863,369,40982.08  
"IO",1863,371,1374      
"IO",1863,390,37756.49  
"IO",1863,391,15182.94  
"IO",1863,393,444651.58 
"IO",1863,398,28170.59  
"IO",1863,399,28790.3   
"IO",1863,400,55008.9   
"IO",1863,401,53849.39  
"IO",1865,310,237.5     
"IO",1865,311,2610      
"IO",1865,313,50514.01  
"IO",1865,316,3124.02   
"IO",1865,320,465.5     
"IO",1865,322,46218.4   
"IO",1865,323,113052.51 
"IO",1865,341,818       
"IO",1865,343,65257.75  
"IO",1865,344,100       
"IO",1865,345,216960.52 
"IO",1865,351,18617     
"IO",1865,361,67046.84  
"IO",1865,362,39090.11  
"IO",1865,363,43904.77  
"IO",1865,364,20354.26  
"IO",1865,365,5200      
"IO",1865,366,152.45    
"IO",1865,367,4573.35   
"IO",1865,369,53189.76  
"IO",1865,371,1439      
"IO",1865,383,276864.38 
"IO",1865,390,6096.58   
"IO",1865,391,27714.8   
"IO",1865,393,148430.98 
"IO",1865,398,41523.19  
"IO",1865,399,26305.55  
"IO",1865,400,33357.4   
"IO",1865,401,42188.9   
"IO",1865,414,99004.25  
"IO",1867,310,273.5     
"IO",1867,311,46420.73  
"IO",1867,313,112644.52 
"IO",1867,316,25        
"IO",1867,321,104360.88 
"IO",1867,322,50704.25  
"IO",1867,323,154321.75 
"IO",1867,343,33078.16  
"IO",1867,344,100       
"IO",1867,345,57307.54  
"IO",1867,351,37669.99  
"IO",1867,361,98265.84  
"IO",1867,362,13617.88  
"IO",1867,363,52979.5   
"IO",1867,364,900       
"IO",1867,365,5590.9    
"IO",1867,367,3226      
"IO",1867,369,97582.7   
"IO",1867,371,148       
"IO",1867,390,5860      
"IO",1867,391,26487.72  
"IO",1867,393,422708.2  
"IO",1867,398,42750.89  
"IO",1867,399,38416.98  
"IO",1867,400,28211.77  
"IO",1867,401,42157.5   
"IO",1867,412,69629.63  
"IO",1867,414,3003.75   
"IO",1867,999,368.75    
"IO",1871,310,268.25    
"IO",1871,311,6324.39   
"IO",1871,313,118660.55 
"IO",1871,315,19123.26  
"IO",1871,316,20        
"IO",1871,321,218380.2  
"IO",1871,322,210057.43 
"IO",1871,323,496163.49 
"IO",1871,325,15000     
"IO",1871,341,2695.36   
"IO",1871,343,77275.35  
"IO",1871,344,125       
"IO",1871,345,16875.92  
"IO",1871,351,36443.06  
"IO",1871,361,134343.25 
"IO",1871,362,15391.67  
"IO",1871,363,134763.04 
"IO",1871,365,12477.12  
"IO",1871,367,112700.86 
"IO",1871,369,131854.85 
"IO",1871,390,3550      
"IO",1871,391,40891.75  
"IO",1871,393,812915.61 
"IO",1871,398,39484.28  
"IO",1871,399,49375.06  
"IO",1871,401,43025.7   
"IO",1871,412,41800.71  
"IO",1873,310,297       
"IO",1873,311,81676.17  
"IO",1873,313,108649.64 
"IO",1873,316,3513.12   
"IO",1873,321,158548.7  
"IO",1873,322,199221.08 
"IO",1873,323,450266.41 
"IO",1873,337,20        
"IO",1873,341,2038.15   
"IO",1873,343,99615.7   
"IO",1873,344,100       
"IO",1873,345,23113.34  
"IO",1873,351,48905.5   
"IO",1873,361,183412.53 
"IO",1873,362,16249.33  
"IO",1873,363,128330.71 
"IO",1873,364,73494.27  
"IO",1873,365,13650.33  
"IO",1873,367,263796.22 
"IO",1873,369,94782.47  
"IO",1873,391,29112.67  
"IO",1873,393,674346.58 
"IO",1873,398,59433.46  
"IO",1873,399,44377.41  
"IO",1873,401,44807.65  
"IO",1873,412,42098     
"IO",1875,310,297       
"IO",1875,311,75320.67  
"IO",1875,313,83064.5   
"IO",1875,316,4786.88   
"IO",1875,321,252403.26 
"IO",1875,322,98847.23  
"IO",1875,323,405402.24 
"IO",1875,337,80.25     
"IO",1875,341,8153.15   
"IO",1875,343,100166.26 
"IO",1875,344,1067.15   
"IO",1875,345,7021.64   
"IO",1875,351,52976.73  
"IO",1875,361,116853.79 
"IO",1875,362,9550      
"IO",1875,363,127654.79 
"IO",1875,365,26715.1   
"IO",1875,366,3500      
"IO",1875,367,364326.77 
"IO",1875,369,63607.34  
"IO",1875,391,22919.78  
"IO",1875,393,679170.64 
"IO",1875,398,16875.64  
"IO",1875,399,55603.26  
"IO",1875,400,1154.33   
"IO",1875,401,42000     
"IO",1875,412,42549.5   
"IO",1877,310,111.33    
"IO",1877,311,113980.18 
"IO",1877,313,74043.6   
"IO",1877,316,4300.5    
"IO",1877,321,59621.09  
"IO",1877,322,162389.29 
"IO",1877,323,484815.18 
"IO",1877,337,96        
"IO",1877,341,6286.28   
"IO",1877,343,187488.75 
"IO",1877,344,99.72     
"IO",1877,345,7653.55   
"IO",1877,351,53896.44  
"IO",1877,361,109942.39 
"IO",1877,362,10900     
"IO",1877,363,138120.26 
"IO",1877,364,640.7     
"IO",1877,365,28085.64  
"IO",1877,366,4357      
"IO",1877,367,517331.23 
"IO",1877,369,58723.8   
"IO",1877,391,22727.11  
"IO",1877,393,515052.12 
"IO",1877,398,18795.62  
"IO",1877,399,74567.83  
"IO",1877,400,10524.71  
"IO",1877,401,42000     
"IO",1877,412,42360.5   
"IO",1879,310,333.98    
"IO",1879,311,72515.09  
"IO",1879,313,70673.85  
"IO",1879,316,4150      
"IO",1879,321,40455.03  
"IO",1879,322,144322.71 
"IO",1879,323,450803.53 
"IO",1879,337,10857.15  
"IO",1879,341,9115.88   
"IO",1879,343,180390.81 
"IO",1879,344,100       
"IO",1879,345,7546.5    
"IO",1879,351,50241.46  
"IO",1879,361,123147.4  
"IO",1879,362,11350     
"IO",1879,363,138569.19 
"IO",1879,365,22696.02  
"IO",1879,366,441.29    
"IO",1879,367,353319.94 
"IO",1879,369,49779.86  
"IO",1879,391,9865.67   
"IO",1879,393,492980.39 
"IO",1879,394,301.45    
"IO",1879,398,14703.14  
"IO",1879,399,19798.41  
"IO",1879,400,27328.36  
"IO",1879,401,42000     
"IO",1879,412,42028     
"IO",1881,310,297       
"IO",1881,311,94279.2   
"IO",1881,313,67113.11  
"IO",1881,316,5377.1    
"IO",1881,321,59784.97  
"IO",1881,322,136554.22 
"IO",1881,323,417011.95 
"IO",1881,337,20384.33  
"IO",1881,341,7242.56   
"IO",1881,343,187603.34 
"IO",1881,344,1612.5    
"IO",1881,345,20571.65  
"IO",1881,351,52346.93  
"IO",1881,356,3945.77   
"IO",1881,361,162452.27 
"IO",1881,362,20204.5   
"IO",1881,363,146946.08 
"IO",1881,364,291.75    
"IO",1881,365,22606.61  
"IO",1881,366,3361.69   
"IO",1881,367,245502.15 
"IO",1881,369,64283.83  
"IO",1881,391,8064.64   
"IO",1881,393,435673    
"IO",1881,398,18007.61  
"IO",1881,399,29999.91  
"IO",1881,400,10063.45  
"IO",1881,401,42000     
"IO",1881,412,339388    
"IO",1883,310,533.05    
"IO",1883,311,123533.2  
"IO",1883,313,111137.3  
"IO",1883,316,8019.89   
"IO",1883,321,52436.9   
"IO",1883,322,169664.82 
"IO",1883,323,705575.91 
"IO",1883,337,20211.03  
"IO",1883,341,10885.22  
"IO",1883,343,184191.78 
"IO",1883,344,2850      
"IO",1883,345,173295.01 
"IO",1883,351,49547.78  
"IO",1883,356,7359.62   
"IO",1883,361,117204.91 
"IO",1883,362,17462.22  
"IO",1883,363,132214.74 
"IO",1883,365,18940.95  
"IO",1883,367,473078.75 
"IO",1883,369,63741.77  
"IO",1883,391,12848.82  
"IO",1883,393,387351.52 
"IO",1883,398,12224     
"IO",1883,399,31800.76  
"IO",1883,400,18792.85  
"IO",1883,412,178.5     
"IO",1885,310,369.55    
"IO",1885,311,149802.2  
"IO",1885,313,296017.78 
"IO",1885,316,18162.66  
"IO",1885,321,114243.74 
"IO",1885,322,254740.17 
"IO",1885,323,873748.37 
"IO",1885,337,33068.13  
"IO",1885,341,14385.7   
"IO",1885,343,238460.55 
"IO",1885,344,3980.53   
"IO",1885,345,56954.71  
"IO",1885,351,57653.55  
"IO",1885,356,10225.5   
"IO",1885,361,166178.67 
"IO",1885,362,25499.52  
"IO",1885,363,168564.01 
"IO",1885,364,447.6     
"IO",1885,365,24238.16  
"IO",1885,366,2821.85   
"IO",1885,367,435740.87 
"IO",1885,368,1845.83   
"IO",1885,369,100962.76 
"IO",1885,391,7904.35   
"IO",1885,393,526452.4  
"IO",1885,398,20853.28  
"IO",1885,399,103957.05 
"IO",1885,400,28833.54  
"IO",1887,310,615.12    
"IO",1887,311,157995.43 
"IO",1887,313,272558.34 
"IO",1887,316,10538.23  
"IO",1887,321,75941.99  
"IO",1887,322,180547.18 
"IO",1887,323,898669.82 
"IO",1887,325,25828.44  
"IO",1887,341,17193.3   
"IO",1887,343,245486.8  
"IO",1887,344,10636.4   
"IO",1887,345,77286.98  
"IO",1887,351,62389.72  
"IO",1887,356,9582.56   
"IO",1887,361,167945.52 
"IO",1887,362,30839.02  
"IO",1887,363,162337.39 
"IO",1887,364,258       
"IO",1887,365,27586.82  
"IO",1887,366,4038.39   
"IO",1887,367,271570.66 
"IO",1887,368,3793.91   
"IO",1887,369,103909.43 
"IO",1887,391,9626      
"IO",1887,393,512710.5  
"IO",1887,398,26251.54  
"IO",1887,399,66996.51  
"IO",1889,310,774.63    
"IO",1889,311,177856.63 
"IO",1889,313,159790.61 
"IO",1889,316,11911.44  
"IO",1889,321,102068.59 
"IO",1889,322,198339.76 
"IO",1889,323,912065.12 
"IO",1889,325,128678.83 
"IO",1889,337,33546.15  
"IO",1889,341,9036.52   
"IO",1889,343,203220.05 
"IO",1889,344,17323.39  
"IO",1889,345,96888.65  
"IO",1889,351,63167.68  
"IO",1889,356,9957.63   
"IO",1889,361,128101.88 
"IO",1889,362,27614.84  
"IO",1889,363,103606.45 
"IO",1889,364,324.45    
"IO",1889,365,25635.45  
"IO",1889,366,5621.32   
"IO",1889,367,66850.34  
"IO",1889,368,3587.73   
"IO",1889,369,107717.65 
"IO",1889,391,8095.73   
"IO",1889,393,603911.23 
"IO",1889,398,26408.22  
"IO",1889,399,45078.71  
"IO",1889,400,66273.91  
"IO",1891,310,1083.92   
"IO",1891,311,186024.8  
"IO",1891,313,201946.67 
"IO",1891,316,12833.63  
"IO",1891,321,116356.43 
"IO",1891,322,223585.32 
"IO",1891,323,984178.85 
"IO",1891,325,131694.96 
"IO",1891,337,28465.6   
"IO",1891,341,7068.43   
"IO",1891,343,189731.76 
"IO",1891,344,20131.95  
"IO",1891,345,82628.79  
"IO",1891,351,55838.35  
"IO",1891,356,10441.12  
"IO",1891,361,127765.55 
"IO",1891,362,32779.09  
"IO",1891,363,52558.93  
"IO",1891,365,30419.72  
"IO",1891,366,3818.85   
"IO",1891,367,108781.03 
"IO",1891,368,4553.19   
"IO",1891,369,76603.61  
"IO",1891,391,7917.82   
"IO",1891,393,441982.08 
"IO",1891,398,31209.9   
"IO",1891,399,35941.46  
"IO",1891,400,7430      
"IO",1893,310,846.81    
"IO",1893,311,220594.48 
"IO",1893,313,253051.93 
"IO",1893,314,13000     
"IO",1893,316,5324.91   
"IO",1893,321,126266.03 
"IO",1893,322,265997.27 
"IO",1893,323,1121110.71
"IO",1893,325,108010.77 
"IO",1893,337,27436.74  
"IO",1893,341,3425.45   
"IO",1893,343,225917.68 
"IO",1893,344,23678.38  
"IO",1893,345,95922.09  
"IO",1893,351,77486.47  
"IO",1893,356,10509.96  
"IO",1893,361,140858.35 
"IO",1893,362,29572.11  
"IO",1893,363,37499.38  
"IO",1893,364,14282.16  
"IO",1893,365,28993.923 
"IO",1893,366,219.55    
"IO",1893,367,137702.69 
"IO",1893,368,4076.62   
"IO",1893,369,88738.06  
"IO",1893,391,7586.24   
"IO",1893,393,618990.5  
"IO",1893,398,25683.33  
"IO",1893,399,165622.24 
"IO",1893,400,133.36    
"IO",1893,412,234498.01 
"IO",1895,310,1113.45   
"IO",1895,311,228464.45 
"IO",1895,313,254438.5  
"IO",1895,316,16379.91  
"IO",1895,321,116365.41 
"IO",1895,322,241863.92 
"IO",1895,323,1111484.36
"IO",1895,325,144655.92 
"IO",1895,337,26695.54  
"IO",1895,341,6688.49   
"IO",1895,342,63496.76  
"IO",1895,343,235904.91 
"IO",1895,344,27656.73  
"IO",1895,345,74136.68  
"IO",1895,351,97929.19  
"IO",1895,352,569.19    
"IO",1895,356,10379.77  
"IO",1895,361,178201.54 
"IO",1895,362,39388.75  
"IO",1895,363,94634.23  
"IO",1895,365,30045     
"IO",1895,366,12836.33  
"IO",1895,367,60595.18  
"IO",1895,368,5250.35   
"IO",1895,369,93489.62  
"IO",1895,391,11570.86  
"IO",1895,393,355950.16 
"IO",1895,398,32177.88  
"IO",1895,399,173927.11 
"IO",1897,310,1052.28   
"IO",1897,311,289440.27 
"IO",1897,313,177849.46 
"IO",1897,316,19719.97  
"IO",1897,321,138020.98 
"IO",1897,322,219379.84 
"IO",1897,323,1662938.6 
"IO",1897,325,228713.13 
"IO",1897,337,27659.11  
"IO",1897,341,9205.81   
"IO",1897,343,418397.09 
"IO",1897,344,47344.04  
"IO",1897,345,100324.4  
"IO",1897,351,95708.34  
"IO",1897,352,870.28    
"IO",1897,356,9493.21   
"IO",1897,361,315993.72 
"IO",1897,362,31239.1   
"IO",1897,363,73648.74  
"IO",1897,364,377.2     
"IO",1897,365,32518.69  
"IO",1897,366,15487.29  
"IO",1897,367,103770.65 
"IO",1897,368,5733.54   
"IO",1897,369,133419.43 
"IO",1897,373,90606.05  
"IO",1897,391,12664.35  
"IO",1897,393,358533.71 
"IO",1897,398,35743.09  
"IO",1897,399,172216.93 
"IO",1897,400,19347.44  
"IO",1897,999,3000      
"IO",1899,310,1846.17   
"IO",1899,311,268298.58 
"IO",1899,313,233117.39 
"IO",1899,316,19966.64  
"IO",1899,320,24558.9   
"IO",1899,321,115168.93 
"IO",1899,322,209132.9  
"IO",1899,323,1444180.57
"IO",1899,325,166587.83 
"IO",1899,337,23028.17  
"IO",1899,341,10013.03  
"IO",1899,343,396981.25 
"IO",1899,344,25790.26  
"IO",1899,345,224426.17 
"IO",1899,351,94530.29  
"IO",1899,356,1005.81   
"IO",1899,361,135672.67 
"IO",1899,362,37576.53  
"IO",1899,363,82269.87  
"IO",1899,365,38073.88  
"IO",1899,366,37747.76  
"IO",1899,367,43481.54  
"IO",1899,368,5696.92   
"IO",1899,369,97309.2   
"IO",1899,391,13854.76  
"IO",1899,393,357180.78 
"IO",1899,398,48905.47  
"IO",1899,399,127832.43 
"IO",1899,400,57786.57  
"IO",1901,310,2665.41   
"IO",1901,311,305982.26 
"IO",1901,313,448096.85 
"IO",1901,316,34184.86  
"IO",1901,320,48031.62  
"IO",1901,321,162870.33 
"IO",1901,322,180139.31 
"IO",1901,323,1312746.52
"IO",1901,325,247710.47 
"IO",1901,337,23192.23  
"IO",1901,341,9381.53   
"IO",1901,343,437049.47 
"IO",1901,344,29750.91  
"IO",1901,345,158813.88 
"IO",1901,351,91196.89  
"IO",1901,356,10080.79  
"IO",1901,361,134181.19 
"IO",1901,362,38051.02  
"IO",1901,363,75375.55  
"IO",1901,364,364.05    
"IO",1901,365,48676.69  
"IO",1901,366,80        
"IO",1901,367,43888.72  
"IO",1901,368,5706.2    
"IO",1901,369,119450.76 
"IO",1901,391,17402.81  
"IO",1901,393,375843.82 
"IO",1901,398,91875.33  
"IO",1901,399,86181.5   
"IO",1901,999,4399.94   
"IO",1903,310,2210.2    
"IO",1903,311,497909.56 
"IO",1903,313,604367.06 
"IO",1903,316,262180.65 
"IO",1903,320,50321.97  
"IO",1903,321,177576.81 
"IO",1903,322,208427.36 
"IO",1903,323,2082929.8 
"IO",1903,325,317220.92 
"IO",1903,337,26519.33  
"IO",1903,341,7535.94   
"IO",1903,343,417883.42 
"IO",1903,344,35292.07  
"IO",1903,345,140945.58 
"IO",1903,351,132308.49 
"IO",1903,353,7228      
"IO",1903,356,10230.45  
"IO",1903,361,139307.43 
"IO",1903,362,46098.68  
"IO",1903,363,140307.62 
"IO",1903,365,41512.13  
"IO",1903,366,40973.62  
"IO",1903,367,61861.46  
"IO",1903,368,5879.99   
"IO",1903,369,109141.69 
"IO",1903,391,19305.89  
"IO",1903,393,336445.12 
"IO",1903,398,41019.93  
"IO",1903,399,120331.98 
"IO",1905,310,3861.89   
"IO",1905,311,193468.73 
"IO",1905,313,831158.91 
"IO",1905,316,41117.33  
"IO",1905,320,60066.21  
"IO",1905,321,11714.08  
"IO",1905,322,1789.12   
"IO",1905,323,11507.3   
"IO",1905,337,26858.02  
"IO",1905,341,10221.81  
"IO",1905,343,13018.85  
"IO",1905,344,69465.52  
"IO",1905,345,174118.27 
"IO",1905,351,142087.41 
"IO",1905,354,8437.47   
"IO",1905,356,20084.41  
"IO",1905,361,142914.46 
"IO",1905,362,61455.85  
"IO",1905,363,119920.45 
"IO",1905,364,360.9     
"IO",1905,365,91697.2   
"IO",1905,366,4542.5    
"IO",1905,367,392203.52 
"IO",1905,368,9468.64   
"IO",1905,369,132066.48 
"IO",1905,391,23816.31  
"IO",1905,393,327311.56 
"IO",1905,398,157204.95 
"IO",1905,399,301120.24 
"IO",1906,310,4209.01   
"IO",1906,311,255690.29 
"IO",1906,313,611810.45 
"IO",1906,316,16667.5   
"IO",1906,320,27043.79  
"IO",1906,321,93561.32  
"IO",1906,322,204098.79 
"IO",1906,323,1042432.36
"IO",1906,325,155447.95 
"IO",1906,337,12844.59  
"IO",1906,341,4474.88   
"IO",1906,343,282662.67 
"IO",1906,344,58111.89  
"IO",1906,345,76389.48  
"IO",1906,351,58213.55  
"IO",1906,356,17696.73  
"IO",1906,361,142087.78 
"IO",1906,362,41621.46  
"IO",1906,363,234111.81 
"IO",1906,365,50832.33  
"IO",1906,367,137824.43 
"IO",1906,368,4925.28   
"IO",1906,369,79501.91  
"IO",1906,391,171.05    
"IO",1906,393,222840.62 
"IO",1906,398,119367.43 
"IO",1906,399,124497.82 
"IO",1908,310,21757.29  
"IO",1908,311,273449.77 
"IO",1908,313,1352702.14
"IO",1908,316,54698.3   
"IO",1908,320,252739.09 
"IO",1908,321,8727.14   
"IO",1908,323,3196.36   
"IO",1908,337,32945.82  
"IO",1908,341,7896.66   
"IO",1908,343,5316.08   
"IO",1908,344,152592.84 
"IO",1908,345,184238.26 
"IO",1908,351,202338.42 
"IO",1908,356,43676.12  
"IO",1908,361,150367.55 
"IO",1908,362,90043.31  
"IO",1908,363,487343.5  
"IO",1908,365,119962.3  
"IO",1908,366,33450.21  
"IO",1908,367,81880.56  
"IO",1908,368,12770.27  
"IO",1908,369,141065.36 
"IO",1908,391,3229.79   
"IO",1908,393,328576.13 
"IO",1908,398,215265.75 
"IO",1908,399,223122.03 
"IO",1910,301,1407.33   
"IO",1910,310,44006.3   
"IO",1910,311,12686.51  
"IO",1910,313,1519580.9 
"IO",1910,316,46873.69  
"IO",1910,320,121073.5  
"IO",1910,321,6013.93   
"IO",1910,322,124.07    
"IO",1910,323,3345.19   
"IO",1910,337,32394.3   
"IO",1910,341,8151.14   
"IO",1910,343,15197.3   
"IO",1910,344,148545.68 
"IO",1910,345,258069.67 
"IO",1910,350,5583.15   
"IO",1910,351,260511.85 
"IO",1910,354,1830.79   
"IO",1910,356,43749.69  
"IO",1910,361,156320.67 
"IO",1910,362,88521.15  
"IO",1910,363,495539.98 
"IO",1910,364,83361.56  
"IO",1910,365,125629.62 
"IO",1910,366,5959.29   
"IO",1910,367,59666.57  
"IO",1910,368,14746.1   
"IO",1910,369,147706.29 
"IO",1910,391,4168.41   
"IO",1910,393,326864.28 
"IO",1910,398,106508.79 
"IO",1910,399,120535.95 
"IO",1910,999,5405      
"IO",1912,310,82183.04  
"IO",1912,311,319309.08 
"IO",1912,313,2197043.64
"IO",1912,316,106032.14 
"IO",1912,320,71090.82  
"IO",1912,321,192769.19 
"IO",1912,322,360984.42 
"IO",1912,323,2150204.59
"IO",1912,325,349989.01 
"IO",1912,337,54758.77  
"IO",1912,341,9774.87   
"IO",1912,342,7849.1    
"IO",1912,343,624524.58 
"IO",1912,344,188388.75 
"IO",1912,345,319529.41 
"IO",1912,351,365103.57 
"IO",1912,354,3172.21   
"IO",1912,356,49521.46  
"IO",1912,361,147169.83 
"IO",1912,362,90269.84  
"IO",1912,363,526118.55 
"IO",1912,365,145968.31 
"IO",1912,366,1996.26   
"IO",1912,367,101252.52 
"IO",1912,368,22113.34  
"IO",1912,369,145879.42 
"IO",1912,388,21633.06  
"IO",1912,390,3002.04   
"IO",1912,391,23952.48  
"IO",1912,393,334182.23 
"IO",1912,398,109725.72 
"IO",1912,399,520680.36 
"IO",1914,310,89728.41  
"IO",1914,311,318211    
"IO",1914,313,2685193.7 
"IO",1914,316,81469.88  
"IO",1914,320,76756.54  
"IO",1914,321,214844.39 
"IO",1914,322,517675.62 
"IO",1914,323,2524007.48
"IO",1914,325,329686.89 
"IO",1914,331,185698.83 
"IO",1914,337,92270.79  
"IO",1914,341,8823.82   
"IO",1914,342,23667.58  
"IO",1914,343,828229.32 
"IO",1914,344,233953.64 
"IO",1914,345,324275.95 
"IO",1914,351,429236.44 
"IO",1914,356,54940.7   
"IO",1914,361,244212.71 
"IO",1914,362,103319.44 
"IO",1914,363,566455.19 
"IO",1914,365,180423.62 
"IO",1914,366,30165.25  
"IO",1914,367,96466.29  
"IO",1914,368,19457.94  
"IO",1914,369,180129.82 
"IO",1914,391,17390.67  
"IO",1914,393,1652039.33
"IO",1914,398,86065.16  
"IO",1914,399,193432    
"IO",1915,310,52526.9   
"IO",1915,311,190434.76 
"IO",1915,313,1435966.85
"IO",1915,316,44901.67  
"IO",1915,320,40319.68  
"IO",1915,321,97052.19  
"IO",1915,322,187158.64 
"IO",1915,323,1181934.91
"IO",1915,325,168676.41 
"IO",1915,331,115591.55 
"IO",1915,337,57490.01  
"IO",1915,341,4611.7    
"IO",1915,342,13290.04  
"IO",1915,343,458536.33 
"IO",1915,344,125835.46 
"IO",1915,345,153054.42 
"IO",1915,351,239481.84 
"IO",1915,356,33684.46  
"IO",1915,361,219766.85 
"IO",1915,362,55852.99  
"IO",1915,363,292557.05 
"IO",1915,365,133850.99 
"IO",1915,366,22804.23  
"IO",1915,367,33361.75  
"IO",1915,368,11885.25  
"IO",1915,369,116200.79 
"IO",1915,391,9052.65   
"IO",1915,393,1032486.14
"IO",1915,398,38227.99  
"IO",1915,399,98130.65  
"IO",1915,401,642.62    
"IO",1916,310,55309.39  
"IO",1916,311,228662.76 
"IO",1916,313,2240963.75
"IO",1916,316,44717.96  
"IO",1916,320,44166.94  
"IO",1916,321,116079.54 
"IO",1916,322,346726.97 
"IO",1916,323,1319849.44
"IO",1916,325,178493.61 
"IO",1916,331,202900.16 
"IO",1916,337,54826.5   
"IO",1916,341,3831.57   
"IO",1916,342,13557.74  
"IO",1916,343,759423.15 
"IO",1916,344,145352.9  
"IO",1916,345,143056.25 
"IO",1916,351,339859.08 
"IO",1916,356,31191.3   
"IO",1916,360,10434.99  
"IO",1916,361,187.82    
"IO",1916,362,64756.73  
"IO",1916,363,308109.19 
"IO",1916,365,130275.65 
"IO",1916,366,8848.43   
"IO",1916,367,31430.5   
"IO",1916,368,12227.11  
"IO",1916,369,101813.85 
"IO",1916,391,9158.2    
"IO",1916,393,1710999.98
"IO",1916,398,47525.53  
"IO",1916,399,153923.51 
"IO",1916,401,660.42    
