"AK",1933,300,1415281.23  
"AK",1933,310,80538       
"AK",1933,311,2448283.5   
"AK",1933,313,999690.01   
"AK",1933,315,417860.37   
"AK",1933,321,754388.88   
"AK",1933,324,1198019.85  
"AK",1933,325,453425.13   
"AK",1933,331,869309.72   
"AK",1933,332,6545.58     
"AK",1933,341,4531.56     
"AK",1933,343,141291.06   
"AK",1933,345,76726.28    
"AK",1933,351,92004.78    
"AK",1933,352,0           
"AK",1933,355,79175.35    
"AK",1933,361,185062      
"AK",1933,363,5366.65     
"AK",1933,365,14638.41    
"AK",1933,367,772.09      
"AK",1933,368,16200.73    
"AK",1933,369,14387.97    
"AK",1933,381,38384.31    
"AK",1933,391,14011.87    
"AK",1933,393,58145.44    
"AK",1933,395,873416.32   
"AK",1933,398,202445.23   
"AK",1933,410,519270.75   
"AK",1933,411,4054982.55  
"AK",1934,300,864715.54   
"AK",1934,310,125         
"AK",1934,311,2421032.95  
"AK",1934,313,881867.61   
"AK",1934,315,25887.57    
"AK",1934,321,585035.97   
"AK",1934,322,553.35      
"AK",1934,324,2820717.54  
"AK",1934,325,431470.02   
"AK",1934,331,3262905.24  
"AK",1934,341,659.17      
"AK",1934,342,450         
"AK",1934,343,87214.85    
"AK",1934,344,3994.69     
"AK",1934,345,34059.77    
"AK",1934,351,173354.03   
"AK",1934,352,3616.89     
"AK",1934,355,67421.4     
"AK",1934,356,9355.53     
"AK",1934,361,46547.44    
"AK",1934,363,51300.01    
"AK",1934,367,27407.58    
"AK",1934,368,44693.23    
"AK",1934,369,275010.47   
"AK",1934,375,10400.13    
"AK",1934,381,34876.69    
"AK",1934,391,3363.18     
"AK",1934,393,81779.67    
"AK",1934,395,1647372.48  
"AK",1934,398,1277740.74  
"AK",1934,410,1184250.52  
"AK",1934,411,764969.17   
"AK",1935,300,816874.78   
"AK",1935,311,2132173.05  
"AK",1935,313,1023124.16  
"AK",1935,315,339400.89   
"AK",1935,321,571095.07   
"AK",1935,322,287.24      
"AK",1935,324,457668.41   
"AK",1935,325,173940.29   
"AK",1935,331,8506079.84  
"AK",1935,336,10827.65    
"AK",1935,341,12695.54    
"AK",1935,343,100566.67   
"AK",1935,344,14064.1     
"AK",1935,345,33535.47    
"AK",1935,351,287577.43   
"AK",1935,352,4279.5      
"AK",1935,355,76471.68    
"AK",1935,356,12865.37    
"AK",1935,361,196670.38   
"AK",1935,363,36957.28    
"AK",1935,365,521714.94   
"AK",1935,368,36356.89    
"AK",1935,369,310328.22   
"AK",1935,371,14442.6     
"AK",1935,375,1812.5      
"AK",1935,381,39656.66    
"AK",1935,382,5737.16     
"AK",1935,391,21989.84    
"AK",1935,393,88469.71    
"AK",1935,395,1311830.96  
"AK",1935,398,20503.81    
"AK",1935,410,898099.77   
"AK",1935,411,597349.04   
"AK",1935,412,444468.78   
"AK",1936,300,886566.67   
"AK",1936,310,35983.87    
"AK",1936,311,3432051.07  
"AK",1936,313,908223.55   
"AK",1936,315,1191212.89  
"AK",1936,321,710535.15   
"AK",1936,322,265.76      
"AK",1936,324,863460.56   
"AK",1936,325,160241.78   
"AK",1936,331,8236667.83  
"AK",1936,332,4995.68     
"AK",1936,336,19175.22    
"AK",1936,341,55446       
"AK",1936,343,102354.57   
"AK",1936,344,24628.09    
"AK",1936,345,38985.32    
"AK",1936,351,291874.86   
"AK",1936,352,2715.36     
"AK",1936,355,45201.79    
"AK",1936,356,18602.17    
"AK",1936,361,187         
"AK",1936,365,594761.28   
"AK",1936,368,45083.31    
"AK",1936,369,452428.19   
"AK",1936,371,84269.1     
"AK",1936,375,15506.87    
"AK",1936,381,98804.75    
"AK",1936,382,183.95      
"AK",1936,391,7061.51     
"AK",1936,393,99094.87    
"AK",1936,395,1853154.29  
"AK",1936,398,335334.43   
"AK",1936,410,951934.78   
"AK",1936,411,643223.94   
"AK",1936,412,4810849.97  
"AK",1937,300,961253.77   
"AK",1937,311,4424276.54  
"AK",1937,313,911723.27   
"AK",1937,315,972630.21   
"AK",1937,321,4734390.57  
"AK",1937,322,48816.02    
"AK",1937,324,212775.99   
"AK",1937,325,139004.61   
"AK",1937,331,6317266.9   
"AK",1937,336,30045.06    
"AK",1937,341,103555.94   
"AK",1937,343,197061.85   
"AK",1937,344,39475.86    
"AK",1937,351,289733.6    
"AK",1937,352,3884.1      
"AK",1937,356,38636.36    
"AK",1937,361,212038.97   
"AK",1937,368,46744.83    
"AK",1937,369,384212.36   
"AK",1937,371,93910.43    
"AK",1937,381,1473461.41  
"AK",1937,391,3412.74     
"AK",1937,393,108792.12   
"AK",1937,395,2339509.71  
"AK",1937,398,454283.56   
"AK",1937,410,793342.59   
"AK",1937,411,856750.13   
"AK",1937,412,4096423.61  
"AK",1937,413,142.4       
"AL",1933,310,734251.3    
"AL",1933,311,1472163.66  
"AL",1933,313,691265.21   
"AL",1933,315,1332271.46  
"AL",1933,316,6101.18     
"AL",1933,321,74067.22    
"AL",1933,323,701828.46   
"AL",1933,324,22127.01    
"AL",1933,325,4341.13     
"AL",1933,331,10407991.84 
"AL",1933,336,12468.98    
"AL",1933,341,154.47      
"AL",1933,342,25593.35    
"AL",1933,343,2231137.44  
"AL",1933,344,9722.01     
"AL",1933,345,82196.3     
"AL",1933,351,184278.26   
"AL",1933,356,236765.31   
"AL",1933,361,173818.26   
"AL",1933,362,227437.52   
"AL",1933,363,430405.65   
"AL",1933,364,13894.1     
"AL",1933,365,419686.77   
"AL",1933,366,1890.9      
"AL",1933,367,24991.8     
"AL",1933,368,291925.19   
"AL",1933,369,140678.58   
"AL",1933,370,57205.84    
"AL",1933,371,25888.38    
"AL",1933,380,161129.45   
"AL",1933,381,1150716.06  
"AL",1933,391,18239.71    
"AL",1933,393,8698032.86  
"AL",1933,395,6730.14     
"AL",1933,398,919114.47   
"AL",1933,400,2159741.4   
"AL",1933,401,656851.22   
"AL",1933,412,778000      
"AL",1933,413,710000      
"AL",1933,415,725         
"AL",1933,416,1694.94     
"AL",1934,310,189196.71   
"AL",1934,311,2309946.8   
"AL",1934,313,1334303.92  
"AL",1934,315,1434739.57  
"AL",1934,316,10595.63    
"AL",1934,321,75431.51    
"AL",1934,323,688245.38   
"AL",1934,324,25696.49    
"AL",1934,325,8500        
"AL",1934,331,13632458.02 
"AL",1934,336,17969.28    
"AL",1934,341,2300.03     
"AL",1934,342,25564.15    
"AL",1934,343,2097413.38  
"AL",1934,344,9383.64     
"AL",1934,345,145045.19   
"AL",1934,351,210980.04   
"AL",1934,356,284565.71   
"AL",1934,361,13760.87    
"AL",1934,362,38886.65    
"AL",1934,363,360676.4    
"AL",1934,364,50903.59    
"AL",1934,365,364604.83   
"AL",1934,366,3808.33     
"AL",1934,367,45758.24    
"AL",1934,368,335368.54   
"AL",1934,369,165029.18   
"AL",1934,370,36358.72    
"AL",1934,371,36608.6     
"AL",1934,380,226381.28   
"AL",1934,381,982215      
"AL",1934,391,13379.39    
"AL",1934,393,8628655.3   
"AL",1934,395,60901.93    
"AL",1934,398,411548.79   
"AL",1934,400,1179220     
"AL",1934,401,782865.7    
"AL",1934,411,3278745.5   
"AL",1934,412,150000      
"AL",1934,416,1674.08     
"AL",1935,310,385057.21   
"AL",1935,311,2352409.59  
"AL",1935,313,701231.1    
"AL",1935,315,1328977.3   
"AL",1935,316,10593.91    
"AL",1935,321,84985.95    
"AL",1935,323,738797.52   
"AL",1935,324,23830.33    
"AL",1935,325,6628.24     
"AL",1935,331,11273864.36 
"AL",1935,336,2700.26     
"AL",1935,341,439.83      
"AL",1935,342,21019.8     
"AL",1935,343,2536080.87  
"AL",1935,344,12366.88    
"AL",1935,345,76488.13    
"AL",1935,351,159515.93   
"AL",1935,352,1572.5      
"AL",1935,356,425202.72   
"AL",1935,361,282097.46   
"AL",1935,362,48997.06    
"AL",1935,363,349895.96   
"AL",1935,364,5580        
"AL",1935,365,605088.41   
"AL",1935,366,3114.95     
"AL",1935,367,35338.16    
"AL",1935,368,354954.4    
"AL",1935,369,85125.94    
"AL",1935,370,41203.52    
"AL",1935,371,37917.16    
"AL",1935,380,196579.35   
"AL",1935,381,849227.37   
"AL",1935,391,37251.78    
"AL",1935,393,8726868.24  
"AL",1935,395,99907.73    
"AL",1935,398,587746.18   
"AL",1935,400,339720      
"AL",1935,401,1593960.01  
"AL",1935,411,5701257.63  
"AL",1935,412,429531.45   
"AL",1935,416,1993.97     
"AL",1936,310,191952.86   
"AL",1936,311,577176.42   
"AL",1936,313,494338.6    
"AL",1936,315,4804539.93  
"AL",1936,321,96995.95    
"AL",1936,323,784346.55   
"AL",1936,324,1554180.99  
"AL",1936,325,6008.92     
"AL",1936,331,11299466.82 
"AL",1936,332,3769.95     
"AL",1936,336,3014.24     
"AL",1936,341,226953.75   
"AL",1936,342,27746.28    
"AL",1936,343,2486151.77  
"AL",1936,344,40725.58    
"AL",1936,345,93216.91    
"AL",1936,351,184856.14   
"AL",1936,352,6102.7      
"AL",1936,356,517685.71   
"AL",1936,361,144394.91   
"AL",1936,362,59600.28    
"AL",1936,363,374633.08   
"AL",1936,364,54892.81    
"AL",1936,365,988975.82   
"AL",1936,366,6548.23     
"AL",1936,367,44283.39    
"AL",1936,368,500577.67   
"AL",1936,369,98643.61    
"AL",1936,370,75363.06    
"AL",1936,380,279653.43   
"AL",1936,381,722760      
"AL",1936,391,30359.61    
"AL",1936,393,9137744.21  
"AL",1936,395,3059708.84  
"AL",1936,398,291901.79   
"AL",1936,400,589720      
"AL",1936,401,903590.84   
"AL",1936,411,4561983.02  
"AL",1936,412,1241526.8   
"AL",1936,413,450527.67   
"AL",1937,310,199621.14   
"AL",1937,311,890336.8    
"AL",1937,313,1789054.52  
"AL",1937,315,7566467.55  
"AL",1937,321,160856.15   
"AL",1937,322,11963.01    
"AL",1937,323,879566.51   
"AL",1937,324,9623981.36  
"AL",1937,325,6327.85     
"AL",1937,331,6118075.08  
"AL",1937,332,4700.27     
"AL",1937,336,44799.56    
"AL",1937,341,382134.52   
"AL",1937,342,29412       
"AL",1937,343,2730056.86  
"AL",1937,344,47641.01    
"AL",1937,345,109410.92   
"AL",1937,351,209821.86   
"AL",1937,352,16392.5     
"AL",1937,356,727675.13   
"AL",1937,361,155495.82   
"AL",1937,362,58882.36    
"AL",1937,363,407643.88   
"AL",1937,364,17180       
"AL",1937,365,1318126.82  
"AL",1937,366,4618.99     
"AL",1937,367,56539.69    
"AL",1937,368,445714.46   
"AL",1937,369,172427.35   
"AL",1937,370,105670.59   
"AL",1937,375,2833495.63  
"AL",1937,380,238018.42   
"AL",1937,381,671475      
"AL",1937,391,33722.58    
"AL",1937,393,11060353.71 
"AL",1937,395,923888.86   
"AL",1937,398,356347.45   
"AL",1937,400,339720      
"AL",1937,401,2400593.92  
"AL",1937,411,12894333.27 
"AZ",1933,310,2209766.25  
"AZ",1933,311,280251.81   
"AZ",1933,313,1583179.18  
"AZ",1933,315,20432.4     
"AZ",1933,321,43247.57    
"AZ",1933,322,3389.37     
"AZ",1933,323,210221.31   
"AZ",1933,324,2966.44     
"AZ",1933,325,15172.06    
"AZ",1933,331,5492255.01  
"AZ",1933,336,22597.33    
"AZ",1933,340,14937.03    
"AZ",1933,341,6924.71     
"AZ",1933,343,171965.74   
"AZ",1933,344,83865.56    
"AZ",1933,345,72604.56    
"AZ",1933,351,501547.94   
"AZ",1933,352,89358.44    
"AZ",1933,355,14829.27    
"AZ",1933,356,33524.9     
"AZ",1933,361,88322.28    
"AZ",1933,362,36439.21    
"AZ",1933,363,116395.61   
"AZ",1933,365,108480.99   
"AZ",1933,366,14515.86    
"AZ",1933,367,51861.22    
"AZ",1933,368,23308.77    
"AZ",1933,369,197925.03   
"AZ",1933,371,9421.71     
"AZ",1933,380,23132.4     
"AZ",1933,381,94562.41    
"AZ",1933,391,594         
"AZ",1933,393,147088.99   
"AZ",1933,398,56631.56    
"AZ",1933,400,175419.31   
"AZ",1933,413,52000       
"AZ",1934,310,454.71      
"AZ",1934,311,314126.53   
"AZ",1934,313,1165729.79  
"AZ",1934,315,17553.04    
"AZ",1934,321,873117.14   
"AZ",1934,322,1570.07     
"AZ",1934,323,203433.48   
"AZ",1934,324,2621.44     
"AZ",1934,325,12764.43    
"AZ",1934,331,3626342.55  
"AZ",1934,336,1053.23     
"AZ",1934,341,6238.65     
"AZ",1934,343,190392.22   
"AZ",1934,344,57669.56    
"AZ",1934,345,50474.3     
"AZ",1934,351,382121.52   
"AZ",1934,352,77333.4     
"AZ",1934,356,33386.8     
"AZ",1934,361,54483.58    
"AZ",1934,362,46545.3     
"AZ",1934,363,109049.59   
"AZ",1934,365,173295.36   
"AZ",1934,366,13430.96    
"AZ",1934,367,36582.79    
"AZ",1934,368,18942.9     
"AZ",1934,369,142089.95   
"AZ",1934,370,24033.28    
"AZ",1934,380,12000       
"AZ",1934,381,309784.56   
"AZ",1934,393,1756627.67  
"AZ",1934,395,184321.79   
"AZ",1934,398,19196.59    
"AZ",1934,400,263703.84   
"AZ",1934,413,20000       
"AZ",1935,310,1830963.6   
"AZ",1935,311,81467.61    
"AZ",1935,313,1263571.64  
"AZ",1935,315,5500        
"AZ",1935,321,1394823.29  
"AZ",1935,322,1176.25     
"AZ",1935,323,202234.73   
"AZ",1935,324,1546.44     
"AZ",1935,325,11717.74    
"AZ",1935,331,2981418.1   
"AZ",1935,336,1449.68     
"AZ",1935,340,0           
"AZ",1935,341,6688.83     
"AZ",1935,343,183084.44   
"AZ",1935,344,49417.23    
"AZ",1935,345,53675.35    
"AZ",1935,351,358582.19   
"AZ",1935,352,73079.48    
"AZ",1935,355,0           
"AZ",1935,356,34571.79    
"AZ",1935,361,104455.77   
"AZ",1935,362,80841.99    
"AZ",1935,363,115266      
"AZ",1935,365,216416.1    
"AZ",1935,366,2901.25     
"AZ",1935,367,37909.57    
"AZ",1935,368,18753.48    
"AZ",1935,369,149101.69   
"AZ",1935,370,12305.63    
"AZ",1935,380,9586.09     
"AZ",1935,381,430547.1    
"AZ",1935,391,235.44      
"AZ",1935,393,323820.9    
"AZ",1935,398,31940.3     
"AZ",1935,400,158484.39   
"AZ",1935,413,387133.37   
"AZ",1936,310,2164421.67  
"AZ",1936,311,80722.9     
"AZ",1936,313,1448900.52  
"AZ",1936,315,2017.56     
"AZ",1936,321,817895.82   
"AZ",1936,322,2331.66     
"AZ",1936,323,231775.97   
"AZ",1936,324,1546.44     
"AZ",1936,325,8980.66     
"AZ",1936,331,5061707.31  
"AZ",1936,336,2693.57     
"AZ",1936,340,9981.55     
"AZ",1936,341,6350        
"AZ",1936,343,201740.91   
"AZ",1936,344,67548.08    
"AZ",1936,345,55310.64    
"AZ",1936,351,445319.81   
"AZ",1936,352,87546.77    
"AZ",1936,355,10488.96    
"AZ",1936,356,35259.58    
"AZ",1936,361,3643.44     
"AZ",1936,362,59913.79    
"AZ",1936,363,121589.54   
"AZ",1936,365,244149.19   
"AZ",1936,366,0           
"AZ",1936,367,37454.8     
"AZ",1936,368,16097.88    
"AZ",1936,369,172842.11   
"AZ",1936,370,15044.35    
"AZ",1936,380,20000       
"AZ",1936,381,448821.13   
"AZ",1936,391,18347.35    
"AZ",1936,393,14396       
"AZ",1936,398,125738.96   
"AZ",1936,400,216740.44   
"AZ",1936,413,769000      
"AZ",1937,310,674074.83   
"AZ",1937,311,162508.1    
"AZ",1937,313,1637117.78  
"AZ",1937,315,188.37      
"AZ",1937,320,616731.87   
"AZ",1937,321,1045309.91  
"AZ",1937,322,822.63      
"AZ",1937,323,281063.26   
"AZ",1937,324,11312.14    
"AZ",1937,325,11704.31    
"AZ",1937,331,6127622.3   
"AZ",1937,336,1256.74     
"AZ",1937,340,9988.95     
"AZ",1937,341,6593.24     
"AZ",1937,343,271483.16   
"AZ",1937,344,65312.56    
"AZ",1937,345,52445.31    
"AZ",1937,351,793286.39   
"AZ",1937,352,82950.68    
"AZ",1937,355,10493.93    
"AZ",1937,356,49139.48    
"AZ",1937,361,151969.88   
"AZ",1937,362,71662.32    
"AZ",1937,363,96931.74    
"AZ",1937,365,330724.43   
"AZ",1937,366,26033.69    
"AZ",1937,367,37500       
"AZ",1937,368,454267.94   
"AZ",1937,369,172687.5    
"AZ",1937,370,21348.96    
"AZ",1937,380,20000       
"AZ",1937,381,506676.55   
"AZ",1937,391,56454.68    
"AZ",1937,393,2018066.75  
"AZ",1937,395,829833.07   
"AZ",1937,398,10414.68    
"AZ",1937,400,68404.6     
"AZ",1937,401,19.29       
"AZ",1937,413,52000       
"AZ",1937,416,1179.5      
"NB",1933,311,1858513.77  
"NB",1933,313,3219615.57  
"NB",1933,320,2446711.3   
"NB",1933,331,10486032.65 
"NB",1933,361,174247.68   
"NB",1933,362,1157194.94  
"NB",1933,363,395046.41   
"NB",1933,367,450480.62   
"NB",1933,368,349222.57   
"NB",1933,369,123196.68   
"NB",1933,393,2417141.62  
"NB",1933,415,1079810.32  
"NB",1934,311,1707659.56  
"NB",1934,313,2827347.98  
"NB",1934,320,2067769.37  
"NB",1934,331,12707504.62 
"NB",1934,361,8153.33     
"NB",1934,362,626269.83   
"NB",1934,363,383684.68   
"NB",1934,367,166018.88   
"NB",1934,368,694689.94   
"NB",1934,369,94723.3     
"NB",1934,393,2929698.48  
"NB",1934,415,946763.26   
"NB",1935,311,1837212.81  
"NB",1935,313,3077488.76  
"NB",1935,320,2319708.42  
"NB",1935,324,442.23      
"NB",1935,331,11410228.45 
"NB",1935,344,3696.04     
"NB",1935,361,206195.56   
"NB",1935,362,476552.47   
"NB",1935,363,374225.88   
"NB",1935,367,130358.88   
"NB",1935,368,949949.05   
"NB",1935,369,7934.17     
"NB",1935,393,3300851.08  
"NB",1935,415,2549770.42  
"NB",1936,311,1996075.29  
"NB",1936,313,3587465.23  
"NB",1936,320,2458296.02  
"NB",1936,324,2135868.31  
"NB",1936,331,11183505.13 
"NB",1936,332,12389.95    
"NB",1936,344,181489.64   
"NB",1936,361,50050.84    
"NB",1936,362,426811.35   
"NB",1936,363,394267.41   
"NB",1936,367,111073.37   
"NB",1936,368,1069624.53  
"NB",1936,369,30167.34    
"NB",1936,393,3535299.72  
"NB",1936,415,2636862.54  
"NB",1937,311,2009045.27  
"NB",1937,313,3882205.37  
"NB",1937,320,2893220.65  
"NB",1937,324,6479925.86  
"NB",1937,331,13495759.45 
"NB",1937,332,11196.39    
"NB",1937,344,145085.68   
"NB",1937,361,105439.56   
"NB",1937,362,471582.51   
"NB",1937,363,389071.49   
"NB",1937,367,83807.23    
"NB",1937,368,1065679.53  
"NB",1937,369,2759.17     
"NB",1937,393,3660891.98  
"NB",1937,415,1965598.41  
"NC",1933,310,209870.53   
"NC",1933,311,16598077.54 
"NC",1933,313,4467860.42  
"NC",1933,315,1475907.12  
"NC",1933,316,16998.72    
"NC",1933,321,235340.53   
"NC",1933,322,865078.68   
"NC",1933,323,40248       
"NC",1933,324,6496174.8   
"NC",1933,325,860384.75   
"NC",1933,331,20834258.47 
"NC",1933,334,6315.75     
"NC",1933,336,2283.19     
"NC",1933,340,15293.94    
"NC",1933,342,2558.9      
"NC",1933,343,950792.4    
"NC",1933,344,62731.7     
"NC",1933,345,65286.43    
"NC",1933,351,580657.66   
"NC",1933,352,17039.99    
"NC",1933,356,302082.32   
"NC",1933,361,181903.15   
"NC",1933,362,40298.67    
"NC",1933,363,371591.68   
"NC",1933,364,7735.41     
"NC",1933,365,289711.44   
"NC",1933,367,98586.89    
"NC",1933,368,512642.21   
"NC",1933,369,78811.92    
"NC",1933,371,43760.95    
"NC",1933,373,165478.73   
"NC",1933,381,1406.25     
"NC",1933,391,391380.55   
"NC",1933,395,5131.81     
"NC",1933,398,28101.91    
"NC",1933,399,575         
"NC",1933,411,266720      
"NC",1933,413,10004742    
"NC",1933,415,1147651.32  
"NC",1934,310,313069.22   
"NC",1934,311,16650763.21 
"NC",1934,313,4243851.25  
"NC",1934,316,13485.71    
"NC",1934,321,182841.76   
"NC",1934,322,1014951.91  
"NC",1934,323,40250       
"NC",1934,324,9221878.66  
"NC",1934,325,135346.86   
"NC",1934,331,24929246.51 
"NC",1934,334,24850.63    
"NC",1934,336,2152.97     
"NC",1934,342,1750        
"NC",1934,343,432213.59   
"NC",1934,344,22451.88    
"NC",1934,345,54646.06    
"NC",1934,351,610634.99   
"NC",1934,352,11645.2     
"NC",1934,356,285565.12   
"NC",1934,361,12556.46    
"NC",1934,362,43712.91    
"NC",1934,363,356491.54   
"NC",1934,364,5534.88     
"NC",1934,365,378419.4    
"NC",1934,367,121018.96   
"NC",1934,368,534203.45   
"NC",1934,369,147791.64   
"NC",1934,371,26739.18    
"NC",1934,373,98299.2     
"NC",1934,381,719358.13   
"NC",1934,391,241949.4    
"NC",1934,393,237         
"NC",1934,395,8156.66     
"NC",1934,398,5325.39     
"NC",1934,399,600         
"NC",1934,411,271320      
"NC",1934,415,4222357.92  
"NC",1935,310,137799.1    
"NC",1935,311,18912052.58 
"NC",1935,313,5276398.09  
"NC",1935,316,5172.59     
"NC",1935,321,180155.21   
"NC",1935,322,1055170.76  
"NC",1935,323,40250       
"NC",1935,324,22091135.66 
"NC",1935,325,888499.41   
"NC",1935,331,20538311.8  
"NC",1935,334,139006.03   
"NC",1935,336,2231        
"NC",1935,342,1750        
"NC",1935,343,371604.14   
"NC",1935,344,69408.66    
"NC",1935,345,165819.55   
"NC",1935,351,683076      
"NC",1935,352,11647.59    
"NC",1935,356,288816.16   
"NC",1935,361,188765.65   
"NC",1935,362,44842.77    
"NC",1935,363,359780.99   
"NC",1935,364,7573.86     
"NC",1935,365,373187.03   
"NC",1935,367,97063.25    
"NC",1935,368,536054.63   
"NC",1935,369,132676.11   
"NC",1935,371,28580.46    
"NC",1935,373,78827.3     
"NC",1935,381,595         
"NC",1935,391,108096.45   
"NC",1935,392,12230000    
"NC",1935,395,17412.78    
"NC",1935,398,6961.23     
"NC",1935,399,600         
"NC",1935,411,271320      
"NC",1935,413,1425        
"NC",1935,415,2593699.53  
"NC",1936,310,121112.31   
"NC",1936,311,22568031.68 
"NC",1936,313,6690162.57  
"NC",1936,316,8487.69     
"NC",1936,321,537483.06   
"NC",1936,322,1736700.57  
"NC",1936,323,21500       
"NC",1936,324,6431389.84  
"NC",1936,325,828864.43   
"NC",1936,331,22960240.16 
"NC",1936,334,9167.6      
"NC",1936,336,2247.8      
"NC",1936,342,1750        
"NC",1936,343,391465.53   
"NC",1936,344,91674.3     
"NC",1936,345,80182.4     
"NC",1936,351,921614.98   
"NC",1936,352,15886.56    
"NC",1936,356,376024.74   
"NC",1936,361,13964.78    
"NC",1936,362,54313.97    
"NC",1936,363,411140.66   
"NC",1936,364,6905.04     
"NC",1936,365,511323.47   
"NC",1936,367,118268.68   
"NC",1936,368,1045340.17  
"NC",1936,369,189767.06   
"NC",1936,371,49824.96    
"NC",1936,373,168939.76   
"NC",1936,381,1500        
"NC",1936,391,109464.08   
"NC",1936,393,72140.13    
"NC",1936,395,3023.18     
"NC",1936,398,9265.21     
"NC",1936,399,600         
"NC",1936,413,10570       
"NC",1936,415,4923767.2   
"NC",1937,310,112117.48   
"NC",1937,311,24920892.91 
"NC",1937,313,7065029.06  
"NC",1937,316,9681.79     
"NC",1937,321,501203.8    
"NC",1937,322,2811919.17  
"NC",1937,323,47500       
"NC",1937,324,5838527.94  
"NC",1937,325,943911.15   
"NC",1937,331,28854312.91 
"NC",1937,334,4294.56     
"NC",1937,336,2330.53     
"NC",1937,342,1750        
"NC",1937,343,298563.4    
"NC",1937,344,105609.1    
"NC",1937,345,76888.56    
"NC",1937,351,1034812.01  
"NC",1937,352,20199.3     
"NC",1937,356,383683.58   
"NC",1937,361,199297.12   
"NC",1937,362,57551.56    
"NC",1937,363,411811.05   
"NC",1937,364,9951.08     
"NC",1937,365,527677.6    
"NC",1937,367,121046.96   
"NC",1937,368,1109256.89  
"NC",1937,369,467465.4    
"NC",1937,371,41586.95    
"NC",1937,381,1500        
"NC",1937,391,141033.14   
"NC",1937,393,175574.28   
"NC",1937,395,4341.22     
"NC",1937,398,7210.48     
"NC",1937,399,600         
"NC",1937,411,271320      
"NC",1937,413,4850.93     
"NC",1937,415,1884713.98  
"ND",1933,310,20549.66    
"ND",1933,311,2559274.96  
"ND",1933,313,1073390.12  
"ND",1933,316,12216.1     
"ND",1933,321,130494.93   
"ND",1933,322,19606.94    
"ND",1933,323,132098.84   
"ND",1933,324,9799.73     
"ND",1933,325,84187.39    
"ND",1933,331,4974616.06  
"ND",1933,333,59935.86    
"ND",1933,336,10193.48    
"ND",1933,341,8574.77     
"ND",1933,342,39722.6     
"ND",1933,343,278576.14   
"ND",1933,344,223287.15   
"ND",1933,345,46960.44    
"ND",1933,351,251373.81   
"ND",1933,352,10758.21    
"ND",1933,356,33225.44    
"ND",1933,361,117007.36   
"ND",1933,362,37968.17    
"ND",1933,363,188716.98   
"ND",1933,364,98.2        
"ND",1933,365,112628.45   
"ND",1933,367,1557267.9   
"ND",1933,368,107957.23   
"ND",1933,369,644527.52   
"ND",1933,380,553537.56   
"ND",1933,381,220198.67   
"ND",1933,391,37182.7     
"ND",1933,393,606702.53   
"ND",1933,395,54284.71    
"ND",1933,398,2334634.09  
"ND",1933,399,17220.69    
"ND",1933,401,2096519.24  
"ND",1933,412,472112.5    
"ND",1933,413,51400       
"ND",1933,416,1375        
"ND",1934,310,18221.72    
"ND",1934,311,2284411.62  
"ND",1934,313,940750.99   
"ND",1934,316,8977.14     
"ND",1934,321,56372.39    
"ND",1934,322,85023.25    
"ND",1934,323,76275.7     
"ND",1934,324,8288.05     
"ND",1934,325,72657       
"ND",1934,331,5635085.82  
"ND",1934,333,56628.76    
"ND",1934,336,4159.22     
"ND",1934,341,121.23      
"ND",1934,342,33217.44    
"ND",1934,343,326322.73   
"ND",1934,344,262476.2    
"ND",1934,345,25894.76    
"ND",1934,350,19319.92    
"ND",1934,351,157264.27   
"ND",1934,352,20080.6     
"ND",1934,356,8074.54     
"ND",1934,361,230.1       
"ND",1934,362,25923.97    
"ND",1934,363,127926.09   
"ND",1934,365,94883.55    
"ND",1934,366,200         
"ND",1934,367,969074.36   
"ND",1934,368,84335.89    
"ND",1934,369,555245.99   
"ND",1934,375,71599.45    
"ND",1934,380,1238314.89  
"ND",1934,381,225187.24   
"ND",1934,391,1779.97     
"ND",1934,393,655000      
"ND",1934,395,273261.1    
"ND",1934,398,1760222.94  
"ND",1934,399,2516.04     
"ND",1934,401,2075589.29  
"ND",1934,412,3733230     
"ND",1934,413,156219.02   
"ND",1935,310,19709.71    
"ND",1935,311,2437287.08  
"ND",1935,313,869848.66   
"ND",1935,315,306559.21   
"ND",1935,316,8561.78     
"ND",1935,320,442.59      
"ND",1935,321,18025.33    
"ND",1935,322,48748.49    
"ND",1935,323,77010.86    
"ND",1935,324,33144.54    
"ND",1935,325,76780.64    
"ND",1935,331,6650571.64  
"ND",1935,333,62438.06    
"ND",1935,336,2733.68     
"ND",1935,341,887.81      
"ND",1935,342,31977.75    
"ND",1935,343,436968.84   
"ND",1935,344,264838.98   
"ND",1935,345,65665.49    
"ND",1935,351,135322.82   
"ND",1935,352,35243.1     
"ND",1935,356,11865.74    
"ND",1935,361,124914.89   
"ND",1935,362,21336.89    
"ND",1935,363,124086.23   
"ND",1935,365,88868.3     
"ND",1935,367,307812.23   
"ND",1935,368,78793.83    
"ND",1935,369,428036.26   
"ND",1935,375,47953.46    
"ND",1935,376,37783.93    
"ND",1935,380,1951313.59  
"ND",1935,381,168471.35   
"ND",1935,391,1608.2      
"ND",1935,393,735000      
"ND",1935,395,19681.7     
"ND",1935,398,2082251.77  
"ND",1935,400,1851629.63  
"ND",1935,401,50839.01    
"ND",1935,412,6549185.11  
"ND",1935,413,1044401.11  
"ND",1936,310,25391.15    
"ND",1936,311,2106247.3   
"ND",1936,313,876936.9    
"ND",1936,315,1685974.35  
"ND",1936,316,8539.21     
"ND",1936,320,447040.88   
"ND",1936,321,24834.29    
"ND",1936,322,249677.16   
"ND",1936,323,261675.05   
"ND",1936,324,53559.61    
"ND",1936,325,74417.52    
"ND",1936,331,5611864.76  
"ND",1936,333,76413.15    
"ND",1936,336,7832.62     
"ND",1936,341,26371.83    
"ND",1936,342,36752       
"ND",1936,343,564618.21   
"ND",1936,344,289801.18   
"ND",1936,345,46493.15    
"ND",1936,351,149081.45   
"ND",1936,352,15786.55    
"ND",1936,356,29726.7     
"ND",1936,361,19026.59    
"ND",1936,362,28548.91    
"ND",1936,363,130441.63   
"ND",1936,365,104651.51   
"ND",1936,367,10262.7     
"ND",1936,368,225908.03   
"ND",1936,369,1015843.32  
"ND",1936,375,636395.36   
"ND",1936,376,76939.2     
"ND",1936,380,2839278.89  
"ND",1936,381,187927.01   
"ND",1936,391,16861.96    
"ND",1936,393,720000      
"ND",1936,395,19748.24    
"ND",1936,398,4918399.03  
"ND",1936,399,79.48       
"ND",1936,412,6839680.69  
"ND",1936,413,168800      
"ND",1937,310,12387.31    
"ND",1937,311,2257681.38  
"ND",1937,313,967282.95   
"ND",1937,315,1598650.79  
"ND",1937,316,10421.47    
"ND",1937,321,807487.85   
"ND",1937,322,33937.29    
"ND",1937,323,75972.76    
"ND",1937,324,73461.77    
"ND",1937,325,77254.34    
"ND",1937,331,9018718.87  
"ND",1937,333,77588.28    
"ND",1937,341,41135.13    
"ND",1937,342,33520.29    
"ND",1937,343,347779.39   
"ND",1937,344,276809.57   
"ND",1937,345,27574.22    
"ND",1937,351,326515.57   
"ND",1937,352,13720.61    
"ND",1937,356,149752.58   
"ND",1937,361,135545.61   
"ND",1937,362,27637.67    
"ND",1937,363,122167.3    
"ND",1937,364,200         
"ND",1937,365,91031.41    
"ND",1937,367,80497.2     
"ND",1937,368,153130.72   
"ND",1937,369,523043.83   
"ND",1937,375,857101.02   
"ND",1937,380,1423660.55  
"ND",1937,381,218005.32   
"ND",1937,391,18312.64    
"ND",1937,393,780000      
"ND",1937,395,504494.89   
"ND",1937,398,5133425.75  
"ND",1937,412,4635950.04  
"ND",1937,413,54135.72    
"NV",1933,311,712853.99   
"NV",1933,313,295853.14   
"NV",1933,314,15000       
"NV",1933,321,812.5       
"NV",1933,322,73.23       
"NV",1933,324,1010.52     
"NV",1933,331,3784730.61  
"NV",1933,336,881.18      
"NV",1933,350,45803.29    
"NV",1933,351,73886.43    
"NV",1933,363,53093.59    
"NV",1933,364,1100        
"NV",1933,368,365.92      
"NV",1933,369,1934.44     
"NV",1933,381,17652.88    
"NV",1933,390,760016.73   
"NV",1933,399,701.87      
"NV",1933,401,4390.72     
"NV",1933,413,231295.93   
"NV",1934,311,677224.35   
"NV",1934,313,261355.21   
"NV",1934,314,12085.8     
"NV",1934,321,93125       
"NV",1934,324,298.38      
"NV",1934,331,310905.04   
"NV",1934,336,1038.17     
"NV",1934,350,2892546.64  
"NV",1934,351,67334.11    
"NV",1934,363,53739.75    
"NV",1934,368,557.43      
"NV",1934,369,1086.4      
"NV",1934,381,17995.96    
"NV",1934,390,665974.2    
"NV",1934,401,12018.2     
"NV",1934,411,11755.31    
"NV",1934,413,95156.25    
"NV",1935,311,657805.62   
"NV",1935,313,349283.41   
"NV",1935,314,34903.97    
"NV",1935,324,52229.57    
"NV",1935,331,213961.66   
"NV",1935,336,1516.37     
"NV",1935,350,1569047.07  
"NV",1935,351,70473       
"NV",1935,363,54249.97    
"NV",1935,364,7000        
"NV",1935,368,468.65      
"NV",1935,369,1752.11     
"NV",1935,381,20399.88    
"NV",1935,390,735073.04   
"NV",1935,395,1616.43     
"NV",1935,401,73394.02    
"NV",1935,413,87846.25    
"NV",1936,311,980882.57   
"NV",1936,313,244948.69   
"NV",1936,314,59039.73    
"NV",1936,324,260214.8    
"NV",1936,331,87356.64    
"NV",1936,336,1316.47     
"NV",1936,350,2679727.71  
"NV",1936,351,73183.38    
"NV",1936,363,53000       
"NV",1936,368,114.5       
"NV",1936,369,1942.91     
"NV",1936,381,3167.46     
"NV",1936,390,736412.1    
"NV",1936,395,6017.57     
"NV",1936,399,235.72      
"NV",1936,401,52469.01    
"NV",1936,411,2000        
"NV",1936,413,89465.98    
"NV",1937,311,611832.23   
"NV",1937,313,304291.19   
"NV",1937,314,49387.16    
"NV",1937,324,86882.58    
"NV",1937,331,110482.53   
"NV",1937,336,1838.69     
"NV",1937,350,3836402.98  
"NV",1937,351,72741.93    
"NV",1937,363,52666.67    
"NV",1937,364,750         
"NV",1937,368,4           
"NV",1937,369,1747.86     
"NV",1937,390,812198.21   
"NV",1937,395,5883.92     
"NV",1937,399,220.5       
"NV",1937,401,15764.76    
"NV",1937,411,2000        
"NV",1937,413,83744.55    
"OH",1933,310,183651.74   
"OH",1933,311,8217275.72  
"OH",1933,313,7860912.24  
"OH",1933,316,26020.52    
"OH",1933,321,10672678.29 
"OH",1933,324,175000      
"OH",1933,325,597891.99   
"OH",1933,331,20440251.58 
"OH",1933,332,9397.77     
"OH",1933,334,4826.81     
"OH",1933,336,90844.85    
"OH",1933,341,65892.4     
"OH",1933,343,264679.28   
"OH",1933,344,313989.86   
"OH",1933,345,857720.68   
"OH",1933,351,1471815.9   
"OH",1933,352,78866.84    
"OH",1933,356,493925.2    
"OH",1933,361,703646.25   
"OH",1933,362,146473.28   
"OH",1933,363,898965.69   
"OH",1933,364,736.44      
"OH",1933,365,1334101.32  
"OH",1933,367,1732994.82  
"OH",1933,368,1063862.65  
"OH",1933,369,1186404.38  
"OH",1933,371,133531.23   
"OH",1933,393,30894123.54 
"OH",1933,395,1493325.68  
"OH",1933,398,58630.69    
"OH",1933,399,4697.81     
"OH",1933,401,325120.88   
"OH",1933,411,1794.92     
"OH",1933,414,20000       
"OH",1934,310,66782.79    
"OH",1934,311,16043997.18 
"OH",1934,313,8009456.2   
"OH",1934,316,23543.67    
"OH",1934,321,15963395.93 
"OH",1934,322,83366.68    
"OH",1934,324,425000      
"OH",1934,325,612079.23   
"OH",1934,331,34413330.96 
"OH",1934,332,11314.2     
"OH",1934,334,2129.96     
"OH",1934,336,128216.1    
"OH",1934,341,416366.95   
"OH",1934,343,254678      
"OH",1934,344,709988.86   
"OH",1934,345,496810.4    
"OH",1934,351,1797888.94  
"OH",1934,352,39319.44    
"OH",1934,356,360989.98   
"OH",1934,361,235402.22   
"OH",1934,362,149479.89   
"OH",1934,363,916156.68   
"OH",1934,365,2193677.17  
"OH",1934,367,474707.02   
"OH",1934,368,1488771.08  
"OH",1934,369,961108.19   
"OH",1934,393,49691564.45 
"OH",1934,395,2335238.59  
"OH",1934,398,29936.39    
"OH",1934,399,1628.79     
"OH",1934,401,342376.6    
"OH",1934,411,1129.92     
"PA",1933,311,40400676.68 
"PA",1933,321,17191656.25 
"PA",1933,324,48744119.88 
"PA",1933,331,55316308.63 
"PA",1933,341,1187657.86  
"PA",1933,342,1562.42     
"PA",1933,343,770166.24   
"PA",1933,345,1258427.72  
"PA",1933,351,6399372.37  
"PA",1933,356,1952901.75  
"PA",1933,361,1535752.08  
"PA",1933,362,416694.63   
"PA",1933,363,2861702.54  
"PA",1933,365,3570832.84  
"PA",1933,368,5375958.25  
"PA",1933,369,7785696.38  
"PA",1933,381,3920808.98  
"PA",1933,393,5957531.7   
"PA",1933,398,4573.68     
"PA",1933,401,172352.6    
"PA",1933,413,3852930     
"PA",1933,415,18068330    
"PA",1933,416,661240.43   
"PA",1934,311,42117726.01 
"PA",1934,321,54605864.65 
"PA",1934,324,65166620.64 
"PA",1934,325,34183387.75 
"PA",1934,331,53179852.76 
"PA",1934,341,1244498.18  
"PA",1934,343,990039.13   
"PA",1934,344,2028291.47  
"PA",1934,345,1147119.7   
"PA",1934,351,5502901.06  
"PA",1934,356,1820293.13  
"PA",1934,361,436895.37   
"PA",1934,362,323696.73   
"PA",1934,363,2866998.32  
"PA",1934,365,3063100.14  
"PA",1934,368,2266500.85  
"PA",1934,369,4823881.64  
"PA",1934,373,12914656.5  
"PA",1934,381,4413186.98  
"PA",1934,393,7838723.35  
"PA",1934,398,69574.94    
"PA",1934,401,204444.63   
"PA",1934,413,6168980     
"PA",1934,415,24568400    
"PA",1934,416,431234.7    
"PA",1935,311,36162096.11 
"PA",1935,321,34529136.84 
"PA",1935,324,166571023.82
"PA",1935,325,9579225.56  
"PA",1935,331,79126286.21 
"PA",1935,341,1280026.63  
"PA",1935,343,876708.59   
"PA",1935,344,100915.72   
"PA",1935,345,1260469.29  
"PA",1935,351,4667666.6   
"PA",1935,356,1849674.96  
"PA",1935,361,1093520.51  
"PA",1935,362,283525.4    
"PA",1935,363,2805419.87  
"PA",1935,365,3328110.54  
"PA",1935,368,2306061.58  
"PA",1935,369,4223202.66  
"PA",1935,373,47293999.38 
"PA",1935,381,5306295.36  
"PA",1935,393,3297938.86  
"PA",1935,398,79375.71    
"PA",1935,401,1726312.2   
"PA",1935,413,12208370    
"PA",1935,415,15055000    
"PA",1935,416,907774.1    
"PA",1936,311,44413390.26 
"PA",1936,321,98806436.09 
"PA",1936,324,84643285.21 
"PA",1936,325,544028.48   
"PA",1936,331,45343215.17 
"PA",1936,336,0           
"PA",1936,341,1266456.65  
"PA",1936,343,854613.85   
"PA",1936,344,163150.86   
"PA",1936,345,1198846.97  
"PA",1936,351,4125270.05  
"PA",1936,356,2270811.99  
"PA",1936,361,539066.62   
"PA",1936,362,271747.96   
"PA",1936,363,2898435.85  
"PA",1936,365,4177604.73  
"PA",1936,368,2247917.4   
"PA",1936,369,3541168.22  
"PA",1936,371,0           
"PA",1936,373,58736337.31 
"PA",1936,381,6605065.49  
"PA",1936,392,68221.08    
"PA",1936,393,16030460.13 
"PA",1936,395,0           
"PA",1936,398,448346.06   
"PA",1936,401,1708978.05  
"PA",1936,413,6865515     
"PA",1936,415,27153661.3  
"PA",1936,416,662833.67   
"PA",1937,311,46820721.56 
"PA",1937,321,97948062.17 
"PA",1937,324,6067706.38  
"PA",1937,325,309406.64   
"PA",1937,331,74050834.5  
"PA",1937,336,3948.3      
"PA",1937,341,1242956.25  
"PA",1937,343,1009308.9   
"PA",1937,344,227894.68   
"PA",1937,345,1173973.17  
"PA",1937,351,4319570.01  
"PA",1937,356,2921817.71  
"PA",1937,361,1376135.92  
"PA",1937,362,295094.48   
"PA",1937,363,2906439.17  
"PA",1937,365,5402157.77  
"PA",1937,368,2444441.77  
"PA",1937,369,3987530.34  
"PA",1937,371,17578.51    
"PA",1937,373,62259618.75 
"PA",1937,381,6537951.97  
"PA",1937,392,58239.22    
"PA",1937,393,11630916.41 
"PA",1937,395,333.87      
"PA",1937,398,11453393.81 
"PA",1937,401,2005400.02  
"PA",1937,413,116652425.65
"PA",1937,415,29274600    
"PA",1937,416,1107964.73  
"SC",1933,310,98455.77    
"SC",1933,311,3762503.37  
"SC",1933,313,425380.69   
"SC",1933,316,1601.37     
"SC",1933,321,5796.46     
"SC",1933,322,325416.3    
"SC",1933,324,1268762.44  
"SC",1933,325,2706.02     
"SC",1933,331,6474803.63  
"SC",1933,333,49139.64    
"SC",1933,335,6926.07     
"SC",1933,342,68536.27    
"SC",1933,343,144241.8    
"SC",1933,344,3661.79     
"SC",1933,345,22682.36    
"SC",1933,351,268248.12   
"SC",1933,352,1929.32     
"SC",1933,356,41276.18    
"SC",1933,361,122973.77   
"SC",1933,362,26324.7     
"SC",1933,363,103624.02   
"SC",1933,364,4542.8      
"SC",1933,365,256563.46   
"SC",1933,367,4280.32     
"SC",1933,368,40413.08    
"SC",1933,369,44178.13    
"SC",1933,391,34095.96    
"SC",1933,393,423992.15   
"SC",1933,395,122714.62   
"SC",1933,398,2750.31     
"SC",1933,399,847.95      
"SC",1933,400,550545.88   
"SC",1933,401,662274.75   
"SC",1933,402,761028.23   
"SC",1933,411,6398107.1   
"SC",1933,412,3407817.13  
"SC",1933,413,5870        
"SC",1934,310,42597.78    
"SC",1934,311,3416054.25  
"SC",1934,313,805377.05   
"SC",1934,316,3851.26     
"SC",1934,321,12583.11    
"SC",1934,322,1020411.48  
"SC",1934,324,3016335.06  
"SC",1934,325,537237.78   
"SC",1934,331,12335414.43 
"SC",1934,333,81733.45    
"SC",1934,334,657.63      
"SC",1934,335,50984.7     
"SC",1934,336,876.33      
"SC",1934,342,143459.49   
"SC",1934,343,281152.29   
"SC",1934,344,7449.71     
"SC",1934,345,46222.32    
"SC",1934,351,548882.82   
"SC",1934,352,4342.29     
"SC",1934,356,98626.67    
"SC",1934,361,139633.41   
"SC",1934,362,42971.62    
"SC",1934,363,183584.49   
"SC",1934,364,28197.35    
"SC",1934,365,618735.35   
"SC",1934,367,8768.15     
"SC",1934,368,113908.25   
"SC",1934,369,122341.8    
"SC",1934,391,302817.85   
"SC",1934,393,1384523.19  
"SC",1934,395,474927.39   
"SC",1934,398,10376.09    
"SC",1934,399,1561.08     
"SC",1934,400,812880.95   
"SC",1934,401,1792893.65  
"SC",1934,411,138551.09   
"SC",1934,412,5005143.05  
"SC",1934,413,754130      
"SC",1934,415,600000      
"SC",1934,418,887.6       
"SC",1935,310,46494.36    
"SC",1935,311,6226527.86  
"SC",1935,313,901225.83   
"SC",1935,316,3718.19     
"SC",1935,321,19615.51    
"SC",1935,322,897342.2    
"SC",1935,324,3802750.9   
"SC",1935,325,472293.02   
"SC",1935,331,20016900.51 
"SC",1935,333,115714.24   
"SC",1935,334,2434.59     
"SC",1935,335,135303.55   
"SC",1935,341,3211.9      
"SC",1935,342,118962.47   
"SC",1935,343,449023.84   
"SC",1935,344,6312.51     
"SC",1935,345,200808.63   
"SC",1935,351,494983.05   
"SC",1935,352,3579.49     
"SC",1935,356,96633.63    
"SC",1935,361,196234.19   
"SC",1935,362,43505.71    
"SC",1935,363,348868.83   
"SC",1935,364,46106.51    
"SC",1935,365,828795.81   
"SC",1935,367,7720.45     
"SC",1935,368,88662.87    
"SC",1935,369,100673.8    
"SC",1935,371,6209.44     
"SC",1935,391,170089.67   
"SC",1935,392,137634.17   
"SC",1935,393,1628646.11  
"SC",1935,395,800810.12   
"SC",1935,398,25524.07    
"SC",1935,399,1536.5      
"SC",1935,400,5638175.14  
"SC",1935,401,1584813.65  
"SC",1935,411,140967.92   
"SC",1935,412,6374017.72  
"SC",1935,413,2200000     
"SC",1935,418,8378.92     
"SC",1936,310,63985.58    
"SC",1936,311,8755570.83  
"SC",1936,313,992672.11   
"SC",1936,316,4074.64     
"SC",1936,321,68075.21    
"SC",1936,322,1331362.14  
"SC",1936,324,2490511.33  
"SC",1936,325,446741.65   
"SC",1936,331,9505728.09  
"SC",1936,332,10237.84    
"SC",1936,333,6249.46     
"SC",1936,334,8800.57     
"SC",1936,335,90521.39    
"SC",1936,341,58451.81    
"SC",1936,342,285020.19   
"SC",1936,343,528720.19   
"SC",1936,344,8201.23     
"SC",1936,345,46468.82    
"SC",1936,351,597853.24   
"SC",1936,352,5980.5      
"SC",1936,355,51053.51    
"SC",1936,356,152994.45   
"SC",1936,361,232516.2    
"SC",1936,362,47520.16    
"SC",1936,363,258249.69   
"SC",1936,364,20884.01    
"SC",1936,365,2408458.7   
"SC",1936,367,8542.03     
"SC",1936,368,79128.39    
"SC",1936,369,164621.85   
"SC",1936,371,131138.73   
"SC",1936,391,302942.22   
"SC",1936,393,1703103.22  
"SC",1936,395,609957.12   
"SC",1936,398,6212.89     
"SC",1936,399,2715.22     
"SC",1936,400,923186.48   
"SC",1936,401,1506853.19  
"SC",1936,411,83576.09    
"SC",1936,412,10289035.92 
"SC",1936,413,2925000     
"SC",1936,418,179.1       
"SC",1937,310,92132.51    
"SC",1937,311,5875234.11  
"SC",1937,313,1116361.1   
"SC",1937,316,5001.42     
"SC",1937,321,178481.98   
"SC",1937,322,1824275.04  
"SC",1937,324,3685502.54  
"SC",1937,325,378171      
"SC",1937,331,9659807.39  
"SC",1937,332,29424.76    
"SC",1937,334,1485.27     
"SC",1937,341,9348.79     
"SC",1937,342,216964.93   
"SC",1937,343,615616.9    
"SC",1937,344,11954.08    
"SC",1937,345,47316.55    
"SC",1937,351,641636.03   
"SC",1937,352,7246.86     
"SC",1937,355,205653.3    
"SC",1937,356,151019.62   
"SC",1937,361,212455.88   
"SC",1937,362,92010.94    
"SC",1937,363,252174.22   
"SC",1937,364,46824.62    
"SC",1937,365,475019.39   
"SC",1937,367,8502.59     
"SC",1937,368,90425.03    
"SC",1937,369,179227.03   
"SC",1937,371,176092.09   
"SC",1937,391,221049.62   
"SC",1937,393,3087083.35  
"SC",1937,395,940042.62   
"SC",1937,398,13734.13    
"SC",1937,399,2374.72     
"SC",1937,400,1347410.63  
"SC",1937,401,1495107.95  
"SC",1937,411,138177.93   
"SC",1937,412,3642809.87  
"SC",1937,413,400000      
"SD",1933,311,1321081.24  
"SD",1933,313,252325.95   
"SD",1933,321,9771.09     
"SD",1933,322,100.36      
"SD",1933,323,5710.03     
"SD",1933,324,8205.76     
"SD",1933,325,4669.07     
"SD",1933,331,5372382.97  
"SD",1933,335,16616.9     
"SD",1933,342,18001.08    
"SD",1933,343,10352.77    
"SD",1933,344,6971.08     
"SD",1933,345,10529.68    
"SD",1933,351,264575.95   
"SD",1933,352,7101.66     
"SD",1933,356,4032.27     
"SD",1933,364,81898.71    
"SD",1933,365,79965.39    
"SD",1933,367,127632.38   
"SD",1933,368,1259316.87  
"SD",1933,369,333597.76   
"SD",1933,380,113040.96   
"SD",1933,395,7395852.84  
"SD",1933,398,3669270.24  
"SD",1933,411,1103781.25  
"SD",1934,311,1748371.41  
"SD",1934,313,214546.37   
"SD",1934,321,109.38      
"SD",1934,322,1165.38     
"SD",1934,323,945.57      
"SD",1934,324,23719.31    
"SD",1934,325,4658.35     
"SD",1934,331,5145699.75  
"SD",1934,335,12408.91    
"SD",1934,342,13585.88    
"SD",1934,343,14415.85    
"SD",1934,344,13153.34    
"SD",1934,345,442.25      
"SD",1934,351,183473.66   
"SD",1934,352,14920.42    
"SD",1934,356,4007.06     
"SD",1934,363,4652.3      
"SD",1934,365,119678.46   
"SD",1934,368,130599.57   
"SD",1934,369,228524.66   
"SD",1934,380,250542.67   
"SD",1934,391,241877.55   
"SD",1934,393,90532.17    
"SD",1934,395,2553756.41  
"SD",1934,398,2787876.22  
"SD",1934,411,6903043.96  
"SD",1935,311,2471513.96  
"SD",1935,313,332213.49   
"SD",1935,321,3770.87     
"SD",1935,323,10874.94    
"SD",1935,324,17067.1     
"SD",1935,325,1735.94     
"SD",1935,331,6885440.26  
"SD",1935,335,11053.25    
"SD",1935,341,4685.92     
"SD",1935,342,14118.77    
"SD",1935,343,14733.72    
"SD",1935,344,14848.51    
"SD",1935,345,592.22      
"SD",1935,351,165230.76   
"SD",1935,352,17476.7     
"SD",1935,356,3213.82     
"SD",1935,363,4983.18     
"SD",1935,365,126394.29   
"SD",1935,368,138166.49   
"SD",1935,369,265561.22   
"SD",1935,380,71739.7     
"SD",1935,391,202565.95   
"SD",1935,393,140678.66   
"SD",1935,395,1858683.14  
"SD",1935,398,2844319.59  
"SD",1935,411,4976303.98  
"SD",1936,311,2463532.42  
"SD",1936,313,435756.12   
"SD",1936,321,511.79      
"SD",1936,322,560         
"SD",1936,323,8161.63     
"SD",1936,324,284884.35   
"SD",1936,325,885.78      
"SD",1936,331,7367218.24  
"SD",1936,335,15152.24    
"SD",1936,341,175156.98   
"SD",1936,342,16600.39    
"SD",1936,343,13879.47    
"SD",1936,344,8123.31     
"SD",1936,345,5162.8      
"SD",1936,351,194534.55   
"SD",1936,352,14941.33    
"SD",1936,356,14374.13    
"SD",1936,363,4951.64     
"SD",1936,365,160360.49   
"SD",1936,368,123792.66   
"SD",1936,369,401284.6    
"SD",1936,375,5836.57     
"SD",1936,380,30776.97    
"SD",1936,391,324688.96   
"SD",1936,393,172158.59   
"SD",1936,395,2311855.63  
"SD",1936,398,2802843.03  
"SD",1936,411,19136390.95 
"SD",1937,311,4536392.46  
"SD",1937,313,408558.55   
"SD",1937,321,33961.91    
"SD",1937,322,18721.73    
"SD",1937,323,8873.76     
"SD",1937,324,1883797.7   
"SD",1937,325,389.55      
"SD",1937,331,8332841.96  
"SD",1937,335,15642.06    
"SD",1937,341,155930.06   
"SD",1937,342,17396.32    
"SD",1937,343,40780.84    
"SD",1937,344,8935.07     
"SD",1937,345,5.94        
"SD",1937,351,214912.94   
"SD",1937,352,41623.69    
"SD",1937,356,69514.58    
"SD",1937,363,4775        
"SD",1937,365,174435.12   
"SD",1937,366,27.05       
"SD",1937,368,124872.03   
"SD",1937,369,140662.62   
"SD",1937,375,9757.47     
"SD",1937,380,10802.72    
"SD",1937,391,217363.61   
"SD",1937,393,181436.11   
"SD",1937,395,2104811.23  
"SD",1937,398,3181062.88  
"SD",1937,411,5372875     
"UT",1933,310,4770527.51  
"UT",1933,322,332985.33   
"UT",1933,323,279629.84   
"UT",1933,325,30146.18    
"UT",1933,331,5442981.23  
"UT",1933,343,155892.97   
"UT",1933,344,71004.32    
"UT",1933,345,55920.53    
"UT",1933,351,197819.77   
"UT",1933,355,22684.74    
"UT",1933,361,11176.09    
"UT",1933,362,489567.65   
"UT",1933,363,243640.61   
"UT",1933,365,216735.89   
"UT",1933,367,96877.11    
"UT",1933,369,39149.16    
"UT",1933,371,29108.02    
"UT",1933,391,29088.32    
"UT",1933,393,87680.9     
"UT",1933,400,510965.24   
"UT",1933,411,603750      
"UT",1933,412,1000000     
"UT",1933,415,401846.09   
"UT",1934,310,4994914.9   
"UT",1934,322,311334.98   
"UT",1934,324,3715439.75  
"UT",1934,325,37771.13    
"UT",1934,331,6772166.95  
"UT",1934,336,199260.62   
"UT",1934,343,156426.93   
"UT",1934,344,42845.02    
"UT",1934,345,64459.91    
"UT",1934,351,177110.77   
"UT",1934,355,14366.18    
"UT",1934,361,31393.55    
"UT",1934,362,352134.86   
"UT",1934,363,212956.48   
"UT",1934,365,278860.84   
"UT",1934,367,6157.16     
"UT",1934,369,46259.23    
"UT",1934,371,16528.78    
"UT",1934,391,13545.73    
"UT",1934,393,138670.23   
"UT",1934,398,57095.97    
"UT",1934,400,463347.78   
"UT",1934,411,11471.83    
"UT",1934,412,660000      
"UT",1934,413,658750      
"UT",1934,414,150000      
"UT",1934,415,1090191.26  
"UT",1934,416,11938.28    
"UT",1935,310,5986204.6   
"UT",1935,313,37367.05    
"UT",1935,322,323078.44   
"UT",1935,324,15574889.31 
"UT",1935,325,37807.05    
"UT",1935,331,6625576.28  
"UT",1935,336,1279283.98  
"UT",1935,343,164166.06   
"UT",1935,345,40800.93    
"UT",1935,351,226022.77   
"UT",1935,355,16508.47    
"UT",1935,361,69899.51    
"UT",1935,362,483802.59   
"UT",1935,363,198341.05   
"UT",1935,365,240240.73   
"UT",1935,367,11850.71    
"UT",1935,369,12782.77    
"UT",1935,371,2727.8      
"UT",1935,391,8488.31     
"UT",1935,393,162751.49   
"UT",1935,400,600040.65   
"UT",1935,412,650000      
"UT",1935,413,793750      
"UT",1935,415,5883523.87  
"UT",1936,310,5763304.38  
"UT",1936,313,38689.04    
"UT",1936,322,309601.03   
"UT",1936,324,6054839.7   
"UT",1936,325,36835.3     
"UT",1936,331,6727113.68  
"UT",1936,336,302728.07   
"UT",1936,343,161928.1    
"UT",1936,345,66805.14    
"UT",1936,351,309994.122  
"UT",1936,355,16710.31    
"UT",1936,361,46.2        
"UT",1936,362,601276.25   
"UT",1936,363,200861.27   
"UT",1936,365,359288.34   
"UT",1936,369,204658.42   
"UT",1936,371,5283.24     
"UT",1936,391,22042.38    
"UT",1936,393,132170.85   
"UT",1936,400,467168.34   
"UT",1936,413,281250      
"UT",1936,415,1319707.4   
"UT",1936,416,45628.41    
"UT",1937,310,62959.35    
"UT",1937,311,4622264.73  
"UT",1937,313,1834186.35  
"UT",1937,321,28262.6     
"UT",1937,322,376078.1    
"UT",1937,324,4043641.56  
"UT",1937,325,8451.4      
"UT",1937,331,7485061.87  
"UT",1937,336,234787.26   
"UT",1937,343,204390.59   
"UT",1937,345,66380.06    
"UT",1937,351,311925.12   
"UT",1937,355,16567.97    
"UT",1937,361,79846.31    
"UT",1937,362,622057.16   
"UT",1937,363,257404.36   
"UT",1937,365,440141.36   
"UT",1937,367,68993.87    
"UT",1937,369,10862.91    
"UT",1937,371,3272.24     
"UT",1937,381,3448.17     
"UT",1937,391,25614.16    
"UT",1937,393,173252.36   
"UT",1937,395,895.38      
"UT",1937,398,104.07      
"UT",1937,400,467915.5    
"UT",1937,412,2000000     
"UT",1937,413,1179250     
"UT",1937,415,1346459.45  
"UT",1937,416,72948.07    
"VA",1933,310,491056.16   
"VA",1933,311,6752719.25  
"VA",1933,313,6092061     
"VA",1933,320,105683.18   
"VA",1933,322,2383595.82  
"VA",1933,325,792667.12   
"VA",1933,331,18829158.59 
"VA",1933,341,1171717.53  
"VA",1933,343,1326287.48  
"VA",1933,345,97714.26    
"VA",1933,351,1047602.63  
"VA",1933,361,19929.52    
"VA",1933,362,42415.17    
"VA",1933,363,466148.85   
"VA",1933,365,848003.06   
"VA",1933,367,84416.76    
"VA",1933,368,555209.38   
"VA",1933,369,429754.64   
"VA",1933,380,83060.45    
"VA",1933,393,516161.16   
"VA",1933,398,52974.07    
"VA",1933,400,805726.09   
"VA",1933,413,235761.9    
"VA",1934,310,394060.45   
"VA",1934,311,5757747.81  
"VA",1934,313,5793918.81  
"VA",1934,320,128929.35   
"VA",1934,322,2236625.71  
"VA",1934,325,733093.74   
"VA",1934,331,18919407.18 
"VA",1934,343,1442954.81  
"VA",1934,345,78162.34    
"VA",1934,346,854841.07   
"VA",1934,351,2696261.24  
"VA",1934,361,283495.17   
"VA",1934,363,63327.55    
"VA",1934,365,610208.95   
"VA",1934,367,76173.89    
"VA",1934,368,945427.1    
"VA",1934,369,543650.12   
"VA",1934,375,1105807.59  
"VA",1934,380,79500.14    
"VA",1934,393,495906.02   
"VA",1934,398,74285.01    
"VA",1934,400,830527.71   
"VA",1934,413,526908      
"VA",1935,310,583136.97   
"VA",1935,311,7335387.16  
"VA",1935,313,6341822.1   
"VA",1935,320,144336.46   
"VA",1935,322,2540349.92  
"VA",1935,325,737680.62   
"VA",1935,331,20796762.07 
"VA",1935,341,1098515.89  
"VA",1935,343,1757508.1   
"VA",1935,345,93773.8     
"VA",1935,351,1209065.63  
"VA",1935,361,22948.02    
"VA",1935,362,47140.97    
"VA",1935,363,466766.18   
"VA",1935,365,877351.1    
"VA",1935,367,91084.04    
"VA",1935,368,571809.09   
"VA",1935,369,450693.28   
"VA",1935,375,9374258.26  
"VA",1935,380,82014.12    
"VA",1935,393,578900.18   
"VA",1935,398,50283.9     
"VA",1935,400,815499.25   
"VA",1935,413,469814.8    
"VA",1936,310,636450.25   
"VA",1936,311,7245119.79  
"VA",1936,313,7369962.28  
"VA",1936,320,155393.45   
"VA",1936,322,2716277.97  
"VA",1936,325,653515.33   
"VA",1936,331,21377499.65 
"VA",1936,332,1049.43     
"VA",1936,341,1180920.41  
"VA",1936,343,1704346.23  
"VA",1936,345,151568.5    
"VA",1936,351,1212905.65  
"VA",1936,361,192710.73   
"VA",1936,362,38607.69    
"VA",1936,363,486090.04   
"VA",1936,365,864326.11   
"VA",1936,367,112708.92   
"VA",1936,368,624501.71   
"VA",1936,369,461985.72   
"VA",1936,375,9953105.48  
"VA",1936,380,87366.89    
"VA",1936,393,1489156.21  
"VA",1936,398,48981.19    
"VA",1936,400,743326.18   
"VA",1936,413,672621.19   
"VA",1937,310,680138.39   
"VA",1937,311,8009837.32  
"VA",1937,313,8214534.88  
"VA",1937,320,1040055.58  
"VA",1937,322,3605613.71  
"VA",1937,324,113487.77   
"VA",1937,325,606332.9    
"VA",1937,331,25260910.01 
"VA",1937,332,8535.52     
"VA",1937,341,1184803.98  
"VA",1937,343,2001952.16  
"VA",1937,345,115260.84   
"VA",1937,351,1342487.81  
"VA",1937,357,12266056.65 
"VA",1937,361,107621.47   
"VA",1937,362,54496.84    
"VA",1937,363,505996.06   
"VA",1937,365,989421.73   
"VA",1937,367,110065.38   
"VA",1937,368,838185.76   
"VA",1937,369,481707.28   
"VA",1937,380,88865.47    
"VA",1937,393,1801398.46  
"VA",1937,398,55482.7     
"VA",1937,400,716066.22   
"VA",1937,413,690494.84   
"VT",1933,310,115155.36   
"VT",1933,311,439348.71   
"VT",1933,313,438501.64   
"VT",1933,316,29940.93    
"VT",1933,320,275323.07   
"VT",1933,321,111277      
"VT",1933,322,513784.89   
"VT",1933,325,63558.05    
"VT",1933,331,5055397.84  
"VT",1933,336,14845.32    
"VT",1933,341,23771.25    
"VT",1933,342,5909.75     
"VT",1933,343,484267.79   
"VT",1933,344,25253.38    
"VT",1933,345,247660.66   
"VT",1933,351,433487.8    
"VT",1933,352,125494.38   
"VT",1933,356,69175.19    
"VT",1933,361,170001.85   
"VT",1933,362,49416.6     
"VT",1933,363,365795.95   
"VT",1933,364,9           
"VT",1933,365,113588.83   
"VT",1933,367,1830.11     
"VT",1933,368,125367.48   
"VT",1933,369,113100.43   
"VT",1933,375,1228.16     
"VT",1933,381,2120        
"VT",1933,391,56570.59    
"VT",1933,393,158939.97   
"VT",1933,395,1103        
"VT",1933,398,18856.1     
"VT",1933,399,37.59       
"VT",1933,401,391283.27   
"VT",1933,411,10000       
"VT",1933,413,2860000     
"VT",1933,415,20000       
"VT",1934,310,79710.97    
"VT",1934,311,412609.45   
"VT",1934,313,435354.39   
"VT",1934,316,23013.73    
"VT",1934,320,24287.08    
"VT",1934,321,127108.81   
"VT",1934,322,220236.33   
"VT",1934,323,260406.17   
"VT",1934,325,56270.69    
"VT",1934,331,4610153.95  
"VT",1934,336,131477.1    
"VT",1934,341,25851.67    
"VT",1934,342,5691.94     
"VT",1934,343,401577.64   
"VT",1934,344,23171.104   
"VT",1934,345,171018.71   
"VT",1934,351,735011.58   
"VT",1934,352,114064.63   
"VT",1934,356,53807.28    
"VT",1934,361,44055.77    
"VT",1934,362,126452.32   
"VT",1934,363,248395.84   
"VT",1934,364,396.5       
"VT",1934,365,60996.35    
"VT",1934,367,1301.72     
"VT",1934,368,138721.29   
"VT",1934,369,105078.19   
"VT",1934,375,12191.95    
"VT",1934,381,1491.75     
"VT",1934,391,28006.31    
"VT",1934,393,199483.07   
"VT",1934,395,977697.21   
"VT",1934,398,2868.45     
"VT",1934,399,32.18       
"VT",1934,400,108476.01   
"VT",1934,401,322550      
"VT",1934,411,10442.75    
"VT",1934,413,5315000     
"VT",1934,415,20000       
"VT",1935,310,81041.1     
"VT",1935,311,308589.84   
"VT",1935,313,437387.36   
"VT",1935,316,23006.23    
"VT",1935,320,24993.21    
"VT",1935,321,137667.61   
"VT",1935,322,219685.55   
"VT",1935,323,274800.6    
"VT",1935,324,21839.93    
"VT",1935,325,57361.23    
"VT",1935,331,5852919.59  
"VT",1935,336,58446.11    
"VT",1935,341,24878.91    
"VT",1935,342,8349.28     
"VT",1935,343,400745.53   
"VT",1935,344,18305.2     
"VT",1935,345,166277.83   
"VT",1935,351,336422.05   
"VT",1935,352,118500      
"VT",1935,356,53757.67    
"VT",1935,361,160083.84   
"VT",1935,362,57413.74    
"VT",1935,363,328921.75   
"VT",1935,364,409.76      
"VT",1935,365,61524.61    
"VT",1935,367,1534.76     
"VT",1935,368,137093.53   
"VT",1935,369,168309.2    
"VT",1935,375,5814.32     
"VT",1935,381,2195.12     
"VT",1935,391,19091.38    
"VT",1935,393,33745.23    
"VT",1935,395,3504238.65  
"VT",1935,398,3054.16     
"VT",1935,399,26.79       
"VT",1935,400,78681.67    
"VT",1935,401,175743.75   
"VT",1935,411,3983.94     
"VT",1935,413,3639225     
"VT",1935,415,20000       
"VT",1936,310,17491.81    
"VT",1936,311,808082.05   
"VT",1936,313,378448.74   
"VT",1936,316,26323.17    
"VT",1936,320,29950.25    
"VT",1936,321,190163.38   
"VT",1936,322,227426.17   
"VT",1936,323,282071.76   
"VT",1936,324,365011.83   
"VT",1936,325,62950.92    
"VT",1936,331,5126998.59  
"VT",1936,332,119.42      
"VT",1936,336,144324.31   
"VT",1936,341,23454.77    
"VT",1936,342,6491.03     
"VT",1936,343,463778.2    
"VT",1936,344,22374.11    
"VT",1936,345,149122.15   
"VT",1936,351,277511.17   
"VT",1936,352,122698.35   
"VT",1936,356,65021.85    
"VT",1936,361,31141.15    
"VT",1936,362,56194.29    
"VT",1936,363,373446.83   
"VT",1936,364,45.12       
"VT",1936,365,72055.58    
"VT",1936,367,8962.98     
"VT",1936,368,178070.13   
"VT",1936,369,71181.84    
"VT",1936,371,118.92      
"VT",1936,375,1274086.02  
"VT",1936,381,1600        
"VT",1936,391,55542.61    
"VT",1936,393,16693.11    
"VT",1936,395,586118.88   
"VT",1936,398,9098.12     
"VT",1936,399,24.09       
"VT",1936,400,73181.67    
"VT",1936,401,222618.75   
"VT",1936,411,10000       
"VT",1936,413,6438125     
"VT",1936,415,20000       
"VT",1937,310,17073.25    
"VT",1937,311,841219.06   
"VT",1937,313,385914.68   
"VT",1937,316,26384.31    
"VT",1937,320,29436.64    
"VT",1937,321,284035.48   
"VT",1937,322,228118.54   
"VT",1937,323,287857.7    
"VT",1937,324,644834.49   
"VT",1937,325,61104.63    
"VT",1937,331,5785340.13  
"VT",1937,332,783.86      
"VT",1937,336,119095.46   
"VT",1937,341,23909.13    
"VT",1937,342,6619.71     
"VT",1937,343,480539.02   
"VT",1937,344,27207.6     
"VT",1937,345,203240.96   
"VT",1937,351,284995.78   
"VT",1937,352,123083.75   
"VT",1937,356,90690.75    
"VT",1937,361,175488.46   
"VT",1937,362,64608.97    
"VT",1937,363,338761.2    
"VT",1937,364,68.8        
"VT",1937,365,89802.15    
"VT",1937,367,2311.64     
"VT",1937,368,184661.67   
"VT",1937,369,78819.21    
"VT",1937,375,1522660.17  
"VT",1937,381,1600        
"VT",1937,391,38157.69    
"VT",1937,393,19815.13    
"VT",1937,395,93201       
"VT",1937,398,23895.6     
"VT",1937,399,21.4        
"VT",1937,400,88912.03    
"VT",1937,401,206737.5    
"VT",1937,411,10000       
"VT",1937,413,2537233.11  
"VT",1937,415,20000       
"ID",1933,300,4033228.45  
"ID",1933,310,18360.92    
"ID",1933,311,4511834.54  
"ID",1933,313,590230.17   
"ID",1933,321,287424.42   
"ID",1933,322,217753.81   
"ID",1933,323,634.9       
"ID",1933,324,15522.15    
"ID",1933,325,15436.22    
"ID",1933,331,7972909.54  
"ID",1933,332,20431.9     
"ID",1933,336,861026.25   
"ID",1933,341,568571.85   
"ID",1933,342,1154.13     
"ID",1933,343,325101.47   
"ID",1933,344,253913.44   
"ID",1933,345,25116.34    
"ID",1933,351,1097598.62  
"ID",1933,352,7501.07     
"ID",1933,355,380.63      
"ID",1933,356,21889.02    
"ID",1933,362,2112.67     
"ID",1933,363,13127.15    
"ID",1933,365,94274.78    
"ID",1933,367,10929.52    
"ID",1933,368,1696478.06  
"ID",1933,369,195061.36   
"ID",1933,371,11630.98    
"ID",1933,380,812002.16   
"ID",1933,391,549678.48   
"ID",1933,395,3032781.8   
"ID",1933,398,29470.56    
"ID",1933,410,24012.69    
"ID",1933,411,4829483.88  
"ID",1935,300,5680667.25  
"ID",1935,310,4614.19     
"ID",1935,311,4162958.24  
"ID",1935,313,881030.19   
"ID",1935,321,451525.39   
"ID",1935,322,132854.4    
"ID",1935,323,435.61      
"ID",1935,324,42673.09    
"ID",1935,325,26733.45    
"ID",1935,331,9235774.93  
"ID",1935,332,12284.14    
"ID",1935,336,1107206.5   
"ID",1935,341,683864.67   
"ID",1935,342,1009        
"ID",1935,343,156026.26   
"ID",1935,344,318791.09   
"ID",1935,345,2914.58     
"ID",1935,351,1544576.96  
"ID",1935,352,8857.26     
"ID",1935,355,508.03      
"ID",1935,356,57057.35    
"ID",1935,362,1537.27     
"ID",1935,363,6521.43     
"ID",1935,365,62316.12    
"ID",1935,367,912         
"ID",1935,368,461108.32   
"ID",1935,369,84582.88    
"ID",1935,371,13807.94    
"ID",1935,375,4780540.08  
"ID",1935,380,3200262.68  
"ID",1935,391,687360.05   
"ID",1935,395,6166868.3   
"ID",1935,398,4758930.43  
"ID",1935,410,46372.31    
"ID",1935,411,1965470.86  
"ID",1937,300,8702652.87  
"ID",1937,310,24643.71    
"ID",1937,311,4317104.58  
"ID",1937,313,815638.34   
"ID",1937,321,448382.35   
"ID",1937,322,378679.16   
"ID",1937,323,1701.47     
"ID",1937,324,3427195.91  
"ID",1937,325,38377.66    
"ID",1937,331,13525389.32 
"ID",1937,332,12560.69    
"ID",1937,336,999931.54   
"ID",1937,341,1039140.47  
"ID",1937,342,111408.83   
"ID",1937,343,445539.62   
"ID",1937,344,351472.83   
"ID",1937,345,1615.08     
"ID",1937,351,1596311.72  
"ID",1937,352,24135.78    
"ID",1937,355,330.25      
"ID",1937,356,187690.74   
"ID",1937,362,500         
"ID",1937,363,10254.67    
"ID",1937,365,85280.83    
"ID",1937,367,7384.89     
"ID",1937,368,734182.51   
"ID",1937,369,169482.68   
"ID",1937,371,22206.64    
"ID",1937,375,9123613.43  
"ID",1937,380,3113206.34  
"ID",1937,391,1057205.05  
"ID",1937,395,2032688.59  
"ID",1937,398,8017071.08  
"ID",1937,410,26190.04    
"ID",1937,411,1213975.59  
"IL",1933,300,79191036.16 
"IL",1933,311,1371964.15  
"IL",1933,313,6158284.88  
"IL",1933,324,41658806.75 
"IL",1933,325,248362.33   
"IL",1933,331,69629325.81 
"IL",1933,334,2019817.17  
"IL",1933,342,191794.71   
"IL",1933,351,1716881.84  
"IL",1933,381,1849916.4   
"IL",1933,393,41482477.25 
"IL",1933,398,1849224.3   
"IL",1933,410,59002304.9  
"IL",1935,300,73112733.07 
"IL",1935,311,1476848.29  
"IL",1935,313,7206373.34  
"IL",1935,324,57322323.36 
"IL",1935,325,319506.74   
"IL",1935,331,74893512.81 
"IL",1935,334,870025.12   
"IL",1935,336,607051.73   
"IL",1935,342,153026.08   
"IL",1935,351,1632102.23  
"IL",1935,356,7123.38     
"IL",1935,381,2127945.76  
"IL",1935,393,49197803.16 
"IL",1935,398,14211691.59 
"IL",1935,410,70997893.01 
"IL",1937,300,102114147.54
"IL",1937,311,1862814.29  
"IL",1937,313,7756903.58  
"IL",1937,321,155504.45   
"IL",1937,324,108935449.15
"IL",1937,325,432147.85   
"IL",1937,331,80402083.08 
"IL",1937,334,41916.73    
"IL",1937,336,6329945.02  
"IL",1937,342,238607.69   
"IL",1937,351,2089797.87  
"IL",1937,356,813143.41   
"IL",1937,381,2984757.96  
"IL",1937,393,66192713.48 
"IL",1937,398,4054416.81  
"IL",1937,410,39331264.73 
