"NJ",1839,3,117384.49   
"NJ",1843,3,112042.22   
"NJ",1847,3,156995.06   
"NJ",1849,3,126552.75   
"NJ",1851,3,180614.74   
"NJ",1852,3,165538.12   
"NJ",1853,3,150760.48   
"NJ",1854,3,180463.94   
"NJ",1855,3,221140.32   
"NJ",1856,3,180035.21   
"NJ",1857,3,237211.78   
"NJ",1859,3,200993.44   
"NJ",1860,3,223060.37   
"NJ",1861,3,257432.62   
"NJ",1862,3,186073.07   
"NJ",1863,3,241775.14   
"NJ",1864,3,396410.28   
"NJ",1865,3,431120.57   
"NJ",1866,3,582627.86   
"NJ",1868,3,572853.06   
"NJ",1870,3,582123.71   
"NJ",1871,3,801618.38   
"NJ",1872,3,858407.21   
"NJ",1873,3,1154669.48  
"NJ",1874,3,1618416.54  
"NJ",1876,3,1597354.93  
"NJ",1877,3,1649487.59  
"NJ",1878,3,1723480.72  
"NJ",1879,3,1080298.95  
"NJ",1880,3,1038527.25  
"NJ",1881,3,1168319.13  
"NJ",1882,3,1203667.71  
"NJ",1883,3,1487748.331 
"NJ",1884,3,1120495.79  
"NJ",1885,3,1329062     
"NJ",1886,3,1262950.44  
"NJ",1887,3,1689056.78  
"NJ",1888,3,1542613.21  
"NJ",1889,3,1440005.42  
"NJ",1890,3,1639142.97  
"NJ",1891,3,2262696.45  
"NJ",1892,3,1698405.7   
"NJ",1893,3,1857982.83  
"NJ",1894,3,1930255.22  
"NJ",1895,3,2269039.86  
"NJ",1896,3,2152651.78  
"NJ",1897,3,2478060.97  
"NJ",1898,3,2667577.1   
"NJ",1899,3,3149702.98  
                        
"NJ",1839,31,296.87     
"NJ",1839,32,8380.42    
"NJ",1839,34,16192.46   
"NJ",1839,36,36741.22   
"NJ",1839,39,15953.6    
"NJ",1839,40,1819.92    
"NJ",1839,41,38000      
"NJ",1843,31,166        
"NJ",1843,32,5600.65    
"NJ",1843,33,5620.55    
"NJ",1843,34,8340.41    
"NJ",1843,36,34063.06   
"NJ",1843,39,8047.3     
"NJ",1843,40,1204.25    
"NJ",1843,41,49000      
"NJ",1847,31,511.49     
"NJ",1847,32,45126.3    
"NJ",1847,33,5820.32    
"NJ",1847,34,13962.18   
"NJ",1847,36,37680.53   
"NJ",1847,39,17308.39   
"NJ",1847,40,1585.85    
"NJ",1847,41,35000      
"NJ",1849,31,454.57     
"NJ",1849,32,41343.61   
"NJ",1849,33,6986.09    
"NJ",1849,34,14322.54   
"NJ",1849,35,4652.5     
"NJ",1849,36,34414.57   
"NJ",1849,39,15691.9    
"NJ",1849,40,1686.97    
"NJ",1849,41,7000       
"NJ",1851,31,41333.97   
"NJ",1851,32,30791.46   
"NJ",1851,34,17470.17   
"NJ",1851,36,37532.02   
"NJ",1851,39,17704.29   
"NJ",1851,40,3782.83    
"NJ",1851,41,32000      
"NJ",1852,31,40556.3    
"NJ",1852,32,35495.33   
"NJ",1852,33,8606.13    
"NJ",1852,34,14136.58   
"NJ",1852,36,44588.16   
"NJ",1852,39,20910.96   
"NJ",1852,40,1244.66    
"NJ",1853,31,40875.05   
"NJ",1853,32,25333.05   
"NJ",1853,33,9448.99    
"NJ",1853,34,10526.44   
"NJ",1853,36,42984.22   
"NJ",1853,39,18874.38   
"NJ",1853,40,2718.35    
"NJ",1854,31,40769.23   
"NJ",1854,32,36280.13   
"NJ",1854,33,12262.73   
"NJ",1854,34,11915.32   
"NJ",1854,36,48234.93   
"NJ",1854,39,27101.6    
"NJ",1854,40,3900       
"NJ",1855,31,44758.73   
"NJ",1855,32,38625.41   
"NJ",1855,33,26375.81   
"NJ",1855,34,13641.38   
"NJ",1855,35,1000       
"NJ",1855,36,56388.59   
"NJ",1855,39,36450.4    
"NJ",1855,40,3900       
"NJ",1856,31,28317.41   
"NJ",1856,32,22236.5    
"NJ",1856,33,13701.35   
"NJ",1856,34,14453.67   
"NJ",1856,35,1000       
"NJ",1856,36,52885.04   
"NJ",1856,39,41674.46   
"NJ",1856,40,5766.78    
"NJ",1857,31,59749.33   
"NJ",1857,32,20554.39   
"NJ",1857,33,27311.98   
"NJ",1857,34,33569.22   
"NJ",1857,35,1000       
"NJ",1857,36,56110.98   
"NJ",1857,39,33125.56   
"NJ",1857,40,5790.32    
"NJ",1859,31,44974.16   
"NJ",1859,32,20386.58   
"NJ",1859,33,16652.02   
"NJ",1859,34,18478.04   
"NJ",1859,36,53988.67   
"NJ",1859,39,40198.95   
"NJ",1859,40,6315.02    
"NJ",1860,31,34510.84   
"NJ",1860,32,25916.15   
"NJ",1860,33,19993.88   
"NJ",1860,34,41696.36   
"NJ",1860,36,53257.1    
"NJ",1860,39,41078.6    
"NJ",1860,40,6607.44    
"NJ",1861,31,51378.85   
"NJ",1861,32,30996.93   
"NJ",1861,33,17338.52   
"NJ",1861,34,33216.18   
"NJ",1861,36,64268.62   
"NJ",1861,39,52609.47   
"NJ",1861,40,7624.05    
"NJ",1862,31,38275.17   
"NJ",1862,32,23792.89   
"NJ",1862,33,14246.5    
"NJ",1862,34,29999.05   
"NJ",1862,36,51931.54   
"NJ",1862,39,21857.92   
"NJ",1862,40,5970       
"NJ",1863,31,44201.08   
"NJ",1863,32,24143.88   
"NJ",1863,33,16558.77   
"NJ",1863,34,31431.29   
"NJ",1863,36,62903.34   
"NJ",1863,39,56296.78   
"NJ",1863,40,6240       
"NJ",1864,31,72120.06   
"NJ",1864,32,36636.26   
"NJ",1864,33,26313.57   
"NJ",1864,34,42642.05   
"NJ",1864,36,60347.08   
"NJ",1864,39,60501.26   
"NJ",1864,40,2850       
"NJ",1864,41,95000      
"NJ",1865,31,100942.41  
"NJ",1865,32,49176.75   
"NJ",1865,33,36597.08   
"NJ",1865,34,65663.04   
"NJ",1865,36,100508.94  
"NJ",1865,39,78232.35   
"NJ",1866,31,76123.7    
"NJ",1866,32,90556.22   
"NJ",1866,33,41533.82   
"NJ",1866,34,191644.57  
"NJ",1866,35,1000       
"NJ",1866,36,98304.82   
"NJ",1866,39,83464.73   
"NJ",1868,31,97277.5    
"NJ",1868,32,74640.54   
"NJ",1868,33,34579.65   
"NJ",1868,34,158953.74  
"NJ",1868,35,1000       
"NJ",1868,36,139187.96  
"NJ",1868,39,67011.42   
"NJ",1868,40,202.25     
"NJ",1870,31,30990.93   
"NJ",1870,32,60957.68   
"NJ",1870,33,31428.08   
"NJ",1870,34,189563.73  
"NJ",1870,35,1307.3     
"NJ",1870,36,144718.92  
"NJ",1870,39,63157.07   
"NJ",1870,41,60000      
"NJ",1871,31,116504.93  
"NJ",1871,32,83241.42   
"NJ",1871,33,38121.07   
"NJ",1871,34,271517.33  
"NJ",1871,35,264.99     
"NJ",1871,36,193136.2   
"NJ",1871,39,98274.61   
"NJ",1871,40,557.83     
"NJ",1872,31,62681.25   
"NJ",1872,32,188115.17  
"NJ",1872,33,41279.44   
"NJ",1872,34,168395.13  
"NJ",1872,35,953.38     
"NJ",1872,36,295657.18  
"NJ",1872,39,100618.89  
"NJ",1872,40,706.77     
"NJ",1873,31,85936.07   
"NJ",1873,32,462912.76  
"NJ",1873,33,43984.15   
"NJ",1873,34,173804.58  
"NJ",1873,35,2072.52    
"NJ",1873,36,254526.76  
"NJ",1873,39,128860.86  
"NJ",1873,40,2571.78    
"NJ",1874,31,97496.02   
"NJ",1874,32,714624.07  
"NJ",1874,33,53814.61   
"NJ",1874,34,176981.68  
"NJ",1874,35,5240.03    
"NJ",1874,36,211858.59  
"NJ",1874,39,151654.32  
"NJ",1874,40,6747.22    
"NJ",1874,41,200000     
"NJ",1876,31,62317.65   
"NJ",1876,32,652593.68  
"NJ",1876,33,53472.05   
"NJ",1876,34,210701.62  
"NJ",1876,35,6437.54    
"NJ",1876,36,222040.34  
"NJ",1876,39,165292.07  
"NJ",1876,40,4499.98    
"NJ",1876,41,220000     
"NJ",1877,31,109118.26  
"NJ",1877,32,420263.36  
"NJ",1877,33,50695.35   
"NJ",1877,34,296211.71  
"NJ",1877,35,15290.05   
"NJ",1877,36,232384.25  
"NJ",1877,39,136456.53  
"NJ",1877,40,9068.08    
"NJ",1877,41,380000     
"NJ",1878,31,250337.49  
"NJ",1878,32,232109.14  
"NJ",1878,33,51205.87   
"NJ",1878,34,340094.26  
"NJ",1878,35,9317.97    
"NJ",1878,36,241006.72  
"NJ",1878,39,173056.25  
"NJ",1878,40,2742.71    
"NJ",1878,41,423610.31  
"NJ",1879,31,70753.98   
"NJ",1879,32,190181.2   
"NJ",1879,33,47574.62   
"NJ",1879,34,247528.3   
"NJ",1879,35,18926.7    
"NJ",1879,36,219012.67  
"NJ",1879,39,139864.95  
"NJ",1879,41,146456.53  
"NJ",1880,31,47241.45   
"NJ",1880,32,204728.23  
"NJ",1880,33,50336.11   
"NJ",1880,34,228411.26  
"NJ",1880,35,18725.48   
"NJ",1880,36,229525.44  
"NJ",1880,39,138426.04  
"NJ",1880,41,121133.24  
"NJ",1881,31,42478.04   
"NJ",1881,32,238443.84  
"NJ",1881,33,45324.76   
"NJ",1881,34,226723.31  
"NJ",1881,35,24539.12   
"NJ",1881,36,263979.22  
"NJ",1881,39,162479.29  
"NJ",1881,40,581.23     
"NJ",1881,41,163770.32  
"NJ",1882,31,40733.61   
"NJ",1882,32,231572.14  
"NJ",1882,33,39014.49   
"NJ",1882,34,231165.31  
"NJ",1882,35,25711.54   
"NJ",1882,36,275959.74  
"NJ",1882,39,157280.45  
"NJ",1882,40,10901.96   
"NJ",1882,41,191328.47  
"NJ",1883,31,41323.56   
"NJ",1883,32,239911.35  
"NJ",1883,33,19265.73   
"NJ",1883,34,230233.14  
"NJ",1883,35,23298.62   
"NJ",1883,36,293153.47  
"NJ",1883,39,137520.141 
"NJ",1883,40,1364.47    
"NJ",1883,41,501677.85  
"NJ",1884,31,37947.4    
"NJ",1884,32,206139.92  
"NJ",1884,33,19887.85   
"NJ",1884,34,259236.61  
"NJ",1884,35,30024.05   
"NJ",1884,36,302416.68  
"NJ",1884,39,163451.65  
"NJ",1884,40,821.91     
"NJ",1884,41,100569.72  
"NJ",1885,31,23103.77   
"NJ",1885,32,217131.26  
"NJ",1885,33,27740.6    
"NJ",1885,34,304289.39  
"NJ",1885,35,37006.79   
"NJ",1885,36,372773.41  
"NJ",1885,38,19204.35   
"NJ",1885,39,185540.62  
"NJ",1885,40,1750       
"NJ",1885,41,140521.81  
"NJ",1886,31,7867.18    
"NJ",1886,32,245447.83  
"NJ",1886,33,28442.09   
"NJ",1886,34,321875.84  
"NJ",1886,35,24749.61   
"NJ",1886,36,411663.95  
"NJ",1886,39,125155.13  
"NJ",1886,40,6375       
"NJ",1886,41,91373.81   
"NJ",1887,31,10329.99   
"NJ",1887,32,265300.13  
"NJ",1887,33,35409.48   
"NJ",1887,34,358061.02  
"NJ",1887,35,37234.88   
"NJ",1887,36,460322.59  
"NJ",1887,39,168158.15  
"NJ",1887,40,12933.33   
"NJ",1887,41,341307.21  
"NJ",1888,31,9440.21    
"NJ",1888,32,415579.88  
"NJ",1888,33,26925      
"NJ",1888,34,342208.44  
"NJ",1888,35,36025.66   
"NJ",1888,36,453772.92  
"NJ",1888,39,156161.1   
"NJ",1888,40,12500      
"NJ",1888,41,90000      
"NJ",1889,31,12045.84   
"NJ",1889,32,356546.49  
"NJ",1889,33,15729.01   
"NJ",1889,34,356835.17  
"NJ",1889,35,40172.82   
"NJ",1889,36,393459.53  
"NJ",1889,39,144172.37  
"NJ",1889,40,18500      
"NJ",1889,41,102544.19  
"NJ",1890,31,9802.51    
"NJ",1890,32,376814.94  
"NJ",1890,33,22275.46   
"NJ",1890,34,396233.61  
"NJ",1890,35,38647.37   
"NJ",1890,36,445065.91  
"NJ",1890,39,205989.17  
"NJ",1890,40,16625      
"NJ",1890,41,127689     
"NJ",1891,31,15777.28   
"NJ",1891,32,383686.91  
"NJ",1891,33,24478.95   
"NJ",1891,34,367797.68  
"NJ",1891,35,120561.67  
"NJ",1891,36,592230.82  
"NJ",1891,39,165898.27  
"NJ",1891,40,10230.16   
"NJ",1891,41,582034.71  
"NJ",1892,31,41246.87   
"NJ",1892,32,348164.1   
"NJ",1892,33,26634.35   
"NJ",1892,34,359262.18  
"NJ",1892,35,41386.53   
"NJ",1892,36,643828.97  
"NJ",1892,39,172844.23  
"NJ",1892,41,65038.47   
"NJ",1893,31,19280.3    
"NJ",1893,32,352935.34  
"NJ",1893,33,53299.66   
"NJ",1893,34,380621.14  
"NJ",1893,35,60879.75   
"NJ",1893,36,556693.36  
"NJ",1893,39,299373.19  
"NJ",1893,41,134900.09  
"NJ",1894,31,30207.19   
"NJ",1894,32,365327.3   
"NJ",1894,33,97476.22   
"NJ",1894,34,482161.28  
"NJ",1894,35,45317.73   
"NJ",1894,36,552046.19  
"NJ",1894,39,214526.74  
"NJ",1894,41,143192.57  
"NJ",1895,31,36320.07   
"NJ",1895,32,450039.04  
"NJ",1895,33,94476.64   
"NJ",1895,34,731271.97  
"NJ",1895,35,66028.39   
"NJ",1895,36,515376.29  
"NJ",1895,39,266527.46  
"NJ",1895,41,109000     
"NJ",1896,31,181103.8   
"NJ",1896,32,478645.8   
"NJ",1896,33,116420.62  
"NJ",1896,34,639111.38  
"NJ",1896,35,70172.05   
"NJ",1896,36,486648.92  
"NJ",1896,39,74355.21   
"NJ",1896,40,1580       
"NJ",1896,41,104614     
"NJ",1897,31,302902.27  
"NJ",1897,32,521523.46  
"NJ",1897,33,130481.89  
"NJ",1897,34,646959.64  
"NJ",1897,35,65960.36   
"NJ",1897,36,503198.36  
"NJ",1897,39,81509.14   
"NJ",1897,40,1990       
"NJ",1897,41,223535.85  
"NJ",1898,31,342448.18  
"NJ",1898,32,525512.64  
"NJ",1898,33,342063.89  
"NJ",1898,34,552607.74  
"NJ",1898,35,71591.62   
"NJ",1898,36,545394.04  
"NJ",1898,39,67918.99   
"NJ",1898,40,2400       
"NJ",1898,41,217640     
"NJ",1899,31,347187.48  
"NJ",1899,32,691705.15  
"NJ",1899,33,330914.43  
"NJ",1899,34,911120.44  
"NJ",1899,35,101955.64  
"NJ",1899,36,545140.76  
"NJ",1899,39,88329.08   
                        
"NJ",1899,40,2400       
"NJ",1899,41,130950     
"NJ",1839,316,296.87    
"NJ",1839,321,6014.13   
"NJ",1839,323,500       
"NJ",1839,325,1866.29   
"NJ",1839,343,14741.25  
"NJ",1839,345,1451.21   
"NJ",1839,360,12010     
"NJ",1839,361,24207.23  
"NJ",1839,363,143.75    
"NJ",1839,367,380.24    
"NJ",1839,398,1071.33   
"NJ",1839,399,14882.27  
"NJ",1839,400,1819.92   
"NJ",1839,413,38000     
"NJ",1843,316,166       
"NJ",1843,321,3814.98   
"NJ",1843,325,1785.67   
"NJ",1843,330,5620.55   
"NJ",1843,343,7167.41   
"NJ",1843,345,1173      
"NJ",1843,360,13596.67  
"NJ",1843,361,20395.89  
"NJ",1843,363,70.5      
"NJ",1843,398,898.07    
"NJ",1843,399,7149.23   
"NJ",1843,400,1204.25   
"NJ",1843,413,49000     
"NJ",1847,316,511.49    
"NJ",1847,321,5184.92   
"NJ",1847,323,37654     
"NJ",1847,325,2287.38   
"NJ",1847,330,5820.32   
"NJ",1847,343,13099.68  
"NJ",1847,345,862.5     
"NJ",1847,360,15247.76  
"NJ",1847,361,16259.08  
"NJ",1847,363,1813.9    
"NJ",1847,367,4359.79   
"NJ",1847,398,1040.62   
"NJ",1847,399,16267.77  
"NJ",1847,400,1585.85   
"NJ",1847,413,35000     
"NJ",1849,316,454.57    
"NJ",1849,321,4956.9    
"NJ",1849,323,34407.93  
"NJ",1849,325,1978.78   
"NJ",1849,330,6986.09   
"NJ",1849,341,700       
"NJ",1849,343,11693.04  
"NJ",1849,344,1300      
"NJ",1849,345,629.5     
"NJ",1849,351,4652.5    
"NJ",1849,360,15106.99  
"NJ",1849,361,16354.98  
"NJ",1849,363,2507.6    
"NJ",1849,369,445       
"NJ",1849,391,142.5     
"NJ",1849,399,15549.4   
"NJ",1849,400,1686.97   
"NJ",1849,413,7000      
"NJ",1851,311,40000     
"NJ",1851,316,1333.97   
"NJ",1851,321,16218.46  
"NJ",1851,323,13233     
"NJ",1851,325,1340      
"NJ",1851,343,16844.17  
"NJ",1851,345,626       
"NJ",1851,360,15516.33  
"NJ",1851,361,19723.91  
"NJ",1851,363,1862.6    
"NJ",1851,367,429.18    
"NJ",1851,398,558.59    
"NJ",1851,399,17145.7   
"NJ",1851,400,3782.83   
"NJ",1851,413,32000     
"NJ",1852,311,40000     
"NJ",1852,316,556.3     
"NJ",1852,321,20010.19  
"NJ",1852,323,14320.22  
"NJ",1852,325,1164.92   
"NJ",1852,330,7206.13   
"NJ",1852,336,1400      
"NJ",1852,343,13465.34  
"NJ",1852,345,671.24    
"NJ",1852,360,15206.16  
"NJ",1852,361,24393.85  
"NJ",1852,363,2983      
"NJ",1852,365,1000      
"NJ",1852,367,872.65    
"NJ",1852,369,132.5     
"NJ",1852,395,1000      
"NJ",1852,399,19910.96  
"NJ",1852,400,1244.66   
"NJ",1853,311,40000     
"NJ",1853,316,875.05    
"NJ",1853,321,15964.8   
"NJ",1853,323,8432.5    
"NJ",1853,325,935.75    
"NJ",1853,330,9448.99   
"NJ",1853,343,9825.07   
"NJ",1853,345,701.37    
"NJ",1853,360,15350     
"NJ",1853,361,18955.66  
"NJ",1853,363,4352.25   
"NJ",1853,367,4326.31   
"NJ",1853,399,18874.38  
"NJ",1853,400,2718.35   
"NJ",1854,311,40000     
"NJ",1854,316,769.23    
"NJ",1854,321,4691.14   
"NJ",1854,323,30920     
"NJ",1854,325,668.99    
"NJ",1854,330,7605.15   
"NJ",1854,331,657.58    
"NJ",1854,336,4000      
"NJ",1854,343,11215.32  
"NJ",1854,345,700       
"NJ",1854,360,18767.94  
"NJ",1854,361,22362.75  
"NJ",1854,363,4284.5    
"NJ",1854,367,2819.74   
"NJ",1854,399,27101.6   
"NJ",1854,400,3900      
"NJ",1855,311,44054.12  
"NJ",1855,316,704.61    
"NJ",1855,321,7766.83   
"NJ",1855,323,30233.58  
"NJ",1855,325,625       
"NJ",1855,330,10375.81  
"NJ",1855,336,16000     
"NJ",1855,343,12931.38  
"NJ",1855,345,710       
"NJ",1855,351,1000      
"NJ",1855,360,23350.5   
"NJ",1855,361,28069.25  
"NJ",1855,362,415.84    
"NJ",1855,363,4553      
"NJ",1855,399,36450.4   
"NJ",1855,400,3900      
"NJ",1856,311,27549.03  
"NJ",1856,316,768.38    
"NJ",1856,321,5689      
"NJ",1856,323,15977.5   
"NJ",1856,325,570       
"NJ",1856,330,8701.35   
"NJ",1856,336,5000      
"NJ",1856,343,13480.92  
"NJ",1856,345,972.75    
"NJ",1856,351,1000      
"NJ",1856,360,24210     
"NJ",1856,361,24058.7   
"NJ",1856,363,4506      
"NJ",1856,367,110.34    
"NJ",1856,395,3000      
"NJ",1856,399,38674.46  
"NJ",1856,400,5766.78   
"NJ",1857,311,59052.53  
"NJ",1857,316,696.8     
"NJ",1857,321,6531.51   
"NJ",1857,323,13337.88  
"NJ",1857,325,685       
"NJ",1857,330,11941.6   
"NJ",1857,336,15370.38  
"NJ",1857,343,31682.97  
"NJ",1857,345,1886.25   
"NJ",1857,351,1000      
"NJ",1857,360,25334.8   
"NJ",1857,361,25042.63  
"NJ",1857,363,5337.6    
"NJ",1857,367,395.95    
"NJ",1857,399,33125.56  
"NJ",1857,400,5790.32   
"NJ",1859,311,43621.54  
"NJ",1859,316,1352.62   
"NJ",1859,321,5618.14   
"NJ",1859,323,14088.44  
"NJ",1859,325,680       
"NJ",1859,330,16111.76  
"NJ",1859,336,540.26    
"NJ",1859,343,17471.17  
"NJ",1859,345,1006.87   
"NJ",1859,360,22655     
"NJ",1859,361,26800.42  
"NJ",1859,363,4533.25   
"NJ",1859,399,40198.95  
"NJ",1859,400,6315.02   
"NJ",1860,311,33105.53  
"NJ",1860,316,1405.31   
"NJ",1860,321,8849.87   
"NJ",1860,323,16178.74  
"NJ",1860,325,887.54    
"NJ",1860,330,19993.88  
"NJ",1860,343,40638.36  
"NJ",1860,345,1058      
"NJ",1860,360,20002.5   
"NJ",1860,361,29061.2   
"NJ",1860,363,4193.4    
"NJ",1860,399,41078.6   
"NJ",1860,400,6607.44   
"NJ",1861,311,50082.26  
"NJ",1861,316,1296.59   
"NJ",1861,321,7644.05   
"NJ",1861,323,22400.88  
"NJ",1861,325,952       
"NJ",1861,330,17338.52  
"NJ",1861,343,32146.18  
"NJ",1861,345,1070      
"NJ",1861,360,25603.66  
"NJ",1861,361,33038.96  
"NJ",1861,363,5626      
"NJ",1861,399,52609.47  
"NJ",1861,400,7624.05   
"NJ",1862,311,36815.99  
"NJ",1862,316,1459.18   
"NJ",1862,321,7069.03   
"NJ",1862,323,15709.18  
"NJ",1862,325,1014.68   
"NJ",1862,330,14246.5   
"NJ",1862,343,23324.03  
"NJ",1862,345,6675.02   
"NJ",1862,360,22633.34  
"NJ",1862,361,21221.2   
"NJ",1862,362,2929      
"NJ",1862,363,5148      
"NJ",1862,399,21857.92  
"NJ",1862,400,5970      
"NJ",1863,311,43631.52  
"NJ",1863,316,569.56    
"NJ",1863,321,6595.98   
"NJ",1863,323,16788.64  
"NJ",1863,325,759.26    
"NJ",1863,330,16558.77  
"NJ",1863,343,31048.79  
"NJ",1863,345,382.5     
"NJ",1863,360,35034.8   
"NJ",1863,361,21931.54  
"NJ",1863,363,5937      
"NJ",1863,399,56296.78  
"NJ",1863,400,6240      
"NJ",1864,311,71037.81  
"NJ",1864,316,1082.25   
"NJ",1864,321,7587.97   
"NJ",1864,323,28437.99  
"NJ",1864,325,610.3     
"NJ",1864,330,12963.57  
"NJ",1864,336,13350     
"NJ",1864,343,27751.89  
"NJ",1864,345,14890.16  
"NJ",1864,360,32276.86  
"NJ",1864,361,23724.22  
"NJ",1864,363,4046      
"NJ",1864,367,300       
"NJ",1864,399,60501.26  
"NJ",1864,400,2850      
"NJ",1864,413,95000     
"NJ",1865,311,81992.95  
"NJ",1865,316,18949.46  
"NJ",1865,321,10701.83  
"NJ",1865,323,36966.92  
"NJ",1865,325,1508      
"NJ",1865,330,19949.17  
"NJ",1865,334,10744.5   
"NJ",1865,336,5903.41   
"NJ",1865,343,48544.38  
"NJ",1865,345,17118.66  
"NJ",1865,360,22954.73  
"NJ",1865,361,35957.52  
"NJ",1865,362,235.7     
"NJ",1865,363,35317.2   
"NJ",1865,367,4568      
"NJ",1865,369,1475.79   
"NJ",1865,398,600       
"NJ",1865,399,77632.35  
"NJ",1866,310,165.05    
"NJ",1866,311,56656.31  
"NJ",1866,316,19302.34  
"NJ",1866,321,12842.51  
"NJ",1866,323,77257.71  
"NJ",1866,325,456       
"NJ",1866,330,35108.42  
"NJ",1866,334,1491.38   
"NJ",1866,336,4934.02   
"NJ",1866,343,119121.06 
"NJ",1866,345,72523.51  
"NJ",1866,351,1000      
"NJ",1866,360,16508.79  
"NJ",1866,361,35295.3   
"NJ",1866,362,8508.36   
"NJ",1866,363,33163.52  
"NJ",1866,367,4828.85   
"NJ",1866,399,83464.73  
"NJ",1868,310,1547.8    
"NJ",1868,311,95479.7   
"NJ",1868,316,250       
"NJ",1868,321,14176.63  
"NJ",1868,323,59686.54  
"NJ",1868,325,777.37    
"NJ",1868,330,26142.71  
"NJ",1868,336,8436.94   
"NJ",1868,343,132593.41 
"NJ",1868,344,4071.79   
"NJ",1868,345,22288.54  
"NJ",1868,351,1000      
"NJ",1868,360,24005.35  
"NJ",1868,361,59683.64  
"NJ",1868,363,42821.44  
"NJ",1868,367,12677.53  
"NJ",1868,395,1000      
"NJ",1868,399,66011.42  
"NJ",1868,400,202.25    
"NJ",1870,310,1727.57   
"NJ",1870,311,28513.36  
"NJ",1870,316,750       
"NJ",1870,321,22672.84  
"NJ",1870,323,36584.84  
"NJ",1870,325,1700      
"NJ",1870,330,23532.01  
"NJ",1870,334,2947.84   
"NJ",1870,336,4948.23   
"NJ",1870,343,158080.43 
"NJ",1870,345,31483.3   
"NJ",1870,351,1307.3    
"NJ",1870,360,31843.09  
"NJ",1870,361,56980.18  
"NJ",1870,363,44930.44  
"NJ",1870,367,10965.21  
"NJ",1870,399,63157.07  
"NJ",1870,413,60000     
"NJ",1871,310,2971.35   
"NJ",1871,311,112623.58 
"NJ",1871,316,910       
"NJ",1871,321,25538     
"NJ",1871,323,54178.42  
"NJ",1871,325,3525      
"NJ",1871,330,23769.08  
"NJ",1871,334,6084.96   
"NJ",1871,336,8267.03   
"NJ",1871,343,229815.18 
"NJ",1871,344,1254      
"NJ",1871,345,40448.15  
"NJ",1871,351,264.99    
"NJ",1871,360,38046.07  
"NJ",1871,361,42238.21  
"NJ",1871,363,55945.44  
"NJ",1871,367,56906.48  
"NJ",1871,395,1000      
"NJ",1871,399,97274.61  
"NJ",1871,400,557.83    
"NJ",1872,310,1710.1    
"NJ",1872,311,54381.15  
"NJ",1872,316,6590      
"NJ",1872,321,29811.39  
"NJ",1872,323,153565.92 
"NJ",1872,325,4737.86   
"NJ",1872,330,24582.29  
"NJ",1872,334,10283.56  
"NJ",1872,336,6413.59   
"NJ",1872,343,134525.79 
"NJ",1872,345,33869.34  
"NJ",1872,351,953.38    
"NJ",1872,360,40800.07  
"NJ",1872,361,60124.15  
"NJ",1872,362,3524.93   
"NJ",1872,363,61010     
"NJ",1872,367,130198.03 
"NJ",1872,399,100618.89 
"NJ",1872,400,706.77    
"NJ",1873,310,3357.78   
"NJ",1873,311,80808.29  
"NJ",1873,316,1770      
"NJ",1873,321,30041.57  
"NJ",1873,323,428636.45 
"NJ",1873,325,4234.74   
"NJ",1873,330,26284.53  
"NJ",1873,334,11955.86  
"NJ",1873,336,5743.76   
"NJ",1873,343,107400.69 
"NJ",1873,345,66403.89  
"NJ",1873,351,2072.52   
"NJ",1873,360,46440.9   
"NJ",1873,361,68423.28  
"NJ",1873,362,50.6      
"NJ",1873,363,61959.34  
"NJ",1873,367,77652.64  
"NJ",1873,391,71.82     
"NJ",1873,398,324.85    
"NJ",1873,399,128464.19 
"NJ",1873,400,2571.78   
"NJ",1874,310,4541.36   
"NJ",1874,311,91504.66  
"NJ",1874,316,1450      
"NJ",1874,321,30844.82  
"NJ",1874,323,661913.52 
"NJ",1874,325,21865.73  
"NJ",1874,330,33691.73  
"NJ",1874,334,12500     
"NJ",1874,336,7622.88   
"NJ",1874,343,97985.12  
"NJ",1874,345,78996.56  
"NJ",1874,351,5240.03   
"NJ",1874,360,46488.3   
"NJ",1874,361,67489.14  
"NJ",1874,363,60880.96  
"NJ",1874,367,37000.19  
"NJ",1874,391,52.15     
"NJ",1874,398,12257.05  
"NJ",1874,399,139345.12 
"NJ",1874,400,6747.22   
"NJ",1874,413,200000    
"NJ",1876,310,4516.05   
"NJ",1876,311,54814.54  
"NJ",1876,316,2987.06   
"NJ",1876,321,47137.54  
"NJ",1876,323,570522.96 
"NJ",1876,325,34933.18  
"NJ",1876,330,35352.38  
"NJ",1876,334,11182.8   
"NJ",1876,336,6936.87   
"NJ",1876,340,1477.53   
"NJ",1876,343,142712.64 
"NJ",1876,345,66511.45  
"NJ",1876,351,6437.54   
"NJ",1876,360,37845.9   
"NJ",1876,361,70551.32  
"NJ",1876,363,72968     
"NJ",1876,366,20        
"NJ",1876,367,27695.07  
"NJ",1876,369,12960.05  
"NJ",1876,391,10834.29  
"NJ",1876,398,16500     
"NJ",1876,399,137957.78 
"NJ",1876,400,4499.98   
"NJ",1876,413,200000    
"NJ",1876,415,20000     
"NJ",1877,310,3484.05   
"NJ",1877,311,104127.36 
"NJ",1877,316,1506.85   
"NJ",1877,321,42857.97  
"NJ",1877,323,342820.83 
"NJ",1877,325,34584.56  
"NJ",1877,330,31504.8   
"NJ",1877,334,11000     
"NJ",1877,336,8190.55   
"NJ",1877,340,50025     
"NJ",1877,343,208117.89 
"NJ",1877,345,38068.82  
"NJ",1877,351,15290.05  
"NJ",1877,360,47450.95  
"NJ",1877,361,69566.36  
"NJ",1877,363,71955     
"NJ",1877,367,19942.28  
"NJ",1877,369,23469.66  
"NJ",1877,391,328.35    
"NJ",1877,398,213.93    
"NJ",1877,399,135914.25 
"NJ",1877,400,9068.08   
"NJ",1877,413,380000    
"NJ",1878,310,8102.48   
"NJ",1878,311,241085.01 
"NJ",1878,316,1150      
"NJ",1878,321,56384.95  
"NJ",1878,323,99386.05  
"NJ",1878,325,76338.14  
"NJ",1878,330,31151.5   
"NJ",1878,334,11370     
"NJ",1878,336,8684.37   
"NJ",1878,340,33690.38  
"NJ",1878,343,238804.82 
"NJ",1878,345,67599.06  
"NJ",1878,351,8641.05   
"NJ",1878,356,676.92    
"NJ",1878,360,31111.34  
"NJ",1878,361,92743.72  
"NJ",1878,362,2907.44   
"NJ",1878,363,80591.02  
"NJ",1878,366,6832.25   
"NJ",1878,367,15992.8   
"NJ",1878,369,10828.15  
"NJ",1878,391,385.16    
"NJ",1878,395,6500      
"NJ",1878,398,204.57    
"NJ",1878,399,165966.52 
"NJ",1878,400,2742.71   
"NJ",1878,411,1401.72   
"NJ",1878,413,250000    
"NJ",1878,416,172208.59 
"NJ",1879,310,10141.78  
"NJ",1879,311,58312.2   
"NJ",1879,316,2300      
"NJ",1879,321,62068.35  
"NJ",1879,323,96598.78  
"NJ",1879,325,31514.07  
"NJ",1879,330,28190.03  
"NJ",1879,334,11000     
"NJ",1879,336,8384.59   
"NJ",1879,340,200       
"NJ",1879,343,173108.7  
"NJ",1879,344,16946.54  
"NJ",1879,345,57273.06  
"NJ",1879,351,16274.97  
"NJ",1879,356,2651.73   
"NJ",1879,360,26059.57  
"NJ",1879,361,75037.51  
"NJ",1879,362,1686.95   
"NJ",1879,363,79397.51  
"NJ",1879,365,1011.77   
"NJ",1879,366,6817.52   
"NJ",1879,367,16304.62  
"NJ",1879,369,12697.22  
"NJ",1879,391,482.49    
"NJ",1879,395,11822.61  
"NJ",1879,399,127559.85 
"NJ",1879,411,19859.74  
"NJ",1879,416,126596.79 
"NJ",1880,310,15315.21  
"NJ",1880,311,29756.24  
"NJ",1880,316,2170      
"NJ",1880,321,66156.83  
"NJ",1880,323,112445.62 
"NJ",1880,325,26125.78  
"NJ",1880,330,30613.97  
"NJ",1880,334,11352.14  
"NJ",1880,336,8370      
"NJ",1880,343,139338.18 
"NJ",1880,344,12228.64  
"NJ",1880,345,76844.44  
"NJ",1880,351,15515.58  
"NJ",1880,356,3209.9    
"NJ",1880,360,29023.61  
"NJ",1880,361,69757.71  
"NJ",1880,362,5165.24   
"NJ",1880,363,82684.32  
"NJ",1880,365,2058.56   
"NJ",1880,366,5153.75   
"NJ",1880,367,14486.06  
"NJ",1880,369,21196.19  
"NJ",1880,391,208.86    
"NJ",1880,395,5684.63   
"NJ",1880,398,50.75     
"NJ",1880,399,132481.8  
"NJ",1880,411,31133.24  
"NJ",1880,416,90000     
"NJ",1881,310,7766.48   
"NJ",1881,311,30351.56  
"NJ",1881,316,4360      
"NJ",1881,321,69363.67  
"NJ",1881,323,120835.7  
"NJ",1881,325,48244.47  
"NJ",1881,330,26989.77  
"NJ",1881,334,11000     
"NJ",1881,336,7334.99   
"NJ",1881,343,158073.81 
"NJ",1881,345,68649.5   
"NJ",1881,351,19876.5   
"NJ",1881,356,4662.62   
"NJ",1881,360,37435.9   
"NJ",1881,361,70257.37  
"NJ",1881,362,5943.02   
"NJ",1881,363,106822.74 
"NJ",1881,366,6619.31   
"NJ",1881,367,17733.97  
"NJ",1881,369,19166.91  
"NJ",1881,391,26.92     
"NJ",1881,395,5125.64   
"NJ",1881,398,11122.86  
"NJ",1881,399,146203.87 
"NJ",1881,400,581.23    
"NJ",1881,411,23770.32  
"NJ",1881,413,50000     
"NJ",1881,416,90000     
"NJ",1882,310,8859      
"NJ",1882,311,29044.61  
"NJ",1882,316,2830      
"NJ",1882,321,71116.91  
"NJ",1882,323,118875.97 
"NJ",1882,325,41579.26  
"NJ",1882,330,15115.95  
"NJ",1882,334,11000     
"NJ",1882,336,12898.54  
"NJ",1882,343,165619.61 
"NJ",1882,345,65545.7   
"NJ",1882,351,21726.71  
"NJ",1882,356,3984.83   
"NJ",1882,360,42548.51  
"NJ",1882,361,60084.74  
"NJ",1882,362,6143.63   
"NJ",1882,363,115510.75 
"NJ",1882,366,3879.8    
"NJ",1882,367,25522.83  
"NJ",1882,369,22269.48  
"NJ",1882,391,227.6     
"NJ",1882,395,5291.32   
"NJ",1882,398,28639.32  
"NJ",1882,399,123122.21 
"NJ",1882,400,10901.96  
"NJ",1882,411,1328.47   
"NJ",1882,413,100000    
"NJ",1882,416,90000     
"NJ",1883,310,6597.87   
"NJ",1883,311,30666.22  
"NJ",1883,316,4059.47   
"NJ",1883,321,83954     
"NJ",1883,323,121887.5  
"NJ",1883,325,34069.85  
"NJ",1883,334,11000     
"NJ",1883,336,8265.73   
"NJ",1883,343,170149.51 
"NJ",1883,345,60083.63  
"NJ",1883,351,18747.29  
"NJ",1883,355,1700.49   
"NJ",1883,356,2850.84   
"NJ",1883,360,42702.67  
"NJ",1883,361,81563.36  
"NJ",1883,362,7633.39   
"NJ",1883,363,119163.53 
"NJ",1883,366,1000      
"NJ",1883,367,19300.84  
"NJ",1883,369,21789.68  
"NJ",1883,391,467.09    
"NJ",1883,395,3000      
"NJ",1883,398,12214.17  
"NJ",1883,399,121838.881
"NJ",1883,400,1364.47   
"NJ",1883,411,1677.85   
"NJ",1883,413,410000    
"NJ",1883,416,90000     
"NJ",1884,310,8756.21   
"NJ",1884,311,25135.4   
"NJ",1884,316,4055.79   
"NJ",1884,321,54617.14  
"NJ",1884,323,121679.26 
"NJ",1884,325,29843.52  
"NJ",1884,334,11000     
"NJ",1884,336,8887.85   
"NJ",1884,343,183858.78 
"NJ",1884,344,4497.62   
"NJ",1884,345,70880.21  
"NJ",1884,351,21490.93  
"NJ",1884,355,3269.49   
"NJ",1884,356,5263.63   
"NJ",1884,360,39526.78  
"NJ",1884,361,74707.78  
"NJ",1884,362,8256.4    
"NJ",1884,363,114777.38 
"NJ",1884,365,11694.73  
"NJ",1884,366,4718.93   
"NJ",1884,367,25367.7   
"NJ",1884,369,23366.98  
"NJ",1884,391,217.27    
"NJ",1884,395,1000      
"NJ",1884,398,9607.11   
"NJ",1884,399,152627.27 
"NJ",1884,400,821.91    
"NJ",1884,411,569.72    
"NJ",1884,413,50000     
"NJ",1884,416,50000     
"NJ",1885,310,2263.57   
"NJ",1885,311,18531.6   
"NJ",1885,316,2308.6    
"NJ",1885,321,37147.77  
"NJ",1885,323,144636.07 
"NJ",1885,325,35347.42  
"NJ",1885,334,13937.5   
"NJ",1885,336,13803.1   
"NJ",1885,343,210005.07 
"NJ",1885,344,5759.11   
"NJ",1885,345,88525.21  
"NJ",1885,351,31076.81  
"NJ",1885,356,5929.98   
"NJ",1885,360,37854.87  
"NJ",1885,361,71584.3   
"NJ",1885,362,10923.6   
"NJ",1885,363,116109.84 
"NJ",1885,365,27331.08  
"NJ",1885,366,43923.74  
"NJ",1885,367,39400.42  
"NJ",1885,369,25645.56  
"NJ",1885,382,19204.35  
"NJ",1885,391,536.69    
"NJ",1885,395,1392.44   
"NJ",1885,398,35150.12  
"NJ",1885,399,148461.37 
"NJ",1885,400,1750      
"NJ",1885,411,521.81    
"NJ",1885,413,100000    
"NJ",1885,416,40000     
"NJ",1886,311,5621.25   
"NJ",1886,316,2245.93   
"NJ",1886,321,38791.76  
"NJ",1886,323,151474.58 
"NJ",1886,325,55181.49  
"NJ",1886,334,11333.32  
"NJ",1886,336,17108.77  
"NJ",1886,343,200389.04 
"NJ",1886,344,9361.53   
"NJ",1886,345,112125.27 
"NJ",1886,351,20117.67  
"NJ",1886,356,4631.94   
"NJ",1886,360,40586.97  
"NJ",1886,361,76613.04  
"NJ",1886,362,6599.5    
"NJ",1886,363,124928.51 
"NJ",1886,364,10892.94  
"NJ",1886,365,14544.8   
"NJ",1886,366,42190.13  
"NJ",1886,367,69296.76  
"NJ",1886,369,26011.3   
"NJ",1886,391,259.47    
"NJ",1886,398,17372.86  
"NJ",1886,399,107522.8  
"NJ",1886,400,6375      
"NJ",1886,411,1373.81   
"NJ",1886,416,90000     
"NJ",1887,311,7594.38   
"NJ",1887,316,2735.61   
"NJ",1887,321,42496.25  
"NJ",1887,323,156586.14 
"NJ",1887,325,66217.74  
"NJ",1887,334,10770.83  
"NJ",1887,336,24638.65  
"NJ",1887,343,219834.68 
"NJ",1887,344,27582.61  
"NJ",1887,345,110643.73 
"NJ",1887,351,30240.01  
"NJ",1887,356,6994.87   
"NJ",1887,360,44479.46  
"NJ",1887,361,87627.44  
"NJ",1887,362,6013.25   
"NJ",1887,363,124581.91 
"NJ",1887,365,15368.52  
"NJ",1887,366,23143.42  
"NJ",1887,367,132867.53 
"NJ",1887,369,26241.06  
"NJ",1887,391,40        
"NJ",1887,398,1615.03   
"NJ",1887,399,166503.12 
"NJ",1887,400,12933.33  
"NJ",1887,411,1307.21   
"NJ",1887,413,250000    
"NJ",1887,416,90000     
"NJ",1888,311,6922.82   
"NJ",1888,316,2517.39   
"NJ",1888,321,53302.61  
"NJ",1888,323,244070.43 
"NJ",1888,325,118206.84 
"NJ",1888,334,7848.64   
"NJ",1888,336,19076.36  
"NJ",1888,343,208546.81 
"NJ",1888,344,18246.32  
"NJ",1888,345,115415.31 
"NJ",1888,351,27812.74  
"NJ",1888,352,1445.98   
"NJ",1888,356,6766.94   
"NJ",1888,360,45190.99  
"NJ",1888,361,77389.87  
"NJ",1888,362,4851.48   
"NJ",1888,363,143299.1  
"NJ",1888,365,18534.29  
"NJ",1888,366,28496.37  
"NJ",1888,367,115065.11 
"NJ",1888,369,20945.71  
"NJ",1888,391,112       
"NJ",1888,398,23993.01  
"NJ",1888,399,132056.09 
"NJ",1888,400,12500     
"NJ",1888,416,90000     
"NJ",1889,311,9090      
"NJ",1889,316,2955.84   
"NJ",1889,321,47300.31  
"NJ",1889,323,222380.19 
"NJ",1889,325,86865.99  
"NJ",1889,336,15729.01  
"NJ",1889,343,211218.77 
"NJ",1889,344,20864.09  
"NJ",1889,345,124752.31 
"NJ",1889,351,32434.67  
"NJ",1889,352,89        
"NJ",1889,356,7649.15   
"NJ",1889,360,46118.76  
"NJ",1889,361,84300.31  
"NJ",1889,362,6475.52   
"NJ",1889,363,146938.06 
"NJ",1889,365,18651.7   
"NJ",1889,366,14103.41  
"NJ",1889,367,55339.8   
"NJ",1889,369,21531.97  
"NJ",1889,391,108       
"NJ",1889,398,22976.5   
"NJ",1889,399,121087.87 
"NJ",1889,400,18500     
"NJ",1889,411,12544.19  
"NJ",1889,416,90000     
"NJ",1890,311,7437.13   
"NJ",1890,316,2365.38   
"NJ",1890,321,54468.02  
"NJ",1890,323,233597.13 
"NJ",1890,325,88749.79  
"NJ",1890,334,33        
"NJ",1890,336,22242.46  
"NJ",1890,343,225336.26 
"NJ",1890,344,22363.21  
"NJ",1890,345,148534.14 
"NJ",1890,351,31592.43  
"NJ",1890,356,7054.94   
"NJ",1890,360,47865.48  
"NJ",1890,361,88489.41  
"NJ",1890,362,7491.85   
"NJ",1890,363,151501.03 
"NJ",1890,365,27036.92  
"NJ",1890,366,32047.21  
"NJ",1890,367,69150.51  
"NJ",1890,369,21483.5   
"NJ",1890,391,35        
"NJ",1890,398,773.15    
"NJ",1890,399,205181.02 
"NJ",1890,400,16625     
"NJ",1890,411,37689     
"NJ",1890,416,90000     
"NJ",1891,311,12472.71  
"NJ",1891,316,3304.57   
"NJ",1891,321,71877.57  
"NJ",1891,323,238837.01 
"NJ",1891,325,72972.33  
"NJ",1891,334,10000     
"NJ",1891,336,14478.95  
"NJ",1891,341,1319.42   
"NJ",1891,343,218935.11 
"NJ",1891,344,23084.01  
"NJ",1891,345,124459.14 
"NJ",1891,351,47455.99  
"NJ",1891,352,64585.27  
"NJ",1891,356,7709.38   
"NJ",1891,357,811.03    
"NJ",1891,360,58392.11  
"NJ",1891,361,103883.54 
"NJ",1891,362,3868.77   
"NJ",1891,363,154153.44 
"NJ",1891,364,3055.64   
"NJ",1891,365,31956.99  
"NJ",1891,366,7895.24   
"NJ",1891,367,202304.13 
"NJ",1891,369,26720.96  
"NJ",1891,391,65.5      
"NJ",1891,398,2417.72   
"NJ",1891,399,163415.05 
"NJ",1891,400,10230.16  
"NJ",1891,411,42034.71  
"NJ",1891,413,450000    
"NJ",1891,416,90000     
"NJ",1892,311,38549.84  
"NJ",1892,316,2697.03   
"NJ",1892,320,600       
"NJ",1892,321,89614.34  
"NJ",1892,323,230078.27 
"NJ",1892,325,27871.49  
"NJ",1892,334,12000     
"NJ",1892,336,14634.35  
"NJ",1892,343,227455.39 
"NJ",1892,344,23178.48  
"NJ",1892,345,108628.31 
"NJ",1892,351,29306.68  
"NJ",1892,352,675       
"NJ",1892,356,10268.4   
"NJ",1892,357,1136.45   
"NJ",1892,360,73503.4   
"NJ",1892,361,111179.68 
"NJ",1892,362,4224.58   
"NJ",1892,363,154249.51 
"NJ",1892,364,5836.86   
"NJ",1892,366,7372.63   
"NJ",1892,367,242405.1  
"NJ",1892,369,45057.21  
"NJ",1892,391,425.47    
"NJ",1892,398,1740.1    
"NJ",1892,399,170678.66 
"NJ",1892,411,12438.47  
"NJ",1892,416,52600     
"NJ",1893,311,15977.55  
"NJ",1893,316,3302.75   
"NJ",1893,320,600       
"NJ",1893,321,81783.83  
"NJ",1893,323,245957.66 
"NJ",1893,325,24593.85  
"NJ",1893,331,20661.85  
"NJ",1893,334,15500     
"NJ",1893,335,5560.05   
"NJ",1893,336,11577.76  
"NJ",1893,343,230204.18 
"NJ",1893,344,29232.42  
"NJ",1893,345,121184.54 
"NJ",1893,351,51221.11  
"NJ",1893,356,8606.29   
"NJ",1893,357,1052.35   
"NJ",1893,360,80676.44  
"NJ",1893,361,136813.37 
"NJ",1893,362,7112.84   
"NJ",1893,363,177292.88 
"NJ",1893,366,7634.8    
"NJ",1893,367,96974.05  
"NJ",1893,369,50188.98  
"NJ",1893,398,15498.56  
"NJ",1893,399,283874.63 
"NJ",1893,411,48600.09  
"NJ",1893,416,86300     
"NJ",1894,311,27806.58  
"NJ",1894,316,2400.61   
"NJ",1894,320,600       
"NJ",1894,321,87705.41  
"NJ",1894,322,129291.45 
"NJ",1894,323,111957.74 
"NJ",1894,325,35772.7   
"NJ",1894,331,71731.24  
"NJ",1894,334,7968.84   
"NJ",1894,335,4401.94   
"NJ",1894,336,13374.2   
"NJ",1894,343,231085.65 
"NJ",1894,344,31253.24  
"NJ",1894,345,219822.39 
"NJ",1894,351,35629.67  
"NJ",1894,356,8688.1    
"NJ",1894,357,999.96    
"NJ",1894,360,74291.35  
"NJ",1894,361,120224.57 
"NJ",1894,362,5235.37   
"NJ",1894,363,184650.81 
"NJ",1894,364,9989.25   
"NJ",1894,366,6165.99   
"NJ",1894,367,85723.89  
"NJ",1894,369,65764.96  
"NJ",1894,391,1389.5    
"NJ",1894,398,14371.23  
"NJ",1894,399,198766.01 
"NJ",1894,411,51192.57  
"NJ",1894,416,92000     
"NJ",1895,311,32659.45  
"NJ",1895,316,3660.62   
"NJ",1895,320,600       
"NJ",1895,321,93932.57  
"NJ",1895,322,214958.01 
"NJ",1895,323,114887.05 
"NJ",1895,325,25661.41  
"NJ",1895,331,76515.9   
"NJ",1895,334,732.26    
"NJ",1895,336,17228.48  
"NJ",1895,343,295576.6  
"NJ",1895,344,33234.64  
"NJ",1895,345,402460.73 
"NJ",1895,351,50374.41  
"NJ",1895,356,14674.21  
"NJ",1895,357,979.77    
"NJ",1895,360,70792.76  
"NJ",1895,361,105525.35 
"NJ",1895,362,10147.67  
"NJ",1895,363,184092.79 
"NJ",1895,364,5297.7    
"NJ",1895,366,1472.28   
"NJ",1895,367,80352.37  
"NJ",1895,369,57695.37  
"NJ",1895,391,50        
"NJ",1895,398,7323.22   
"NJ",1895,399,259154.24 
"NJ",1895,411,44000     
"NJ",1895,416,65000     
"NJ",1896,311,169511.7  
"NJ",1896,313,137.1     
"NJ",1896,316,11330     
"NJ",1896,317,125       
"NJ",1896,320,600       
"NJ",1896,321,132721.26 
"NJ",1896,322,189144.94 
"NJ",1896,323,137335.27 
"NJ",1896,325,18844.33  
"NJ",1896,331,102000    
"NJ",1896,334,1517.76   
"NJ",1896,336,12902.86  
"NJ",1896,343,436706.2  
"NJ",1896,344,29153.47  
"NJ",1896,345,59143.97  
"NJ",1896,346,103101.02 
"NJ",1896,347,11006.72  
"NJ",1896,351,42253.74  
"NJ",1896,352,645.66    
"NJ",1896,354,10000     
"NJ",1896,356,16272.65  
"NJ",1896,357,1000      
"NJ",1896,361,98024.93  
"NJ",1896,362,59335.65  
"NJ",1896,363,214765.62 
"NJ",1896,364,893.95    
"NJ",1896,365,42797.68  
"NJ",1896,367,50785.85  
"NJ",1896,368,12066.95  
"NJ",1896,369,7978.29   
"NJ",1896,391,521.41    
"NJ",1896,395,2500      
"NJ",1896,398,7490.13   
"NJ",1896,399,63843.67  
"NJ",1896,402,1580      
"NJ",1896,411,47614     
"NJ",1896,416,57000     
"NJ",1897,310,6417.52   
"NJ",1897,311,280156.07 
"NJ",1897,313,2229.01   
"NJ",1897,316,12599.67  
"NJ",1897,317,1500      
"NJ",1897,321,127873.89 
"NJ",1897,322,218121.73 
"NJ",1897,323,151403.02 
"NJ",1897,325,24124.82  
"NJ",1897,331,102500    
"NJ",1897,334,13172.98  
"NJ",1897,336,14808.91  
"NJ",1897,343,339300.61 
"NJ",1897,344,30500.78  
"NJ",1897,345,125653.68 
"NJ",1897,346,136189.59 
"NJ",1897,347,15314.98  
"NJ",1897,351,47136.28  
"NJ",1897,352,250.46    
"NJ",1897,356,17573.62  
"NJ",1897,357,1000      
"NJ",1897,361,85909.73  
"NJ",1897,362,57697.9   
"NJ",1897,363,238064.76 
"NJ",1897,364,355       
"NJ",1897,365,43721.08  
"NJ",1897,367,53230.76  
"NJ",1897,368,12755.75  
"NJ",1897,369,11463.38  
"NJ",1897,391,7.4       
"NJ",1897,395,2500      
"NJ",1897,398,22139.98  
"NJ",1897,399,56861.76  
"NJ",1897,402,1990      
"NJ",1897,411,34135.85  
"NJ",1897,416,189400    
"NJ",1898,310,5995.77   
"NJ",1898,311,320176.74 
"NJ",1898,313,2239.6    
"NJ",1898,316,12342.52  
"NJ",1898,317,1693.55   
"NJ",1898,321,123140.11 
"NJ",1898,322,212048.25 
"NJ",1898,323,158626.43 
"NJ",1898,325,31697.85  
"NJ",1898,331,102839.18 
"NJ",1898,334,12803.29  
"NJ",1898,336,226421.42 
"NJ",1898,343,262646.59 
"NJ",1898,344,32105.85  
"NJ",1898,345,73607.17  
"NJ",1898,346,169325.36 
"NJ",1898,347,14922.77  
"NJ",1898,351,48100.08  
"NJ",1898,356,22491.54  
"NJ",1898,357,1000      
"NJ",1898,361,86023.31  
"NJ",1898,362,62275.91  
"NJ",1898,363,263179.6  
"NJ",1898,365,47250.17  
"NJ",1898,366,890.91    
"NJ",1898,367,63089.46  
"NJ",1898,368,12688.94  
"NJ",1898,369,9995.74   
"NJ",1898,391,252.25    
"NJ",1898,395,2500      
"NJ",1898,398,2631.13   
"NJ",1898,399,62535.61  
"NJ",1898,402,2400      
"NJ",1898,411,27640     
"NJ",1898,416,190000    
"NJ",1899,310,2492.89   
"NJ",1899,311,327063.79 
"NJ",1899,313,2801.77   
"NJ",1899,316,13049.73  
"NJ",1899,317,1779.3    
"NJ",1899,321,121451.02 
"NJ",1899,322,324146.93 
"NJ",1899,323,170525.33 
"NJ",1899,325,75581.87  
"NJ",1899,331,103000    
"NJ",1899,334,13283.3   
"NJ",1899,336,214631.13 
"NJ",1899,343,296845.14 
"NJ",1899,344,36219.22  
"NJ",1899,345,283623.82 
"NJ",1899,346,277903.58 
"NJ",1899,347,16528.68  
"NJ",1899,351,55869.25  
"NJ",1899,356,45086.39  
"NJ",1899,357,1000      
"NJ",1899,361,86061.39  
"NJ",1899,362,67882.84  
"NJ",1899,363,272898.64 
"NJ",1899,364,184.6     
"NJ",1899,365,48119.51  
"NJ",1899,366,22        
"NJ",1899,367,49002.98  
"NJ",1899,368,12820.73  
"NJ",1899,369,8148.07   
"NJ",1899,391,21109.75  
"NJ",1899,395,2500      
"NJ",1899,398,7234.8    
"NJ",1899,399,57484.53  
"NJ",1899,402,2400      
"NJ",1899,411,17950     
"NJ",1899,416,113000    
