"NH",1797,3,49999    
"NH",1798,3,42670    
"NH",1799,3,40371    
"NH",1800,3,31750    
"NH",1801,3,26309    
"NH",1802,3,15657    
"NH",1803,3,29673    
"NH",1804,3,43893    
"NH",1805,3,29355    
"NH",1806,3,38602    
"NH",1807,3,16777    
"NH",1808,3,33124    
"NH",1809,3,37080    
"NH",1810,3,19353    
"NH",1811,3,24631    
"NH",1812,3,51538    
"NH",1813,3,51638    
"NH",1814,3,39948    
"NH",1815,3,70713    
"NH",1816,3,67547    
"NH",1817,3,103893   
"NH",1818,3,65611    
"NH",1819,3,71158    
"NH",1820,3,72228    
"NH",1821,3,65358    
"NH",1822,3,51891    
"NH",1823,3,44916    
"NH",1824,3,36397    
"NH",1825,3,48160    
"NH",1826,3,41324    
"NH",1827,3,59767    
"NH",1828,3,71025    
"NH",1829,3,80090    
"NH",1830,3,96884    
"NH",1831,3,69189    
"NH",1832,3,76709    
"NH",1833,3,143438   
"NH",1834,3,70294    
"NH",1835,3,85382    
"NH",1836,3,56046    
"NH",1837,3,118065   
"NH",1838,3,76893    
"NH",1839,3,83779    
"NH",1840,3,74329    
"NH",1841,3,80154    
"NH",1842,3,96323    
"NH",1843,3,119477   
"NH",1844,3,109369   
"NH",1845,3,139338   
"NH",1846,3,119442   
"NH",1847,3,111958   
"NH",1848,3,122538   
"NH",1849,3,149238   
"NH",1850,3,167011   
"NH",1851,3,201345   
"NH",1852,3,210001   
"NH",1853,3,165418   
"NH",1854,3,110614   
"NH",1855,3,157807   
"NH",1856,3,199052   
"NH",1857,3,192962   
"NH",1858,3,155790   
"NH",1859,3,149547   
"NH",1860,3,184446   
"NH",1861,3,175682   
"NH",1862,3,172686   
"NH",1863,3,376850   
"NH",1864,3,1458387  
"NH",1865,3,3705550  
"NH",1866,3,3958201  
"NH",1867,3,3037401  
"NH",1868,3,1498072  
"NH",1869,3,1627304  
"NH",1870,3,1086350  
"NH",1871,3,1088387  
"NH",1872,3,2114829  
"NH",1874,3,1520879  
"NH",1875,3,1132324  
"NH",1876,3,881627   
"NH",1877,3,911883   
"NH",1878,3,934742   
"NH",1879,3,1106348  
"NH",1880,3,1150325  
"NH",1881,3,1079523  
"NH",1882,3,885895   
"NH",1883,3,791989   
"NH",1884,3,1011215  
"NH",1885,3,1261200  
"NH",1886,3,1031499  
"NH",1887,3,951784   
"NH",1888,3,1310851  
"NH",1889,3,1104212  
"NH",1890,3,1475311  
"NH",1892,3,1690052  
"NH",1893,3,1843765  
"NH",1894,3,1878755  
"NH",1895,3,1907491  
"NH",1896,3,1459848  
"NH",1897,3,1417806  
"NH",1898,3,1151969  
"NH",1899,3,1330919  
"NH",1900,3,1159242  
"NH",1901,3,1280779  
"NH",1902,3,1260616  
                     
"NH",1797,35,280     
"NH",1797,36,24013   
"NH",1797,40,43      
"NH",1797,41,25663   
"NH",1798,35,180     
"NH",1798,36,26568   
"NH",1798,40,402     
"NH",1798,41,15520   
"NH",1799,35,180     
"NH",1799,36,40167   
"NH",1799,40,24      
"NH",1800,35,160     
"NH",1800,36,31566   
"NH",1800,40,24      
"NH",1801,35,40      
"NH",1801,36,22901   
"NH",1801,41,3368    
"NH",1802,36,14643   
"NH",1802,41,1014    
"NH",1803,35,251     
"NH",1803,36,28913   
"NH",1803,41,509     
"NH",1804,35,20      
"NH",1804,36,22681   
"NH",1804,41,21192   
"NH",1805,36,29203   
"NH",1805,40,24      
"NH",1805,41,128     
"NH",1806,35,60      
"NH",1806,36,33931   
"NH",1806,40,24      
"NH",1806,41,4587    
"NH",1807,36,16442   
"NH",1807,40,6       
"NH",1807,41,329     
"NH",1808,36,28265   
"NH",1808,40,6       
"NH",1808,41,4853    
"NH",1809,35,140     
"NH",1809,36,36803   
"NH",1809,40,5       
"NH",1809,41,132     
"NH",1810,35,128     
"NH",1810,36,18059   
"NH",1810,41,1166    
"NH",1811,35,177     
"NH",1811,36,22562   
"NH",1811,40,168     
"NH",1811,41,1724    
"NH",1812,35,249     
"NH",1812,36,32869   
"NH",1812,41,18420   
"NH",1813,35,260     
"NH",1813,36,56431   
"NH",1813,41,-5053   
"NH",1814,35,238     
"NH",1814,36,35505   
"NH",1814,41,4205    
"NH",1815,34,43327   
"NH",1815,35,214     
"NH",1815,36,27672   
"NH",1815,41,-500    
"NH",1816,34,3000    
"NH",1816,35,300     
"NH",1816,36,32609   
"NH",1816,40,3638    
"NH",1816,41,28000   
"NH",1817,35,408     
"NH",1817,36,61032   
"NH",1817,40,2453    
"NH",1817,41,40000   
"NH",1818,34,7063    
"NH",1818,35,290     
"NH",1818,36,58185   
"NH",1818,39,73      
"NH",1819,34,5485    
"NH",1819,35,1328    
"NH",1819,36,51997   
"NH",1819,39,16      
"NH",1819,41,12332   
"NH",1820,34,5129    
"NH",1820,35,1825    
"NH",1820,36,44378   
"NH",1820,39,121     
"NH",1820,41,20775   
"NH",1821,31,113     
"NH",1821,34,4159    
"NH",1821,35,504     
"NH",1821,36,49992   
"NH",1821,39,161     
"NH",1821,41,10429   
"NH",1822,34,2903    
"NH",1822,35,182     
"NH",1822,36,31204   
"NH",1822,41,17602   
"NH",1823,34,455     
"NH",1823,35,599     
"NH",1823,36,31521   
"NH",1823,41,12341   
"NH",1824,31,500     
"NH",1824,34,553     
"NH",1824,35,207     
"NH",1824,36,29990   
"NH",1824,41,5147    
"NH",1825,32,1000    
"NH",1825,34,500     
"NH",1825,35,207     
"NH",1825,36,44953   
"NH",1825,39,1500    
"NH",1826,36,41324   
"NH",1827,31,100     
"NH",1827,33,615     
"NH",1827,35,90      
"NH",1827,36,43618   
"NH",1827,41,15344   
"NH",1828,31,100     
"NH",1828,34,600     
"NH",1828,35,90      
"NH",1828,36,44536   
"NH",1828,41,25699   
"NH",1829,32,660     
"NH",1829,35,250     
"NH",1829,36,60561   
"NH",1829,41,18619   
"NH",1830,32,1415    
"NH",1830,34,271     
"NH",1830,35,2332    
"NH",1830,36,44613   
"NH",1830,41,48253   
"NH",1831,32,1010    
"NH",1831,34,640     
"NH",1831,35,151     
"NH",1831,36,40154   
"NH",1831,41,27234   
"NH",1832,34,1340    
"NH",1832,35,240     
"NH",1832,36,45563   
"NH",1832,41,29566   
"NH",1833,35,1587    
"NH",1833,36,70418   
"NH",1833,41,71433   
"NH",1834,32,1400    
"NH",1834,34,7790    
"NH",1834,35,5212    
"NH",1834,36,45765   
"NH",1834,40,126     
"NH",1834,41,10001   
"NH",1835,32,1950    
"NH",1835,34,9507    
"NH",1835,35,3693    
"NH",1835,36,40837   
"NH",1835,40,1395    
"NH",1835,41,28000   
"NH",1836,32,2000    
"NH",1836,34,10000   
"NH",1836,35,4146    
"NH",1836,36,37801   
"NH",1836,41,2099    
"NH",1837,32,1850    
"NH",1837,34,7518    
"NH",1837,35,1425    
"NH",1837,36,81532   
"NH",1837,41,25740   
"NH",1838,32,1175    
"NH",1838,34,1635    
"NH",1838,35,440     
"NH",1838,36,41827   
"NH",1838,40,2193    
"NH",1838,41,29623   
"NH",1839,32,1400    
"NH",1839,34,2280    
"NH",1839,35,459     
"NH",1839,36,40152   
"NH",1839,40,1186    
"NH",1839,41,38302   
"NH",1840,32,2131    
"NH",1840,34,1861    
"NH",1840,35,2624    
"NH",1840,36,42088   
"NH",1840,40,625     
"NH",1840,41,25000   
"NH",1841,32,2400    
"NH",1841,34,14624   
"NH",1841,35,4254    
"NH",1841,36,58876   
"NH",1842,32,1733    
"NH",1842,34,1796    
"NH",1842,35,5326    
"NH",1842,36,43683   
"NH",1842,41,43785   
"NH",1843,32,5600    
"NH",1843,34,2686    
"NH",1843,35,3480    
"NH",1843,36,72986   
"NH",1843,41,34725   
"NH",1844,32,1950    
"NH",1844,34,3081    
"NH",1844,35,905     
"NH",1844,36,42809   
"NH",1844,39,4950    
"NH",1844,41,55674   
"NH",1845,32,7083    
"NH",1845,34,985     
"NH",1845,35,3284    
"NH",1845,36,62706   
"NH",1845,39,7711    
"NH",1845,41,57569   
"NH",1846,32,2117    
"NH",1846,34,1135    
"NH",1846,35,210     
"NH",1846,36,46196   
"NH",1846,39,6850    
"NH",1846,40,515     
"NH",1846,41,62419   
"NH",1847,31,550     
"NH",1847,32,2695    
"NH",1847,34,1637    
"NH",1847,35,276     
"NH",1847,36,48495   
"NH",1847,39,7232    
"NH",1847,40,300     
"NH",1847,41,50773   
"NH",1848,31,646     
"NH",1848,32,3368    
"NH",1848,33,500     
"NH",1848,34,8885    
"NH",1848,35,160     
"NH",1848,36,47376   
"NH",1848,39,11255   
"NH",1848,41,50348   
"NH",1849,31,11731   
"NH",1849,32,4193    
"NH",1849,34,13742   
"NH",1849,35,251     
"NH",1849,36,74572   
"NH",1849,39,20203   
"NH",1849,41,24546   
"NH",1850,31,577     
"NH",1850,32,19620   
"NH",1850,34,9156    
"NH",1850,35,250     
"NH",1850,36,53924   
"NH",1850,39,25338   
"NH",1850,41,58146   
"NH",1851,32,4000    
"NH",1851,34,27194   
"NH",1851,35,3605    
"NH",1851,36,95159   
"NH",1851,39,35963   
"NH",1851,41,35424   
"NH",1852,32,4735    
"NH",1852,34,6292    
"NH",1852,35,5780    
"NH",1852,36,54702   
"NH",1852,39,33836   
"NH",1852,41,104656  
"NH",1853,32,3455    
"NH",1853,34,539     
"NH",1853,35,281     
"NH",1853,36,92244   
"NH",1853,39,34278   
"NH",1853,41,34621   
"NH",1854,32,3812    
"NH",1854,36,63062   
"NH",1854,39,34120   
"NH",1854,41,9620    
"NH",1855,32,21348   
"NH",1855,36,70231   
"NH",1855,39,37807   
"NH",1855,41,28421   
"NH",1856,32,32449   
"NH",1856,34,15000   
"NH",1856,36,73832   
"NH",1856,39,31147   
"NH",1856,40,4024    
"NH",1856,41,42600   
"NH",1857,32,21617   
"NH",1857,34,19239   
"NH",1857,36,73243   
"NH",1857,39,27693   
"NH",1857,40,5970    
"NH",1857,41,45200   
"NH",1858,31,827     
"NH",1858,32,6068    
"NH",1858,34,18350   
"NH",1858,35,363     
"NH",1858,36,62661   
"NH",1858,39,20500   
"NH",1858,40,7921    
"NH",1858,41,39100   
"NH",1859,31,774     
"NH",1859,32,2514    
"NH",1859,35,75      
"NH",1859,36,68055   
"NH",1859,39,20594   
"NH",1859,40,9307    
"NH",1859,41,48228   
"NH",1860,31,596     
"NH",1860,32,7516    
"NH",1860,34,3750    
"NH",1860,35,130     
"NH",1860,36,63558   
"NH",1860,39,25280   
"NH",1860,40,8205    
"NH",1860,41,75411   
"NH",1861,31,1090    
"NH",1861,32,10774   
"NH",1861,34,13356   
"NH",1861,35,720     
"NH",1861,36,64276   
"NH",1861,39,24657   
"NH",1861,40,5806    
"NH",1861,41,55003   
"NH",1862,31,746     
"NH",1862,32,5125    
"NH",1862,34,3100    
"NH",1862,35,756     
"NH",1862,36,66912   
"NH",1862,39,25657   
"NH",1862,40,5190    
"NH",1862,41,65200   
"NH",1863,31,811     
"NH",1863,32,187104  
"NH",1863,34,12676   
"NH",1863,35,302     
"NH",1863,36,75744   
"NH",1863,39,30974   
"NH",1863,40,4439    
"NH",1863,41,64800   
"NH",1864,31,705     
"NH",1864,32,511047  
"NH",1864,34,584312  
"NH",1864,35,292     
"NH",1864,36,75274   
"NH",1864,39,42659   
"NH",1864,40,87323   
"NH",1864,41,156775  
"NH",1865,31,1017    
"NH",1865,32,584118  
"NH",1865,34,1854389 
"NH",1865,35,811     
"NH",1865,36,121381  
"NH",1865,39,57437   
"NH",1865,40,161263  
"NH",1865,41,925134  
"NH",1866,32,524282  
"NH",1866,34,87244   
"NH",1866,36,95034   
"NH",1866,39,134079  
"NH",1866,40,286412  
"NH",1866,41,2831150 
"NH",1867,31,716     
"NH",1867,32,44941   
"NH",1867,33,450     
"NH",1867,34,42084   
"NH",1867,35,1194    
"NH",1867,36,119244  
"NH",1867,39,246610  
"NH",1867,40,317933  
"NH",1867,41,2264229 
"NH",1868,31,41341   
"NH",1868,32,47401   
"NH",1868,33,1000    
"NH",1868,34,30402   
"NH",1868,35,2755    
"NH",1868,36,145222  
"NH",1868,39,159023  
"NH",1868,40,242388  
"NH",1868,41,828540  
"NH",1869,31,2097    
"NH",1869,32,34332   
"NH",1869,33,2600    
"NH",1869,34,62459   
"NH",1869,35,2876    
"NH",1869,36,107255  
"NH",1869,39,420     
"NH",1869,40,220972  
"NH",1869,41,1194293 
"NH",1870,31,8084    
"NH",1870,32,21736   
"NH",1870,33,800     
"NH",1870,34,32460   
"NH",1870,35,5681    
"NH",1870,36,105147  
"NH",1870,40,196038  
"NH",1870,41,716404  
"NH",1871,31,15683   
"NH",1871,32,17933   
"NH",1871,33,4499    
"NH",1871,34,13528   
"NH",1871,35,5304    
"NH",1871,36,92828   
"NH",1871,40,160753  
"NH",1871,41,777859  
"NH",1872,31,29773   
"NH",1872,32,34608   
"NH",1872,33,1200    
"NH",1872,34,28299   
"NH",1872,35,13287   
"NH",1872,36,209673  
"NH",1872,39,51      
"NH",1872,40,392058  
"NH",1872,41,1405880 
"NH",1874,31,10555   
"NH",1874,32,13866   
"NH",1874,33,3000    
"NH",1874,34,26955   
"NH",1874,35,8175    
"NH",1874,36,106539  
"NH",1874,39,200     
"NH",1874,40,259799  
"NH",1874,41,1091790 
"NH",1875,31,6053    
"NH",1875,32,15177   
"NH",1875,33,3832    
"NH",1875,34,21239   
"NH",1875,35,11514   
"NH",1875,36,121492  
"NH",1875,40,236090  
"NH",1875,41,716927  
"NH",1876,31,6084    
"NH",1876,32,13799   
"NH",1876,33,1506    
"NH",1876,34,24017   
"NH",1876,35,7567    
"NH",1876,36,109286  
"NH",1876,39,1599    
"NH",1876,40,222680  
"NH",1876,41,495089  
"NH",1877,31,7308    
"NH",1877,32,15040   
"NH",1877,33,1300    
"NH",1877,34,20500   
"NH",1877,35,9919    
"NH",1877,36,150681  
"NH",1877,39,5574    
"NH",1877,40,218665  
"NH",1877,41,482896  
"NH",1878,31,9318    
"NH",1878,32,22787   
"NH",1878,33,1156    
"NH",1878,34,34209   
"NH",1878,35,18057   
"NH",1878,36,134958  
"NH",1878,39,5076    
"NH",1878,40,214702  
"NH",1878,41,494479  
"NH",1879,31,5918    
"NH",1879,32,20666   
"NH",1879,33,3518    
"NH",1879,34,142293  
"NH",1879,35,4545    
"NH",1879,36,181196  
"NH",1879,40,208070  
"NH",1879,41,540142  
"NH",1880,31,9393    
"NH",1880,32,19213   
"NH",1880,33,2184    
"NH",1880,34,108273  
"NH",1880,35,5684    
"NH",1880,36,127202  
"NH",1880,40,214312  
"NH",1880,41,664064  
"NH",1881,31,9199    
"NH",1881,32,17041   
"NH",1881,33,1826    
"NH",1881,34,91985   
"NH",1881,35,4481    
"NH",1881,36,57604   
"NH",1881,40,207669  
"NH",1881,41,689718  
"NH",1882,31,12940   
"NH",1882,32,17424   
"NH",1882,33,1058    
"NH",1882,34,47354   
"NH",1882,35,4499    
"NH",1882,36,170409  
"NH",1882,39,7250    
"NH",1882,40,200168  
"NH",1882,41,424793  
"NH",1883,31,9044    
"NH",1883,32,18934   
"NH",1883,33,3740    
"NH",1883,34,34295   
"NH",1883,35,5260    
"NH",1883,36,71589   
"NH",1883,39,20      
"NH",1883,40,196956  
"NH",1883,41,452151  
"NH",1884,31,9992    
"NH",1884,32,29893   
"NH",1884,33,1872    
"NH",1884,34,41230   
"NH",1884,35,9642    
"NH",1884,36,213694  
"NH",1884,40,194066  
"NH",1884,41,510826  
"NH",1885,31,10568   
"NH",1885,32,18257   
"NH",1885,33,2179    
"NH",1885,34,38113   
"NH",1885,35,19430   
"NH",1885,36,78411   
"NH",1885,39,130     
"NH",1885,40,193796  
"NH",1885,41,900316  
"NH",1886,31,7525    
"NH",1886,32,21173   
"NH",1886,33,2127    
"NH",1886,34,37152   
"NH",1886,35,18134   
"NH",1886,36,207782  
"NH",1886,39,2331    
"NH",1886,40,178765  
"NH",1886,41,556510  
"NH",1887,31,9535    
"NH",1887,32,18334   
"NH",1887,33,3433    
"NH",1887,34,36586   
"NH",1887,35,10837   
"NH",1887,36,85137   
"NH",1887,39,3787    
"NH",1887,40,181338  
"NH",1887,41,602797  
"NH",1888,31,12465   
"NH",1888,32,22975   
"NH",1888,33,3395    
"NH",1888,34,48138   
"NH",1888,35,7881    
"NH",1888,36,281337  
"NH",1888,39,10095   
"NH",1888,40,175597  
"NH",1888,41,748968  
"NH",1889,31,15190   
"NH",1889,32,23844   
"NH",1889,33,6503    
"NH",1889,34,53845   
"NH",1889,35,5856    
"NH",1889,36,118010  
"NH",1889,39,5411    
"NH",1889,40,173994  
"NH",1889,41,701559  
"NH",1890,31,13445   
"NH",1890,32,27689   
"NH",1890,33,7456    
"NH",1890,34,40222   
"NH",1890,35,7851    
"NH",1890,36,220782  
"NH",1890,39,2816    
"NH",1890,40,166470  
"NH",1890,41,988580  
"NH",1892,31,61291   
"NH",1892,32,74303   
"NH",1892,33,9459    
"NH",1892,34,47145   
"NH",1892,35,13706   
"NH",1892,36,235875  
"NH",1892,39,11261   
"NH",1892,40,157419  
"NH",1892,41,1079593 
"NH",1893,31,147912  
"NH",1893,32,48471   
"NH",1893,33,6981    
"NH",1893,34,54900   
"NH",1893,35,26919   
"NH",1893,36,124687  
"NH",1893,39,12389   
"NH",1893,40,182847  
"NH",1893,41,1238659 
"NH",1894,31,146576  
"NH",1894,32,49580   
"NH",1894,33,6995    
"NH",1894,34,51106   
"NH",1894,35,24129   
"NH",1894,36,139319  
"NH",1894,39,36575   
"NH",1894,40,152082  
"NH",1894,41,1272393 
"NH",1895,31,123437  
"NH",1895,32,62025   
"NH",1895,33,9140    
"NH",1895,34,52811   
"NH",1895,35,26534   
"NH",1895,36,247003  
"NH",1895,39,9047    
"NH",1895,40,143500  
"NH",1895,41,1233994 
"NH",1896,31,55801   
"NH",1896,32,61887   
"NH",1896,33,7306    
"NH",1896,34,38997   
"NH",1896,35,29810   
"NH",1896,36,152913  
"NH",1896,39,2775    
"NH",1896,40,133638  
"NH",1896,41,976721  
"NH",1897,31,31956   
"NH",1897,32,54185   
"NH",1897,33,5468    
"NH",1897,34,50784   
"NH",1897,35,29938   
"NH",1897,36,234845  
"NH",1897,39,4421    
"NH",1897,40,124196  
"NH",1897,41,882013  
"NH",1898,31,37450   
"NH",1898,32,54954   
"NH",1898,33,10243   
"NH",1898,34,44164   
"NH",1898,35,21858   
"NH",1898,36,117315  
"NH",1898,40,115175  
"NH",1898,41,750810  
"NH",1899,31,35310   
"NH",1899,32,53680   
"NH",1899,33,6038    
"NH",1899,34,147896  
"NH",1899,35,18288   
"NH",1899,36,226984  
"NH",1899,40,107760  
"NH",1899,41,734963  
"NH",1900,31,66314   
"NH",1900,32,81466   
"NH",1900,33,7293    
"NH",1900,34,49233   
"NH",1900,35,24846   
"NH",1900,36,132155  
"NH",1900,40,100186  
"NH",1900,41,697749  
"NH",1901,31,71129   
"NH",1901,32,89624   
"NH",1901,33,11918   
"NH",1901,34,47213   
"NH",1901,35,26201   
"NH",1901,36,247085  
"NH",1901,39,333     
"NH",1901,40,92342   
"NH",1901,41,694934  
"NH",1902,31,101000  
"NH",1902,32,92470   
"NH",1902,33,25405   
"NH",1902,34,49393   
"NH",1902,35,27506   
"NH",1902,36,147366  
"NH",1902,39,7243    
"NH",1902,40,87390   
"NH",1902,41,722843  
                     
"NH",1797,351,280    
"NH",1797,361,15054  
"NH",1797,362,8959   
"NH",1797,400,43     
"NH",1797,413,25663  
"NH",1798,351,180    
"NH",1798,361,17519  
"NH",1798,362,9049   
"NH",1798,400,402    
"NH",1798,413,5120   
"NH",1798,415,10400  
"NH",1799,351,180    
"NH",1799,360,40167  
"NH",1799,400,24     
"NH",1800,351,160    
"NH",1800,360,31566  
"NH",1800,400,24     
"NH",1801,351,40     
"NH",1801,361,14652  
"NH",1801,362,8249   
"NH",1801,413,3368   
"NH",1802,361,6950   
"NH",1802,362,7693   
"NH",1802,413,252    
"NH",1802,415,762    
"NH",1803,351,251    
"NH",1803,361,13166  
"NH",1803,362,15747  
"NH",1803,413,709    
"NH",1803,415,-200   
"NH",1804,351,20     
"NH",1804,361,14756  
"NH",1804,362,7925   
"NH",1804,413,446    
"NH",1804,415,20746  
"NH",1805,361,17125  
"NH",1805,362,12078  
"NH",1805,400,24     
"NH",1805,413,128    
"NH",1806,351,60     
"NH",1806,361,19156  
"NH",1806,362,14775  
"NH",1806,400,24     
"NH",1806,413,10     
"NH",1806,415,4577   
"NH",1807,361,7861   
"NH",1807,362,8581   
"NH",1807,400,6      
"NH",1807,413,185    
"NH",1807,415,144    
"NH",1808,361,8085   
"NH",1808,362,20180  
"NH",1808,400,6      
"NH",1808,413,128    
"NH",1808,415,4725   
"NH",1809,351,140    
"NH",1809,361,20385  
"NH",1809,362,16418  
"NH",1809,400,5      
"NH",1809,413,4      
"NH",1809,415,128    
"NH",1810,351,128    
"NH",1810,361,10106  
"NH",1810,362,7953   
"NH",1810,413,60     
"NH",1810,415,1106   
"NH",1811,351,177    
"NH",1811,361,10545  
"NH",1811,362,12017  
"NH",1811,400,168    
"NH",1811,412,2000   
"NH",1811,415,-276   
"NH",1812,351,249    
"NH",1812,361,8442   
"NH",1812,362,24427  
"NH",1812,412,18656  
"NH",1812,413,444    
"NH",1812,415,-680   
"NH",1813,351,260    
"NH",1813,361,22094  
"NH",1813,362,34337  
"NH",1813,412,3065   
"NH",1813,413,5      
"NH",1813,415,-8123  
"NH",1814,351,238    
"NH",1814,361,16847  
"NH",1814,362,18658  
"NH",1814,412,5210   
"NH",1814,413,15     
"NH",1814,415,-1020  
"NH",1815,345,43327  
"NH",1815,351,214    
"NH",1815,361,11729  
"NH",1815,362,15943  
"NH",1815,415,-500   
"NH",1816,343,3000   
"NH",1816,351,300    
"NH",1816,360,27438  
"NH",1816,365,5171   
"NH",1816,400,3638   
"NH",1816,413,28000  
"NH",1817,351,408    
"NH",1817,360,56216  
"NH",1817,365,4816   
"NH",1817,400,2453   
"NH",1817,412,40000  
"NH",1818,343,7000   
"NH",1818,345,63     
"NH",1818,351,290    
"NH",1818,360,25599  
"NH",1818,365,2586   
"NH",1818,367,30000  
"NH",1818,398,73     
"NH",1819,343,4993   
"NH",1819,345,492    
"NH",1819,351,1328   
"NH",1819,360,32759  
"NH",1819,365,2768   
"NH",1819,367,16470  
"NH",1819,398,16     
"NH",1819,413,12332  
"NH",1820,343,4700   
"NH",1820,345,429    
"NH",1820,351,1825   
"NH",1820,360,30710  
"NH",1820,365,2299   
"NH",1820,367,11369  
"NH",1820,398,121    
"NH",1820,413,20775  
"NH",1821,310,113    
"NH",1821,343,3463   
"NH",1821,345,696    
"NH",1821,351,504    
"NH",1821,360,47296  
"NH",1821,365,2696   
"NH",1821,398,161    
"NH",1821,413,10429  
"NH",1822,343,2209   
"NH",1822,345,694    
"NH",1822,351,182    
"NH",1822,360,29831  
"NH",1822,365,1373   
"NH",1822,413,17602  
"NH",1823,343,150    
"NH",1823,345,305    
"NH",1823,351,599    
"NH",1823,360,30237  
"NH",1823,365,1284   
"NH",1823,413,12341  
"NH",1824,313,500    
"NH",1824,343,200    
"NH",1824,345,353    
"NH",1824,351,207    
"NH",1824,360,28244  
"NH",1824,365,1746   
"NH",1824,413,5147   
"NH",1825,322,1000   
"NH",1825,345,500    
"NH",1825,351,207    
"NH",1825,360,25063  
"NH",1825,361,19890  
"NH",1825,391,1500   
"NH",1826,360,41324  
"NH",1827,316,100    
"NH",1827,334,615    
"NH",1827,351,90     
"NH",1827,360,41702  
"NH",1827,365,1916   
"NH",1827,412,15344  
"NH",1828,316,100    
"NH",1828,345,600    
"NH",1828,351,90     
"NH",1828,360,41520  
"NH",1828,361,180    
"NH",1828,365,2214   
"NH",1828,367,322    
"NH",1828,369,300    
"NH",1828,412,25699  
"NH",1829,322,660    
"NH",1829,351,250    
"NH",1829,360,3000   
"NH",1829,361,36055  
"NH",1829,362,6552   
"NH",1829,363,12219  
"NH",1829,364,147    
"NH",1829,365,1501   
"NH",1829,369,1087   
"NH",1829,413,18619  
"NH",1830,322,1415   
"NH",1830,345,271    
"NH",1830,351,2332   
"NH",1830,360,3000   
"NH",1830,361,19214  
"NH",1830,362,7037   
"NH",1830,363,12820  
"NH",1830,365,2542   
"NH",1830,413,48253  
"NH",1831,322,1010   
"NH",1831,343,600    
"NH",1831,345,40     
"NH",1831,351,151    
"NH",1831,360,2550   
"NH",1831,361,17736  
"NH",1831,362,5775   
"NH",1831,363,12096  
"NH",1831,365,1997   
"NH",1831,413,27234  
"NH",1832,343,800    
"NH",1832,345,540    
"NH",1832,351,240    
"NH",1832,360,2950   
"NH",1832,361,18445  
"NH",1832,362,9381   
"NH",1832,363,12048  
"NH",1832,365,2739   
"NH",1832,412,29566  
"NH",1833,351,1587   
"NH",1833,360,15797  
"NH",1833,361,36816  
"NH",1833,362,16036  
"NH",1833,365,1769   
"NH",1833,412,20428  
"NH",1833,414,51005  
"NH",1834,322,1400   
"NH",1834,343,7790   
"NH",1834,351,5212   
"NH",1834,360,15994  
"NH",1834,361,18423  
"NH",1834,362,9863   
"NH",1834,365,1485   
"NH",1834,400,126    
"NH",1834,412,10001  
"NH",1835,322,1950   
"NH",1835,343,9000   
"NH",1835,345,507    
"NH",1835,351,3693   
"NH",1835,360,15903  
"NH",1835,361,19822  
"NH",1835,362,2985   
"NH",1835,365,2127   
"NH",1835,400,1395   
"NH",1835,413,28000  
"NH",1836,322,2000   
"NH",1836,343,10000  
"NH",1836,351,4146   
"NH",1836,360,16147  
"NH",1836,361,15097  
"NH",1836,362,4085   
"NH",1836,365,2472   
"NH",1836,413,2099   
"NH",1837,322,1850   
"NH",1837,343,6000   
"NH",1837,345,1518   
"NH",1837,351,1425   
"NH",1837,360,16569  
"NH",1837,361,41412  
"NH",1837,362,20316  
"NH",1837,364,147    
"NH",1837,365,1688   
"NH",1837,367,1400   
"NH",1837,413,25740  
"NH",1838,322,1175   
"NH",1838,345,1635   
"NH",1838,351,440    
"NH",1838,360,15749  
"NH",1838,361,18491  
"NH",1838,362,6879   
"NH",1838,365,708    
"NH",1838,400,2193   
"NH",1838,412,29623  
"NH",1839,322,1400   
"NH",1839,343,1000   
"NH",1839,345,1280   
"NH",1839,351,459    
"NH",1839,360,15541  
"NH",1839,361,18653  
"NH",1839,362,5958   
"NH",1839,400,1186   
"NH",1839,412,38302  
"NH",1840,322,2131   
"NH",1840,343,821    
"NH",1840,345,1040   
"NH",1840,351,2624   
"NH",1840,360,16839  
"NH",1840,361,20183  
"NH",1840,362,5066   
"NH",1840,400,625    
"NH",1840,412,25000  
"NH",1841,322,2400   
"NH",1841,343,10535  
"NH",1841,345,4089   
"NH",1841,351,4254   
"NH",1841,360,17235  
"NH",1841,361,35502  
"NH",1841,362,6139   
"NH",1842,322,1733   
"NH",1842,345,1796   
"NH",1842,351,5326   
"NH",1842,360,17255  
"NH",1842,361,19321  
"NH",1842,362,7107   
"NH",1842,413,43785  
"NH",1843,322,1600   
"NH",1843,323,4000   
"NH",1843,345,2686   
"NH",1843,351,3480   
"NH",1843,360,17536  
"NH",1843,361,50913  
"NH",1843,362,4537   
"NH",1843,412,34725  
"NH",1844,322,1950   
"NH",1844,345,3081   
"NH",1844,351,905    
"NH",1844,360,18792  
"NH",1844,361,22073  
"NH",1844,362,1944   
"NH",1844,399,4950   
"NH",1844,413,55674  
"NH",1845,322,2083   
"NH",1845,323,5000   
"NH",1845,345,985    
"NH",1845,351,3284   
"NH",1845,360,18529  
"NH",1845,361,40953  
"NH",1845,362,3108   
"NH",1845,364,116    
"NH",1845,399,7711   
"NH",1845,413,57569  
"NH",1846,322,2117   
"NH",1846,345,1135   
"NH",1846,351,210    
"NH",1846,360,17990  
"NH",1846,361,25868  
"NH",1846,362,2141   
"NH",1846,365,197    
"NH",1846,399,6850   
"NH",1846,400,515    
"NH",1846,412,62419  
"NH",1847,311,450    
"NH",1847,316,100    
"NH",1847,322,2396   
"NH",1847,323,299    
"NH",1847,345,1637   
"NH",1847,351,276    
"NH",1847,360,17607  
"NH",1847,361,28446  
"NH",1847,362,1995   
"NH",1847,364,70     
"NH",1847,369,377    
"NH",1847,398,250    
"NH",1847,399,6982   
"NH",1847,400,300    
"NH",1847,412,50773  
"NH",1848,311,254    
"NH",1848,316,392    
"NH",1848,322,2625   
"NH",1848,323,743    
"NH",1848,331,500    
"NH",1848,343,2950   
"NH",1848,345,5935   
"NH",1848,351,160    
"NH",1848,360,17635  
"NH",1848,361,25563  
"NH",1848,362,2837   
"NH",1848,363,240    
"NH",1848,364,221    
"NH",1848,369,880    
"NH",1848,398,2917   
"NH",1848,399,8338   
"NH",1848,412,50348  
"NH",1849,311,11362  
"NH",1849,316,369    
"NH",1849,322,2550   
"NH",1849,323,1643   
"NH",1849,343,2360   
"NH",1849,345,11382  
"NH",1849,351,251    
"NH",1849,360,18881  
"NH",1849,361,44618  
"NH",1849,362,3242   
"NH",1849,363,350    
"NH",1849,364,335    
"NH",1849,369,7146   
"NH",1849,398,190    
"NH",1849,399,20013  
"NH",1849,412,24546  
"NH",1850,311,489    
"NH",1850,316,88     
"NH",1850,322,2825   
"NH",1850,323,16795  
"NH",1850,343,75     
"NH",1850,345,9081   
"NH",1850,351,250    
"NH",1850,360,19018  
"NH",1850,361,23124  
"NH",1850,362,2952   
"NH",1850,363,360    
"NH",1850,364,96     
"NH",1850,369,8374   
"NH",1850,398,119    
"NH",1850,399,25219  
"NH",1850,412,58146  
"NH",1851,322,2800   
"NH",1851,323,1200   
"NH",1851,343,2000   
"NH",1851,345,25194  
"NH",1851,351,3605   
"NH",1851,360,19514  
"NH",1851,361,72554  
"NH",1851,362,3091   
"NH",1851,398,5456   
"NH",1851,399,30507  
"NH",1851,413,35424  
"NH",1852,322,2713   
"NH",1852,323,2022   
"NH",1852,343,1500   
"NH",1852,345,4792   
"NH",1852,351,5780   
"NH",1852,360,23227  
"NH",1852,361,28066  
"NH",1852,362,3409   
"NH",1852,398,5702   
"NH",1852,399,28134  
"NH",1852,413,96661  
"NH",1852,414,7995   
"NH",1853,322,1333   
"NH",1853,323,2122   
"NH",1853,345,539    
"NH",1853,351,281    
"NH",1853,360,23056  
"NH",1853,361,55628  
"NH",1853,362,4356   
"NH",1853,369,9204   
"NH",1853,398,3094   
"NH",1853,399,31184  
"NH",1853,413,34621  
"NH",1854,320,3812   
"NH",1854,360,24787  
"NH",1854,361,26153  
"NH",1854,362,5881   
"NH",1854,369,6241   
"NH",1854,398,2950   
"NH",1854,399,31170  
"NH",1854,413,9620   
"NH",1855,320,4348   
"NH",1855,323,17000  
"NH",1855,360,24416  
"NH",1855,361,34414  
"NH",1855,362,5368   
"NH",1855,369,6033   
"NH",1855,398,5762   
"NH",1855,399,32045  
"NH",1855,413,28421  
"NH",1856,320,4449   
"NH",1856,323,28000  
"NH",1856,343,15000  
"NH",1856,360,25054  
"NH",1856,361,37137  
"NH",1856,362,5281   
"NH",1856,369,6360   
"NH",1856,398,3156   
"NH",1856,399,27991  
"NH",1856,400,4024   
"NH",1856,413,42600  
"NH",1857,320,6617   
"NH",1857,323,15000  
"NH",1857,343,19239  
"NH",1857,360,27542  
"NH",1857,361,32722  
"NH",1857,362,6512   
"NH",1857,369,6467   
"NH",1857,398,1874   
"NH",1857,399,25819  
"NH",1857,400,5970   
"NH",1857,413,45200  
"NH",1858,311,827    
"NH",1858,320,6068   
"NH",1858,343,18100  
"NH",1858,345,250    
"NH",1858,351,363    
"NH",1858,360,27169  
"NH",1858,361,21812  
"NH",1858,362,5587   
"NH",1858,363,515    
"NH",1858,364,40     
"NH",1858,369,7538   
"NH",1858,399,20500  
"NH",1858,400,7921   
"NH",1858,413,39100  
"NH",1859,311,774    
"NH",1859,320,2514   
"NH",1859,351,75     
"NH",1859,360,27437  
"NH",1859,361,23900  
"NH",1859,362,6037   
"NH",1859,363,562    
"NH",1859,369,10119  
"NH",1859,399,20594  
"NH",1859,400,9307   
"NH",1859,413,48220  
"NH",1859,414,8      
"NH",1860,311,596    
"NH",1860,320,7516   
"NH",1860,343,3750   
"NH",1860,351,130    
"NH",1860,360,24846  
"NH",1860,361,24399  
"NH",1860,362,5802   
"NH",1860,363,737    
"NH",1860,369,7774   
"NH",1860,399,25280  
"NH",1860,400,8205   
"NH",1860,413,75300  
"NH",1860,414,111    
"NH",1861,311,710    
"NH",1861,316,380    
"NH",1861,320,5774   
"NH",1861,323,5000   
"NH",1861,343,12785  
"NH",1861,345,571    
"NH",1861,351,720    
"NH",1861,360,24558  
"NH",1861,361,25939  
"NH",1861,362,4848   
"NH",1861,363,755    
"NH",1861,367,982    
"NH",1861,369,7194   
"NH",1861,399,24657  
"NH",1861,400,5806   
"NH",1861,413,55000  
"NH",1861,414,3      
"NH",1862,311,646    
"NH",1862,316,100    
"NH",1862,320,5125   
"NH",1862,343,3100   
"NH",1862,351,756    
"NH",1862,360,23975  
"NH",1862,361,27866  
"NH",1862,362,4474   
"NH",1862,363,313    
"NH",1862,367,2100   
"NH",1862,369,8184   
"NH",1862,399,25657  
"NH",1862,400,5190   
"NH",1862,413,65200  
"NH",1863,311,637    
"NH",1863,316,174    
"NH",1863,320,5138   
"NH",1863,325,181966 
"NH",1863,343,10831  
"NH",1863,345,1845   
"NH",1863,351,302    
"NH",1863,360,23260  
"NH",1863,361,33068  
"NH",1863,362,5704   
"NH",1863,369,13712  
"NH",1863,399,30974  
"NH",1863,400,4439   
"NH",1863,413,64800  
"NH",1864,310,300    
"NH",1864,311,129    
"NH",1864,316,276    
"NH",1864,320,5296   
"NH",1864,323,5000   
"NH",1864,325,500751 
"NH",1864,343,10000  
"NH",1864,345,574312 
"NH",1864,351,292    
"NH",1864,360,23935  
"NH",1864,361,33289  
"NH",1864,362,5348   
"NH",1864,363,234    
"NH",1864,367,300    
"NH",1864,369,12168  
"NH",1864,399,42659  
"NH",1864,400,87323  
"NH",1864,413,156775 
"NH",1865,310,300    
"NH",1865,311,575    
"NH",1865,316,142    
"NH",1865,320,15801  
"NH",1865,325,568317 
"NH",1865,343,17160  
"NH",1865,345,1837229
"NH",1865,351,811    
"NH",1865,360,27128  
"NH",1865,361,60840  
"NH",1865,362,15564  
"NH",1865,363,218    
"NH",1865,367,607    
"NH",1865,369,17024  
"NH",1865,398,945    
"NH",1865,399,56492  
"NH",1865,400,161263 
"NH",1865,413,925134 
"NH",1866,320,15077  
"NH",1866,325,509205 
"NH",1866,345,87244  
"NH",1866,360,29848  
"NH",1866,361,47783  
"NH",1866,362,17403  
"NH",1866,398,4557   
"NH",1866,399,129522 
"NH",1866,400,286412 
"NH",1866,413,2831150
"NH",1867,310,616    
"NH",1867,316,100    
"NH",1867,320,44941  
"NH",1867,331,450    
"NH",1867,345,42084  
"NH",1867,351,1194   
"NH",1867,360,30264  
"NH",1867,361,59889  
"NH",1867,362,22736  
"NH",1867,363,207    
"NH",1867,367,4099   
"NH",1867,369,2049   
"NH",1867,398,1882   
"NH",1867,399,244728 
"NH",1867,400,317933 
"NH",1867,413,2264229
"NH",1868,310,762    
"NH",1868,311,37019  
"NH",1868,313,300    
"NH",1868,316,3260   
"NH",1868,320,39597  
"NH",1868,323,6703   
"NH",1868,325,1101   
"NH",1868,331,1000   
"NH",1868,345,30402  
"NH",1868,351,2755   
"NH",1868,360,31177  
"NH",1868,361,69794  
"NH",1868,362,7544   
"NH",1868,363,234    
"NH",1868,365,2427   
"NH",1868,367,8324   
"NH",1868,369,25722  
"NH",1868,398,2078   
"NH",1868,399,156945 
"NH",1868,400,242388 
"NH",1868,413,828540 
"NH",1869,310,1291   
"NH",1869,316,806    
"NH",1869,322,5688   
"NH",1869,323,28644  
"NH",1869,331,2600   
"NH",1869,343,20450  
"NH",1869,345,42009  
"NH",1869,351,2876   
"NH",1869,360,33224  
"NH",1869,361,51601  
"NH",1869,362,1050   
"NH",1869,363,492    
"NH",1869,367,212    
"NH",1869,369,20676  
"NH",1869,398,420    
"NH",1869,400,220972 
"NH",1869,413,1194293
"NH",1870,310,4363   
"NH",1870,313,3000   
"NH",1870,316,721    
"NH",1870,322,4736   
"NH",1870,323,17000  
"NH",1870,331,800    
"NH",1870,343,22100  
"NH",1870,345,10360  
"NH",1870,351,5681   
"NH",1870,360,33314  
"NH",1870,361,51058  
"NH",1870,363,514    
"NH",1870,367,2116   
"NH",1870,369,18145  
"NH",1870,400,196038 
"NH",1870,413,716404 
"NH",1871,310,3123   
"NH",1871,313,208    
"NH",1871,314,12000  
"NH",1871,316,352    
"NH",1871,322,2150   
"NH",1871,323,15633  
"NH",1871,325,150    
"NH",1871,331,4499   
"NH",1871,343,10479  
"NH",1871,345,3049   
"NH",1871,351,5304   
"NH",1871,360,33242  
"NH",1871,361,42906  
"NH",1871,362,1050   
"NH",1871,363,617    
"NH",1871,365,462    
"NH",1871,367,2124   
"NH",1871,369,12427  
"NH",1871,400,160753 
"NH",1871,413,777859 
"NH",1872,310,7187   
"NH",1872,313,20637  
"NH",1872,316,1949   
"NH",1872,322,13449  
"NH",1872,323,21159  
"NH",1872,331,1200   
"NH",1872,343,11275  
"NH",1872,345,17024  
"NH",1872,351,13287  
"NH",1872,360,68459  
"NH",1872,361,96451  
"NH",1872,362,3150   
"NH",1872,363,1137   
"NH",1872,365,605    
"NH",1872,367,3456   
"NH",1872,369,36415  
"NH",1872,398,51     
"NH",1872,400,392058 
"NH",1872,413,1405880
"NH",1874,310,3810   
"NH",1874,313,5340   
"NH",1874,316,1405   
"NH",1874,322,6743   
"NH",1874,323,7123   
"NH",1874,331,3000   
"NH",1874,343,8186   
"NH",1874,345,18769  
"NH",1874,351,8175   
"NH",1874,360,35691  
"NH",1874,361,44678  
"NH",1874,362,2550   
"NH",1874,363,906    
"NH",1874,365,1896   
"NH",1874,367,3089   
"NH",1874,369,17729  
"NH",1874,398,200    
"NH",1874,400,259799 
"NH",1874,413,1091790
"NH",1875,310,124    
"NH",1875,313,5315   
"NH",1875,316,614    
"NH",1875,322,7711   
"NH",1875,323,7466   
"NH",1875,331,3832   
"NH",1875,343,6151   
"NH",1875,345,15088  
"NH",1875,351,11514  
"NH",1875,360,35564  
"NH",1875,361,53131  
"NH",1875,362,5119   
"NH",1875,363,1029   
"NH",1875,365,1112   
"NH",1875,367,1824   
"NH",1875,369,23713  
"NH",1875,400,236090 
"NH",1875,413,716927 
"NH",1876,310,33     
"NH",1876,313,5591   
"NH",1876,316,460    
"NH",1876,322,6042   
"NH",1876,323,7757   
"NH",1876,331,1506   
"NH",1876,343,10171  
"NH",1876,345,13846  
"NH",1876,351,7567   
"NH",1876,360,37063  
"NH",1876,361,49429  
"NH",1876,362,1050   
"NH",1876,363,898    
"NH",1876,365,844    
"NH",1876,367,1320   
"NH",1876,369,18682  
"NH",1876,398,1599   
"NH",1876,400,222680 
"NH",1876,413,495089 
"NH",1877,313,6208   
"NH",1877,316,1100   
"NH",1877,322,7086   
"NH",1877,323,7954   
"NH",1877,331,1300   
"NH",1877,343,7371   
"NH",1877,345,13129  
"NH",1877,351,9919   
"NH",1877,360,36911  
"NH",1877,361,89863  
"NH",1877,362,1050   
"NH",1877,363,2698   
"NH",1877,364,141    
"NH",1877,365,844    
"NH",1877,367,3173   
"NH",1877,369,16001  
"NH",1877,398,5574   
"NH",1877,400,218665 
"NH",1877,413,482896 
"NH",1878,313,8312   
"NH",1878,316,1006   
"NH",1878,322,7510   
"NH",1878,323,15277  
"NH",1878,331,1156   
"NH",1878,343,16847  
"NH",1878,345,17362  
"NH",1878,351,18057  
"NH",1878,360,37533  
"NH",1878,361,65847  
"NH",1878,362,3398   
"NH",1878,363,894    
"NH",1878,365,616    
"NH",1878,367,2948   
"NH",1878,369,23722  
"NH",1878,398,5076   
"NH",1878,400,214702 
"NH",1878,413,494479 
"NH",1879,313,3290   
"NH",1879,316,2628   
"NH",1879,322,7748   
"NH",1879,323,12918  
"NH",1879,331,3518   
"NH",1879,343,101001 
"NH",1879,345,41292  
"NH",1879,351,4545   
"NH",1879,360,38287  
"NH",1879,361,104070 
"NH",1879,363,573    
"NH",1879,365,4310   
"NH",1879,367,3198   
"NH",1879,369,30758  
"NH",1879,400,208070 
"NH",1879,413,540142 
"NH",1880,313,8455   
"NH",1880,316,938    
"NH",1880,322,9718   
"NH",1880,323,9495   
"NH",1880,331,2184   
"NH",1880,343,83278  
"NH",1880,345,24995  
"NH",1880,351,5684   
"NH",1880,360,38430  
"NH",1880,361,54477  
"NH",1880,362,3906   
"NH",1880,363,460    
"NH",1880,365,5025   
"NH",1880,367,4902   
"NH",1880,369,20002  
"NH",1880,400,214312 
"NH",1880,413,664064 
"NH",1881,313,8221   
"NH",1881,316,978    
"NH",1881,322,8012   
"NH",1881,323,9029   
"NH",1881,331,1826   
"NH",1881,343,65991  
"NH",1881,345,25994  
"NH",1881,351,4481   
"NH",1881,360,37486  
"NH",1881,361,2324   
"NH",1881,363,739    
"NH",1881,364,59     
"NH",1881,365,314    
"NH",1881,367,4570   
"NH",1881,369,12112  
"NH",1881,400,207669 
"NH",1881,413,689718 
"NH",1882,313,11580  
"NH",1882,316,1360   
"NH",1882,322,5736   
"NH",1882,323,8688   
"NH",1882,325,3000   
"NH",1882,331,1058   
"NH",1882,343,11085  
"NH",1882,345,36269  
"NH",1882,351,4499   
"NH",1882,360,42909  
"NH",1882,361,99965  
"NH",1882,362,313    
"NH",1882,363,893    
"NH",1882,365,4957   
"NH",1882,367,6134   
"NH",1882,369,15238  
"NH",1882,398,7250   
"NH",1882,400,200168 
"NH",1882,413,424793 
"NH",1883,313,8034   
"NH",1883,316,1010   
"NH",1883,322,10225  
"NH",1883,323,8709   
"NH",1883,331,3740   
"NH",1883,343,8761   
"NH",1883,345,25534  
"NH",1883,351,5260   
"NH",1883,360,45613  
"NH",1883,361,1649   
"NH",1883,362,1250   
"NH",1883,363,758    
"NH",1883,365,1835   
"NH",1883,367,2914   
"NH",1883,369,17570  
"NH",1883,398,20     
"NH",1883,400,196956 
"NH",1883,413,452151 
"NH",1884,310,1549   
"NH",1884,313,7098   
"NH",1884,316,1345   
"NH",1884,322,8667   
"NH",1884,323,19294  
"NH",1884,325,1932   
"NH",1884,331,1872   
"NH",1884,343,15422  
"NH",1884,345,25808  
"NH",1884,351,9642   
"NH",1884,360,48386  
"NH",1884,361,128604 
"NH",1884,362,200    
"NH",1884,363,778    
"NH",1884,365,10650  
"NH",1884,367,7397   
"NH",1884,369,17679  
"NH",1884,400,194066 
"NH",1884,413,510826 
"NH",1885,310,2194   
"NH",1885,313,7060   
"NH",1885,316,1314   
"NH",1885,322,8719   
"NH",1885,323,9538   
"NH",1885,331,2179   
"NH",1885,343,12080  
"NH",1885,345,26033  
"NH",1885,351,19430  
"NH",1885,360,48562  
"NH",1885,361,2314   
"NH",1885,362,2100   
"NH",1885,363,675    
"NH",1885,365,995    
"NH",1885,367,2584   
"NH",1885,369,21181  
"NH",1885,398,130    
"NH",1885,400,193796 
"NH",1885,413,900316 
"NH",1886,310,1842   
"NH",1886,313,5040   
"NH",1886,316,643    
"NH",1886,322,9271   
"NH",1886,323,9334   
"NH",1886,325,2568   
"NH",1886,331,2127   
"NH",1886,343,7656   
"NH",1886,345,29496  
"NH",1886,351,18134  
"NH",1886,360,50587  
"NH",1886,361,107886 
"NH",1886,362,200    
"NH",1886,363,835    
"NH",1886,364,112    
"NH",1886,365,3292   
"NH",1886,367,3557   
"NH",1886,369,41313  
"NH",1886,398,2331   
"NH",1886,400,178765 
"NH",1886,413,556510 
"NH",1887,310,500    
"NH",1887,313,8037   
"NH",1887,316,998    
"NH",1887,322,9372   
"NH",1887,323,8962   
"NH",1887,331,3433   
"NH",1887,343,9342   
"NH",1887,345,27244  
"NH",1887,351,10837  
"NH",1887,360,49273  
"NH",1887,361,1612   
"NH",1887,362,1250   
"NH",1887,363,768    
"NH",1887,365,456    
"NH",1887,367,5859   
"NH",1887,369,25919  
"NH",1887,398,3787   
"NH",1887,400,181338 
"NH",1887,413,602797 
"NH",1888,310,1638   
"NH",1888,313,9634   
"NH",1888,316,1193   
"NH",1888,322,8264   
"NH",1888,323,14711  
"NH",1888,331,3395   
"NH",1888,343,13463  
"NH",1888,345,34675  
"NH",1888,351,7881   
"NH",1888,360,53003  
"NH",1888,361,189726 
"NH",1888,362,2250   
"NH",1888,363,831    
"NH",1888,365,219    
"NH",1888,367,4079   
"NH",1888,369,31229  
"NH",1888,398,10095  
"NH",1888,400,175597 
"NH",1888,413,748968 
"NH",1889,310,2741   
"NH",1889,313,11113  
"NH",1889,316,1336   
"NH",1889,322,9072   
"NH",1889,323,14772  
"NH",1889,331,6503   
"NH",1889,343,13066  
"NH",1889,345,40779  
"NH",1889,351,5856   
"NH",1889,360,56479  
"NH",1889,361,22249  
"NH",1889,362,2250   
"NH",1889,363,810    
"NH",1889,364,153    
"NH",1889,365,316    
"NH",1889,367,5163   
"NH",1889,369,30590  
"NH",1889,398,5411   
"NH",1889,400,173994 
"NH",1889,413,701559 
"NH",1890,310,524    
"NH",1890,313,10135  
"NH",1890,316,2786   
"NH",1890,322,10162  
"NH",1890,323,17268  
"NH",1890,325,259    
"NH",1890,331,7456   
"NH",1890,343,11643  
"NH",1890,345,28579  
"NH",1890,351,7851   
"NH",1890,360,58429  
"NH",1890,361,103716 
"NH",1890,362,2514   
"NH",1890,363,871    
"NH",1890,365,9056   
"NH",1890,367,5708   
"NH",1890,369,40488  
"NH",1890,398,2816   
"NH",1890,400,166470 
"NH",1890,413,988580 
"NH",1892,310,1562   
"NH",1892,313,56680  
"NH",1892,316,3049   
"NH",1892,322,9774   
"NH",1892,323,24946  
"NH",1892,325,39583  
"NH",1892,331,9459   
"NH",1892,343,15677  
"NH",1892,345,31468  
"NH",1892,351,13706  
"NH",1892,360,60214  
"NH",1892,361,119928 
"NH",1892,362,1361   
"NH",1892,363,879    
"NH",1892,365,319    
"NH",1892,367,6736   
"NH",1892,369,46438  
"NH",1892,398,11261  
"NH",1892,400,157419 
"NH",1892,413,1079593
"NH",1893,310,1134   
"NH",1893,313,64823  
"NH",1893,316,81955  
"NH",1893,322,9309   
"NH",1893,323,30541  
"NH",1893,325,8621   
"NH",1893,331,6981   
"NH",1893,343,18328  
"NH",1893,345,36572  
"NH",1893,351,26919  
"NH",1893,360,60986  
"NH",1893,361,7524   
"NH",1893,362,2705   
"NH",1893,363,834    
"NH",1893,365,615    
"NH",1893,367,4061   
"NH",1893,369,47962  
"NH",1893,398,12389  
"NH",1893,400,182847 
"NH",1893,413,1238659
"NH",1894,310,3414   
"NH",1894,313,70622  
"NH",1894,316,72540  
"NH",1894,322,8626   
"NH",1894,323,33528  
"NH",1894,325,7426   
"NH",1894,331,6995   
"NH",1894,343,15858  
"NH",1894,345,35248  
"NH",1894,351,24129  
"NH",1894,360,67219  
"NH",1894,361,7045   
"NH",1894,362,1547   
"NH",1894,363,872    
"NH",1894,364,36     
"NH",1894,365,660    
"NH",1894,367,5016   
"NH",1894,369,56924  
"NH",1894,398,36575  
"NH",1894,400,152082 
"NH",1894,413,1272393
"NH",1895,310,2260   
"NH",1895,313,20544  
"NH",1895,316,100633 
"NH",1895,322,8993   
"NH",1895,323,41635  
"NH",1895,325,11397  
"NH",1895,331,9140   
"NH",1895,343,21961  
"NH",1895,345,30850  
"NH",1895,351,26534  
"NH",1895,360,70758  
"NH",1895,361,100369 
"NH",1895,362,1918   
"NH",1895,363,842    
"NH",1895,364,5418   
"NH",1895,365,461    
"NH",1895,367,4789   
"NH",1895,369,62448  
"NH",1895,398,9047   
"NH",1895,400,143500 
"NH",1895,413,1233994
"NH",1896,310,4377   
"NH",1896,313,15589  
"NH",1896,316,35835  
"NH",1896,320,58     
"NH",1896,322,14625  
"NH",1896,323,27694  
"NH",1896,325,19510  
"NH",1896,331,7306   
"NH",1896,343,6772   
"NH",1896,345,32225  
"NH",1896,351,29810  
"NH",1896,360,67342  
"NH",1896,361,9715   
"NH",1896,362,2830   
"NH",1896,363,810    
"NH",1896,365,301    
"NH",1896,367,10157  
"NH",1896,369,61758  
"NH",1896,398,2775   
"NH",1896,400,133638 
"NH",1896,413,976721 
"NH",1897,310,2429   
"NH",1897,313,18762  
"NH",1897,316,10765  
"NH",1897,320,120    
"NH",1897,322,13673  
"NH",1897,323,31540  
"NH",1897,325,8852   
"NH",1897,331,5468   
"NH",1897,343,9584   
"NH",1897,345,41200  
"NH",1897,351,29938  
"NH",1897,360,69399  
"NH",1897,361,97433  
"NH",1897,362,1924   
"NH",1897,363,908    
"NH",1897,364,5101   
"NH",1897,365,539    
"NH",1897,367,8928   
"NH",1897,369,50613  
"NH",1897,398,4421   
"NH",1897,400,124196 
"NH",1897,413,882013 
"NH",1898,310,1652   
"NH",1898,313,21215  
"NH",1898,316,14583  
"NH",1898,320,148    
"NH",1898,322,14607  
"NH",1898,323,30343  
"NH",1898,325,9856   
"NH",1898,331,10243  
"NH",1898,343,10414  
"NH",1898,345,33750  
"NH",1898,351,21858  
"NH",1898,360,68973  
"NH",1898,361,6758   
"NH",1898,362,2167   
"NH",1898,363,869    
"NH",1898,364,44     
"NH",1898,365,595    
"NH",1898,367,3296   
"NH",1898,369,34613  
"NH",1898,400,115175 
"NH",1898,413,750810 
"NH",1899,310,1898   
"NH",1899,313,20585  
"NH",1899,316,12827  
"NH",1899,320,70     
"NH",1899,322,14235  
"NH",1899,323,30976  
"NH",1899,325,8399   
"NH",1899,331,6038   
"NH",1899,343,6736   
"NH",1899,345,141160 
"NH",1899,351,18288  
"NH",1899,360,71670  
"NH",1899,361,95911  
"NH",1899,362,2588   
"NH",1899,363,839    
"NH",1899,364,6026   
"NH",1899,365,230    
"NH",1899,367,3751   
"NH",1899,369,45969  
"NH",1899,400,107760 
"NH",1899,413,734963 
"NH",1900,310,2611   
"NH",1900,311,25000  
"NH",1900,313,27927  
"NH",1900,316,10776  
"NH",1900,320,257    
"NH",1900,322,13269  
"NH",1900,323,57038  
"NH",1900,325,10902  
"NH",1900,331,7293   
"NH",1900,343,18114  
"NH",1900,345,31119  
"NH",1900,351,24846  
"NH",1900,360,72763  
"NH",1900,361,7713   
"NH",1900,362,3088   
"NH",1900,363,2925   
"NH",1900,365,2488   
"NH",1900,367,10616  
"NH",1900,369,32562  
"NH",1900,400,100186 
"NH",1900,413,697749 
"NH",1901,310,2361   
"NH",1901,311,25000  
"NH",1901,313,31986  
"NH",1901,316,11782  
"NH",1901,320,761    
"NH",1901,322,43227  
"NH",1901,323,32979  
"NH",1901,325,12657  
"NH",1901,331,11918  
"NH",1901,343,6481   
"NH",1901,345,40732  
"NH",1901,351,26201  
"NH",1901,360,75384  
"NH",1901,361,113537 
"NH",1901,362,3329   
"NH",1901,363,2282   
"NH",1901,364,4287   
"NH",1901,365,2011   
"NH",1901,367,6816   
"NH",1901,369,39439  
"NH",1901,398,333    
"NH",1901,400,92342  
"NH",1901,413,694934 
"NH",1902,310,27339  
"NH",1902,313,55331  
"NH",1902,316,18330  
"NH",1902,320,708    
"NH",1902,322,50447  
"NH",1902,323,32152  
"NH",1902,325,9163   
"NH",1902,331,25405  
"NH",1902,343,16147  
"NH",1902,345,33246  
"NH",1902,351,27506  
"NH",1902,360,89257  
"NH",1902,361,7324   
"NH",1902,362,3396   
"NH",1902,363,5890   
"NH",1902,364,43     
"NH",1902,365,2435   
"NH",1902,367,3843   
"NH",1902,369,35178  
"NH",1902,398,7243   
"NH",1902,400,87390  
"NH",1902,413,722843 
