"NC",1816,3,132943    
"NC",1817,3,130632    
"NC",1818,3,176081.84 
"NC",1819,3,125991    
"NC",1820,3,121021    
"NC",1821,3,193696    
"NC",1822,3,126704    
"NC",1823,3,119353    
"NC",1824,3,87322     
"NC",1825,3,135386    
"NC",1826,3,447457    
"NC",1827,3,250493    
"NC",1828,3,161780    
"NC",1829,3,242303    
"NC",1830,3,230738    
"NC",1831,3,206772    
"NC",1832,3,239196    
"NC",1833,3,277734    
"NC",1834,3,444207    
"NC",1835,3,343375    
"NC",1851,3,357176    
"NC",1852,3,249254    
"NC",1853,3,1564475   
"NC",1854,3,3380804   
"NC",1855,3,4850648   
"NC",1856,3,2661895   
"NC",1857,3,4488945   
"NC",1858,3,3506474   
"NC",1859,3,4101992   
"NC",1860,3,6140712   
"NC",1861,3,7654843   
"NC",1862,3,24578250  
"NC",1863,3,32174261  
"NC",1864,3,14092645  
"NC",1866,3,3699864   
"NC",1867,3,4191118   
"NC",1868,3,4062684   
"NC",1869,3,17542018  
"NC",1870,3,7111742   
"NC",1871,3,1468674   
"NC",1872,3,1430343   
"NC",1873,3,1131346   
"NC",1874,3,953711    
"NC",1875,3,1141594   
"NC",1876,3,987284    
"NC",1877,3,1250962   
"NC",1878,3,1073289   
"NC",1879,3,1159393   
"NC",1880,3,822117    
"NC",1881,3,1347698   
"NC",1882,3,1324451   
"NC",1883,3,1888825   
"NC",1884,3,1647514   
"NC",1885,3,1596167   
"NC",1886,3,2352672   
"NC",1887,3,1823729   
"NC",1888,3,1677649   
"NC",1889,3,2059950   
"NC",1890,3,2117982   
"NC",1891,3,2351247   
"NC",1892,3,2092296   
"NC",1893,3,2622732   
"NC",1894,3,2349313   
"NC",1895,3,2689481   
"NC",1896,3,2510474   
"NC",1897,3,2664452   
"NC",1898,3,2568113   
"NC",1899,3,3191735   
"NC",1900,3,3291397   
"NC",1901,3,1682508   
"NC",1902,3,1663748   
"NC",1903,3,2314765   
"NC",1904,3,1953181   
"NC",1905,3,2462609   
"NC",1906,3,2254798   
"NC",1907,3,2813017   
"NC",1908,3,2523598   
"NC",1909,3,3662789   
"NC",1910,3,6505376   
"NC",1911,3,3679536   
"NC",1912,3,3511872   
"NC",1913,3,5276163   
"NC",1914,3,5008942   
                      
"NC",1816,40,132943   
"NC",1817,40,130632   
"NC",1818,31,304      
"NC",1818,33,11224    
"NC",1818,34,1942     
"NC",1818,36,53934    
"NC",1818,37,1075     
"NC",1818,38,740      
"NC",1818,39,6237.84  
"NC",1818,40,6394     
"NC",1818,41,94231    
"NC",1819,31,273      
"NC",1819,33,26391    
"NC",1819,34,546      
"NC",1819,36,65363    
"NC",1819,37,1290     
"NC",1819,38,1030     
"NC",1819,39,3250     
"NC",1819,40,6789     
"NC",1819,41,21059    
"NC",1820,29,4972     
"NC",1820,31,300      
"NC",1820,33,12600    
"NC",1820,34,461      
"NC",1820,36,74286    
"NC",1820,37,1000     
"NC",1820,38,1310     
"NC",1820,39,5943     
"NC",1820,40,3505     
"NC",1820,41,16644    
"NC",1821,29,2079     
"NC",1821,31,278      
"NC",1821,33,16400    
"NC",1821,34,2308     
"NC",1821,35,18       
"NC",1821,36,87195    
"NC",1821,37,2620     
"NC",1821,38,1344     
"NC",1821,39,1220     
"NC",1821,40,3356     
"NC",1821,41,76878    
"NC",1822,31,253      
"NC",1822,33,7900     
"NC",1822,34,398      
"NC",1822,36,83723    
"NC",1822,37,1358     
"NC",1822,38,1155     
"NC",1822,39,756      
"NC",1822,40,3356     
"NC",1822,41,27805    
"NC",1823,31,150      
"NC",1823,33,6400     
"NC",1823,34,285      
"NC",1823,36,84819    
"NC",1823,37,1000     
"NC",1823,38,1131     
"NC",1823,39,2138     
"NC",1823,40,3356     
"NC",1823,41,20074    
"NC",1824,33,1250     
"NC",1824,34,707      
"NC",1824,35,1500     
"NC",1824,36,70325    
"NC",1824,37,1000     
"NC",1824,38,1630     
"NC",1824,39,1699     
"NC",1824,40,3356     
"NC",1824,41,5855     
"NC",1825,33,1600     
"NC",1825,34,7068     
"NC",1825,35,28521    
"NC",1825,36,75973    
"NC",1825,37,1000     
"NC",1825,38,1810     
"NC",1825,39,3887     
"NC",1825,40,3356     
"NC",1825,41,12171    
"NC",1826,31,14020    
"NC",1826,33,1250     
"NC",1826,34,987      
"NC",1826,35,550      
"NC",1826,36,70177    
"NC",1826,37,900      
"NC",1826,38,2470     
"NC",1826,39,3701     
"NC",1826,40,227085   
"NC",1826,41,126317   
"NC",1827,29,2000     
"NC",1827,31,15720    
"NC",1827,33,3500     
"NC",1827,34,381      
"NC",1827,35,550      
"NC",1827,36,70029    
"NC",1827,37,900      
"NC",1827,38,1655     
"NC",1827,39,10757    
"NC",1827,40,128622   
"NC",1827,41,16379    
"NC",1828,29,3058     
"NC",1828,31,53       
"NC",1828,33,2977     
"NC",1828,34,2420     
"NC",1828,35,250      
"NC",1828,36,64071    
"NC",1828,37,900      
"NC",1828,38,1577     
"NC",1828,39,2228     
"NC",1828,40,84246    
"NC",1829,29,1169     
"NC",1829,31,113      
"NC",1829,33,18       
"NC",1829,34,423      
"NC",1829,36,76258    
"NC",1829,37,900      
"NC",1829,38,1527     
"NC",1829,39,4476     
"NC",1829,40,124507   
"NC",1829,41,32912    
"NC",1830,29,9500     
"NC",1830,31,100      
"NC",1830,33,59       
"NC",1830,34,200      
"NC",1830,36,73148    
"NC",1830,37,900      
"NC",1830,38,1930     
"NC",1830,39,6081     
"NC",1830,40,118725   
"NC",1830,41,20095    
"NC",1831,31,75       
"NC",1831,33,5        
"NC",1831,34,200      
"NC",1831,36,73178    
"NC",1831,37,900      
"NC",1831,38,1160     
"NC",1831,39,2905     
"NC",1831,40,106742   
"NC",1831,41,21607    
"NC",1832,33,198      
"NC",1832,34,200      
"NC",1832,36,75742    
"NC",1832,37,900      
"NC",1832,38,760      
"NC",1832,39,8130     
"NC",1832,40,122954   
"NC",1832,41,30312    
"NC",1833,33,60       
"NC",1833,34,200      
"NC",1833,36,103786   
"NC",1833,37,900      
"NC",1833,38,816      
"NC",1833,39,11060    
"NC",1833,40,142223   
"NC",1833,41,18689    
"NC",1834,31,148      
"NC",1834,33,56       
"NC",1834,34,200      
"NC",1834,36,142545   
"NC",1834,37,900      
"NC",1834,38,1365     
"NC",1834,39,36325    
"NC",1834,40,222103   
"NC",1834,41,40565    
"NC",1835,31,515      
"NC",1835,33,11       
"NC",1835,34,200      
"NC",1835,36,155419   
"NC",1835,37,900      
"NC",1835,38,1040     
"NC",1835,39,8465     
"NC",1835,40,171687   
"NC",1835,41,5138     
"NC",1851,31,300      
"NC",1851,32,14204    
"NC",1851,33,41129    
"NC",1851,34,200      
"NC",1851,36,84011    
"NC",1851,37,7998     
"NC",1851,39,9526     
"NC",1851,40,54808    
"NC",1851,41,145000   
"NC",1852,31,75       
"NC",1852,32,28918    
"NC",1852,33,55811    
"NC",1852,34,200      
"NC",1852,36,38741    
"NC",1852,37,1850     
"NC",1852,38,290      
"NC",1852,39,1913     
"NC",1852,40,55456    
"NC",1852,41,66000    
"NC",1853,31,24642    
"NC",1853,32,30546    
"NC",1853,33,118350   
"NC",1853,34,200      
"NC",1853,35,400      
"NC",1853,36,95999    
"NC",1853,37,13024    
"NC",1853,38,710      
"NC",1853,39,6825     
"NC",1853,40,70406    
"NC",1853,41,1203373  
"NC",1854,31,170466   
"NC",1854,32,42725    
"NC",1854,33,38300    
"NC",1854,34,508      
"NC",1854,35,650      
"NC",1854,36,41117    
"NC",1854,37,1914     
"NC",1854,38,230      
"NC",1854,39,4012     
"NC",1854,40,1741550  
"NC",1854,41,1339332  
"NC",1855,31,202990   
"NC",1855,32,60429    
"NC",1855,33,1433548  
"NC",1855,34,200      
"NC",1855,35,2250     
"NC",1855,36,125147   
"NC",1855,38,540      
"NC",1855,39,6768     
"NC",1855,40,2492219  
"NC",1855,41,526557   
"NC",1856,31,194412   
"NC",1856,32,59483    
"NC",1856,33,569671   
"NC",1856,34,414      
"NC",1856,35,2100     
"NC",1856,36,59517    
"NC",1856,38,180      
"NC",1856,39,8622     
"NC",1856,40,1521083  
"NC",1856,41,246413   
"NC",1857,31,301343   
"NC",1857,32,51257    
"NC",1857,33,1126803  
"NC",1857,34,350      
"NC",1857,35,800      
"NC",1857,36,122071   
"NC",1857,38,330      
"NC",1857,39,7965     
"NC",1857,40,2405273  
"NC",1857,41,472753   
"NC",1858,31,205269   
"NC",1858,32,32053    
"NC",1858,33,674869   
"NC",1858,34,270      
"NC",1858,35,2200     
"NC",1858,36,48009    
"NC",1858,38,113      
"NC",1858,39,10460    
"NC",1858,40,2042242  
"NC",1858,41,490989   
"NC",1859,31,210061   
"NC",1859,32,70350    
"NC",1859,33,596896   
"NC",1859,34,979      
"NC",1859,35,2300     
"NC",1859,36,120028   
"NC",1859,38,458      
"NC",1859,39,12067    
"NC",1859,40,2318893  
"NC",1859,41,769960   
"NC",1860,31,862568   
"NC",1860,32,35001    
"NC",1860,33,489949   
"NC",1860,34,1092     
"NC",1860,35,2300     
"NC",1860,36,48801    
"NC",1860,38,220      
"NC",1860,39,108222   
"NC",1860,40,3187259  
"NC",1860,41,1405300  
"NC",1861,31,153442   
"NC",1861,32,33000    
"NC",1861,33,851069   
"NC",1861,34,2198891  
"NC",1861,35,2000     
"NC",1861,36,170750   
"NC",1861,38,370      
"NC",1861,39,61944    
"NC",1861,40,4123847  
"NC",1861,41,59530    
"NC",1862,31,86667    
"NC",1862,32,34500    
"NC",1862,33,285125   
"NC",1862,34,6751420  
"NC",1862,35,1500     
"NC",1862,36,91214    
"NC",1862,38,230      
"NC",1862,39,1453809  
"NC",1862,40,12707461 
"NC",1862,41,3166324  
"NC",1863,31,269913   
"NC",1863,32,70500    
"NC",1863,33,5250     
"NC",1863,34,9530162  
"NC",1863,36,98017    
"NC",1863,39,110964   
"NC",1863,40,15852985 
"NC",1863,41,6236470  
"NC",1864,31,2187     
"NC",1864,32,274300   
"NC",1864,33,3440     
"NC",1864,34,5207977  
"NC",1864,36,201641   
"NC",1864,38,80       
"NC",1864,39,173008   
"NC",1864,40,6623396  
"NC",1864,41,1606616  
"NC",1866,31,1351     
"NC",1866,32,45259    
"NC",1866,33,54200    
"NC",1866,34,47       
"NC",1866,36,142223   
"NC",1866,39,50648    
"NC",1866,40,3184136  
"NC",1866,41,222000   
"NC",1867,31,24565    
"NC",1867,32,82441    
"NC",1867,33,805500   
"NC",1867,34,1640     
"NC",1867,35,50       
"NC",1867,36,196164   
"NC",1867,39,98613    
"NC",1867,40,2918024  
"NC",1867,41,64121    
"NC",1868,16,1        
"NC",1868,31,37148    
"NC",1868,32,89511    
"NC",1868,33,1399000  
"NC",1868,34,1325     
"NC",1868,35,100      
"NC",1868,36,250204   
"NC",1868,39,48186    
"NC",1868,40,2224209  
"NC",1868,41,13000    
"NC",1869,31,168283   
"NC",1869,32,103268   
"NC",1869,33,7810597  
"NC",1869,34,131922   
"NC",1869,35,50       
"NC",1869,36,326490   
"NC",1869,39,84210    
"NC",1869,40,8798825  
"NC",1869,41,118373   
"NC",1870,31,208554   
"NC",1870,32,104263   
"NC",1870,33,15536    
"NC",1870,34,161087   
"NC",1870,35,1550     
"NC",1870,36,317594   
"NC",1870,39,60291    
"NC",1870,40,3683974  
"NC",1870,41,2558893  
"NC",1871,31,273520   
"NC",1871,32,52106    
"NC",1871,33,4201     
"NC",1871,34,148478   
"NC",1871,35,1550     
"NC",1871,36,304724   
"NC",1871,39,38497    
"NC",1871,40,645598   
"NC",1872,31,175928   
"NC",1872,32,136606   
"NC",1872,33,6899     
"NC",1872,34,115430   
"NC",1872,35,1550     
"NC",1872,36,183460   
"NC",1872,39,25937    
"NC",1872,40,628533   
"NC",1872,41,156000   
"NC",1873,31,85857    
"NC",1873,32,143212   
"NC",1873,33,6750     
"NC",1873,34,104924   
"NC",1873,35,3050     
"NC",1873,36,230190   
"NC",1873,39,30812    
"NC",1873,40,526551   
"NC",1874,31,58205    
"NC",1874,32,127788   
"NC",1874,33,13004    
"NC",1874,34,103444   
"NC",1874,35,1955     
"NC",1874,36,167081   
"NC",1874,39,33394    
"NC",1874,40,448840   
"NC",1875,31,44563    
"NC",1875,32,171353   
"NC",1875,33,14235    
"NC",1875,34,121537   
"NC",1875,35,1696     
"NC",1875,36,206483   
"NC",1875,39,27410    
"NC",1875,40,554317   
"NC",1876,31,57475    
"NC",1876,32,164104   
"NC",1876,33,6182     
"NC",1876,34,118327   
"NC",1876,35,200      
"NC",1876,36,93125    
"NC",1876,39,19816    
"NC",1876,40,528055   
"NC",1877,31,34403    
"NC",1877,32,144544   
"NC",1877,33,38437    
"NC",1877,34,140506   
"NC",1877,35,8160     
"NC",1877,36,181380   
"NC",1877,39,30767    
"NC",1877,40,672765   
"NC",1878,31,15485    
"NC",1878,32,163489   
"NC",1878,33,46760    
"NC",1878,34,131041   
"NC",1878,35,19622    
"NC",1878,36,83797    
"NC",1878,39,19863    
"NC",1878,40,593232   
"NC",1879,31,14048    
"NC",1879,32,161839   
"NC",1879,33,47801    
"NC",1879,34,121425   
"NC",1879,35,22503    
"NC",1879,36,130240   
"NC",1879,39,25149    
"NC",1879,40,636388   
"NC",1880,31,5500     
"NC",1880,32,117317   
"NC",1880,33,30000    
"NC",1880,34,10998    
"NC",1880,35,26397    
"NC",1880,36,64198    
"NC",1880,39,16502    
"NC",1880,40,551205   
"NC",1881,31,65605    
"NC",1881,32,180401   
"NC",1881,33,37749    
"NC",1881,34,73297    
"NC",1881,35,43503    
"NC",1881,36,128602   
"NC",1881,39,24440    
"NC",1881,40,794101   
"NC",1882,31,87650    
"NC",1882,32,197700   
"NC",1882,34,125123   
"NC",1882,35,43600    
"NC",1882,36,72730    
"NC",1882,39,21611    
"NC",1882,40,776037   
"NC",1883,31,32898    
"NC",1883,32,235019   
"NC",1883,33,849      
"NC",1883,34,103872   
"NC",1883,35,49750    
"NC",1883,36,162431   
"NC",1883,39,30569    
"NC",1883,40,1273353  
"NC",1883,3636,84     
"NC",1884,29,21697    
"NC",1884,31,117275   
"NC",1884,32,205888   
"NC",1884,33,27451    
"NC",1884,34,100310   
"NC",1884,35,41650    
"NC",1884,36,102765   
"NC",1884,39,2959     
"NC",1884,40,1027519  
"NC",1885,31,40636    
"NC",1885,32,205425   
"NC",1885,33,50       
"NC",1885,34,159520   
"NC",1885,35,43250    
"NC",1885,36,136259   
"NC",1885,39,26767    
"NC",1885,40,984260   
"NC",1886,31,47041    
"NC",1886,32,228085   
"NC",1886,34,141697   
"NC",1886,35,42700    
"NC",1886,36,92337    
"NC",1886,38,41431    
"NC",1886,39,23614    
"NC",1886,40,1487951  
"NC",1886,41,247816   
"NC",1887,31,46765    
"NC",1887,32,204531   
"NC",1887,34,125548   
"NC",1887,35,35100    
"NC",1887,36,164249   
"NC",1887,38,48168    
"NC",1887,39,35125    
"NC",1887,40,1178600  
"NC",1887,41,-14357   
"NC",1888,31,49792    
"NC",1888,32,200245   
"NC",1888,34,121722   
"NC",1888,35,26200    
"NC",1888,36,99048    
"NC",1888,38,60175    
"NC",1888,39,31332    
"NC",1888,40,1118303  
"NC",1888,41,-29168   
"NC",1889,31,77354    
"NC",1889,32,215626   
"NC",1889,34,220485   
"NC",1889,35,39300    
"NC",1889,36,164723   
"NC",1889,38,30337    
"NC",1889,39,30286    
"NC",1889,40,1281949  
"NC",1889,41,-110     
"NC",1890,31,48870    
"NC",1890,32,247590   
"NC",1890,33,1056     
"NC",1890,34,279802   
"NC",1890,35,39200    
"NC",1890,36,75998    
"NC",1890,38,29412    
"NC",1890,39,48510    
"NC",1890,40,1348757  
"NC",1890,41,-1213    
"NC",1891,31,79220    
"NC",1891,32,236071   
"NC",1891,33,11451    
"NC",1891,34,236001   
"NC",1891,35,36878    
"NC",1891,36,160673   
"NC",1891,38,88226    
"NC",1891,39,39637    
"NC",1891,40,1437253  
"NC",1891,41,25837    
"NC",1892,31,48517    
"NC",1892,32,270677   
"NC",1892,33,26724    
"NC",1892,34,224888   
"NC",1892,35,27805    
"NC",1892,36,86818    
"NC",1892,38,81294    
"NC",1892,39,46736    
"NC",1892,40,1288828  
"NC",1892,41,-9991    
"NC",1893,31,99075    
"NC",1893,32,300216   
"NC",1893,33,21010    
"NC",1893,34,184235   
"NC",1893,35,30289    
"NC",1893,36,174456   
"NC",1893,38,96952    
"NC",1893,39,53169    
"NC",1893,40,1640959  
"NC",1893,41,22371    
"NC",1894,31,132647   
"NC",1894,32,299790   
"NC",1894,33,20997    
"NC",1894,34,173149   
"NC",1894,35,41988    
"NC",1894,36,93540    
"NC",1894,38,93459    
"NC",1894,39,43552    
"NC",1894,40,1445373  
"NC",1894,41,4818     
"NC",1895,31,137271   
"NC",1895,32,350863   
"NC",1895,33,20310    
"NC",1895,34,182720   
"NC",1895,35,19104    
"NC",1895,36,179404   
"NC",1895,38,100656   
"NC",1895,39,61980    
"NC",1895,40,1634781  
"NC",1895,41,2392     
"NC",1896,31,124911   
"NC",1896,32,306929   
"NC",1896,33,21744    
"NC",1896,34,183607   
"NC",1896,35,61558    
"NC",1896,36,98972    
"NC",1896,38,100371   
"NC",1896,39,43427    
"NC",1896,40,1549966  
"NC",1896,41,18989    
"NC",1897,31,198628   
"NC",1897,32,281729   
"NC",1897,33,20409    
"NC",1897,34,170793   
"NC",1897,35,56391    
"NC",1897,36,177265   
"NC",1897,38,103807   
"NC",1897,39,48580    
"NC",1897,40,1606850  
"NC",1898,31,154604   
"NC",1898,32,361462   
"NC",1898,33,24794    
"NC",1898,34,153624   
"NC",1898,35,64929    
"NC",1898,36,113906   
"NC",1898,38,100841   
"NC",1898,39,14377    
"NC",1898,40,1579576  
"NC",1899,31,167977   
"NC",1899,32,357625   
"NC",1899,33,20467    
"NC",1899,34,315818   
"NC",1899,35,63911    
"NC",1899,36,220112   
"NC",1899,38,121637   
"NC",1899,39,34262    
"NC",1899,40,1889926  
"NC",1900,31,237795   
"NC",1900,32,332155   
"NC",1900,33,10018    
"NC",1900,34,363325   
"NC",1900,35,58281    
"NC",1900,36,156755   
"NC",1900,38,118276   
"NC",1900,39,48106    
"NC",1900,40,1959026  
"NC",1900,41,7660     
"NC",1901,31,377731   
"NC",1901,32,304709   
"NC",1901,34,246871   
"NC",1901,35,74305    
"NC",1901,36,224011   
"NC",1901,37,23016    
"NC",1901,39,122682   
"NC",1901,40,309183   
"NC",1902,31,502552   
"NC",1902,32,368479   
"NC",1902,33,500      
"NC",1902,34,239842   
"NC",1902,35,71680    
"NC",1902,36,142166   
"NC",1902,37,16421    
"NC",1902,39,12649    
"NC",1902,40,304459   
"NC",1902,41,5000     
"NC",1903,31,579107   
"NC",1903,32,362730   
"NC",1903,34,192947   
"NC",1903,35,85223    
"NC",1903,36,224676   
"NC",1903,37,27754    
"NC",1903,39,201634   
"NC",1903,40,323290   
"NC",1903,41,317404   
"NC",1904,31,502909   
"NC",1904,32,310578   
"NC",1904,34,212459   
"NC",1904,35,104633   
"NC",1904,36,164701   
"NC",1904,37,20015    
"NC",1904,39,239032   
"NC",1904,40,324064   
"NC",1904,41,74790    
"NC",1905,31,524710   
"NC",1905,32,422751   
"NC",1905,34,229536   
"NC",1905,35,104856   
"NC",1905,36,261930   
"NC",1905,37,21623    
"NC",1905,39,229408   
"NC",1905,40,555825   
"NC",1905,41,111970   
"NC",1906,31,589244   
"NC",1906,32,355316   
"NC",1906,34,172777   
"NC",1906,35,115870   
"NC",1906,36,186186   
"NC",1906,37,21363    
"NC",1906,39,296715   
"NC",1906,40,332146   
"NC",1906,41,185181   
"NC",1907,31,779445   
"NC",1907,32,519169   
"NC",1907,34,288382   
"NC",1907,35,114804   
"NC",1907,36,290930   
"NC",1907,37,23564    
"NC",1907,39,357478   
"NC",1907,40,334529   
"NC",1907,41,104716   
"NC",1908,31,679886   
"NC",1908,32,440626   
"NC",1908,34,197335   
"NC",1908,35,117182   
"NC",1908,36,246826   
"NC",1908,37,29919    
"NC",1908,39,415364   
"NC",1908,40,337137   
"NC",1908,41,59323    
"NC",1909,31,932952   
"NC",1909,32,757855   
"NC",1909,33,88       
"NC",1909,34,214179   
"NC",1909,35,142346   
"NC",1909,36,318814   
"NC",1909,37,30080    
"NC",1909,39,436384   
"NC",1909,40,332260   
"NC",1909,41,497831   
"NC",1910,31,829432   
"NC",1910,32,507507   
"NC",1910,33,4740     
"NC",1910,34,316425   
"NC",1910,35,175009   
"NC",1910,36,245004   
"NC",1910,37,41495    
"NC",1910,39,464882   
"NC",1910,40,366325   
"NC",1910,41,3554557  
"NC",1911,31,970449   
"NC",1911,32,577020   
"NC",1911,33,82       
"NC",1911,34,380656   
"NC",1911,35,242102   
"NC",1911,36,349041   
"NC",1911,37,35243    
"NC",1911,39,467531   
"NC",1911,40,345869   
"NC",1911,41,311543   
"NC",1912,31,1051327  
"NC",1912,32,494638   
"NC",1912,33,3260     
"NC",1912,34,465794   
"NC",1912,35,244460   
"NC",1912,36,254216   
"NC",1912,37,32559    
"NC",1912,39,509780   
"NC",1912,40,360735   
"NC",1912,41,95103    
"NC",1913,31,1223515  
"NC",1913,32,754059   
"NC",1913,33,19731    
"NC",1913,34,338171   
"NC",1913,35,290644   
"NC",1913,36,429188   
"NC",1913,37,43279    
"NC",1913,39,535949   
"NC",1913,40,383767   
"NC",1913,41,1257860  
"NC",1914,31,1492395  
"NC",1914,32,716753   
"NC",1914,33,60837    
"NC",1914,34,384859   
"NC",1914,35,315355   
"NC",1914,36,392330   
"NC",1914,37,54776    
"NC",1914,39,527621   
"NC",1914,40,428778   
"NC",1914,41,635238   
                      
"NC",1816,400,132943  
"NC",1817,400,130632  
"NC",1818,316,304     
"NC",1818,334,11224   
"NC",1818,345,1942    
"NC",1818,361,28763   
"NC",1818,362,6664    
"NC",1818,363,13891   
"NC",1818,364,169     
"NC",1818,365,4444    
"NC",1818,367,3       
"NC",1818,370,1075    
"NC",1818,381,740     
"NC",1818,391,2768    
"NC",1818,398,3469.84 
"NC",1818,400,6394    
"NC",1818,412,31000   
"NC",1818,413,63231   
"NC",1819,316,273     
"NC",1819,334,26391   
"NC",1819,345,546     
"NC",1819,361,30898   
"NC",1819,362,4092    
"NC",1819,363,16531   
"NC",1819,364,619     
"NC",1819,365,3993    
"NC",1819,367,9230    
"NC",1819,370,1290    
"NC",1819,381,1030    
"NC",1819,391,1918    
"NC",1819,398,411     
"NC",1819,399,921     
"NC",1819,400,6789    
"NC",1819,413,21059   
"NC",1820,295,4972    
"NC",1820,316,300     
"NC",1820,334,12600   
"NC",1820,345,461     
"NC",1820,361,32699   
"NC",1820,362,3188    
"NC",1820,363,20147   
"NC",1820,364,42      
"NC",1820,365,4126    
"NC",1820,367,13894   
"NC",1820,369,190     
"NC",1820,370,1000    
"NC",1820,381,1310    
"NC",1820,391,5090    
"NC",1820,398,492     
"NC",1820,399,361     
"NC",1820,400,3505    
"NC",1820,413,16644   
"NC",1821,295,2079    
"NC",1821,316,278     
"NC",1821,334,16400   
"NC",1821,345,2308    
"NC",1821,351,18      
"NC",1821,361,29763   
"NC",1821,362,3361    
"NC",1821,363,20946   
"NC",1821,364,2265    
"NC",1821,365,4132    
"NC",1821,367,26463   
"NC",1821,369,265     
"NC",1821,370,1000    
"NC",1821,376,1620    
"NC",1821,381,1344    
"NC",1821,391,665     
"NC",1821,398,474     
"NC",1821,399,81      
"NC",1821,400,3356    
"NC",1821,413,46240   
"NC",1821,415,30638   
"NC",1822,316,253     
"NC",1822,334,7900    
"NC",1822,345,398     
"NC",1822,361,34737   
"NC",1822,362,3905    
"NC",1822,363,19351   
"NC",1822,364,58      
"NC",1822,365,4184    
"NC",1822,367,20988   
"NC",1822,369,500     
"NC",1822,370,1358    
"NC",1822,381,1155    
"NC",1822,391,285     
"NC",1822,398,471     
"NC",1822,400,3356    
"NC",1822,413,27805   
"NC",1823,316,150     
"NC",1823,334,6400    
"NC",1823,345,285     
"NC",1823,361,32376   
"NC",1823,362,3696    
"NC",1823,363,25516   
"NC",1823,364,496     
"NC",1823,365,5312    
"NC",1823,367,16659   
"NC",1823,369,764     
"NC",1823,370,1000    
"NC",1823,381,1131    
"NC",1823,391,1871    
"NC",1823,398,256     
"NC",1823,399,11      
"NC",1823,400,3356    
"NC",1823,413,20074   
"NC",1824,334,1250    
"NC",1824,345,707     
"NC",1824,351,1500    
"NC",1824,361,35298   
"NC",1824,362,3840    
"NC",1824,363,21911   
"NC",1824,364,69      
"NC",1824,365,4353    
"NC",1824,367,4854    
"NC",1824,370,1000    
"NC",1824,381,1630    
"NC",1824,391,1348    
"NC",1824,398,351     
"NC",1824,400,3356    
"NC",1824,413,5855    
"NC",1825,334,1600    
"NC",1825,345,7068    
"NC",1825,350,6431    
"NC",1825,351,22090   
"NC",1825,361,37404   
"NC",1825,362,3857    
"NC",1825,363,23713   
"NC",1825,364,2628    
"NC",1825,365,4125    
"NC",1825,367,3940    
"NC",1825,369,306     
"NC",1825,370,1000    
"NC",1825,381,1810    
"NC",1825,391,3087    
"NC",1825,398,481     
"NC",1825,399,319     
"NC",1825,400,3356    
"NC",1825,413,12171   
"NC",1826,311,12305   
"NC",1826,316,1715    
"NC",1826,331,250     
"NC",1826,334,1000    
"NC",1826,345,987     
"NC",1826,351,550     
"NC",1826,361,33027   
"NC",1826,362,4341    
"NC",1826,363,24282   
"NC",1826,364,89      
"NC",1826,365,4559    
"NC",1826,367,3879    
"NC",1826,370,900     
"NC",1826,381,2470    
"NC",1826,391,3175    
"NC",1826,398,526     
"NC",1826,400,227085  
"NC",1826,413,15392   
"NC",1826,415,110925  
"NC",1827,295,2000    
"NC",1827,311,15643   
"NC",1827,316,77      
"NC",1827,331,3500    
"NC",1827,345,381     
"NC",1827,351,550     
"NC",1827,361,36018   
"NC",1827,362,3829    
"NC",1827,363,23948   
"NC",1827,364,542     
"NC",1827,365,4621    
"NC",1827,367,1071    
"NC",1827,370,900     
"NC",1827,381,1655    
"NC",1827,390,5000    
"NC",1827,391,5339    
"NC",1827,398,418     
"NC",1827,400,128622  
"NC",1827,413,15524   
"NC",1827,415,855     
"NC",1828,295,3058    
"NC",1828,316,53      
"NC",1828,331,1250    
"NC",1828,334,1727    
"NC",1828,345,2420    
"NC",1828,351,250     
"NC",1828,361,36658   
"NC",1828,362,2648    
"NC",1828,363,20799   
"NC",1828,364,19      
"NC",1828,365,3185    
"NC",1828,367,762     
"NC",1828,370,900     
"NC",1828,381,1577    
"NC",1828,391,1964    
"NC",1828,399,264     
"NC",1828,400,84246   
"NC",1829,293,3       
"NC",1829,295,1166    
"NC",1829,316,113     
"NC",1829,334,18      
"NC",1829,345,423     
"NC",1829,361,39705   
"NC",1829,362,4509    
"NC",1829,363,23879   
"NC",1829,364,2314    
"NC",1829,365,4823    
"NC",1829,367,1028    
"NC",1829,370,900     
"NC",1829,381,1527    
"NC",1829,391,4476    
"NC",1829,400,124507  
"NC",1829,413,17912   
"NC",1829,415,15000   
"NC",1830,290,9500    
"NC",1830,316,100     
"NC",1830,334,59      
"NC",1830,345,200     
"NC",1830,361,39928   
"NC",1830,362,3422    
"NC",1830,363,24567   
"NC",1830,364,93      
"NC",1830,365,4013    
"NC",1830,367,1125    
"NC",1830,370,900     
"NC",1830,381,1930    
"NC",1830,391,6081    
"NC",1830,400,118725  
"NC",1830,413,20095   
"NC",1831,316,75      
"NC",1831,334,5       
"NC",1831,345,200     
"NC",1831,361,40663   
"NC",1831,362,3416    
"NC",1831,363,23830   
"NC",1831,364,525     
"NC",1831,365,4006    
"NC",1831,367,738     
"NC",1831,370,900     
"NC",1831,381,1160    
"NC",1831,391,2874    
"NC",1831,399,31      
"NC",1831,400,106742  
"NC",1831,413,21607   
"NC",1832,334,198     
"NC",1832,345,200     
"NC",1832,361,40379   
"NC",1832,362,3471    
"NC",1832,363,24603   
"NC",1832,364,23      
"NC",1832,365,3866    
"NC",1832,367,3400    
"NC",1832,370,900     
"NC",1832,381,760     
"NC",1832,391,4909    
"NC",1832,399,3221    
"NC",1832,400,122954  
"NC",1832,413,29812   
"NC",1832,415,500     
"NC",1833,334,60      
"NC",1833,345,200     
"NC",1833,361,39518   
"NC",1833,362,3461    
"NC",1833,363,22448   
"NC",1833,364,2308    
"NC",1833,365,4021    
"NC",1833,367,32030   
"NC",1833,370,900     
"NC",1833,381,816     
"NC",1833,391,7460    
"NC",1833,399,3600    
"NC",1833,400,142223  
"NC",1833,413,18689   
"NC",1834,316,148     
"NC",1834,334,56      
"NC",1834,345,200     
"NC",1834,361,42425   
"NC",1834,362,3718    
"NC",1834,363,23908   
"NC",1834,365,3994    
"NC",1834,367,68500   
"NC",1834,370,900     
"NC",1834,381,1365    
"NC",1834,391,5793    
"NC",1834,398,30532   
"NC",1834,400,222103  
"NC",1834,413,10565   
"NC",1834,415,30000   
"NC",1835,316,515     
"NC",1835,334,11      
"NC",1835,345,200     
"NC",1835,361,40982   
"NC",1835,362,3767    
"NC",1835,363,26201   
"NC",1835,364,497     
"NC",1835,365,12960   
"NC",1835,367,70016   
"NC",1835,369,996     
"NC",1835,370,900     
"NC",1835,381,1040    
"NC",1835,390,966     
"NC",1835,391,7499    
"NC",1835,400,171687  
"NC",1835,413,5138    
"NC",1851,316,300     
"NC",1851,323,14204   
"NC",1851,331,1129    
"NC",1851,334,40000   
"NC",1851,345,200     
"NC",1851,361,45685   
"NC",1851,362,3073    
"NC",1851,363,29373   
"NC",1851,364,699     
"NC",1851,365,4921    
"NC",1851,367,260     
"NC",1851,370,7998    
"NC",1851,399,9526    
"NC",1851,400,15795   
"NC",1851,401,39013   
"NC",1851,412,145000  
"NC",1852,316,75      
"NC",1852,323,28918   
"NC",1852,331,21250   
"NC",1852,334,32411   
"NC",1852,336,2150    
"NC",1852,345,200     
"NC",1852,361,375     
"NC",1852,362,3223    
"NC",1852,363,28495   
"NC",1852,364,1463    
"NC",1852,365,4459    
"NC",1852,367,533     
"NC",1852,369,193     
"NC",1852,370,1850    
"NC",1852,381,290     
"NC",1852,399,1913    
"NC",1852,400,16243   
"NC",1852,401,39213   
"NC",1852,412,66000   
"NC",1853,311,24117   
"NC",1853,316,525     
"NC",1853,323,30546   
"NC",1853,333,3000    
"NC",1853,334,109500  
"NC",1853,336,5850    
"NC",1853,345,200     
"NC",1853,351,400     
"NC",1853,361,56309   
"NC",1853,362,2998    
"NC",1853,363,28039   
"NC",1853,364,2867    
"NC",1853,365,4499    
"NC",1853,367,1287    
"NC",1853,370,13024   
"NC",1853,381,710     
"NC",1853,390,1796    
"NC",1853,399,5029    
"NC",1853,400,32639   
"NC",1853,401,37767   
"NC",1853,412,704324  
"NC",1853,413,499049  
"NC",1854,311,169983  
"NC",1854,316,483     
"NC",1854,323,42725   
"NC",1854,331,2100    
"NC",1854,333,11800   
"NC",1854,334,22000   
"NC",1854,336,2400    
"NC",1854,345,508     
"NC",1854,351,650     
"NC",1854,362,2573    
"NC",1854,363,29387   
"NC",1854,364,1759    
"NC",1854,365,4530    
"NC",1854,367,2173    
"NC",1854,369,695     
"NC",1854,370,1914    
"NC",1854,381,230     
"NC",1854,390,991     
"NC",1854,399,3021    
"NC",1854,400,1703435 
"NC",1854,401,38115   
"NC",1854,412,1044365 
"NC",1854,413,294967  
"NC",1855,311,202690  
"NC",1855,316,300     
"NC",1855,323,60429   
"NC",1855,331,5430    
"NC",1855,333,1417551 
"NC",1855,334,4000    
"NC",1855,336,6567    
"NC",1855,345,200     
"NC",1855,351,2250    
"NC",1855,360,522     
"NC",1855,361,71125   
"NC",1855,362,8946    
"NC",1855,363,29935   
"NC",1855,364,913     
"NC",1855,365,1956    
"NC",1855,367,3046    
"NC",1855,369,8704    
"NC",1855,381,540     
"NC",1855,398,6768    
"NC",1855,400,2455214 
"NC",1855,401,37005   
"NC",1855,413,526557  
"NC",1856,311,193976  
"NC",1856,316,436     
"NC",1856,323,59483   
"NC",1856,331,500     
"NC",1856,333,538000  
"NC",1856,334,27000   
"NC",1856,336,4171    
"NC",1856,345,414     
"NC",1856,351,2100    
"NC",1856,360,8100    
"NC",1856,361,6415    
"NC",1856,362,389     
"NC",1856,363,31954   
"NC",1856,364,1623    
"NC",1856,365,1837    
"NC",1856,367,5106    
"NC",1856,369,4093    
"NC",1856,381,180     
"NC",1856,390,4847    
"NC",1856,391,1662    
"NC",1856,398,1771    
"NC",1856,399,342     
"NC",1856,400,1488104 
"NC",1856,401,32979   
"NC",1856,413,246413  
"NC",1857,311,300528  
"NC",1857,316,815     
"NC",1857,323,51257   
"NC",1857,331,2707    
"NC",1857,333,859206  
"NC",1857,334,261257  
"NC",1857,336,3633    
"NC",1857,345,350     
"NC",1857,351,800     
"NC",1857,360,150     
"NC",1857,361,57443   
"NC",1857,362,7500    
"NC",1857,363,28736   
"NC",1857,364,5858    
"NC",1857,365,2036    
"NC",1857,367,13966   
"NC",1857,369,6382    
"NC",1857,381,330     
"NC",1857,390,1695    
"NC",1857,391,3936    
"NC",1857,398,2334    
"NC",1857,400,2327579 
"NC",1857,401,77694   
"NC",1857,412,65653   
"NC",1857,413,407100  
"NC",1858,311,204674  
"NC",1858,316,595     
"NC",1858,323,32053   
"NC",1858,331,9000    
"NC",1858,333,659650  
"NC",1858,336,6219    
"NC",1858,345,270     
"NC",1858,351,2200    
"NC",1858,360,285     
"NC",1858,361,273     
"NC",1858,362,8699    
"NC",1858,363,31766   
"NC",1858,364,1668    
"NC",1858,365,1821    
"NC",1858,367,1768    
"NC",1858,369,1729    
"NC",1858,381,113     
"NC",1858,391,1744    
"NC",1858,398,8716    
"NC",1858,400,1986112 
"NC",1858,401,56130   
"NC",1858,411,28980   
"NC",1858,413,462009  
"NC",1859,311,209156  
"NC",1859,316,905     
"NC",1859,322,350     
"NC",1859,323,70000   
"NC",1859,331,10088   
"NC",1859,333,481609  
"NC",1859,334,100000  
"NC",1859,336,5199    
"NC",1859,343,249     
"NC",1859,345,730     
"NC",1859,351,2300    
"NC",1859,360,217     
"NC",1859,361,61639   
"NC",1859,362,4547    
"NC",1859,363,29333   
"NC",1859,364,1042    
"NC",1859,365,5897    
"NC",1859,367,8333    
"NC",1859,369,9020    
"NC",1859,381,458     
"NC",1859,390,974     
"NC",1859,391,8282    
"NC",1859,398,2811    
"NC",1859,400,2264878 
"NC",1859,401,54015   
"NC",1859,411,92769   
"NC",1859,412,48957   
"NC",1859,413,628234  
"NC",1860,311,859764  
"NC",1860,316,2804    
"NC",1860,322,10001   
"NC",1860,323,25000   
"NC",1860,331,700     
"NC",1860,333,410358  
"NC",1860,334,71684   
"NC",1860,336,7207    
"NC",1860,343,590     
"NC",1860,345,502     
"NC",1860,351,2300    
"NC",1860,360,686     
"NC",1860,361,803     
"NC",1860,362,4189    
"NC",1860,363,32446   
"NC",1860,364,1573    
"NC",1860,365,5719    
"NC",1860,367,1499    
"NC",1860,369,1886    
"NC",1860,381,220     
"NC",1860,390,100122  
"NC",1860,391,5186    
"NC",1860,398,2914    
"NC",1860,400,3150284 
"NC",1860,401,36975   
"NC",1860,411,327100  
"NC",1860,412,497500  
"NC",1860,413,580700  
"NC",1861,310,1200    
"NC",1861,311,150750  
"NC",1861,316,1492    
"NC",1861,322,3000    
"NC",1861,323,30000   
"NC",1861,333,832729  
"NC",1861,334,13933   
"NC",1861,336,4407    
"NC",1861,343,638     
"NC",1861,345,2198253 
"NC",1861,351,2000    
"NC",1861,360,513     
"NC",1861,361,94557   
"NC",1861,362,3882    
"NC",1861,363,31294   
"NC",1861,364,5874    
"NC",1861,365,4326    
"NC",1861,367,300     
"NC",1861,369,30004   
"NC",1861,381,370     
"NC",1861,390,41645   
"NC",1861,391,10314   
"NC",1861,398,9985    
"NC",1861,400,4105847 
"NC",1861,401,18000   
"NC",1861,411,5030    
"NC",1861,412,2500    
"NC",1861,413,52000   
"NC",1862,310,1508    
"NC",1862,311,84781   
"NC",1862,316,378     
"NC",1862,323,34500   
"NC",1862,333,282000  
"NC",1862,336,3125    
"NC",1862,345,6751420 
"NC",1862,351,1500    
"NC",1862,360,1227    
"NC",1862,361,2677    
"NC",1862,362,5574    
"NC",1862,363,25609   
"NC",1862,364,4149    
"NC",1862,365,8542    
"NC",1862,367,331     
"NC",1862,369,43105   
"NC",1862,381,230     
"NC",1862,390,1404244 
"NC",1862,391,49465   
"NC",1862,398,100     
"NC",1862,400,12680072
"NC",1862,401,27389   
"NC",1862,411,158000  
"NC",1862,413,3008324 
"NC",1863,310,600     
"NC",1863,311,268677  
"NC",1863,316,636     
"NC",1863,322,500     
"NC",1863,323,70000   
"NC",1863,333,1000    
"NC",1863,336,4250    
"NC",1863,345,9530162 
"NC",1863,360,701     
"NC",1863,361,55656   
"NC",1863,362,9119    
"NC",1863,363,20307   
"NC",1863,364,779     
"NC",1863,365,9115    
"NC",1863,367,590     
"NC",1863,369,1750    
"NC",1863,390,17769   
"NC",1863,391,93148   
"NC",1863,399,47      
"NC",1863,400,15819521
"NC",1863,401,33464   
"NC",1863,411,1747735 
"NC",1863,413,4488735 
"NC",1864,310,1191    
"NC",1864,316,996     
"NC",1864,322,25000   
"NC",1864,323,249300  
"NC",1864,336,3440    
"NC",1864,345,5207977 
"NC",1864,360,318     
"NC",1864,361,144374  
"NC",1864,362,8404    
"NC",1864,363,29187   
"NC",1864,364,2898    
"NC",1864,365,10272   
"NC",1864,367,1729    
"NC",1864,369,4459    
"NC",1864,381,80      
"NC",1864,390,76738   
"NC",1864,391,96270   
"NC",1864,400,6617321 
"NC",1864,401,6075    
"NC",1864,411,1355493 
"NC",1864,412,100000  
"NC",1864,413,151123  
"NC",1866,311,745     
"NC",1866,316,606     
"NC",1866,322,15000   
"NC",1866,323,30259   
"NC",1866,330,1200    
"NC",1866,333,50000   
"NC",1866,336,3000    
"NC",1866,345,47      
"NC",1866,360,480     
"NC",1866,361,73700   
"NC",1866,362,3438    
"NC",1866,363,13943   
"NC",1866,364,2120    
"NC",1866,365,6129    
"NC",1866,367,425     
"NC",1866,369,41988   
"NC",1866,390,20582   
"NC",1866,391,29998   
"NC",1866,399,68      
"NC",1866,400,3141625 
"NC",1866,401,42511   
"NC",1866,412,68000   
"NC",1866,413,154000  
"NC",1867,311,22906   
"NC",1867,316,1659    
"NC",1867,322,27700   
"NC",1867,323,54741   
"NC",1867,331,500     
"NC",1867,333,800000  
"NC",1867,336,5000    
"NC",1867,343,1400    
"NC",1867,345,240     
"NC",1867,351,50      
"NC",1867,360,798     
"NC",1867,361,111071  
"NC",1867,362,8700    
"NC",1867,363,39521   
"NC",1867,364,1525    
"NC",1867,365,11931   
"NC",1867,367,2033    
"NC",1867,369,20585   
"NC",1867,390,68537   
"NC",1867,391,29876   
"NC",1867,399,200     
"NC",1867,400,2878149 
"NC",1867,401,39875   
"NC",1867,412,23121   
"NC",1867,413,41000   
"NC",1868,160,1       
"NC",1868,311,35866   
"NC",1868,316,1282    
"NC",1868,323,89511   
"NC",1868,333,1392000 
"NC",1868,336,7000    
"NC",1868,343,1175    
"NC",1868,345,150     
"NC",1868,351,100     
"NC",1868,360,1627    
"NC",1868,361,88775   
"NC",1868,362,10089   
"NC",1868,363,39186   
"NC",1868,365,8799    
"NC",1868,367,9891    
"NC",1868,369,91837   
"NC",1868,390,12829   
"NC",1868,391,35346   
"NC",1868,399,11      
"NC",1868,400,2210829 
"NC",1868,401,13380   
"NC",1868,413,13000   
"NC",1869,311,167158  
"NC",1869,316,1125    
"NC",1869,322,37000   
"NC",1869,323,66268   
"NC",1869,331,5592    
"NC",1869,333,7800000 
"NC",1869,336,5005    
"NC",1869,343,128031  
"NC",1869,345,3891    
"NC",1869,351,50      
"NC",1869,360,2550    
"NC",1869,361,208610  
"NC",1869,362,11656   
"NC",1869,363,54131   
"NC",1869,364,1155    
"NC",1869,365,8394    
"NC",1869,367,3088    
"NC",1869,369,36906   
"NC",1869,390,6989    
"NC",1869,391,76507   
"NC",1869,399,714     
"NC",1869,400,8798825 
"NC",1869,413,118373  
"NC",1870,310,207374  
"NC",1870,316,1180    
"NC",1870,321,172     
"NC",1870,322,39219   
"NC",1870,323,64872   
"NC",1870,331,9560    
"NC",1870,334,976     
"NC",1870,336,5000    
"NC",1870,343,85384   
"NC",1870,345,75703   
"NC",1870,351,1550    
"NC",1870,361,170666  
"NC",1870,362,15289   
"NC",1870,363,58303   
"NC",1870,364,538     
"NC",1870,365,12117   
"NC",1870,367,3806    
"NC",1870,369,56875   
"NC",1870,390,2341    
"NC",1870,391,57885   
"NC",1870,399,65      
"NC",1870,400,3465877 
"NC",1870,401,218097  
"NC",1870,413,241127  
"NC",1870,415,2317766 
"NC",1871,310,270474  
"NC",1871,311,1780    
"NC",1871,316,1266    
"NC",1871,321,10      
"NC",1871,322,48281   
"NC",1871,323,3815    
"NC",1871,331,451     
"NC",1871,336,3750    
"NC",1871,343,147046  
"NC",1871,345,1432    
"NC",1871,351,1550    
"NC",1871,360,20      
"NC",1871,361,210316  
"NC",1871,362,8090    
"NC",1871,363,49040   
"NC",1871,364,42      
"NC",1871,365,6573    
"NC",1871,367,1617    
"NC",1871,369,29026   
"NC",1871,390,2222    
"NC",1871,391,36275   
"NC",1871,400,645598  
"NC",1872,310,174776  
"NC",1872,316,1152    
"NC",1872,321,11      
"NC",1872,322,48750   
"NC",1872,323,87845   
"NC",1872,331,1149    
"NC",1872,336,5750    
"NC",1872,343,115105  
"NC",1872,345,325     
"NC",1872,351,1550    
"NC",1872,360,8       
"NC",1872,361,94350   
"NC",1872,362,10426   
"NC",1872,363,49307   
"NC",1872,364,100     
"NC",1872,365,10169   
"NC",1872,367,909     
"NC",1872,369,18191   
"NC",1872,390,1578    
"NC",1872,391,24266   
"NC",1872,399,93      
"NC",1872,400,628533  
"NC",1872,413,156000  
"NC",1873,310,84882   
"NC",1873,316,975     
"NC",1873,322,50000   
"NC",1873,323,93212   
"NC",1873,336,6750    
"NC",1873,343,104549  
"NC",1873,345,375     
"NC",1873,351,3050    
"NC",1873,361,145625  
"NC",1873,362,7963    
"NC",1873,363,52667   
"NC",1873,364,814     
"NC",1873,365,8961    
"NC",1873,367,547     
"NC",1873,369,13613   
"NC",1873,390,2913    
"NC",1873,391,26817   
"NC",1873,399,1082    
"NC",1873,400,524168  
"NC",1873,401,2383    
"NC",1874,310,57155   
"NC",1874,316,1050    
"NC",1874,322,46125   
"NC",1874,323,81663   
"NC",1874,331,9004    
"NC",1874,336,4000    
"NC",1874,343,103219  
"NC",1874,345,225     
"NC",1874,351,1955    
"NC",1874,361,90433   
"NC",1874,362,6219    
"NC",1874,363,46517   
"NC",1874,365,7679    
"NC",1874,367,712     
"NC",1874,369,15521   
"NC",1874,390,1683    
"NC",1874,391,30267   
"NC",1874,399,1444    
"NC",1874,400,448840  
"NC",1875,310,43210   
"NC",1875,316,1353    
"NC",1875,321,72      
"NC",1875,322,48875   
"NC",1875,323,122406  
"NC",1875,331,9235    
"NC",1875,336,5000    
"NC",1875,343,120667  
"NC",1875,345,870     
"NC",1875,351,1696    
"NC",1875,361,110930  
"NC",1875,362,9321    
"NC",1875,363,47924   
"NC",1875,365,8970    
"NC",1875,367,883     
"NC",1875,369,28455   
"NC",1875,390,3839    
"NC",1875,391,22885   
"NC",1875,399,686     
"NC",1875,400,551817  
"NC",1875,401,2500    
"NC",1876,310,56203   
"NC",1876,316,1272    
"NC",1876,322,44500   
"NC",1876,323,119604  
"NC",1876,331,182     
"NC",1876,336,6000    
"NC",1876,343,118027  
"NC",1876,345,300     
"NC",1876,351,200     
"NC",1876,361,2       
"NC",1876,362,6810    
"NC",1876,363,49072   
"NC",1876,365,8943    
"NC",1876,367,631     
"NC",1876,369,27667   
"NC",1876,390,1757    
"NC",1876,391,18055   
"NC",1876,399,4       
"NC",1876,400,528055  
"NC",1877,310,33498   
"NC",1877,316,905     
"NC",1877,321,96      
"NC",1877,322,43225   
"NC",1877,323,101223  
"NC",1877,333,33437   
"NC",1877,336,5000    
"NC",1877,343,139791  
"NC",1877,345,715     
"NC",1877,351,8160    
"NC",1877,361,85726   
"NC",1877,362,12428   
"NC",1877,363,48509   
"NC",1877,364,2706    
"NC",1877,365,9223    
"NC",1877,367,589     
"NC",1877,369,22199   
"NC",1877,390,9797    
"NC",1877,391,20970   
"NC",1877,400,613265  
"NC",1877,401,59500   
"NC",1878,310,14245   
"NC",1878,316,1240    
"NC",1878,322,42600   
"NC",1878,323,120889  
"NC",1878,333,42760   
"NC",1878,336,4000    
"NC",1878,343,129999  
"NC",1878,345,1042    
"NC",1878,351,19622   
"NC",1878,361,436     
"NC",1878,362,10845   
"NC",1878,363,52051   
"NC",1878,365,6693    
"NC",1878,367,738     
"NC",1878,369,13034   
"NC",1878,390,5478    
"NC",1878,391,14285   
"NC",1878,399,100     
"NC",1878,400,534187  
"NC",1878,401,59045   
"NC",1879,310,13075   
"NC",1879,316,973     
"NC",1879,322,18950   
"NC",1879,323,142889  
"NC",1879,333,44931   
"NC",1879,336,2870    
"NC",1879,343,120679  
"NC",1879,345,746     
"NC",1879,351,22503   
"NC",1879,361,54785   
"NC",1879,362,12881   
"NC",1879,363,40057   
"NC",1879,365,6713    
"NC",1879,367,892     
"NC",1879,369,14912   
"NC",1879,390,6012    
"NC",1879,391,19137   
"NC",1879,400,577658  
"NC",1879,401,58730   
"NC",1880,310,5500    
"NC",1880,322,24817   
"NC",1880,323,92500   
"NC",1880,333,30000   
"NC",1880,343,10399   
"NC",1880,345,599     
"NC",1880,351,26397   
"NC",1880,360,8       
"NC",1880,361,17696   
"NC",1880,362,4899    
"NC",1880,363,38214   
"NC",1880,367,356     
"NC",1880,369,3025    
"NC",1880,390,2810    
"NC",1880,391,13692   
"NC",1880,400,492720  
"NC",1880,401,58485   
"NC",1881,310,60171   
"NC",1881,311,4500    
"NC",1881,316,934     
"NC",1881,322,58622   
"NC",1881,323,121779  
"NC",1881,331,1228    
"NC",1881,333,36521   
"NC",1881,343,70384   
"NC",1881,345,2913    
"NC",1881,351,43503   
"NC",1881,360,6       
"NC",1881,361,56562   
"NC",1881,362,9249    
"NC",1881,363,37921   
"NC",1881,364,335     
"NC",1881,365,6335    
"NC",1881,367,440     
"NC",1881,369,17754   
"NC",1881,390,3225    
"NC",1881,391,21215   
"NC",1881,400,735126  
"NC",1881,401,58975   
"NC",1882,310,80410   
"NC",1882,311,6500    
"NC",1882,316,740     
"NC",1882,322,34200   
"NC",1882,323,163500  
"NC",1882,340,2018    
"NC",1882,341,978     
"NC",1882,343,120006  
"NC",1882,345,2121    
"NC",1882,351,43600   
"NC",1882,360,8       
"NC",1882,362,8682    
"NC",1882,363,38069   
"NC",1882,365,7481    
"NC",1882,367,599     
"NC",1882,369,17891   
"NC",1882,390,4287    
"NC",1882,391,17324   
"NC",1882,400,717482  
"NC",1882,401,58555   
"NC",1883,310,31486   
"NC",1883,316,1412    
"NC",1883,322,45444   
"NC",1883,323,189575  
"NC",1883,331,849     
"NC",1883,340,1126    
"NC",1883,341,2550    
"NC",1883,343,95996   
"NC",1883,345,4200    
"NC",1883,351,49750   
"NC",1883,361,58225   
"NC",1883,362,21077   
"NC",1883,363,46048   
"NC",1883,365,7863    
"NC",1883,367,631     
"NC",1883,369,28587   
"NC",1883,390,4053    
"NC",1883,391,26516   
"NC",1883,400,1073168 
"NC",1883,401,200185  
"NC",1883,36361,84    
"NC",1884,290,21697   
"NC",1884,310,91147   
"NC",1884,311,24500   
"NC",1884,316,1628    
"NC",1884,322,36235   
"NC",1884,323,169653  
"NC",1884,330,13700   
"NC",1884,331,13751   
"NC",1884,341,8962    
"NC",1884,343,86125   
"NC",1884,345,5223    
"NC",1884,351,41650   
"NC",1884,361,20620   
"NC",1884,362,9585    
"NC",1884,363,38019   
"NC",1884,365,7669    
"NC",1884,367,11514   
"NC",1884,369,15358   
"NC",1884,390,2959    
"NC",1884,400,1027519 
"NC",1885,310,39801   
"NC",1885,316,835     
"NC",1885,322,37700   
"NC",1885,323,167725  
"NC",1885,333,50      
"NC",1885,341,9506    
"NC",1885,343,145506  
"NC",1885,345,4508    
"NC",1885,351,43250   
"NC",1885,360,750     
"NC",1885,361,58383   
"NC",1885,362,8710    
"NC",1885,363,40418   
"NC",1885,364,444     
"NC",1885,365,6919    
"NC",1885,367,430     
"NC",1885,369,20205   
"NC",1885,390,26767   
"NC",1885,400,984260  
"NC",1886,310,45766   
"NC",1886,316,1275    
"NC",1886,322,48785   
"NC",1886,323,179300  
"NC",1886,341,3701    
"NC",1886,343,132653  
"NC",1886,345,5343    
"NC",1886,351,42700   
"NC",1886,361,7       
"NC",1886,362,10760   
"NC",1886,363,46606   
"NC",1886,365,7005    
"NC",1886,367,2717    
"NC",1886,369,25242   
"NC",1886,381,41431   
"NC",1886,390,3680    
"NC",1886,391,19411   
"NC",1886,399,523     
"NC",1886,400,1487951 
"NC",1886,415,247816  
"NC",1887,310,45374   
"NC",1887,316,1391    
"NC",1887,322,39664   
"NC",1887,323,164867  
"NC",1887,341,7495    
"NC",1887,343,112435  
"NC",1887,345,5618    
"NC",1887,351,35100   
"NC",1887,361,60500   
"NC",1887,362,9240    
"NC",1887,363,46677   
"NC",1887,365,7105    
"NC",1887,367,11422   
"NC",1887,369,29305   
"NC",1887,381,48168   
"NC",1887,390,5110    
"NC",1887,391,26443   
"NC",1887,396,1000    
"NC",1887,399,2572    
"NC",1887,400,1178600 
"NC",1887,416,-14357  
"NC",1888,310,35883   
"NC",1888,311,12131   
"NC",1888,316,1778    
"NC",1888,322,39845   
"NC",1888,323,160400  
"NC",1888,341,5846    
"NC",1888,343,110810  
"NC",1888,345,5066    
"NC",1888,351,26200   
"NC",1888,362,9292    
"NC",1888,363,46117   
"NC",1888,365,7113    
"NC",1888,367,16931   
"NC",1888,369,19595   
"NC",1888,381,60175   
"NC",1888,390,4442    
"NC",1888,391,24894   
"NC",1888,399,1996    
"NC",1888,400,1118303 
"NC",1888,416,-29168  
"NC",1889,310,66750   
"NC",1889,311,8750    
"NC",1889,316,1854    
"NC",1889,321,61      
"NC",1889,322,41065   
"NC",1889,323,174500  
"NC",1889,341,15665   
"NC",1889,343,204820  
"NC",1889,351,39300   
"NC",1889,361,59951   
"NC",1889,362,9813    
"NC",1889,363,50684   
"NC",1889,364,352     
"NC",1889,365,12895   
"NC",1889,367,2407    
"NC",1889,369,28621   
"NC",1889,381,30337   
"NC",1889,390,4867    
"NC",1889,391,24860   
"NC",1889,399,559     
"NC",1889,400,1281949 
"NC",1889,416,-110    
"NC",1890,310,28946   
"NC",1890,311,18167   
"NC",1890,316,1757    
"NC",1890,321,50      
"NC",1890,322,45240   
"NC",1890,323,202300  
"NC",1890,331,66      
"NC",1890,333,990     
"NC",1890,341,15042   
"NC",1890,343,259208  
"NC",1890,345,5552    
"NC",1890,351,39200   
"NC",1890,362,9832    
"NC",1890,363,51531   
"NC",1890,365,7019    
"NC",1890,367,1418    
"NC",1890,369,6198    
"NC",1890,381,29412   
"NC",1890,390,7506    
"NC",1890,391,22282   
"NC",1890,396,18722   
"NC",1890,400,1348757 
"NC",1890,416,-1213   
"NC",1891,310,32191   
"NC",1891,311,45250   
"NC",1891,316,1779    
"NC",1891,321,366     
"NC",1891,322,51555   
"NC",1891,323,184150  
"NC",1891,333,5769    
"NC",1891,336,5682    
"NC",1891,341,19763   
"NC",1891,343,208226  
"NC",1891,345,8012    
"NC",1891,351,31814   
"NC",1891,352,5064    
"NC",1891,361,63018   
"NC",1891,362,4029    
"NC",1891,363,53733   
"NC",1891,365,7192    
"NC",1891,367,5404    
"NC",1891,369,27297   
"NC",1891,381,88226   
"NC",1891,390,5586    
"NC",1891,391,34051   
"NC",1891,400,1437253 
"NC",1891,416,25837   
"NC",1892,310,6135    
"NC",1892,311,40750   
"NC",1892,316,1632    
"NC",1892,321,607     
"NC",1892,322,194070  
"NC",1892,323,76000   
"NC",1892,333,12406   
"NC",1892,336,14318   
"NC",1892,341,14797   
"NC",1892,342,2500    
"NC",1892,343,198622  
"NC",1892,345,8969    
"NC",1892,351,27805   
"NC",1892,362,4816    
"NC",1892,363,56227   
"NC",1892,365,7192    
"NC",1892,367,1753    
"NC",1892,369,16830   
"NC",1892,381,81294   
"NC",1892,390,13758   
"NC",1892,391,28909   
"NC",1892,392,4000    
"NC",1892,399,69      
"NC",1892,400,1288828 
"NC",1892,415,12054   
"NC",1892,416,-22045  
"NC",1893,310,56975   
"NC",1893,311,40750   
"NC",1893,316,1350    
"NC",1893,321,834     
"NC",1893,322,178155  
"NC",1893,323,121227  
"NC",1893,333,11015   
"NC",1893,336,9995    
"NC",1893,341,37097   
"NC",1893,342,2500    
"NC",1893,343,128853  
"NC",1893,345,15785   
"NC",1893,351,30289   
"NC",1893,361,66370   
"NC",1893,362,9334    
"NC",1893,363,60713   
"NC",1893,364,324     
"NC",1893,365,11324   
"NC",1893,367,5446    
"NC",1893,369,20945   
"NC",1893,381,96952   
"NC",1893,390,16457   
"NC",1893,391,34346   
"NC",1893,399,2366    
"NC",1893,400,1640959 
"NC",1893,416,22371   
"NC",1894,310,49747   
"NC",1894,311,81500   
"NC",1894,316,1400    
"NC",1894,321,655     
"NC",1894,322,228635  
"NC",1894,323,70500   
"NC",1894,333,10923   
"NC",1894,336,10074   
"NC",1894,341,16651   
"NC",1894,342,2500    
"NC",1894,343,139948  
"NC",1894,345,14050   
"NC",1894,351,41988   
"NC",1894,361,243     
"NC",1894,362,8807    
"NC",1894,363,56819   
"NC",1894,365,7147    
"NC",1894,367,2742    
"NC",1894,369,17782   
"NC",1894,381,93459   
"NC",1894,390,42702   
"NC",1894,399,850     
"NC",1894,400,1445373 
"NC",1894,416,4818    
"NC",1895,310,76921   
"NC",1895,311,58750   
"NC",1895,316,1600    
"NC",1895,321,859     
"NC",1895,322,257743  
"NC",1895,323,92261   
"NC",1895,333,10409   
"NC",1895,336,9901    
"NC",1895,341,14433   
"NC",1895,342,2500    
"NC",1895,343,151597  
"NC",1895,345,14190   
"NC",1895,351,19104   
"NC",1895,361,72514   
"NC",1895,362,8828    
"NC",1895,363,60024   
"NC",1895,365,7076    
"NC",1895,367,1413    
"NC",1895,369,29549   
"NC",1895,381,100656  
"NC",1895,390,16926   
"NC",1895,391,44589   
"NC",1895,399,465     
"NC",1895,400,1634781 
"NC",1895,416,2392    
"NC",1896,310,61649   
"NC",1896,311,61662   
"NC",1896,316,1600    
"NC",1896,321,1053    
"NC",1896,322,227630  
"NC",1896,323,78246   
"NC",1896,333,11589   
"NC",1896,336,10155   
"NC",1896,341,9062    
"NC",1896,342,2500    
"NC",1896,343,158215  
"NC",1896,345,13830   
"NC",1896,351,61558   
"NC",1896,361,275     
"NC",1896,362,8882    
"NC",1896,363,61466   
"NC",1896,365,6997    
"NC",1896,367,1416    
"NC",1896,369,19936   
"NC",1896,381,100371  
"NC",1896,390,2391    
"NC",1896,391,36465   
"NC",1896,399,4571    
"NC",1896,400,1549966 
"NC",1896,416,18989   
"NC",1897,310,88144   
"NC",1897,311,109240  
"NC",1897,316,1244    
"NC",1897,321,742     
"NC",1897,322,211037  
"NC",1897,323,69950   
"NC",1897,333,10409   
"NC",1897,336,10000   
"NC",1897,341,6816    
"NC",1897,342,3125    
"NC",1897,343,147262  
"NC",1897,345,13590   
"NC",1897,351,56391   
"NC",1897,361,70993   
"NC",1897,362,8800    
"NC",1897,363,62584   
"NC",1897,365,6947    
"NC",1897,367,1778    
"NC",1897,369,26163   
"NC",1897,381,103807  
"NC",1897,390,3229    
"NC",1897,391,43886   
"NC",1897,399,1465    
"NC",1897,400,1606850 
"NC",1898,310,46670   
"NC",1898,311,106607  
"NC",1898,316,1327    
"NC",1898,321,843     
"NC",1898,322,290169  
"NC",1898,323,70450   
"NC",1898,333,14506   
"NC",1898,336,10288   
"NC",1898,341,31215   
"NC",1898,342,2500    
"NC",1898,343,106639  
"NC",1898,345,13270   
"NC",1898,351,64929   
"NC",1898,361,2129    
"NC",1898,362,8781    
"NC",1898,363,63062   
"NC",1898,365,7037    
"NC",1898,367,6324    
"NC",1898,369,26573   
"NC",1898,381,100841  
"NC",1898,390,2094    
"NC",1898,391,6559    
"NC",1898,399,5724    
"NC",1898,400,1579576 
"NC",1899,310,49800   
"NC",1899,311,116508  
"NC",1899,316,1669    
"NC",1899,321,994     
"NC",1899,322,274581  
"NC",1899,323,82050   
"NC",1899,333,10757   
"NC",1899,336,9710    
"NC",1899,341,40553   
"NC",1899,342,2500    
"NC",1899,343,252365  
"NC",1899,345,20400   
"NC",1899,351,63911   
"NC",1899,360,4647    
"NC",1899,361,69784   
"NC",1899,362,9514    
"NC",1899,363,64400   
"NC",1899,364,167     
"NC",1899,365,6963    
"NC",1899,366,9998    
"NC",1899,367,3857    
"NC",1899,369,50782   
"NC",1899,381,121637  
"NC",1899,390,12822   
"NC",1899,391,12460   
"NC",1899,399,8980    
"NC",1899,400,1887726 
"NC",1899,401,2200    
"NC",1900,310,145243  
"NC",1900,311,90900   
"NC",1900,316,1652    
"NC",1900,321,915     
"NC",1900,322,316240  
"NC",1900,323,15000   
"NC",1900,333,16      
"NC",1900,336,10002   
"NC",1900,341,18753   
"NC",1900,342,2500    
"NC",1900,343,324102  
"NC",1900,345,17970   
"NC",1900,351,58281   
"NC",1900,361,5734    
"NC",1900,362,8970    
"NC",1900,363,62830   
"NC",1900,364,1497    
"NC",1900,365,7759    
"NC",1900,367,6736    
"NC",1900,369,63229   
"NC",1900,381,118276  
"NC",1900,390,9937    
"NC",1900,391,7878    
"NC",1900,396,30291   
"NC",1900,400,1958966 
"NC",1900,401,60      
"NC",1900,412,7660    
"NC",1901,311,226163  
"NC",1901,312,132511  
"NC",1901,314,4057    
"NC",1901,315,15000   
"NC",1901,321,876     
"NC",1901,322,241750  
"NC",1901,323,14700   
"NC",1901,324,21717   
"NC",1901,325,25666   
"NC",1901,341,195324  
"NC",1901,342,2500    
"NC",1901,344,21597   
"NC",1901,345,27450   
"NC",1901,351,71638   
"NC",1901,352,650     
"NC",1901,356,2017    
"NC",1901,361,62540   
"NC",1901,362,4700    
"NC",1901,363,75312   
"NC",1901,364,979     
"NC",1901,365,13316   
"NC",1901,366,18291   
"NC",1901,367,5107    
"NC",1901,368,3993    
"NC",1901,369,39773   
"NC",1901,370,12509   
"NC",1901,371,3557    
"NC",1901,372,6950    
"NC",1901,391,6947    
"NC",1901,392,4129    
"NC",1901,396,111606  
"NC",1901,400,309183  
"NC",1902,311,323161  
"NC",1902,312,160261  
"NC",1902,314,4130    
"NC",1902,315,15000   
"NC",1902,321,1022    
"NC",1902,322,317850  
"NC",1902,324,20327   
"NC",1902,325,29280   
"NC",1902,332,500     
"NC",1902,341,183492  
"NC",1902,342,2500    
"NC",1902,344,16157   
"NC",1902,345,19503   
"NC",1902,349,18190   
"NC",1902,351,69393   
"NC",1902,352,50      
"NC",1902,356,2237    
"NC",1902,361,287     
"NC",1902,362,11000   
"NC",1902,363,71760   
"NC",1902,364,592     
"NC",1902,365,14981   
"NC",1902,366,5137    
"NC",1902,367,4896    
"NC",1902,368,284     
"NC",1902,369,33229   
"NC",1902,370,6835    
"NC",1902,371,2283    
"NC",1902,372,7303    
"NC",1902,391,2264    
"NC",1902,392,10385   
"NC",1902,400,304459  
"NC",1902,415,5000    
"NC",1903,311,345586  
"NC",1903,312,213786  
"NC",1903,314,4235    
"NC",1903,315,15000   
"NC",1903,316,500     
"NC",1903,321,924     
"NC",1903,322,309667  
"NC",1903,323,5000    
"NC",1903,324,36459   
"NC",1903,325,10680   
"NC",1903,341,134601  
"NC",1903,342,2500    
"NC",1903,344,27851   
"NC",1903,345,27995   
"NC",1903,351,82799   
"NC",1903,356,2424    
"NC",1903,361,66547   
"NC",1903,362,10996   
"NC",1903,363,70426   
"NC",1903,365,19104   
"NC",1903,366,3372    
"NC",1903,367,4978    
"NC",1903,368,3636    
"NC",1903,369,45617   
"NC",1903,370,16072   
"NC",1903,371,11682   
"NC",1903,391,3519    
"NC",1903,392,2519    
"NC",1903,393,2100    
"NC",1903,394,135     
"NC",1903,396,193361  
"NC",1903,400,323290  
"NC",1903,412,200000  
"NC",1903,415,117404  
"NC",1904,311,320891  
"NC",1904,312,162268  
"NC",1904,314,4250    
"NC",1904,315,15000   
"NC",1904,316,500     
"NC",1904,321,1017    
"NC",1904,322,258890  
"NC",1904,323,6000    
"NC",1904,324,21231   
"NC",1904,325,23440   
"NC",1904,341,157656  
"NC",1904,342,2500    
"NC",1904,344,32569   
"NC",1904,345,19734   
"NC",1904,351,100900  
"NC",1904,352,1500    
"NC",1904,356,2233    
"NC",1904,361,545     
"NC",1904,362,11000   
"NC",1904,363,70407   
"NC",1904,364,776     
"NC",1904,365,17769   
"NC",1904,366,13926   
"NC",1904,367,5681    
"NC",1904,369,44597   
"NC",1904,370,10044   
"NC",1904,371,2608    
"NC",1904,372,7363    
"NC",1904,391,1761    
"NC",1904,392,7745    
"NC",1904,393,13219   
"NC",1904,396,198232  
"NC",1904,399,18075   
"NC",1904,400,324064  
"NC",1904,415,74790   
"NC",1905,311,244259  
"NC",1905,312,259116  
"NC",1905,314,5835    
"NC",1905,315,15000   
"NC",1905,316,500     
"NC",1905,321,1199    
"NC",1905,322,365835  
"NC",1905,323,5000    
"NC",1905,324,21597   
"NC",1905,325,29120   
"NC",1905,341,166171  
"NC",1905,342,3927    
"NC",1905,343,375     
"NC",1905,344,39363   
"NC",1905,345,19700   
"NC",1905,351,99173   
"NC",1905,352,2050    
"NC",1905,356,3633    
"NC",1905,361,72285   
"NC",1905,362,11559   
"NC",1905,363,81598   
"NC",1905,364,992     
"NC",1905,365,17446   
"NC",1905,366,7062    
"NC",1905,367,14285   
"NC",1905,369,56703   
"NC",1905,370,10259   
"NC",1905,371,3749    
"NC",1905,372,7615    
"NC",1905,391,2674    
"NC",1905,392,4111    
"NC",1905,393,91      
"NC",1905,394,8601    
"NC",1905,395,9049    
"NC",1905,396,204882  
"NC",1905,400,555825  
"NC",1905,412,52400   
"NC",1905,415,59570   
"NC",1906,311,331093  
"NC",1906,312,231750  
"NC",1906,314,4151    
"NC",1906,315,21750   
"NC",1906,316,500     
"NC",1906,321,960     
"NC",1906,322,301000  
"NC",1906,323,5000    
"NC",1906,324,31356   
"NC",1906,325,17000   
"NC",1906,341,119130  
"NC",1906,342,6443    
"NC",1906,344,27606   
"NC",1906,345,19598   
"NC",1906,351,112412  
"NC",1906,352,1458    
"NC",1906,356,2000    
"NC",1906,361,840     
"NC",1906,362,11200   
"NC",1906,363,91863   
"NC",1906,364,435     
"NC",1906,365,17740   
"NC",1906,366,2666    
"NC",1906,367,10589   
"NC",1906,369,50853   
"NC",1906,370,10608   
"NC",1906,371,2990    
"NC",1906,372,7765    
"NC",1906,391,3248    
"NC",1906,392,14402   
"NC",1906,393,6283    
"NC",1906,394,9714    
"NC",1906,396,263068  
"NC",1906,400,332146  
"NC",1906,412,80352   
"NC",1906,415,104829  
"NC",1907,311,396968  
"NC",1907,312,344750  
"NC",1907,314,7967    
"NC",1907,315,24750   
"NC",1907,316,5010    
"NC",1907,321,3137    
"NC",1907,322,460795  
"NC",1907,323,2000    
"NC",1907,324,22337   
"NC",1907,325,30900   
"NC",1907,341,237620  
"NC",1907,342,3846    
"NC",1907,344,26399   
"NC",1907,345,20517   
"NC",1907,351,111319  
"NC",1907,352,1485    
"NC",1907,356,2000    
"NC",1907,361,73963   
"NC",1907,362,14491   
"NC",1907,363,94725   
"NC",1907,364,989     
"NC",1907,365,22604   
"NC",1907,366,9376    
"NC",1907,367,11359   
"NC",1907,369,63423   
"NC",1907,370,13293   
"NC",1907,372,10271   
"NC",1907,391,2308    
"NC",1907,392,2501    
"NC",1907,393,17439   
"NC",1907,394,9960    
"NC",1907,396,270270  
"NC",1907,399,55000   
"NC",1907,400,334529  
"NC",1907,415,104716  
"NC",1908,311,296688  
"NC",1908,312,348250  
"NC",1908,314,4950    
"NC",1908,315,25000   
"NC",1908,316,4998    
"NC",1908,321,994     
"NC",1908,322,387600  
"NC",1908,324,22372   
"NC",1908,325,29660   
"NC",1908,341,145006  
"NC",1908,342,2800    
"NC",1908,344,27515   
"NC",1908,345,22014   
"NC",1908,351,113777  
"NC",1908,352,1405    
"NC",1908,356,2000    
"NC",1908,361,19034   
"NC",1908,362,14390   
"NC",1908,363,100348  
"NC",1908,364,1273    
"NC",1908,365,22631   
"NC",1908,366,18838   
"NC",1908,367,8962    
"NC",1908,369,61350   
"NC",1908,370,18895   
"NC",1908,372,11024   
"NC",1908,391,1094    
"NC",1908,392,4505    
"NC",1908,393,14224   
"NC",1908,394,10000   
"NC",1908,396,385452  
"NC",1908,399,89      
"NC",1908,400,337137  
"NC",1908,415,59323   
"NC",1909,311,488370  
"NC",1909,312,402350  
"NC",1909,314,8632    
"NC",1909,315,27000   
"NC",1909,316,6600    
"NC",1909,321,1121    
"NC",1909,322,694000  
"NC",1909,323,5000    
"NC",1909,324,23109   
"NC",1909,325,34625   
"NC",1909,330,88      
"NC",1909,341,132765  
"NC",1909,342,2500    
"NC",1909,344,52175   
"NC",1909,345,26739   
"NC",1909,351,135046  
"NC",1909,352,1300    
"NC",1909,356,6000    
"NC",1909,361,74452   
"NC",1909,362,18488   
"NC",1909,363,113615  
"NC",1909,364,758     
"NC",1909,365,26647   
"NC",1909,367,12125   
"NC",1909,368,3276    
"NC",1909,369,69453   
"NC",1909,370,18804   
"NC",1909,372,11276   
"NC",1909,391,1155    
"NC",1909,392,3907    
"NC",1909,393,22854   
"NC",1909,394,9997    
"NC",1909,396,398471  
"NC",1909,400,332260  
"NC",1909,412,430214  
"NC",1909,415,67617   
"NC",1910,311,378902  
"NC",1910,312,408850  
"NC",1910,314,7580    
"NC",1910,315,29000   
"NC",1910,316,5100    
"NC",1910,321,1168    
"NC",1910,322,451807  
"NC",1910,324,19224   
"NC",1910,325,35308   
"NC",1910,330,4740    
"NC",1910,341,207718  
"NC",1910,342,625     
"NC",1910,344,79212   
"NC",1910,345,28870   
"NC",1910,351,167709  
"NC",1910,352,1300    
"NC",1910,356,6000    
"NC",1910,361,1075    
"NC",1910,362,17600   
"NC",1910,363,116045  
"NC",1910,364,361     
"NC",1910,365,27871   
"NC",1910,366,229     
"NC",1910,367,15943   
"NC",1910,369,65880   
"NC",1910,370,25676   
"NC",1910,371,4576    
"NC",1910,372,11243   
"NC",1910,391,2155    
"NC",1910,392,4875    
"NC",1910,393,6391    
"NC",1910,394,9842    
"NC",1910,396,441619  
"NC",1910,400,366325  
"NC",1910,410,3413647 
"NC",1910,412,4460    
"NC",1910,415,63450   
"NC",1910,418,73000   
"NC",1911,311,396260  
"NC",1911,312,529901  
"NC",1911,314,9088    
"NC",1911,315,30000   
"NC",1911,316,5200    
"NC",1911,321,1158    
"NC",1911,322,495000  
"NC",1911,323,3001    
"NC",1911,324,24167   
"NC",1911,325,53694   
"NC",1911,330,82      
"NC",1911,341,194827  
"NC",1911,342,4375    
"NC",1911,344,133981  
"NC",1911,345,47473   
"NC",1911,351,222902  
"NC",1911,352,1200    
"NC",1911,356,18000   
"NC",1911,361,78972   
"NC",1911,362,18625   
"NC",1911,363,110493  
"NC",1911,364,780     
"NC",1911,365,29585   
"NC",1911,366,2381    
"NC",1911,367,19720   
"NC",1911,369,88485   
"NC",1911,370,19937   
"NC",1911,371,4066    
"NC",1911,372,11240   
"NC",1911,391,2258    
"NC",1911,393,13232   
"NC",1911,395,4556    
"NC",1911,396,447485  
"NC",1911,400,345869  
"NC",1911,412,11543   
"NC",1911,415,300000  
"NC",1912,311,447430  
"NC",1912,312,561175  
"NC",1912,314,7459    
"NC",1912,315,30000   
"NC",1912,316,5263    
"NC",1912,321,1169    
"NC",1912,322,386500  
"NC",1912,323,37410   
"NC",1912,324,29269   
"NC",1912,325,40290   
"NC",1912,330,3260    
"NC",1912,341,202399  
"NC",1912,342,2500    
"NC",1912,344,221063  
"NC",1912,345,39832   
"NC",1912,351,224760  
"NC",1912,352,1700    
"NC",1912,356,18000   
"NC",1912,361,461     
"NC",1912,362,28741   
"NC",1912,363,110217  
"NC",1912,364,1182    
"NC",1912,365,37373   
"NC",1912,366,563     
"NC",1912,367,9045    
"NC",1912,369,66634   
"NC",1912,370,16750   
"NC",1912,371,15809   
"NC",1912,391,1662    
"NC",1912,392,2184    
"NC",1912,393,3332    
"NC",1912,395,3539    
"NC",1912,396,499063  
"NC",1912,400,360735  
"NC",1912,415,95103   
"NC",1913,311,526405  
"NC",1913,312,649473  
"NC",1913,314,11437   
"NC",1913,315,30000   
"NC",1913,316,6200    
"NC",1913,322,624000  
"NC",1913,323,36224   
"NC",1913,324,36205   
"NC",1913,325,57630   
"NC",1913,330,19731   
"NC",1913,341,100104  
"NC",1913,342,2500    
"NC",1913,344,174661  
"NC",1913,345,60906   
"NC",1913,351,253906  
"NC",1913,352,3238    
"NC",1913,356,33500   
"NC",1913,361,106900  
"NC",1913,362,19022   
"NC",1913,363,120766  
"NC",1913,364,728     
"NC",1913,365,66844   
"NC",1913,366,373     
"NC",1913,367,45142   
"NC",1913,369,69413   
"NC",1913,370,27978   
"NC",1913,371,3751    
"NC",1913,372,11550   
"NC",1913,391,4945    
"NC",1913,392,73      
"NC",1913,393,7662    
"NC",1913,394,9984    
"NC",1913,395,3109    
"NC",1913,396,510176  
"NC",1913,400,383767  
"NC",1913,412,546243  
"NC",1913,415,502152  
"NC",1913,418,209465  
"NC",1914,311,892989  
"NC",1914,312,552963  
"NC",1914,314,10243   
"NC",1914,315,30000   
"NC",1914,316,6200    
"NC",1914,321,1167    
"NC",1914,322,557034  
"NC",1914,323,68934   
"NC",1914,324,40048   
"NC",1914,325,49570   
"NC",1914,330,60837   
"NC",1914,341,205186  
"NC",1914,342,4848    
"NC",1914,344,119324  
"NC",1914,345,55501   
"NC",1914,351,273578  
"NC",1914,352,1277    
"NC",1914,356,40500   
"NC",1914,361,599     
"NC",1914,362,20183   
"NC",1914,363,171025  
"NC",1914,364,1856    
"NC",1914,365,38756   
"NC",1914,366,646     
"NC",1914,367,61791   
"NC",1914,369,97474   
"NC",1914,370,35088   
"NC",1914,371,5988    
"NC",1914,372,13700   
"NC",1914,391,4109    
"NC",1914,392,6324    
"NC",1914,393,7858    
"NC",1914,394,10000   
"NC",1914,395,3240    
"NC",1914,396,496090  
"NC",1914,400,428778  
"NC",1914,415,589238  
"NC",1914,418,46000   
