"WY",1891,1,140744.64   
"WY",1892,1,199588.28   
"WY",1893,1,66837.07    
"WY",1894,1,237626.1    
"WY",1895,1,184490.34   
"WY",1896,1,221571.81   
"WY",1897,1,256729.96   
"WY",1898,1,274581.61   
"WY",1899,1,748128.45   
"WY",1900,1,361084.59   
"WY",1901,1,443767.875  
"WY",1902,1,472988.925  
"WY",1903,1,507249.825  
"WY",1904,1,540503.985  
"WY",1905,1,530747.64   
"WY",1906,1,633962.85   
"WY",1907,1,1079115.355 
"WY",1908,1,445089.905  
"WY",1909,1,931817      
"WY",1910,1,1015272.16  
"WY",1911,1,1054610.505 
"WY",1912,1,1193360.925 
"WY",1913,1,1272406.08  
"WY",1914,1,1363662.19  
"WY",1915,1,1475930.78  
"WY",1916,1,2082999.51  
                        
"WY",1891,11,127489.3   
"WY",1891,22,3498.75    
"WY",1891,23,6150.82    
"WY",1891,26,3012.11    
"WY",1891,29,593.66     
"WY",1892,11,159444.41  
"WY",1892,22,3557.1     
"WY",1892,23,9713.27    
"WY",1892,26,4360.81    
"WY",1892,29,22512.69   
"WY",1893,11,42263.58   
"WY",1893,23,1670.7     
"WY",1893,26,4098       
"WY",1893,29,18804.79   
"WY",1894,11,206846.47  
"WY",1894,22,4998.1     
"WY",1894,23,1073.8     
"WY",1894,26,8048.1     
"WY",1894,29,16659.63   
"WY",1895,11,167327.54  
"WY",1895,22,1028.1     
"WY",1895,23,2051.12    
"WY",1895,26,2678.15    
"WY",1895,29,11405.43   
"WY",1896,11,183170.48  
"WY",1896,22,5494.65    
"WY",1896,23,3743.4     
"WY",1896,26,5628.14    
"WY",1896,28,34.8       
"WY",1896,29,23500.34   
"WY",1897,11,176560.79  
"WY",1897,14,6507.39    
"WY",1897,18,4448       
"WY",1897,22,1439.55    
"WY",1897,23,4119.32    
"WY",1897,26,10240.49   
"WY",1897,28,348        
"WY",1897,29,53066.42   
"WY",1898,11,178784.08  
"WY",1898,22,18435.19   
"WY",1898,23,28374.91   
"WY",1898,26,8866.32    
"WY",1898,28,355        
"WY",1898,29,39766.11   
"WY",1899,11,450725.235 
"WY",1899,22,63310.305  
"WY",1899,23,20402.28   
"WY",1899,26,48281.82   
"WY",1899,28,1360.5     
"WY",1899,29,164048.31  
"WY",1900,11,202332.585 
"WY",1900,18,7337.15    
"WY",1900,22,21343.435  
"WY",1900,23,31800.76   
"WY",1900,26,17048.42   
"WY",1900,28,453.5      
"WY",1900,29,80768.74   
"WY",1901,11,232270.15  
"WY",1901,18,6071.1     
"WY",1901,22,36797.33   
"WY",1901,23,38197.235  
"WY",1901,26,19428.89   
"WY",1901,28,1020.225   
"WY",1901,29,109982.945 
"WY",1902,11,257310.54  
"WY",1902,18,6443.35    
"WY",1902,22,36563.97   
"WY",1902,23,42992.905  
"WY",1902,26,19584.68   
"WY",1902,28,1020.225   
"WY",1902,29,109073.255 
"WY",1903,11,249757.89  
"WY",1903,14,19.15      
"WY",1903,18,7921.95    
"WY",1903,22,36326      
"WY",1903,23,38601.82   
"WY",1903,24,627.875    
"WY",1903,26,22089.98   
"WY",1903,28,211.725    
"WY",1903,29,151693.435 
"WY",1904,11,268260.64  
"WY",1904,14,315.61     
"WY",1904,18,9629.7     
"WY",1904,22,36280      
"WY",1904,23,38601.82   
"WY",1904,24,627.875    
"WY",1904,26,22895.91   
"WY",1904,28,211.725    
"WY",1904,29,163680.705 
"WY",1905,11,273733.87  
"WY",1905,12,5662.06    
"WY",1905,14,271.6      
"WY",1905,18,9835.2     
"WY",1905,22,38556.26   
"WY",1905,23,44402.45   
"WY",1905,24,1182.1     
"WY",1905,26,30330.01   
"WY",1905,29,126774.09  
"WY",1906,11,300797.79  
"WY",1906,12,3083.91    
"WY",1906,14,373.88     
"WY",1906,18,11828.45   
"WY",1906,22,41533.46   
"WY",1906,23,38959.12   
"WY",1906,26,49777.23   
"WY",1906,29,187609.01  
"WY",1907,11,630444.54  
"WY",1907,12,6019.585   
"WY",1907,14,21354.39   
"WY",1907,18,33217.7    
"WY",1907,22,21406.75   
"WY",1907,23,58284.18   
"WY",1907,24,919.38     
"WY",1907,26,59854.135  
"WY",1907,29,247614.695 
"WY",1908,11,66599.32   
"WY",1908,12,6019.585   
"WY",1908,14,23073.65   
"WY",1908,18,1352       
"WY",1908,22,21636.75   
"WY",1908,23,72727.72   
"WY",1908,24,919.38     
"WY",1908,26,59854.135  
"WY",1908,29,192907.365 
"WY",1909,11,397223.02  
"WY",1909,12,1045.965   
"WY",1909,14,26211.955  
"WY",1909,18,19962.025  
"WY",1909,22,20609.69   
"WY",1909,23,101513.78  
"WY",1909,24,349.24     
"WY",1909,26,73975.275  
"WY",1909,29,290926.05  
"WY",1910,11,472567.36  
"WY",1910,12,1045.965   
"WY",1910,14,27104.415  
"WY",1910,18,19962.025  
"WY",1910,22,20787.69   
"WY",1910,23,105590.15  
"WY",1910,24,349.24     
"WY",1910,26,73975.275  
"WY",1910,29,293890.04  
"WY",1911,11,464252.325 
"WY",1911,14,30458.55   
"WY",1911,18,26572.025  
"WY",1911,22,32088.385  
"WY",1911,23,117584.375 
"WY",1911,24,807.5      
"WY",1911,26,66800.77   
"WY",1911,27,12.5       
"WY",1911,29,316034.075 
"WY",1912,11,609837.955 
"WY",1912,12,316.45     
"WY",1912,14,33112.14   
"WY",1912,18,26572.025  
"WY",1912,22,29338.045  
"WY",1912,23,83548.845  
"WY",1912,24,3824.04    
"WY",1912,26,67645.69   
"WY",1912,27,12.5       
"WY",1912,29,339153.235 
"WY",1913,11,529359.985 
"WY",1913,14,35687.55   
"WY",1913,18,31554.705  
"WY",1913,22,37970.95   
"WY",1913,23,129398.64  
"WY",1913,26,76904.465  
"WY",1913,27,25         
"WY",1913,29,431504.785 
"WY",1914,11,613028.045 
"WY",1914,14,35743.94   
"WY",1914,18,31554.705  
"WY",1914,22,37970.95   
"WY",1914,23,66254.12   
"WY",1914,24,32         
"WY",1914,26,80759.655  
"WY",1914,29,498318.775 
"WY",1915,11,604844.355 
"WY",1915,14,38593.35   
"WY",1915,18,36025.485  
"WY",1915,22,31477.775  
"WY",1915,23,93705.69   
"WY",1915,24,109.49     
"WY",1915,26,90257.835  
"WY",1915,27,25         
"WY",1915,28,56958.13   
"WY",1915,29,523933.67  
"WY",1916,11,804735.775 
"WY",1916,14,40448.38   
"WY",1916,18,36025.485  
"WY",1916,22,31477.775  
"WY",1916,23,148949.19  
"WY",1916,24,2673.1     
"WY",1916,26,106564.355 
"WY",1916,28,184903.56  
"WY",1916,29,727221.89  
                        
"WY",1891,110,127489.3  
"WY",1891,223,3492.75   
"WY",1891,228,6         
"WY",1891,235,565.6     
"WY",1891,236,5585.22   
"WY",1891,262,36        
"WY",1891,265,1068      
"WY",1891,266,1908.11   
"WY",1891,290,453.1     
"WY",1891,291,140.56    
"WY",1892,111,159444.41 
"WY",1892,221,107.5     
"WY",1892,222,10        
"WY",1892,223,3439.6    
"WY",1892,235,3681.85   
"WY",1892,236,6031.42   
"WY",1892,262,242       
"WY",1892,263,60        
"WY",1892,265,606.13    
"WY",1892,266,3452.68   
"WY",1892,290,244       
"WY",1892,291,478.77    
"WY",1892,294,21789.92  
"WY",1893,111,42263.58  
"WY",1893,235,1670.7    
"WY",1893,262,258       
"WY",1893,266,3840      
"WY",1893,290,12.8      
"WY",1893,298,18791.99  
"WY",1894,111,206846.47 
"WY",1894,221,207.8     
"WY",1894,222,5         
"WY",1894,223,4785.3    
"WY",1894,235,1073.8    
"WY",1894,262,187.25    
"WY",1894,263,30        
"WY",1894,265,4522.1    
"WY",1894,266,3308.75   
"WY",1894,290,54.91     
"WY",1894,291,1517.2    
"WY",1894,294,15087.52  
"WY",1895,111,167327.54 
"WY",1895,221,364.4     
"WY",1895,223,663.7     
"WY",1895,235,2051.12   
"WY",1895,262,458.31    
"WY",1895,263,285.7     
"WY",1895,265,756.89    
"WY",1895,266,1177.25   
"WY",1895,291,1235      
"WY",1895,294,10170.43  
"WY",1896,111,183170.48 
"WY",1896,221,305.75    
"WY",1896,223,5188.9    
"WY",1896,235,3743.4    
"WY",1896,262,2474.28   
"WY",1896,263,904       
"WY",1896,265,158.06    
"WY",1896,266,2091.8    
"WY",1896,280,34.8      
"WY",1896,290,171.18    
"WY",1896,291,2053.09   
"WY",1896,294,16684.89  
"WY",1896,298,4591.18   
"WY",1897,111,176560.79 
"WY",1897,143,6507.39   
"WY",1897,181,4448      
"WY",1897,221,456.65    
"WY",1897,223,982.9     
"WY",1897,235,4119.32   
"WY",1897,262,4570.43   
"WY",1897,263,1083.95   
"WY",1897,265,4378.86   
"WY",1897,266,207.25    
"WY",1897,280,348       
"WY",1897,290,15062.4   
"WY",1897,291,521.68    
"WY",1897,294,13451.99  
"WY",1897,295,9822.5    
"WY",1897,297,9739.07   
"WY",1897,298,4468.78   
"WY",1898,111,178784.08 
"WY",1898,221,293.25    
"WY",1898,223,18141.94  
"WY",1898,235,28374.91  
"WY",1898,262,6975.09   
"WY",1898,263,1076.7    
"WY",1898,265,595.78    
"WY",1898,266,218.75    
"WY",1898,280,355       
"WY",1898,290,14        
"WY",1898,291,1258.65   
"WY",1898,294,23525.75  
"WY",1898,297,7331.89   
"WY",1898,298,7635.82   
"WY",1899,110,437659.02 
"WY",1899,111,13066.215 
"WY",1899,221,1099.2    
"WY",1899,223,62211.105 
"WY",1899,235,20402.28  
"WY",1899,262,39862.02  
"WY",1899,263,4301.625  
"WY",1899,264,337.995   
"WY",1899,266,3780.18   
"WY",1899,280,1360.5    
"WY",1899,290,143.475   
"WY",1899,291,8631.33   
"WY",1899,294,155273.505
"WY",1900,110,145886.34 
"WY",1900,111,56446.245 
"WY",1900,181,7337.15   
"WY",1900,221,366.4     
"WY",1900,223,20977.035 
"WY",1900,235,31800.76  
"WY",1900,262,13287.34  
"WY",1900,263,1433.875  
"WY",1900,264,112.665   
"WY",1900,265,894.48    
"WY",1900,266,1320.06   
"WY",1900,280,453.5     
"WY",1900,290,47.825    
"WY",1900,291,2893.11   
"WY",1900,294,77827.805 
"WY",1901,110,139414.215
"WY",1901,111,60191.385 
"WY",1901,112,32664.55  
"WY",1901,183,6071.1    
"WY",1901,221,214.15    
"WY",1901,223,36571.68  
"WY",1901,228,11.5      
"WY",1901,235,38197.235 
"WY",1901,262,14345.67  
"WY",1901,263,2963      
"WY",1901,265,1405.7    
"WY",1901,266,580.22    
"WY",1901,267,134.3     
"WY",1901,280,1020.225  
"WY",1901,290,322.265   
"WY",1901,291,4188.82   
"WY",1901,294,105471.86 
"WY",1902,110,139414.215
"WY",1902,111,90586.365 
"WY",1902,112,27309.96  
"WY",1902,183,6443.35   
"WY",1902,221,214.15    
"WY",1902,223,36338.32  
"WY",1902,228,11.5      
"WY",1902,235,42992.905 
"WY",1902,262,14345.67  
"WY",1902,263,2963      
"WY",1902,265,1561.49   
"WY",1902,266,580.22    
"WY",1902,267,134.3     
"WY",1902,280,1020.225  
"WY",1902,290,322.265   
"WY",1902,291,4188.82   
"WY",1902,294,104562.17 
"WY",1903,110,139926.41 
"WY",1903,111,83329.36  
"WY",1903,112,26502.12  
"WY",1903,145,19.15     
"WY",1903,181,7921.95   
"WY",1903,221,1211.9    
"WY",1903,223,35099.1   
"WY",1903,228,15        
"WY",1903,235,38601.82  
"WY",1903,241,627.875   
"WY",1903,262,17704.325 
"WY",1903,263,3410.395  
"WY",1903,264,30.75     
"WY",1903,265,395       
"WY",1903,266,549.51    
"WY",1903,280,211.725   
"WY",1903,290,659.28    
"WY",1903,291,8013.19   
"WY",1903,294,141787.135
"WY",1903,295,1233.83   
"WY",1904,110,139926.41 
"WY",1904,111,83571.84  
"WY",1904,112,44762.39  
"WY",1904,145,315.61    
"WY",1904,181,9629.7    
"WY",1904,221,1211.9    
"WY",1904,223,35053.1   
"WY",1904,228,15        
"WY",1904,235,38601.82  
"WY",1904,241,627.875   
"WY",1904,262,17704.325 
"WY",1904,263,3410.395  
"WY",1904,264,30.75     
"WY",1904,265,1200.93   
"WY",1904,266,549.51    
"WY",1904,280,211.725   
"WY",1904,290,659.28    
"WY",1904,291,8003.59   
"WY",1904,294,155017.835
"WY",1905,111,265845.7  
"WY",1905,112,7888.17   
"WY",1905,122,5662.06   
"WY",1905,145,271.6     
"WY",1905,181,9835.2    
"WY",1905,221,1482.89   
"WY",1905,223,37065.37  
"WY",1905,228,8         
"WY",1905,235,44351.15  
"WY",1905,236,51.3      
"WY",1905,241,1182.1    
"WY",1905,262,20239.28  
"WY",1905,263,3354.91   
"WY",1905,265,6177.56   
"WY",1905,266,463.26    
"WY",1905,267,95        
"WY",1905,290,223.91    
"WY",1905,291,9394.84   
"WY",1905,294,117155.34 
"WY",1906,111,286479.66 
"WY",1906,112,14318.13  
"WY",1906,122,3083.91   
"WY",1906,145,373.88    
"WY",1906,181,11828.45  
"WY",1906,221,2726.65   
"WY",1906,223,38769.81  
"WY",1906,228,37        
"WY",1906,235,38959.12  
"WY",1906,262,31774.04  
"WY",1906,263,5703.8    
"WY",1906,265,11774.64  
"WY",1906,266,524.75    
"WY",1906,290,1745.83   
"WY",1906,291,10343.01  
"WY",1906,294,175520.17 
"WY",1907,110,203286.21 
"WY",1907,111,427158.33 
"WY",1907,122,6019.585  
"WY",1907,143,20522.18  
"WY",1907,145,832.21    
"WY",1907,181,33217.7   
"WY",1907,221,1847.775  
"WY",1907,223,19534.475 
"WY",1907,228,24.5      
"WY",1907,235,58284.18  
"WY",1907,241,919.38    
"WY",1907,262,42257.625 
"WY",1907,263,4731.995  
"WY",1907,264,256.075   
"WY",1907,265,11934.89  
"WY",1907,266,567.55    
"WY",1907,267,106       
"WY",1907,290,1262.4    
"WY",1907,291,18817.87  
"WY",1907,294,227534.425
"WY",1908,112,11220.2   
"WY",1908,113,55379.12  
"WY",1908,122,6019.585  
"WY",1908,143,20522.18  
"WY",1908,145,2551.47   
"WY",1908,181,1352      
"WY",1908,221,1847.775  
"WY",1908,223,19764.475 
"WY",1908,228,24.5      
"WY",1908,235,72727.72  
"WY",1908,241,919.38    
"WY",1908,262,42257.625 
"WY",1908,263,4731.995  
"WY",1908,264,256.075   
"WY",1908,265,11934.89  
"WY",1908,266,567.55    
"WY",1908,267,106       
"WY",1908,290,1262.4    
"WY",1908,291,18817.87  
"WY",1908,294,172827.095
"WY",1909,110,125171.595
"WY",1909,111,272051.425
"WY",1909,122,1045.965  
"WY",1909,143,24305.855 
"WY",1909,145,1906.1    
"WY",1909,181,19962.025 
"WY",1909,221,3113.54   
"WY",1909,223,17469.65  
"WY",1909,228,26.5      
"WY",1909,235,101513.78 
"WY",1909,241,349.24    
"WY",1909,261,1038.175  
"WY",1909,262,46341.55  
"WY",1909,263,4522.825  
"WY",1909,264,495.75    
"WY",1909,265,18979.825 
"WY",1909,266,402.15    
"WY",1909,267,2195      
"WY",1909,290,2570.175  
"WY",1909,291,35229.92  
"WY",1909,294,253125.955
"WY",1910,110,125171.595
"WY",1910,111,303661.075
"WY",1910,113,43734.69  
"WY",1910,122,1045.965  
"WY",1910,143,24305.855 
"WY",1910,145,2798.56   
"WY",1910,181,19962.025 
"WY",1910,221,3113.54   
"WY",1910,223,17647.65  
"WY",1910,228,26.5      
"WY",1910,235,105590.15 
"WY",1910,241,349.24    
"WY",1910,261,1038.175  
"WY",1910,262,46341.55  
"WY",1910,263,4522.825  
"WY",1910,264,495.75    
"WY",1910,265,18979.825 
"WY",1910,266,402.15    
"WY",1910,267,2195      
"WY",1910,290,2570.175  
"WY",1910,291,35942.21  
"WY",1910,294,255377.655
"WY",1911,111,444062.925
"WY",1911,112,4944.96   
"WY",1911,113,15244.44  
"WY",1911,143,28715.42  
"WY",1911,145,1743.13   
"WY",1911,181,26572.025 
"WY",1911,221,1615.225  
"WY",1911,223,30442.66  
"WY",1911,228,30.5      
"WY",1911,235,117584.375
"WY",1911,243,807.5     
"WY",1911,261,1249.5    
"WY",1911,262,46825.335 
"WY",1911,263,4496.2    
"WY",1911,264,7032.175  
"WY",1911,265,5451.785  
"WY",1911,266,500.775   
"WY",1911,267,1245      
"WY",1911,274,12.5      
"WY",1911,290,1185.625  
"WY",1911,291,55646.575 
"WY",1911,294,259201.875
"WY",1912,111,524265.785
"WY",1912,112,4944.96   
"WY",1912,113,80627.21  
"WY",1912,122,316.45    
"WY",1912,143,30006.06  
"WY",1912,145,3106.08   
"WY",1912,181,26572.025 
"WY",1912,221,1615.225  
"WY",1912,223,27692.32  
"WY",1912,228,30.5      
"WY",1912,235,83548.845 
"WY",1912,241,605.54    
"WY",1912,243,3218.5    
"WY",1912,261,1249.5    
"WY",1912,262,46825.335 
"WY",1912,263,4496.2    
"WY",1912,264,7032.175  
"WY",1912,265,7612.655  
"WY",1912,266,429.825   
"WY",1912,274,12.5      
"WY",1912,290,3621.245  
"WY",1912,291,56866.695 
"WY",1912,294,278665.295
"WY",1913,110,9.645     
"WY",1913,111,488693.225
"WY",1913,112,5682.48   
"WY",1913,113,34974.635 
"WY",1913,143,31845.03  
"WY",1913,145,3842.52   
"WY",1913,181,31554.705 
"WY",1913,221,3436.275  
"WY",1913,222,25        
"WY",1913,223,34483.675 
"WY",1913,228,26        
"WY",1913,235,129398.64 
"WY",1913,261,1310      
"WY",1913,262,51406.89  
"WY",1913,263,3546.325  
"WY",1913,264,9219.505  
"WY",1913,265,10579.27  
"WY",1913,266,842.475   
"WY",1913,274,25        
"WY",1913,290,506.265   
"WY",1913,291,91196.705 
"WY",1913,294,339801.815
"WY",1914,110,9.645     
"WY",1914,111,559200.015
"WY",1914,112,5682.48   
"WY",1914,113,48135.905 
"WY",1914,143,33536.56  
"WY",1914,145,2207.38   
"WY",1914,181,31554.705 
"WY",1914,221,3436.275  
"WY",1914,222,25        
"WY",1914,223,34483.675 
"WY",1914,228,26        
"WY",1914,235,66254.12  
"WY",1914,241,32        
"WY",1914,261,1310      
"WY",1914,262,51406.89  
"WY",1914,263,3546.325  
"WY",1914,264,9219.505  
"WY",1914,265,14726.66  
"WY",1914,266,550.275   
"WY",1914,290,423.725   
"WY",1914,291,91710.065 
"WY",1914,294,406184.985
"WY",1915,111,597079.67 
"WY",1915,112,4214.65   
"WY",1915,113,3550.035  
"WY",1915,143,35420.09  
"WY",1915,145,3173.26   
"WY",1915,181,36025.485 
"WY",1915,221,2823.525  
"WY",1915,223,28643.25  
"WY",1915,228,11        
"WY",1915,235,93705.69  
"WY",1915,241,109.49    
"WY",1915,261,1597      
"WY",1915,262,50465.485 
"WY",1915,263,4789.975  
"WY",1915,264,15955.78  
"WY",1915,265,14768.295 
"WY",1915,266,2681.3    
"WY",1915,274,25        
"WY",1915,281,56958.13  
"WY",1915,290,327.65    
"WY",1915,291,130312.035
"WY",1915,294,393293.985
"WY",1916,111,673961.01 
"WY",1916,112,4214.65   
"WY",1916,113,3550.035  
"WY",1916,114,123010.08 
"WY",1916,143,37289.66  
"WY",1916,145,3158.72   
"WY",1916,181,36025.485 
"WY",1916,221,2823.525  
"WY",1916,223,28643.25  
"WY",1916,228,11        
"WY",1916,235,148949.19 
"WY",1916,241,2673.1    
"WY",1916,261,1597      
"WY",1916,262,50465.485 
"WY",1916,263,4789.975  
"WY",1916,264,15955.78  
"WY",1916,265,28687.465 
"WY",1916,266,1946.75   
"WY",1916,267,3121.9    
"WY",1916,281,184903.56 
"WY",1916,290,1279.64   
"WY",1916,291,136544.515
"WY",1916,294,589397.735
