"AK",1838,3,103982   
"AK",1840,3,169807   
"AK",1842,3,163007   
"AK",1844,3,171381   
"AK",1850,3,537047   
"AK",1852,3,581850   
"AK",1854,3,538053   
"AK",1858,3,713292   
"AK",1860,3,3032181  
"AK",1862,3,1019509  
"AK",1864,3,139976   
"AK",1868,3,1805229  
"AK",1872,3,2526893  
"AK",1874,3,1827963  
"AK",1876,3,2424603  
"AK",1880,3,1649717  
"AK",1884,3,1109562  
"AK",1886,3,1608596  
"AK",1888,3,1598387  
"AK",1890,3,1256753  
"AK",1892,3,923310   
"AK",1894,3,1692901  
"AK",1896,3,1887671  
"AK",1898,3,2251111  
"AK",1900,3,1197614  
"AK",1902,3,2589953  
"AK",1904,3,3257323  
"AK",1906,3,3889622  
"AK",1908,3,6115192  
                     
"AK",1838,34,20237   
"AK",1838,35,917     
"AK",1838,36,78832   
"AK",1838,39,3996    
"AK",1840,34,43077   
"AK",1840,35,2676    
"AK",1840,36,115840  
"AK",1840,39,8214    
"AK",1842,34,13263   
"AK",1842,35,1224    
"AK",1842,36,132540  
"AK",1842,39,15980   
"AK",1844,31,1516    
"AK",1844,34,5758    
"AK",1844,35,4416    
"AK",1844,36,119194  
"AK",1844,39,40497   
"AK",1850,31,1856    
"AK",1850,34,4890    
"AK",1850,35,1740    
"AK",1850,36,117384  
"AK",1850,39,410763  
"AK",1850,40,414     
"AK",1852,31,14021   
"AK",1852,34,26248   
"AK",1852,35,167754  
"AK",1852,36,104860  
"AK",1852,39,263986  
"AK",1852,41,4981    
"AK",1854,31,13138   
"AK",1854,34,18502   
"AK",1854,35,57666   
"AK",1854,36,129914  
"AK",1854,39,310344  
"AK",1854,41,8489    
"AK",1858,31,19361   
"AK",1858,34,24868   
"AK",1858,35,98221   
"AK",1858,36,178590  
"AK",1858,39,7328    
"AK",1858,41,384924  
"AK",1860,31,7307    
"AK",1860,32,5500    
"AK",1860,34,2560917 
"AK",1860,35,3483    
"AK",1860,36,273887  
"AK",1860,39,81087   
"AK",1860,41,100000  
"AK",1862,31,3675    
"AK",1862,32,631572  
"AK",1862,34,214879  
"AK",1862,35,885     
"AK",1862,36,113421  
"AK",1862,39,54944   
"AK",1862,41,133     
"AK",1864,32,10989   
"AK",1864,34,63000   
"AK",1864,36,59541   
"AK",1864,39,6446    
"AK",1868,31,497750  
"AK",1868,32,6500    
"AK",1868,33,21297   
"AK",1868,34,275226  
"AK",1868,35,29296   
"AK",1868,36,894630  
"AK",1868,39,48767   
"AK",1868,41,31763   
"AK",1872,31,265624  
"AK",1872,32,16896   
"AK",1872,33,28104   
"AK",1872,34,233796  
"AK",1872,35,52659   
"AK",1872,36,1475575 
"AK",1872,39,454239  
"AK",1874,31,123434  
"AK",1874,32,46277   
"AK",1874,33,7761    
"AK",1874,34,209734  
"AK",1874,35,47837   
"AK",1874,36,930286  
"AK",1874,39,462101  
"AK",1874,41,533     
"AK",1876,31,50836   
"AK",1876,32,30377   
"AK",1876,34,624411  
"AK",1876,35,28586   
"AK",1876,36,543042  
"AK",1876,39,43855   
"AK",1876,40,1100000 
"AK",1876,41,3496    
"AK",1880,31,987635  
"AK",1880,32,151097  
"AK",1880,34,28680   
"AK",1880,35,23387   
"AK",1880,36,405733  
"AK",1880,39,47667   
"AK",1880,40,5400    
"AK",1880,41,118     
"AK",1884,31,220126  
"AK",1884,32,266044  
"AK",1884,34,75522   
"AK",1884,35,25377   
"AK",1884,36,522493  
"AK",1886,31,229103  
"AK",1886,32,219263  
"AK",1886,34,7320    
"AK",1886,35,47496   
"AK",1886,36,502831  
"AK",1886,39,2583    
"AK",1886,41,600000  
"AK",1888,31,241170  
"AK",1888,32,234610  
"AK",1888,34,17676   
"AK",1888,35,88806   
"AK",1888,36,534166  
"AK",1888,39,15660   
"AK",1888,41,466299  
"AK",1890,31,269792  
"AK",1890,32,303513  
"AK",1890,34,26376   
"AK",1890,35,77207   
"AK",1890,36,568665  
"AK",1890,39,11200   
"AK",1892,31,292058  
"AK",1892,32,207322  
"AK",1892,34,34400   
"AK",1892,35,26640   
"AK",1892,36,362890  
"AK",1894,31,152201  
"AK",1894,32,288062  
"AK",1894,34,89947   
"AK",1894,35,3400    
"AK",1894,36,478576  
"AK",1894,39,680715  
"AK",1896,31,163190  
"AK",1896,32,275221  
"AK",1896,34,269896  
"AK",1896,35,3400    
"AK",1896,36,480394  
"AK",1896,39,695570  
"AK",1898,31,156935  
"AK",1898,32,344092  
"AK",1898,33,69471   
"AK",1898,34,302859  
"AK",1898,35,7000    
"AK",1898,36,434232  
"AK",1898,39,936522  
"AK",1900,31,312765  
"AK",1900,32,235946  
"AK",1900,34,155898  
"AK",1900,35,6750    
"AK",1900,36,483353  
"AK",1900,39,2902    
"AK",1902,31,267177  
"AK",1902,32,245426  
"AK",1902,33,24705   
"AK",1902,34,24878   
"AK",1902,36,848208  
"AK",1902,39,1179559 
"AK",1904,31,430412  
"AK",1904,32,401208  
"AK",1904,33,24600   
"AK",1904,34,262003  
"AK",1904,36,858520  
"AK",1904,39,1280580 
"AK",1906,31,395371  
"AK",1906,32,433539  
"AK",1906,33,25187   
"AK",1906,34,356680  
"AK",1906,36,982888  
"AK",1906,39,1695957 
"AK",1908,31,599290  
"AK",1908,32,537367  
"AK",1908,33,23998   
"AK",1908,34,392818  
"AK",1908,36,843287  
"AK",1908,39,3718432 
                     
"AK",1838,343,19596  
"AK",1838,345,641    
"AK",1838,351,917    
"AK",1838,361,18073  
"AK",1838,362,11428  
"AK",1838,363,37320  
"AK",1838,365,1718   
"AK",1838,367,3500   
"AK",1838,369,6793   
"AK",1838,390,3452   
"AK",1838,391,544    
"AK",1840,343,42921  
"AK",1840,345,156    
"AK",1840,350,1758   
"AK",1840,351,918    
"AK",1840,361,25245  
"AK",1840,362,14983  
"AK",1840,363,32533  
"AK",1840,364,140    
"AK",1840,365,1215   
"AK",1840,367,35233  
"AK",1840,369,6491   
"AK",1840,390,5049   
"AK",1840,391,3165   
"AK",1842,343,12463  
"AK",1842,345,800    
"AK",1842,350,626    
"AK",1842,351,598    
"AK",1842,361,39118  
"AK",1842,362,18429  
"AK",1842,363,35040  
"AK",1842,365,1705   
"AK",1842,366,3939   
"AK",1842,367,1992   
"AK",1842,369,32317  
"AK",1842,390,15856  
"AK",1842,391,124    
"AK",1844,311,1516   
"AK",1844,343,5758   
"AK",1844,350,2999   
"AK",1844,351,1417   
"AK",1844,361,26244  
"AK",1844,362,16654  
"AK",1844,363,40331  
"AK",1844,364,90     
"AK",1844,365,22471  
"AK",1844,366,164    
"AK",1844,367,2237   
"AK",1844,369,11003  
"AK",1844,390,6034   
"AK",1844,391,143    
"AK",1844,392,31055  
"AK",1844,398,2015   
"AK",1844,399,1250   
"AK",1850,311,1000   
"AK",1850,316,856    
"AK",1850,343,4890   
"AK",1850,351,1740   
"AK",1850,360,34     
"AK",1850,361,30687  
"AK",1850,362,19533  
"AK",1850,363,30289  
"AK",1850,365,19507  
"AK",1850,366,7909   
"AK",1850,367,250    
"AK",1850,369,9175   
"AK",1850,390,111394 
"AK",1850,391,27465  
"AK",1850,392,234801 
"AK",1850,395,35172  
"AK",1850,398,1931   
"AK",1850,400,414    
"AK",1852,311,13578  
"AK",1852,316,443    
"AK",1852,343,26248  
"AK",1852,350,166210 
"AK",1852,351,1544   
"AK",1852,361,34123  
"AK",1852,362,13665  
"AK",1852,363,35120  
"AK",1852,364,211    
"AK",1852,365,8955   
"AK",1852,366,1205   
"AK",1852,367,746    
"AK",1852,369,10835  
"AK",1852,390,50270  
"AK",1852,392,213168 
"AK",1852,398,548    
"AK",1852,414,4981   
"AK",1854,311,11676  
"AK",1854,316,1462   
"AK",1854,343,18250  
"AK",1854,345,252    
"AK",1854,350,53681  
"AK",1854,351,3985   
"AK",1854,361,37020  
"AK",1854,362,18097  
"AK",1854,363,37536  
"AK",1854,365,12471  
"AK",1854,366,8938   
"AK",1854,367,2500   
"AK",1854,369,13352  
"AK",1854,390,27833  
"AK",1854,391,84     
"AK",1854,392,277702 
"AK",1854,395,280    
"AK",1854,398,4445   
"AK",1854,412,727    
"AK",1854,414,7762   
"AK",1858,311,18961  
"AK",1858,316,400    
"AK",1858,343,24863  
"AK",1858,345,5      
"AK",1858,350,79908  
"AK",1858,351,18313  
"AK",1858,361,56108  
"AK",1858,362,31910  
"AK",1858,363,53442  
"AK",1858,365,17241  
"AK",1858,366,961    
"AK",1858,369,18928  
"AK",1858,390,1389   
"AK",1858,391,988    
"AK",1858,395,155    
"AK",1858,398,4796   
"AK",1858,410,83764  
"AK",1858,412,298399 
"AK",1858,414,2761   
"AK",1860,311,7307   
"AK",1860,325,5500   
"AK",1860,343,31662  
"AK",1860,345,2529255
"AK",1860,350,64     
"AK",1860,351,3419   
"AK",1860,360,9427   
"AK",1860,361,63837  
"AK",1860,362,69042  
"AK",1860,363,58744  
"AK",1860,364,460    
"AK",1860,365,18769  
"AK",1860,366,617    
"AK",1860,369,52991  
"AK",1860,390,19455  
"AK",1860,391,3830   
"AK",1860,395,27145  
"AK",1860,398,2453   
"AK",1860,399,28204  
"AK",1860,413,100000 
"AK",1862,311,3675   
"AK",1862,325,631572 
"AK",1862,343,879    
"AK",1862,345,214000 
"AK",1862,350,147    
"AK",1862,351,738    
"AK",1862,360,3075   
"AK",1862,361,17131  
"AK",1862,362,15373  
"AK",1862,363,43726  
"AK",1862,365,27219  
"AK",1862,369,6897   
"AK",1862,390,31004  
"AK",1862,391,23458  
"AK",1862,395,159    
"AK",1862,398,323    
"AK",1862,414,133    
"AK",1864,320,320    
"AK",1864,325,10669  
"AK",1864,345,63000  
"AK",1864,360,342    
"AK",1864,361,5635   
"AK",1864,362,2535   
"AK",1864,363,4461   
"AK",1864,364,447    
"AK",1864,365,2875   
"AK",1864,366,7580   
"AK",1864,369,35666  
"AK",1864,390,500    
"AK",1864,391,5946   
"AK",1868,311,493746 
"AK",1868,316,4004   
"AK",1868,320,6500   
"AK",1868,336,21297  
"AK",1868,343,97341  
"AK",1868,345,177885 
"AK",1868,350,19432  
"AK",1868,351,9864   
"AK",1868,361,335068 
"AK",1868,362,57498  
"AK",1868,363,174783 
"AK",1868,364,72814  
"AK",1868,365,62030  
"AK",1868,366,26279  
"AK",1868,367,17126  
"AK",1868,369,149032 
"AK",1868,390,12925  
"AK",1868,391,17804  
"AK",1868,395,2368   
"AK",1868,398,15670  
"AK",1868,412,16485  
"AK",1868,414,15278  
"AK",1872,311,202201 
"AK",1872,313,61405  
"AK",1872,316,2018   
"AK",1872,320,896    
"AK",1872,323,16000  
"AK",1872,336,28104  
"AK",1872,341,65925  
"AK",1872,343,148581 
"AK",1872,345,19290  
"AK",1872,350,3225   
"AK",1872,351,49434  
"AK",1872,360,50000  
"AK",1872,361,533762 
"AK",1872,362,104974 
"AK",1872,363,245962 
"AK",1872,364,2214   
"AK",1872,365,192620 
"AK",1872,366,5618   
"AK",1872,367,17100  
"AK",1872,368,8779   
"AK",1872,369,314546 
"AK",1872,390,152125 
"AK",1872,391,20415  
"AK",1872,395,243507 
"AK",1872,398,38192  
"AK",1874,311,96145  
"AK",1874,313,26789  
"AK",1874,316,500    
"AK",1874,320,12277  
"AK",1874,323,34000  
"AK",1874,336,7761   
"AK",1874,341,7000   
"AK",1874,343,102734 
"AK",1874,345,100000 
"AK",1874,350,4022   
"AK",1874,351,43815  
"AK",1874,361,266387 
"AK",1874,362,156848 
"AK",1874,363,281976 
"AK",1874,364,5972   
"AK",1874,365,82824  
"AK",1874,366,325    
"AK",1874,368,3454   
"AK",1874,369,132500 
"AK",1874,390,6575   
"AK",1874,391,4627   
"AK",1874,395,400779 
"AK",1874,398,35120  
"AK",1874,399,15000  
"AK",1874,410,533    
"AK",1876,311,31258  
"AK",1876,313,19578  
"AK",1876,320,1377   
"AK",1876,323,29000  
"AK",1876,341,2838   
"AK",1876,343,530632 
"AK",1876,345,90941  
"AK",1876,351,28586  
"AK",1876,361,96888  
"AK",1876,362,63345  
"AK",1876,363,217810 
"AK",1876,365,37438  
"AK",1876,366,71     
"AK",1876,367,3453   
"AK",1876,368,1622   
"AK",1876,369,122415 
"AK",1876,390,3079   
"AK",1876,391,5010   
"AK",1876,395,1725   
"AK",1876,398,30000  
"AK",1876,399,4041   
"AK",1876,400,1100000
"AK",1876,414,3496   
"AK",1880,311,955588 
"AK",1880,313,32047  
"AK",1880,320,1097   
"AK",1880,323,150000 
"AK",1880,340,2016   
"AK",1880,341,2420   
"AK",1880,343,6244   
"AK",1880,345,18000  
"AK",1880,351,20387  
"AK",1880,356,3000   
"AK",1880,361,92579  
"AK",1880,362,53956  
"AK",1880,363,136972 
"AK",1880,364,73     
"AK",1880,365,30317  
"AK",1880,366,1609   
"AK",1880,367,6029   
"AK",1880,369,84198  
"AK",1880,390,100    
"AK",1880,391,12608  
"AK",1880,395,4959   
"AK",1880,398,30000  
"AK",1880,400,5400   
"AK",1880,414,118    
"AK",1884,311,179466 
"AK",1884,313,40660  
"AK",1884,323,266044 
"AK",1884,343,75522  
"AK",1884,351,25377  
"AK",1884,360,46787  
"AK",1884,361,103500 
"AK",1884,362,28361  
"AK",1884,363,143958 
"AK",1884,365,32930  
"AK",1884,367,41083  
"AK",1884,369,125874 
"AK",1886,311,155813 
"AK",1886,313,73290  
"AK",1886,323,219263 
"AK",1886,343,7320   
"AK",1886,350,20800  
"AK",1886,351,26696  
"AK",1886,360,126091 
"AK",1886,361,114064 
"AK",1886,362,28722  
"AK",1886,363,156587 
"AK",1886,365,30867  
"AK",1886,367,6838   
"AK",1886,369,39662  
"AK",1886,390,2583   
"AK",1886,410,600000 
"AK",1888,311,186150 
"AK",1888,313,55020  
"AK",1888,323,234610 
"AK",1888,340,1      
"AK",1888,343,17675  
"AK",1888,350,33000  
"AK",1888,351,55806  
"AK",1888,360,45057  
"AK",1888,361,115000 
"AK",1888,362,31092  
"AK",1888,363,167486 
"AK",1888,365,90112  
"AK",1888,367,6339   
"AK",1888,369,79080  
"AK",1888,390,4933   
"AK",1888,391,10727  
"AK",1888,410,466299 
"AK",1890,311,204183 
"AK",1890,313,65609  
"AK",1890,323,303513 
"AK",1890,343,26376  
"AK",1890,350,30396  
"AK",1890,351,46811  
"AK",1890,361,120000 
"AK",1890,362,140821 
"AK",1890,363,164798 
"AK",1890,365,125569 
"AK",1890,367,7003   
"AK",1890,369,10474  
"AK",1890,390,2200   
"AK",1890,398,9000   
"AK",1892,311,256358 
"AK",1892,313,35700  
"AK",1892,323,197192 
"AK",1892,325,10130  
"AK",1892,343,34400  
"AK",1892,351,26640  
"AK",1892,362,121460 
"AK",1892,363,139320 
"AK",1892,365,96650  
"AK",1892,367,5460   
"AK",1894,311,80651  
"AK",1894,313,71550  
"AK",1894,321,64020  
"AK",1894,323,207292 
"AK",1894,325,16750  
"AK",1894,343,89947  
"AK",1894,351,3400   
"AK",1894,361,100000 
"AK",1894,362,112310 
"AK",1894,363,136900 
"AK",1894,367,56004  
"AK",1894,369,73362  
"AK",1894,390,5024   
"AK",1894,395,665691 
"AK",1894,399,10000  
"AK",1896,311,87040  
"AK",1896,313,76150  
"AK",1896,321,61001  
"AK",1896,323,189720 
"AK",1896,325,24500  
"AK",1896,343,269896 
"AK",1896,350,3400   
"AK",1896,361,110000 
"AK",1896,362,113444 
"AK",1896,363,127600 
"AK",1896,367,46850  
"AK",1896,369,82500  
"AK",1896,390,5301   
"AK",1896,395,690269 
"AK",1898,311,97005  
"AK",1898,313,59930  
"AK",1898,321,83750  
"AK",1898,323,236492 
"AK",1898,325,23850  
"AK",1898,337,69471  
"AK",1898,343,302859 
"AK",1898,351,7000   
"AK",1898,361,105000 
"AK",1898,362,72056  
"AK",1898,363,128250 
"AK",1898,367,39950  
"AK",1898,369,88976  
"AK",1898,390,2730   
"AK",1898,395,933792 
"AK",1900,311,244136 
"AK",1900,313,68629  
"AK",1900,323,205736 
"AK",1900,325,30210  
"AK",1900,343,155898 
"AK",1900,350,6750   
"AK",1900,361,140000 
"AK",1900,362,80756  
"AK",1900,363,123000 
"AK",1900,367,39950  
"AK",1900,369,99647  
"AK",1900,390,2902   
"AK",1902,311,199219 
"AK",1902,313,67958  
"AK",1902,323,211456 
"AK",1902,325,33970  
"AK",1902,337,24705  
"AK",1902,343,18500  
"AK",1902,345,6378   
"AK",1902,361,143562 
"AK",1902,362,88356  
"AK",1902,363,173925 
"AK",1902,367,325083 
"AK",1902,369,117282 
"AK",1902,395,1107367
"AK",1902,399,72192  
"AK",1904,311,224783 
"AK",1904,313,205629 
"AK",1904,322,346958 
"AK",1904,325,54250  
"AK",1904,337,24600  
"AK",1904,341,24623  
"AK",1904,343,237380 
"AK",1904,361,140000 
"AK",1904,362,85781  
"AK",1904,363,199200 
"AK",1904,367,280875 
"AK",1904,369,152664 
"AK",1904,395,1280580
"AK",1906,311,205331 
"AK",1906,313,190040 
"AK",1906,322,380504 
"AK",1906,325,53035  
"AK",1906,337,25187  
"AK",1906,341,20320  
"AK",1906,343,336360 
"AK",1906,361,125000 
"AK",1906,362,103367 
"AK",1906,363,179838 
"AK",1906,367,346388 
"AK",1906,369,228295 
"AK",1906,395,1695957
"AK",1908,311,415780 
"AK",1908,313,183510 
"AK",1908,322,472507 
"AK",1908,325,64860  
"AK",1908,337,23998  
"AK",1908,341,14700  
"AK",1908,343,378118 
"AK",1908,361,200000 
"AK",1908,362,106915 
"AK",1908,363,252800 
"AK",1908,367,164184 
"AK",1908,369,119388 
"AK",1908,390,24999  
"AK",1908,395,3693433
