"VT",1793,3,7364     
"VT",1794,3,14551    
"VT",1796,3,6425     
"VT",1797,3,45312    
"VT",1798,3,45316    
"VT",1799,3,36767    
"VT",1802,3,36107    
"VT",1803,3,38347    
"VT",1804,3,38299    
"VT",1805,3,38125    
"VT",1806,3,43829    
"VT",1807,3,46520    
"VT",1808,3,81626    
"VT",1809,3,56512    
"VT",1810,3,58641    
"VT",1811,3,50389    
"VT",1812,3,53414    
"VT",1813,3,93123    
"VT",1814,3,124320   
"VT",1815,3,93207    
"VT",1816,3,86319    
"VT",1817,3,40227    
"VT",1818,3,49512    
"VT",1819,3,49436    
"VT",1820,3,55676    
"VT",1821,3,53293    
"VT",1822,3,51104    
"VT",1823,3,48422    
"VT",1824,3,52356    
"VT",1825,3,55824    
"VT",1826,3,58891    
"VT",1827,3,53720    
"VT",1828,3,66945    
"VT",1829,3,59417    
"VT",1830,3,59081    
"VT",1831,3,76997    
"VT",1832,3,70380    
"VT",1833,3,83240    
"VT",1834,3,90200    
"VT",1835,3,119956   
"VT",1836,3,107639   
"VT",1837,3,761406   
"VT",1838,3,83475    
"VT",1839,3,84886    
"VT",1840,3,89940    
"VT",1841,3,84090    
"VT",1842,3,131299   
"VT",1843,3,150013   
"VT",1844,3,107482   
"VT",1845,3,110282   
"VT",1846,3,111238   
"VT",1847,3,104975   
"VT",1848,3,107808   
"VT",1849,3,117662   
"VT",1850,3,126340   
"VT",1851,3,168434   
"VT",1852,3,185750   
"VT",1853,3,132356   
"VT",1854,3,133080   
"VT",1855,3,156472   
"VT",1856,3,151878   
"VT",1857,3,192264   
"VT",1858,3,284581   
"VT",1859,3,179163   
"VT",1860,3,240590   
"VT",1861,3,220211   
"VT",1862,3,1440785  
"VT",1863,3,1920802  
"VT",1864,3,1904769  
"VT",1865,3,2009268  
"VT",1867,3,785012   
"VT",1871,3,1064178  
"VT",1872,3,534760   
"VT",1873,3,526411   
"VT",1874,3,397189   
"VT",1875,3,510232   
"VT",1876,3,381257   
"VT",1877,3,570683   
"VT",1878,3,380532   
"VT",1879,3,619329   
"VT",1880,3,440954   
"VT",1881,3,473420   
"VT",1882,3,458507   
"VT",1883,3,532673   
"VT",1884,3,420935   
"VT",1885,3,666613   
"VT",1886,3,380647   
"VT",1887,3,566297   
"VT",1888,3,643346   
"VT",1889,3,659277   
"VT",1890,3,700800   
"VT",1891,3,963947   
"VT",1892,3,1094962  
"VT",1893,3,715408   
"VT",1894,3,854298   
"VT",1895,3,936145   
"VT",1896,3,1186909  
"VT",1897,3,1275717  
"VT",1898,3,1250207  
"VT",1899,3,1280290  
"VT",1900,3,1358737  
"VT",1901,3,969478   
"VT",1902,3,864851   
"VT",1903,3,1073804  
"VT",1904,3,1014352  
"VT",1905,3,1107762  
"VT",1906,3,1131214  
"VT",1907,3,1247575  
"VT",1908,3,1277466  
"VT",1909,3,1666026  
"VT",1910,3,1593301  
"VT",1911,3,1823779  
"VT",1912,3,2001617  
"VT",1913,3,2341368  
"VT",1914,3,2415787  
"VT",1915,3,2723895  
"VT",1916,3,2527614  
"VT",1917,3,3357607  
"VT",1918,3,3517586  
"VT",1919,3,3863382  
"VT",1920,3,4081941  
"VT",1921,3,4674125  
"VT",1922,3,5179853  
                     
"VT",1793,36,4205    
"VT",1793,41,3159    
"VT",1794,36,11477   
"VT",1794,41,3074    
"VT",1796,36,4380    
"VT",1796,41,2045    
"VT",1797,36,22195   
"VT",1797,41,23117   
"VT",1798,36,22198   
"VT",1798,41,23118   
"VT",1799,36,23598   
"VT",1799,40,34      
"VT",1799,41,13135   
"VT",1802,35,850     
"VT",1802,36,20292   
"VT",1802,41,14965   
"VT",1803,35,440     
"VT",1803,36,23142   
"VT",1803,41,14765   
"VT",1804,35,510     
"VT",1804,36,27445   
"VT",1804,40,81      
"VT",1804,41,10263   
"VT",1805,35,380     
"VT",1805,36,22182   
"VT",1805,40,87      
"VT",1805,41,15476   
"VT",1806,35,650     
"VT",1806,36,22113   
"VT",1806,41,21066   
"VT",1807,35,423     
"VT",1807,36,28928   
"VT",1807,41,17169   
"VT",1808,34,11625   
"VT",1808,35,396     
"VT",1808,36,31291   
"VT",1808,41,38314   
"VT",1809,34,18610   
"VT",1809,35,720     
"VT",1809,36,37182   
"VT",1810,34,14223   
"VT",1810,35,600     
"VT",1810,36,26412   
"VT",1810,41,17406   
"VT",1811,34,9390    
"VT",1811,35,340     
"VT",1811,36,23384   
"VT",1811,41,17275   
"VT",1812,34,8432    
"VT",1812,35,80      
"VT",1812,36,24351   
"VT",1812,41,20551   
"VT",1813,34,6801    
"VT",1813,35,120     
"VT",1813,36,26886   
"VT",1813,39,2792    
"VT",1813,40,36      
"VT",1813,41,56488   
"VT",1814,34,30478   
"VT",1814,35,380     
"VT",1814,36,36910   
"VT",1814,41,56552   
"VT",1815,34,8783    
"VT",1815,35,140     
"VT",1815,36,27314   
"VT",1815,41,56970   
"VT",1816,34,7874    
"VT",1816,35,110     
"VT",1816,36,33852   
"VT",1816,41,44483   
"VT",1817,34,6038    
"VT",1817,35,70      
"VT",1817,36,29694   
"VT",1817,40,84      
"VT",1817,41,4341    
"VT",1818,34,4780    
"VT",1818,35,40      
"VT",1818,36,36508   
"VT",1818,40,85      
"VT",1818,41,8099    
"VT",1819,34,5220    
"VT",1819,35,462     
"VT",1819,36,35100   
"VT",1819,40,73      
"VT",1819,41,8581    
"VT",1820,34,5000    
"VT",1820,35,40      
"VT",1820,36,40049   
"VT",1820,40,17      
"VT",1820,41,10570   
"VT",1821,34,3907    
"VT",1821,35,180     
"VT",1821,36,39263   
"VT",1821,40,33      
"VT",1821,41,9910    
"VT",1822,34,5068    
"VT",1822,35,140     
"VT",1822,36,37587   
"VT",1822,40,15      
"VT",1822,41,8294    
"VT",1823,34,3255    
"VT",1823,35,180     
"VT",1823,36,32288   
"VT",1823,40,2       
"VT",1823,41,12697   
"VT",1824,34,4255    
"VT",1824,35,120     
"VT",1824,36,31948   
"VT",1824,41,16033   
"VT",1825,34,2971    
"VT",1825,35,20      
"VT",1825,36,34957   
"VT",1825,39,150     
"VT",1825,41,17726   
"VT",1826,32,1200    
"VT",1826,34,3973    
"VT",1826,35,60      
"VT",1826,36,43507   
"VT",1826,39,3090    
"VT",1826,41,7061    
"VT",1827,32,2800    
"VT",1827,33,25      
"VT",1827,35,200     
"VT",1827,36,40192   
"VT",1827,39,5233    
"VT",1827,40,104     
"VT",1827,41,5166    
"VT",1828,32,2100    
"VT",1828,33,48      
"VT",1828,34,857     
"VT",1828,35,360     
"VT",1828,36,47248   
"VT",1828,39,8017    
"VT",1828,41,8315    
"VT",1829,32,2400    
"VT",1829,34,2205    
"VT",1829,35,260     
"VT",1829,36,38682   
"VT",1829,39,8060    
"VT",1829,41,7810    
"VT",1830,32,1200    
"VT",1830,34,4064    
"VT",1830,35,280     
"VT",1830,36,44222   
"VT",1830,39,5221    
"VT",1830,41,4094    
"VT",1831,32,2550    
"VT",1831,34,5936    
"VT",1831,35,240     
"VT",1831,36,44492   
"VT",1831,39,9586    
"VT",1831,41,14193   
"VT",1832,32,2000    
"VT",1832,34,5000    
"VT",1832,35,324     
"VT",1832,36,40748   
"VT",1832,39,6750    
"VT",1832,41,15558   
"VT",1833,32,2439    
"VT",1833,34,4939    
"VT",1833,35,1611    
"VT",1833,36,57425   
"VT",1833,39,11686   
"VT",1833,41,5140    
"VT",1834,32,999     
"VT",1834,34,5000    
"VT",1834,35,2324    
"VT",1834,36,69444   
"VT",1834,39,8076    
"VT",1834,40,30      
"VT",1834,41,4327    
"VT",1835,32,2064    
"VT",1835,34,4747    
"VT",1835,35,3960    
"VT",1835,36,80179   
"VT",1835,39,6284    
"VT",1835,41,22722   
"VT",1836,32,2011    
"VT",1836,34,4224    
"VT",1836,35,4259    
"VT",1836,36,86783   
"VT",1836,39,2682    
"VT",1836,40,7       
"VT",1836,41,7673    
"VT",1837,32,5378    
"VT",1837,33,3000    
"VT",1837,34,2150    
"VT",1837,35,2501    
"VT",1837,36,84537   
"VT",1837,39,656588  
"VT",1837,40,11      
"VT",1837,41,7241    
"VT",1838,32,8847    
"VT",1838,34,3268    
"VT",1838,35,2103    
"VT",1838,36,57441   
"VT",1838,39,2611    
"VT",1838,40,2106    
"VT",1838,41,7099    
"VT",1839,32,5416    
"VT",1839,34,11743   
"VT",1839,35,2020    
"VT",1839,36,57396   
"VT",1839,39,161     
"VT",1839,40,1908    
"VT",1839,41,6242    
"VT",1840,32,5097    
"VT",1840,34,8132    
"VT",1840,35,2201    
"VT",1840,36,67202   
"VT",1840,40,2308    
"VT",1840,41,5000    
"VT",1841,32,5028    
"VT",1841,34,5670    
"VT",1841,35,3616    
"VT",1841,36,54593   
"VT",1841,39,14      
"VT",1841,40,1835    
"VT",1841,41,13334   
"VT",1842,32,2908    
"VT",1842,34,907     
"VT",1842,35,4330    
"VT",1842,36,70405   
"VT",1842,39,36049   
"VT",1842,40,2008    
"VT",1842,41,14692   
"VT",1843,32,6840    
"VT",1843,34,18492   
"VT",1843,35,2496    
"VT",1843,36,79937   
"VT",1843,39,2053    
"VT",1843,40,9572    
"VT",1843,41,30623   
"VT",1844,32,6950    
"VT",1844,34,1652    
"VT",1844,35,2855    
"VT",1844,36,63308   
"VT",1844,40,3405    
"VT",1844,41,29312   
"VT",1845,32,7413    
"VT",1845,34,1112    
"VT",1845,35,2925    
"VT",1845,36,66159   
"VT",1845,40,2791    
"VT",1845,41,29882   
"VT",1846,31,419     
"VT",1846,32,7217    
"VT",1846,34,11792   
"VT",1846,35,3544    
"VT",1846,36,61125   
"VT",1846,40,2940    
"VT",1846,41,24201   
"VT",1847,31,2888    
"VT",1847,32,9716    
"VT",1847,34,11894   
"VT",1847,35,4917    
"VT",1847,36,65509   
"VT",1847,39,915     
"VT",1847,40,3025    
"VT",1847,41,6111    
"VT",1848,31,2317    
"VT",1848,32,8016    
"VT",1848,34,987     
"VT",1848,35,2687    
"VT",1848,36,71909   
"VT",1848,39,14490   
"VT",1848,40,3743    
"VT",1848,41,3659    
"VT",1849,32,7793    
"VT",1849,34,931     
"VT",1849,35,1985    
"VT",1849,36,89353   
"VT",1849,39,410     
"VT",1849,40,3060    
"VT",1849,41,14130   
"VT",1850,31,338     
"VT",1850,32,6969    
"VT",1850,34,3722    
"VT",1850,35,2130    
"VT",1850,36,99016   
"VT",1850,40,2854    
"VT",1850,41,11311   
"VT",1851,31,1459    
"VT",1851,32,7268    
"VT",1851,34,13430   
"VT",1851,35,1830    
"VT",1851,36,94053   
"VT",1851,40,4881    
"VT",1851,41,45513   
"VT",1852,31,520     
"VT",1852,32,7814    
"VT",1852,34,1368    
"VT",1852,35,2059    
"VT",1852,36,107389  
"VT",1852,39,43360   
"VT",1852,40,5224    
"VT",1852,41,18016   
"VT",1853,31,996     
"VT",1853,32,7258    
"VT",1853,34,5092    
"VT",1853,35,1745    
"VT",1853,36,99220   
"VT",1853,39,148     
"VT",1853,40,5158    
"VT",1853,41,12739   
"VT",1854,31,60      
"VT",1854,32,6440    
"VT",1854,34,35      
"VT",1854,35,545     
"VT",1854,36,104504  
"VT",1854,39,667     
"VT",1854,40,3161    
"VT",1854,41,17668   
"VT",1855,31,70      
"VT",1855,32,8240    
"VT",1855,34,5723    
"VT",1855,35,2121    
"VT",1855,36,118280  
"VT",1855,39,298     
"VT",1855,40,3815    
"VT",1855,41,17925   
"VT",1856,32,7838    
"VT",1856,34,53      
"VT",1856,35,1838    
"VT",1856,36,126658  
"VT",1856,40,3260    
"VT",1856,41,12231   
"VT",1857,31,355     
"VT",1857,32,8100    
"VT",1857,34,4262    
"VT",1857,35,2169    
"VT",1857,36,162673  
"VT",1857,39,55      
"VT",1857,40,5150    
"VT",1857,41,9500    
"VT",1858,31,2730    
"VT",1858,32,8291    
"VT",1858,34,1048    
"VT",1858,35,2561    
"VT",1858,36,192230  
"VT",1858,39,630     
"VT",1858,40,9913    
"VT",1858,41,67178   
"VT",1859,31,3090    
"VT",1859,32,10619   
"VT",1859,34,2361    
"VT",1859,35,2346    
"VT",1859,36,149256  
"VT",1859,40,10806   
"VT",1859,41,685     
"VT",1860,31,7630    
"VT",1860,32,12474   
"VT",1860,34,7202    
"VT",1860,35,2407    
"VT",1860,36,154176  
"VT",1860,39,3474    
"VT",1860,40,15896   
"VT",1860,41,37331   
"VT",1861,31,3051    
"VT",1861,34,27319   
"VT",1861,35,2061    
"VT",1861,36,87137   
"VT",1861,39,48700   
"VT",1861,40,15426   
"VT",1861,41,36517   
"VT",1862,32,7462    
"VT",1862,34,973321  
"VT",1862,36,163999  
"VT",1862,39,523     
"VT",1862,40,56230   
"VT",1862,41,239250  
"VT",1863,31,3032    
"VT",1863,32,10227   
"VT",1863,34,1369890 
"VT",1863,35,170     
"VT",1863,36,165122  
"VT",1863,39,2758    
"VT",1863,40,89669   
"VT",1863,41,279934  
"VT",1864,31,3593    
"VT",1864,32,7375    
"VT",1864,34,1186408 
"VT",1864,35,250     
"VT",1864,36,162429  
"VT",1864,39,80      
"VT",1864,40,108215  
"VT",1864,41,436419  
"VT",1865,31,4388    
"VT",1865,32,10030   
"VT",1865,34,1343491 
"VT",1865,35,360     
"VT",1865,36,423610  
"VT",1865,39,3165    
"VT",1865,40,140477  
"VT",1865,41,83747   
"VT",1867,34,9418    
"VT",1867,35,8142    
"VT",1867,36,257002  
"VT",1867,40,111887  
"VT",1867,41,398563  
"VT",1871,34,2502    
"VT",1871,36,340085  
"VT",1871,39,9959    
"VT",1871,40,60595   
"VT",1871,41,651037  
"VT",1872,34,2745    
"VT",1872,36,295217  
"VT",1872,39,62686   
"VT",1872,40,34344   
"VT",1872,41,139768  
"VT",1873,34,5697    
"VT",1873,36,388238  
"VT",1873,39,874     
"VT",1873,40,32374   
"VT",1873,41,99228   
"VT",1874,34,3373    
"VT",1874,36,282823  
"VT",1874,39,168     
"VT",1874,40,27472   
"VT",1874,41,83353   
"VT",1875,31,22038   
"VT",1875,32,26711   
"VT",1875,34,76385   
"VT",1875,35,3385    
"VT",1875,36,213057  
"VT",1875,39,77915   
"VT",1875,40,20859   
"VT",1875,41,69882   
"VT",1876,34,880     
"VT",1876,36,318463  
"VT",1876,39,52      
"VT",1876,40,19017   
"VT",1876,41,42845   
"VT",1877,34,202     
"VT",1877,36,453998  
"VT",1877,39,712     
"VT",1877,40,14965   
"VT",1877,41,100806  
"VT",1878,34,155     
"VT",1878,36,351200  
"VT",1878,40,10818   
"VT",1878,41,18359   
"VT",1879,34,650     
"VT",1879,36,439980  
"VT",1879,40,11212   
"VT",1879,41,167487  
"VT",1880,34,505     
"VT",1880,36,328992  
"VT",1880,39,90      
"VT",1880,40,9890    
"VT",1880,41,101477  
"VT",1881,31,19610   
"VT",1881,32,42384   
"VT",1881,34,73216   
"VT",1881,35,11328   
"VT",1881,36,191830  
"VT",1881,39,97816   
"VT",1881,40,8770    
"VT",1881,41,28466   
"VT",1882,31,9923    
"VT",1882,32,45411   
"VT",1882,34,95589   
"VT",1882,35,11907   
"VT",1882,36,116412  
"VT",1882,39,46559   
"VT",1882,40,9941    
"VT",1882,41,122765  
"VT",1883,31,9520    
"VT",1883,32,42202   
"VT",1883,33,7000    
"VT",1883,34,71659   
"VT",1883,35,13289   
"VT",1883,36,182925  
"VT",1883,39,43221   
"VT",1883,40,10437   
"VT",1883,41,152420  
"VT",1884,31,10028   
"VT",1884,32,41055   
"VT",1884,34,57401   
"VT",1884,35,11743   
"VT",1884,36,108798  
"VT",1884,39,49964   
"VT",1884,40,11685   
"VT",1884,41,130261  
"VT",1885,34,225     
"VT",1885,36,379400  
"VT",1885,39,600     
"VT",1885,40,11078   
"VT",1885,41,275310  
"VT",1886,34,21      
"VT",1886,36,311632  
"VT",1886,39,14030   
"VT",1886,40,18964   
"VT",1886,41,36000   
"VT",1887,31,35583   
"VT",1887,32,54527   
"VT",1887,33,25663   
"VT",1887,34,70672   
"VT",1887,35,20181   
"VT",1887,36,196198  
"VT",1887,38,210     
"VT",1887,39,91037   
"VT",1887,40,20981   
"VT",1887,41,51245   
"VT",1888,31,16734   
"VT",1888,32,63642   
"VT",1888,33,31289   
"VT",1888,34,73784   
"VT",1888,35,18065   
"VT",1888,36,127623  
"VT",1888,38,120     
"VT",1888,39,62377   
"VT",1888,40,23577   
"VT",1888,41,226135  
"VT",1889,31,21277   
"VT",1889,32,110254  
"VT",1889,33,15092   
"VT",1889,34,83074   
"VT",1889,35,24359   
"VT",1889,36,207059  
"VT",1889,38,120     
"VT",1889,39,59947   
"VT",1889,40,22577   
"VT",1889,41,115518  
"VT",1890,31,42415   
"VT",1890,32,105495  
"VT",1890,33,12637   
"VT",1890,34,61102   
"VT",1890,35,20384   
"VT",1890,36,140564  
"VT",1890,38,210     
"VT",1890,39,74248   
"VT",1890,40,24855   
"VT",1890,41,218890  
"VT",1891,31,66634   
"VT",1891,32,188230  
"VT",1891,33,16596   
"VT",1891,34,66420   
"VT",1891,35,16584   
"VT",1891,36,228815  
"VT",1891,38,210     
"VT",1891,39,134646  
"VT",1891,40,25339   
"VT",1891,41,220473  
"VT",1892,31,134162  
"VT",1892,32,158771  
"VT",1892,33,12745   
"VT",1892,34,72767   
"VT",1892,35,18233   
"VT",1892,36,162069  
"VT",1892,38,270     
"VT",1892,39,108296  
"VT",1892,40,27259   
"VT",1892,41,400390  
"VT",1893,31,130433  
"VT",1893,32,113985  
"VT",1893,33,22091   
"VT",1893,34,66772   
"VT",1893,35,29360   
"VT",1893,36,223004  
"VT",1893,38,210     
"VT",1893,39,92510   
"VT",1893,40,21798   
"VT",1893,41,15245   
"VT",1894,31,142654  
"VT",1894,32,158632  
"VT",1894,33,92842   
"VT",1894,34,72256   
"VT",1894,35,16728   
"VT",1894,36,153631  
"VT",1894,38,240     
"VT",1894,39,106708  
"VT",1894,40,22857   
"VT",1894,41,87750   
"VT",1895,31,143744  
"VT",1895,32,163964  
"VT",1895,33,92500   
"VT",1895,34,84325   
"VT",1895,35,25618   
"VT",1895,36,254098  
"VT",1895,38,240     
"VT",1895,39,99405   
"VT",1895,40,22086   
"VT",1895,41,50165   
"VT",1896,31,145673  
"VT",1896,32,269306  
"VT",1896,33,93532   
"VT",1896,34,88219   
"VT",1896,35,41749   
"VT",1896,36,194095  
"VT",1896,38,240     
"VT",1896,39,103819  
"VT",1896,40,25276   
"VT",1896,41,225000  
"VT",1897,31,142931  
"VT",1897,32,183520  
"VT",1897,33,90169   
"VT",1897,34,94682   
"VT",1897,35,32655   
"VT",1897,36,262948  
"VT",1897,38,240     
"VT",1897,39,110698  
"VT",1897,40,27874   
"VT",1897,41,330000  
"VT",1898,31,143261  
"VT",1898,32,167968  
"VT",1898,33,89368   
"VT",1898,34,111927  
"VT",1898,35,42701   
"VT",1898,36,203060  
"VT",1898,38,240     
"VT",1898,39,109931  
"VT",1898,40,31751   
"VT",1898,41,350000  
"VT",1899,31,172674  
"VT",1899,32,164529  
"VT",1899,33,87196   
"VT",1899,34,113447  
"VT",1899,35,18050   
"VT",1899,36,339868  
"VT",1899,38,240     
"VT",1899,39,28252   
"VT",1899,40,31034   
"VT",1899,41,325000  
"VT",1900,31,173961  
"VT",1900,32,154187  
"VT",1900,33,86871   
"VT",1900,34,52056   
"VT",1900,35,21142   
"VT",1900,36,210609  
"VT",1900,38,240     
"VT",1900,39,104515  
"VT",1900,40,35156   
"VT",1900,41,520000  
"VT",1901,31,150136  
"VT",1901,32,198825  
"VT",1901,33,89939   
"VT",1901,34,69391   
"VT",1901,35,61174   
"VT",1901,36,371940  
"VT",1901,38,240     
"VT",1901,39,2408    
"VT",1901,40,24727   
"VT",1901,41,698     
"VT",1902,31,146841  
"VT",1902,32,209742  
"VT",1902,33,88471   
"VT",1902,34,70771   
"VT",1902,35,62498   
"VT",1902,36,257122  
"VT",1902,38,240     
"VT",1902,39,204     
"VT",1902,40,27724   
"VT",1902,41,1238    
"VT",1903,31,211085  
"VT",1903,32,208422  
"VT",1903,33,89265   
"VT",1903,34,71024   
"VT",1903,35,65315   
"VT",1903,36,402725  
"VT",1903,38,240     
"VT",1903,39,1327    
"VT",1903,40,22681   
"VT",1903,41,1720    
"VT",1904,31,209324  
"VT",1904,32,202176  
"VT",1904,33,92427   
"VT",1904,34,89072   
"VT",1904,35,78885   
"VT",1904,36,318522  
"VT",1904,38,240     
"VT",1904,39,2155    
"VT",1904,40,21026   
"VT",1904,41,525     
"VT",1905,31,223046  
"VT",1905,32,207335  
"VT",1905,33,130372  
"VT",1905,34,76394   
"VT",1905,35,76761   
"VT",1905,36,370440  
"VT",1905,38,240     
"VT",1905,39,72      
"VT",1905,40,21574   
"VT",1905,41,1528    
"VT",1906,31,239666  
"VT",1906,32,201752  
"VT",1906,33,114984  
"VT",1906,34,85337   
"VT",1906,35,90468   
"VT",1906,36,368855  
"VT",1906,38,240     
"VT",1906,39,2156    
"VT",1906,40,27756   
"VT",1907,31,251234  
"VT",1907,32,200534  
"VT",1907,33,99310   
"VT",1907,34,82529   
"VT",1907,35,72146   
"VT",1907,36,499103  
"VT",1907,38,540     
"VT",1907,39,14750   
"VT",1907,40,25508   
"VT",1907,41,1921    
"VT",1908,31,270627  
"VT",1908,32,217096  
"VT",1908,33,152855  
"VT",1908,34,85673   
"VT",1908,35,109203  
"VT",1908,36,410741  
"VT",1908,38,440     
"VT",1908,39,4136    
"VT",1908,40,23939   
"VT",1908,41,2756    
"VT",1909,31,382034  
"VT",1909,32,219360  
"VT",1909,33,198933  
"VT",1909,34,91829   
"VT",1909,35,162922  
"VT",1909,36,572607  
"VT",1909,38,440     
"VT",1909,39,13407   
"VT",1909,40,22684   
"VT",1909,41,1810    
"VT",1910,31,415344  
"VT",1910,32,226046  
"VT",1910,33,260641  
"VT",1910,34,95343   
"VT",1910,35,126076  
"VT",1910,36,439925  
"VT",1910,38,440     
"VT",1910,39,3783    
"VT",1910,40,23264   
"VT",1910,41,2439    
"VT",1911,31,426198  
"VT",1911,32,224409  
"VT",1911,33,275921  
"VT",1911,34,108995  
"VT",1911,35,132511  
"VT",1911,36,616849  
"VT",1911,38,440     
"VT",1911,39,2570    
"VT",1911,40,24911   
"VT",1911,41,10975   
"VT",1912,31,502923  
"VT",1912,32,238873  
"VT",1912,33,401760  
"VT",1912,34,110175  
"VT",1912,35,192260  
"VT",1912,36,513674  
"VT",1912,38,440     
"VT",1912,39,14280   
"VT",1912,40,23643   
"VT",1912,41,3589    
"VT",1913,31,600406  
"VT",1913,32,237663  
"VT",1913,33,399297  
"VT",1913,34,194927  
"VT",1913,35,104239  
"VT",1913,36,769041  
"VT",1913,38,440     
"VT",1913,39,4676    
"VT",1913,40,30679   
"VT",1914,31,635027  
"VT",1914,32,284801  
"VT",1914,33,519726  
"VT",1914,34,243060  
"VT",1914,35,129109  
"VT",1914,36,549868  
"VT",1914,38,440     
"VT",1914,39,15732   
"VT",1914,40,38024   
"VT",1915,31,622134  
"VT",1915,32,308794  
"VT",1915,33,593327  
"VT",1915,34,318434  
"VT",1915,35,136255  
"VT",1915,36,709847  
"VT",1915,38,433     
"VT",1915,39,3455    
"VT",1915,40,31216   
"VT",1916,31,610712  
"VT",1916,32,328353  
"VT",1916,33,546498  
"VT",1916,34,256613  
"VT",1916,35,142393  
"VT",1916,36,598535  
"VT",1916,38,320     
"VT",1916,39,5321    
"VT",1916,40,38869   
"VT",1917,31,767697  
"VT",1917,32,385921  
"VT",1917,33,689108  
"VT",1917,34,409857  
"VT",1917,35,153038  
"VT",1917,36,894151  
"VT",1917,38,320     
"VT",1917,39,17050   
"VT",1917,40,40465   
"VT",1918,31,707193  
"VT",1918,32,411929  
"VT",1918,33,825515  
"VT",1918,34,725741  
"VT",1918,35,201394  
"VT",1918,36,606627  
"VT",1918,38,320     
"VT",1918,39,1442    
"VT",1918,40,37425   
"VT",1919,31,827821  
"VT",1919,32,431508  
"VT",1919,33,801575  
"VT",1919,34,807944  
"VT",1919,35,178056  
"VT",1919,36,771493  
"VT",1919,38,320     
"VT",1919,39,1863    
"VT",1919,40,42802   
"VT",1920,31,870977  
"VT",1920,32,555507  
"VT",1920,33,1070723 
"VT",1920,34,616100  
"VT",1920,35,234183  
"VT",1920,36,633720  
"VT",1920,38,320     
"VT",1920,39,5300    
"VT",1920,40,95111   
"VT",1921,31,922781  
"VT",1921,32,685891  
"VT",1921,33,1394860 
"VT",1921,34,394976  
"VT",1921,35,279562  
"VT",1921,36,844300  
"VT",1921,38,320     
"VT",1921,39,2447    
"VT",1921,40,98988   
"VT",1921,41,50000   
"VT",1922,31,949477  
"VT",1922,32,839155  
"VT",1922,33,1749516 
"VT",1922,34,420799  
"VT",1922,35,341776  
"VT",1922,36,696633  
"VT",1922,38,320     
"VT",1922,39,10552   
"VT",1922,40,96625   
"VT",1922,41,75000   
                     
"VT",1793,360,4205   
"VT",1793,413,1530   
"VT",1793,414,1629   
"VT",1794,360,270    
"VT",1794,361,1595   
"VT",1794,362,1825   
"VT",1794,363,454    
"VT",1794,369,7333   
"VT",1794,413,1366   
"VT",1794,414,1708   
"VT",1796,360,2455   
"VT",1796,362,1925   
"VT",1796,413,1090   
"VT",1796,414,955    
"VT",1797,360,900    
"VT",1797,361,11397  
"VT",1797,362,7799   
"VT",1797,363,2099   
"VT",1797,413,16092  
"VT",1797,414,7025   
"VT",1798,360,900    
"VT",1798,361,11400  
"VT",1798,362,7799   
"VT",1798,363,2099   
"VT",1798,413,16093  
"VT",1798,414,7025   
"VT",1799,360,7184   
"VT",1799,361,9703   
"VT",1799,363,1913   
"VT",1799,369,4798   
"VT",1799,400,34     
"VT",1799,413,600    
"VT",1799,414,12535  
"VT",1802,351,850    
"VT",1802,360,950    
"VT",1802,361,11326  
"VT",1802,362,1745   
"VT",1802,363,6271   
"VT",1802,414,14965  
"VT",1803,351,440    
"VT",1803,360,1141   
"VT",1803,361,12871  
"VT",1803,362,2240   
"VT",1803,363,6890   
"VT",1803,414,14765  
"VT",1804,351,510    
"VT",1804,360,1390   
"VT",1804,361,18317  
"VT",1804,362,1730   
"VT",1804,363,6008   
"VT",1804,400,81     
"VT",1804,414,10263  
"VT",1805,351,380    
"VT",1805,360,939    
"VT",1805,361,14690  
"VT",1805,363,6496   
"VT",1805,364,57     
"VT",1805,400,87     
"VT",1805,414,15476  
"VT",1806,351,650    
"VT",1806,360,946    
"VT",1806,361,12868  
"VT",1806,362,2741   
"VT",1806,363,5512   
"VT",1806,364,46     
"VT",1806,414,21066  
"VT",1807,351,423    
"VT",1807,360,1481   
"VT",1807,361,15213  
"VT",1807,362,3722   
"VT",1807,363,8512   
"VT",1807,414,17169  
"VT",1808,343,11625  
"VT",1808,351,396    
"VT",1808,360,1234   
"VT",1808,361,14441  
"VT",1808,362,3963   
"VT",1808,363,11653  
"VT",1808,414,38314  
"VT",1809,343,18175  
"VT",1809,345,435    
"VT",1809,351,720    
"VT",1809,360,600    
"VT",1809,361,19855  
"VT",1809,362,3696   
"VT",1809,363,12592  
"VT",1809,364,66     
"VT",1809,367,373    
"VT",1810,343,13983  
"VT",1810,345,240    
"VT",1810,351,600    
"VT",1810,360,650    
"VT",1810,361,11514  
"VT",1810,362,2931   
"VT",1810,363,11102  
"VT",1810,367,215    
"VT",1810,414,17406  
"VT",1811,343,8573   
"VT",1811,345,817    
"VT",1811,351,340    
"VT",1811,360,1000   
"VT",1811,361,11332  
"VT",1811,362,2599   
"VT",1811,363,8453   
"VT",1811,414,17275  
"VT",1812,343,7977   
"VT",1812,345,455    
"VT",1812,351,80     
"VT",1812,360,1280   
"VT",1812,361,10651  
"VT",1812,362,4013   
"VT",1812,363,8407   
"VT",1812,414,20551  
"VT",1813,343,5000   
"VT",1813,345,1801   
"VT",1813,351,120    
"VT",1813,360,1020   
"VT",1813,361,13057  
"VT",1813,362,3383   
"VT",1813,363,8745   
"VT",1813,364,87     
"VT",1813,365,594    
"VT",1813,395,2792   
"VT",1813,400,36     
"VT",1813,414,54564  
"VT",1813,415,1924   
"VT",1814,343,2783   
"VT",1814,345,27695  
"VT",1814,351,380    
"VT",1814,360,1300   
"VT",1814,361,19609  
"VT",1814,362,4678   
"VT",1814,363,11323  
"VT",1814,413,373    
"VT",1814,414,56179  
"VT",1815,343,3396   
"VT",1815,345,5387   
"VT",1815,351,140    
"VT",1815,360,1150   
"VT",1815,361,14413  
"VT",1815,362,1838   
"VT",1815,363,9913   
"VT",1815,413,10     
"VT",1815,414,56960  
"VT",1816,343,5812   
"VT",1816,345,2062   
"VT",1816,351,110    
"VT",1816,360,400    
"VT",1816,361,16666  
"VT",1816,362,5698   
"VT",1816,363,11088  
"VT",1816,413,34     
"VT",1816,414,3400   
"VT",1816,415,41049  
"VT",1817,343,6038   
"VT",1817,351,70     
"VT",1817,360,870    
"VT",1817,361,13084  
"VT",1817,362,4358   
"VT",1817,363,11282  
"VT",1817,364,100    
"VT",1817,400,84     
"VT",1817,414,4341   
"VT",1818,343,4780   
"VT",1818,351,40     
"VT",1818,360,1690   
"VT",1818,361,15655  
"VT",1818,362,5185   
"VT",1818,363,13978  
"VT",1818,400,85     
"VT",1818,414,8099   
"VT",1819,343,5220   
"VT",1819,351,60     
"VT",1819,355,402    
"VT",1819,360,290    
"VT",1819,361,16557  
"VT",1819,362,6225   
"VT",1819,363,12028  
"VT",1819,400,73     
"VT",1819,414,8581   
"VT",1820,343,5000   
"VT",1820,351,40     
"VT",1820,360,1200   
"VT",1820,361,16018  
"VT",1820,362,6599   
"VT",1820,363,16232  
"VT",1820,400,17     
"VT",1820,414,10570  
"VT",1821,343,3907   
"VT",1821,351,180    
"VT",1821,360,1350   
"VT",1821,361,15897  
"VT",1821,362,6956   
"VT",1821,363,15011  
"VT",1821,364,49     
"VT",1821,400,33     
"VT",1821,414,9910   
"VT",1822,343,3390   
"VT",1822,345,1678   
"VT",1822,351,140    
"VT",1822,360,2075   
"VT",1822,361,18617  
"VT",1822,362,5538   
"VT",1822,363,11357  
"VT",1822,400,15     
"VT",1822,413,10     
"VT",1822,414,8284   
"VT",1823,343,3255   
"VT",1823,351,180    
"VT",1823,360,1689   
"VT",1823,361,14198  
"VT",1823,362,4148   
"VT",1823,363,12253  
"VT",1823,400,2      
"VT",1823,414,12697  
"VT",1824,343,3955   
"VT",1824,345,300    
"VT",1824,351,120    
"VT",1824,360,1925   
"VT",1824,361,13021  
"VT",1824,362,3169   
"VT",1824,363,13833  
"VT",1824,414,16033  
"VT",1825,343,2971   
"VT",1825,351,20     
"VT",1825,360,3139   
"VT",1825,361,14754  
"VT",1825,362,3911   
"VT",1825,363,13153  
"VT",1825,398,150    
"VT",1825,414,17726  
"VT",1826,322,1200   
"VT",1826,343,3973   
"VT",1826,351,60     
"VT",1826,360,2955   
"VT",1826,361,20391  
"VT",1826,362,3975   
"VT",1826,363,16186  
"VT",1826,395,3090   
"VT",1826,414,7061   
"VT",1827,322,2800   
"VT",1827,334,25     
"VT",1827,351,200    
"VT",1827,360,2655   
"VT",1827,361,15344  
"VT",1827,362,3466   
"VT",1827,363,18727  
"VT",1827,395,5133   
"VT",1827,398,100    
"VT",1827,400,104    
"VT",1827,414,5166   
"VT",1828,322,2100   
"VT",1828,334,48     
"VT",1828,343,857    
"VT",1828,351,360    
"VT",1828,360,2625   
"VT",1828,361,18517  
"VT",1828,362,4937   
"VT",1828,363,21169  
"VT",1828,395,8017   
"VT",1828,414,8315   
"VT",1829,322,2400   
"VT",1829,343,2205   
"VT",1829,351,260    
"VT",1829,360,2400   
"VT",1829,361,11185  
"VT",1829,362,3726   
"VT",1829,363,21293  
"VT",1829,364,78     
"VT",1829,395,8060   
"VT",1829,414,7810   
"VT",1830,322,1200   
"VT",1830,343,4064   
"VT",1830,351,280    
"VT",1830,360,2350   
"VT",1830,361,12776  
"VT",1830,362,5124   
"VT",1830,363,23972  
"VT",1830,395,5221   
"VT",1830,414,4094   
"VT",1831,322,2550   
"VT",1831,343,5936   
"VT",1831,351,240    
"VT",1831,360,2400   
"VT",1831,361,14847  
"VT",1831,362,4286   
"VT",1831,363,22959  
"VT",1831,395,9586   
"VT",1831,414,14193  
"VT",1832,322,2000   
"VT",1832,343,5000   
"VT",1832,351,324    
"VT",1832,360,1850   
"VT",1832,361,13682  
"VT",1832,362,4186   
"VT",1832,363,21030  
"VT",1832,395,6750   
"VT",1832,414,15558  
"VT",1833,322,2439   
"VT",1833,343,4939   
"VT",1833,351,1611   
"VT",1833,360,1650   
"VT",1833,361,15919  
"VT",1833,362,3909   
"VT",1833,363,25637  
"VT",1833,364,76     
"VT",1833,367,10234  
"VT",1833,395,11686  
"VT",1833,414,5140   
"VT",1834,322,999    
"VT",1834,343,5000   
"VT",1834,351,2324   
"VT",1834,360,1650   
"VT",1834,361,16102  
"VT",1834,362,4398   
"VT",1834,363,23231  
"VT",1834,367,23927  
"VT",1834,369,136    
"VT",1834,395,8075   
"VT",1834,398,1      
"VT",1834,400,30     
"VT",1834,414,2827   
"VT",1834,415,1500   
"VT",1835,322,2064   
"VT",1835,343,4747   
"VT",1835,351,3960   
"VT",1835,360,1650   
"VT",1835,361,15105  
"VT",1835,362,3536   
"VT",1835,363,22413  
"VT",1835,367,37295  
"VT",1835,369,180    
"VT",1835,395,6280   
"VT",1835,398,4      
"VT",1835,414,22722  
"VT",1836,322,2011   
"VT",1836,343,4224   
"VT",1836,351,4259   
"VT",1836,360,1733   
"VT",1836,361,25454  
"VT",1836,362,7097   
"VT",1836,363,28566  
"VT",1836,367,23673  
"VT",1836,369,260    
"VT",1836,395,2677   
"VT",1836,398,5      
"VT",1836,400,7      
"VT",1836,412,2200   
"VT",1836,414,5473   
"VT",1837,322,1378   
"VT",1837,323,4000   
"VT",1837,333,3000   
"VT",1837,343,2150   
"VT",1837,351,2501   
"VT",1837,360,1964   
"VT",1837,361,22698  
"VT",1837,362,6435   
"VT",1837,363,23732  
"VT",1837,364,142    
"VT",1837,367,29334  
"VT",1837,369,232    
"VT",1837,395,656503 
"VT",1837,398,85     
"VT",1837,400,11     
"VT",1837,412,1300   
"VT",1837,414,5941   
"VT",1838,322,2847   
"VT",1838,323,6000   
"VT",1838,345,3268   
"VT",1838,351,2103   
"VT",1838,360,3250   
"VT",1838,361,16873  
"VT",1838,362,7527   
"VT",1838,363,22064  
"VT",1838,367,7650   
"VT",1838,369,77     
"VT",1838,395,2571   
"VT",1838,398,40     
"VT",1838,400,2106   
"VT",1838,414,7099   
"VT",1839,322,3416   
"VT",1839,323,2000   
"VT",1839,343,5000   
"VT",1839,345,6743   
"VT",1839,351,2020   
"VT",1839,360,3679   
"VT",1839,361,15910  
"VT",1839,362,9362   
"VT",1839,363,28445  
"VT",1839,395,141    
"VT",1839,398,20     
"VT",1839,400,1908   
"VT",1839,413,4      
"VT",1839,414,6238   
"VT",1840,322,3097   
"VT",1840,323,2000   
"VT",1840,343,2000   
"VT",1840,345,6132   
"VT",1840,351,2201   
"VT",1840,360,2810   
"VT",1840,361,26110  
"VT",1840,362,8053   
"VT",1840,363,30229  
"VT",1840,400,2308   
"VT",1840,412,5000   
"VT",1841,322,3028   
"VT",1841,323,2000   
"VT",1841,343,3000   
"VT",1841,345,2670   
"VT",1841,351,3616   
"VT",1841,360,3877   
"VT",1841,361,15588  
"VT",1841,362,6947   
"VT",1841,363,27741  
"VT",1841,364,440    
"VT",1841,398,14     
"VT",1841,400,1835   
"VT",1841,412,9539   
"VT",1841,414,3795   
"VT",1842,322,2908   
"VT",1842,345,907    
"VT",1842,351,4330   
"VT",1842,360,2690   
"VT",1842,361,18982  
"VT",1842,362,11647  
"VT",1842,363,37086  
"VT",1842,395,36039  
"VT",1842,398,10     
"VT",1842,400,2008   
"VT",1842,412,3320   
"VT",1842,413,2003   
"VT",1842,414,9369   
"VT",1843,322,2840   
"VT",1843,323,4000   
"VT",1843,343,14991  
"VT",1843,345,3501   
"VT",1843,351,2496   
"VT",1843,360,9190   
"VT",1843,361,25695  
"VT",1843,362,13262  
"VT",1843,363,31790  
"VT",1843,395,2053   
"VT",1843,400,9572   
"VT",1843,412,17000  
"VT",1843,414,12666  
"VT",1843,415,957    
"VT",1844,322,4964   
"VT",1844,323,1986   
"VT",1844,345,1652   
"VT",1844,351,2855   
"VT",1844,360,10658  
"VT",1844,361,12236  
"VT",1844,362,13007  
"VT",1844,363,27407  
"VT",1844,400,3405   
"VT",1844,412,4527   
"VT",1844,413,6135   
"VT",1844,414,18400  
"VT",1844,415,250    
"VT",1845,322,4413   
"VT",1845,323,3000   
"VT",1845,345,1112   
"VT",1845,351,2925   
"VT",1845,360,10181  
"VT",1845,361,11537  
"VT",1845,362,15003  
"VT",1845,363,28969  
"VT",1845,364,469    
"VT",1845,400,2791   
"VT",1845,412,360    
"VT",1845,414,18418  
"VT",1845,415,11104  
"VT",1846,311,419    
"VT",1846,320,7217   
"VT",1846,343,10153  
"VT",1846,345,1639   
"VT",1846,351,3544   
"VT",1846,361,20675  
"VT",1846,362,3001   
"VT",1846,363,37449  
"VT",1846,400,2940   
"VT",1846,413,296    
"VT",1846,414,20480  
"VT",1846,415,3425   
"VT",1847,311,2888   
"VT",1847,320,9716   
"VT",1847,343,10284  
"VT",1847,345,1610   
"VT",1847,351,4917   
"VT",1847,361,21773  
"VT",1847,362,2394   
"VT",1847,363,41342  
"VT",1847,398,915    
"VT",1847,400,3025   
"VT",1847,414,5027   
"VT",1847,415,1084   
"VT",1848,311,2317   
"VT",1848,320,8016   
"VT",1848,345,987    
"VT",1848,351,2687   
"VT",1848,361,25829  
"VT",1848,362,2462   
"VT",1848,363,43618  
"VT",1848,398,14490  
"VT",1848,400,3743   
"VT",1848,414,3659   
"VT",1849,322,2793   
"VT",1849,323,5000   
"VT",1849,345,931    
"VT",1849,351,1985   
"VT",1849,360,10213  
"VT",1849,361,21005  
"VT",1849,362,15828  
"VT",1849,363,41740  
"VT",1849,364,567    
"VT",1849,395,360    
"VT",1849,398,50     
"VT",1849,400,3060   
"VT",1849,412,5000   
"VT",1849,414,8330   
"VT",1849,415,800    
"VT",1850,311,338    
"VT",1850,322,1969   
"VT",1850,323,5000   
"VT",1850,345,3722   
"VT",1850,351,2130   
"VT",1850,360,4038   
"VT",1850,361,27125  
"VT",1850,362,17891  
"VT",1850,363,24114  
"VT",1850,369,25848  
"VT",1850,400,2854   
"VT",1850,412,5489   
"VT",1850,413,2700   
"VT",1850,414,3122   
"VT",1851,311,1459   
"VT",1851,322,2268   
"VT",1851,323,5000   
"VT",1851,343,10000  
"VT",1851,345,3430   
"VT",1851,351,1830   
"VT",1851,360,3455   
"VT",1851,361,24005  
"VT",1851,362,14215  
"VT",1851,363,26997  
"VT",1851,369,25381  
"VT",1851,400,4881   
"VT",1851,412,14500  
"VT",1851,413,9      
"VT",1851,414,1378   
"VT",1851,415,29626  
"VT",1852,311,520    
"VT",1852,322,2814   
"VT",1852,323,5000   
"VT",1852,345,1368   
"VT",1852,351,2059   
"VT",1852,360,3728   
"VT",1852,361,26984  
"VT",1852,362,20182  
"VT",1852,363,27732  
"VT",1852,369,28763  
"VT",1852,395,43360  
"VT",1852,400,5224   
"VT",1852,412,11394  
"VT",1852,414,2772   
"VT",1852,415,3850   
"VT",1853,313,996    
"VT",1853,322,2258   
"VT",1853,323,5000   
"VT",1853,343,5000   
"VT",1853,345,92     
"VT",1853,351,1745   
"VT",1853,360,3469   
"VT",1853,361,24814  
"VT",1853,362,14404  
"VT",1853,363,29741  
"VT",1853,364,619    
"VT",1853,369,26173  
"VT",1853,395,148    
"VT",1853,400,5158   
"VT",1853,412,9729   
"VT",1853,414,3010   
"VT",1854,313,60     
"VT",1854,322,1440   
"VT",1854,323,5000   
"VT",1854,345,35     
"VT",1854,351,545    
"VT",1854,360,3168   
"VT",1854,361,34908  
"VT",1854,362,11660  
"VT",1854,363,28097  
"VT",1854,369,26671  
"VT",1854,395,667    
"VT",1854,400,3161   
"VT",1854,412,5000   
"VT",1854,414,12668  
"VT",1855,313,70     
"VT",1855,322,3240   
"VT",1855,323,5000   
"VT",1855,343,5500   
"VT",1855,345,223    
"VT",1855,351,2121   
"VT",1855,360,5637   
"VT",1855,361,25786  
"VT",1855,362,18357  
"VT",1855,363,34509  
"VT",1855,369,33991  
"VT",1855,395,298    
"VT",1855,400,3815   
"VT",1855,412,51     
"VT",1855,414,16701  
"VT",1855,415,1173   
"VT",1856,322,2838   
"VT",1856,323,5000   
"VT",1856,345,53     
"VT",1856,351,1838   
"VT",1856,360,4378   
"VT",1856,361,27203  
"VT",1856,362,22011  
"VT",1856,363,37344  
"VT",1856,369,35722  
"VT",1856,400,3260   
"VT",1856,415,12231  
"VT",1857,311,355    
"VT",1857,322,3100   
"VT",1857,323,5000   
"VT",1857,343,4025   
"VT",1857,345,237    
"VT",1857,351,2169   
"VT",1857,360,3730   
"VT",1857,361,43447  
"VT",1857,362,22858  
"VT",1857,363,41876  
"VT",1857,364,125    
"VT",1857,367,13375  
"VT",1857,369,37262  
"VT",1857,395,55     
"VT",1857,400,5150   
"VT",1857,412,5000   
"VT",1857,415,4500   
"VT",1858,311,2730   
"VT",1858,322,3291   
"VT",1858,323,5000   
"VT",1858,345,1048   
"VT",1858,351,2561   
"VT",1858,360,14855  
"VT",1858,361,33796  
"VT",1858,362,26318  
"VT",1858,363,64458  
"VT",1858,364,50     
"VT",1858,367,52753  
"VT",1858,398,630    
"VT",1858,400,9913   
"VT",1858,412,35890  
"VT",1858,414,30635  
"VT",1858,415,653    
"VT",1859,311,3090   
"VT",1859,320,10619  
"VT",1859,345,2361   
"VT",1859,351,2346   
"VT",1859,360,5688   
"VT",1859,361,31465  
"VT",1859,362,23339  
"VT",1859,363,75991  
"VT",1859,367,12773  
"VT",1859,400,10806  
"VT",1859,415,685    
"VT",1860,311,7630   
"VT",1860,320,12474  
"VT",1860,343,4025   
"VT",1860,345,3177   
"VT",1860,351,2407   
"VT",1860,360,4689   
"VT",1860,361,48489  
"VT",1860,363,76223  
"VT",1860,364,580    
"VT",1860,367,23532  
"VT",1860,369,663    
"VT",1860,392,150    
"VT",1860,398,3324   
"VT",1860,400,15896  
"VT",1860,412,23310  
"VT",1860,414,10600  
"VT",1860,415,3421   
"VT",1861,311,3051   
"VT",1861,345,27319  
"VT",1861,351,2061   
"VT",1861,360,32263  
"VT",1861,361,40646  
"VT",1861,362,8934   
"VT",1861,363,5294   
"VT",1861,392,48432  
"VT",1861,398,268    
"VT",1861,400,15426  
"VT",1861,414,36517  
"VT",1862,322,2462   
"VT",1862,323,5000   
"VT",1862,343,8000   
"VT",1862,345,965321 
"VT",1862,360,3288   
"VT",1862,361,29724  
"VT",1862,362,77287  
"VT",1862,363,53700  
"VT",1862,398,523    
"VT",1862,400,56230  
"VT",1862,413,15000  
"VT",1862,414,224250 
"VT",1863,311,3032   
"VT",1863,322,5227   
"VT",1863,323,5000   
"VT",1863,345,1369890
"VT",1863,351,170    
"VT",1863,360,4213   
"VT",1863,361,37352  
"VT",1863,362,77563  
"VT",1863,363,45994  
"VT",1863,395,683    
"VT",1863,398,2075   
"VT",1863,400,89669  
"VT",1863,413,157500 
"VT",1863,414,122434 
"VT",1864,311,3593   
"VT",1864,322,2375   
"VT",1864,323,5000   
"VT",1864,345,1186408
"VT",1864,351,250    
"VT",1864,360,13950  
"VT",1864,361,25909  
"VT",1864,362,81023  
"VT",1864,363,41547  
"VT",1864,398,80     
"VT",1864,400,108215 
"VT",1864,412,322    
"VT",1864,413,12000  
"VT",1864,414,424097 
"VT",1865,311,4388   
"VT",1865,322,5030   
"VT",1865,323,5000   
"VT",1865,343,10125  
"VT",1865,345,1333366
"VT",1865,351,360    
"VT",1865,360,18188  
"VT",1865,361,36528  
"VT",1865,362,323072 
"VT",1865,363,45822  
"VT",1865,395,3100   
"VT",1865,398,65     
"VT",1865,400,140477 
"VT",1865,413,70500  
"VT",1865,414,12497  
"VT",1865,415,750    
"VT",1867,345,9418   
"VT",1867,351,8142   
"VT",1867,361,50970  
"VT",1867,362,163239 
"VT",1867,363,42793  
"VT",1867,400,111887 
"VT",1867,411,82000  
"VT",1867,413,265000 
"VT",1867,414,44813  
"VT",1867,415,6750   
"VT",1871,345,2502   
"VT",1871,360,290684 
"VT",1871,361,49401  
"VT",1871,398,9959   
"VT",1871,400,60595  
"VT",1871,413,634500 
"VT",1871,415,16537  
"VT",1872,345,2745   
"VT",1872,360,295217 
"VT",1872,395,52322  
"VT",1872,398,10364  
"VT",1872,400,34344  
"VT",1872,413,124000 
"VT",1872,415,15768  
"VT",1873,345,5697   
"VT",1873,360,332216 
"VT",1873,361,56022  
"VT",1873,398,874    
"VT",1873,400,32374  
"VT",1873,413,85000  
"VT",1873,415,14228  
"VT",1874,345,3373   
"VT",1874,360,282823 
"VT",1874,395,168    
"VT",1874,400,27472  
"VT",1874,413,71000  
"VT",1874,415,12353  
"VT",1875,310,2787   
"VT",1875,311,10152  
"VT",1875,313,8130   
"VT",1875,316,969    
"VT",1875,322,5939   
"VT",1875,323,20772  
"VT",1875,343,62886  
"VT",1875,345,13499  
"VT",1875,351,3385   
"VT",1875,360,45804  
"VT",1875,361,97361  
"VT",1875,362,10827  
"VT",1875,363,44503  
"VT",1875,369,14562  
"VT",1875,398,77915  
"VT",1875,400,20859  
"VT",1875,413,59000  
"VT",1875,415,10882  
"VT",1876,345,880    
"VT",1876,360,318463 
"VT",1876,398,52     
"VT",1876,400,19017  
"VT",1876,413,32000  
"VT",1876,415,10845  
"VT",1877,345,202    
"VT",1877,360,399273 
"VT",1877,361,54725  
"VT",1877,398,712    
"VT",1877,400,14965  
"VT",1877,413,92000  
"VT",1877,415,8806   
"VT",1878,345,155    
"VT",1878,360,351200 
"VT",1878,400,10818  
"VT",1878,413,8500   
"VT",1878,415,9859   
"VT",1879,345,650    
"VT",1879,360,385619 
"VT",1879,361,54361  
"VT",1879,400,11212  
"VT",1879,413,161000 
"VT",1879,415,6487   
"VT",1880,345,505    
"VT",1880,360,318881 
"VT",1880,361,10111  
"VT",1880,398,90     
"VT",1880,400,9890   
"VT",1880,413,93000  
"VT",1880,415,8477   
"VT",1881,310,2737   
"VT",1881,311,8465   
"VT",1881,313,7366   
"VT",1881,316,1042   
"VT",1881,321,128    
"VT",1881,322,4314   
"VT",1881,323,37942  
"VT",1881,343,60477  
"VT",1881,345,12739  
"VT",1881,351,11328  
"VT",1881,360,49464  
"VT",1881,361,84492  
"VT",1881,362,7535   
"VT",1881,363,43763  
"VT",1881,364,906    
"VT",1881,365,446    
"VT",1881,369,5224   
"VT",1881,398,97816  
"VT",1881,400,8770   
"VT",1881,415,28466  
"VT",1882,310,1264   
"VT",1882,311,236    
"VT",1882,313,7525   
"VT",1882,316,898    
"VT",1882,321,285    
"VT",1882,322,4895   
"VT",1882,323,40231  
"VT",1882,343,81090  
"VT",1882,345,14499  
"VT",1882,351,11907  
"VT",1882,360,46651  
"VT",1882,361,18529  
"VT",1882,362,7110   
"VT",1882,363,39856  
"VT",1882,365,295    
"VT",1882,369,3971   
"VT",1882,398,46559  
"VT",1882,400,9941   
"VT",1882,413,83500  
"VT",1882,415,39265  
"VT",1883,310,1067   
"VT",1883,311,41     
"VT",1883,313,7482   
"VT",1883,316,930    
"VT",1883,321,30     
"VT",1883,322,3918   
"VT",1883,323,38254  
"VT",1883,336,7000   
"VT",1883,343,52755  
"VT",1883,345,18904  
"VT",1883,351,13289  
"VT",1883,360,49981  
"VT",1883,361,76836  
"VT",1883,362,7295   
"VT",1883,363,39411  
"VT",1883,369,9402   
"VT",1883,395,450    
"VT",1883,398,42771  
"VT",1883,400,10437  
"VT",1883,413,109000 
"VT",1883,415,43420  
"VT",1884,310,1180   
"VT",1884,313,8640   
"VT",1884,316,208    
"VT",1884,322,3430   
"VT",1884,323,37625  
"VT",1884,343,36458  
"VT",1884,345,20943  
"VT",1884,351,11743  
"VT",1884,360,47235  
"VT",1884,361,7386   
"VT",1884,362,6636   
"VT",1884,363,44917  
"VT",1884,369,2624   
"VT",1884,395,600    
"VT",1884,398,49364  
"VT",1884,400,11685  
"VT",1884,413,104724 
"VT",1884,414,24877  
"VT",1884,415,660    
"VT",1885,345,225    
"VT",1885,360,325219 
"VT",1885,361,54181  
"VT",1885,395,600    
"VT",1885,400,11078  
"VT",1885,413,275310 
"VT",1886,345,21     
"VT",1886,360,311632 
"VT",1886,395,737    
"VT",1886,398,13293  
"VT",1886,400,18964  
"VT",1886,413,36000  
"VT",1887,310,21423  
"VT",1887,313,9701   
"VT",1887,316,4459   
"VT",1887,321,6630   
"VT",1887,322,122    
"VT",1887,323,37775  
"VT",1887,325,10000  
"VT",1887,331,6600   
"VT",1887,336,19063  
"VT",1887,343,48724  
"VT",1887,345,21948  
"VT",1887,351,20181  
"VT",1887,360,53808  
"VT",1887,361,74395  
"VT",1887,362,11360  
"VT",1887,363,48034  
"VT",1887,369,8601   
"VT",1887,381,210    
"VT",1887,395,1187   
"VT",1887,398,89850  
"VT",1887,400,20981  
"VT",1887,413,50000  
"VT",1887,415,1245   
"VT",1888,310,6626   
"VT",1888,313,9900   
"VT",1888,316,208    
"VT",1888,321,6586   
"VT",1888,322,880    
"VT",1888,323,56176  
"VT",1888,331,31289  
"VT",1888,343,44691  
"VT",1888,345,29093  
"VT",1888,351,18065  
"VT",1888,360,53521  
"VT",1888,361,9838   
"VT",1888,362,7303   
"VT",1888,363,51106  
"VT",1888,369,5855   
"VT",1888,381,120    
"VT",1888,395,2192   
"VT",1888,398,60185  
"VT",1888,400,23577  
"VT",1888,413,225165 
"VT",1888,415,970    
"VT",1889,310,1050   
"VT",1889,313,19000  
"VT",1889,316,1227   
"VT",1889,321,50     
"VT",1889,322,4793   
"VT",1889,323,85411  
"VT",1889,325,20000  
"VT",1889,331,15092  
"VT",1889,343,47596  
"VT",1889,345,35478  
"VT",1889,351,24359  
"VT",1889,360,55029  
"VT",1889,361,74523  
"VT",1889,362,8725   
"VT",1889,363,55783  
"VT",1889,364,86     
"VT",1889,369,12913  
"VT",1889,381,120    
"VT",1889,395,9979   
"VT",1889,398,49968  
"VT",1889,400,22577  
"VT",1889,413,115000 
"VT",1889,415,518    
"VT",1890,310,22065  
"VT",1890,313,19515  
"VT",1890,316,835    
"VT",1890,322,4324   
"VT",1890,323,91171  
"VT",1890,325,10000  
"VT",1890,331,12637  
"VT",1890,343,36726  
"VT",1890,345,24376  
"VT",1890,351,20384  
"VT",1890,360,50066  
"VT",1890,361,9612   
"VT",1890,362,7200   
"VT",1890,363,63633  
"VT",1890,369,10053  
"VT",1890,381,210    
"VT",1890,395,6968   
"VT",1890,398,67280  
"VT",1890,400,24855  
"VT",1890,413,218165 
"VT",1890,415,725    
"VT",1891,310,14906  
"VT",1891,313,50452  
"VT",1891,316,1276   
"VT",1891,321,186    
"VT",1891,322,5988   
"VT",1891,323,170475 
"VT",1891,325,11581  
"VT",1891,331,6596   
"VT",1891,336,10000  
"VT",1891,343,41208  
"VT",1891,345,25212  
"VT",1891,351,16584  
"VT",1891,360,63145  
"VT",1891,361,73572  
"VT",1891,362,5232   
"VT",1891,363,71082  
"VT",1891,369,15784  
"VT",1891,381,210    
"VT",1891,395,58606  
"VT",1891,398,76040  
"VT",1891,400,25339  
"VT",1891,413,220000 
"VT",1891,414,473    
"VT",1892,310,8262   
"VT",1892,311,89103  
"VT",1892,313,36636  
"VT",1892,316,161    
"VT",1892,322,66024  
"VT",1892,323,74609  
"VT",1892,325,18138  
"VT",1892,331,5245   
"VT",1892,336,7500   
"VT",1892,343,45104  
"VT",1892,345,27663  
"VT",1892,351,18233  
"VT",1892,360,51960  
"VT",1892,361,12271  
"VT",1892,362,5454   
"VT",1892,363,79172  
"VT",1892,369,13212  
"VT",1892,381,270    
"VT",1892,395,6932   
"VT",1892,398,101364 
"VT",1892,400,27259  
"VT",1892,413,400000 
"VT",1892,415,390    
"VT",1893,310,6696   
"VT",1893,311,86682  
"VT",1893,313,37004  
"VT",1893,316,51     
"VT",1893,322,7597   
"VT",1893,323,93295  
"VT",1893,325,13093  
"VT",1893,331,19591  
"VT",1893,336,2500   
"VT",1893,343,46788  
"VT",1893,345,19984  
"VT",1893,351,29360  
"VT",1893,360,55580  
"VT",1893,361,60332  
"VT",1893,362,5003   
"VT",1893,363,78862  
"VT",1893,364,72     
"VT",1893,369,23155  
"VT",1893,381,210    
"VT",1893,395,133    
"VT",1893,398,92377  
"VT",1893,400,21798  
"VT",1893,413,15000  
"VT",1893,415,245    
"VT",1894,311,87621  
"VT",1894,313,54560  
"VT",1894,316,473    
"VT",1894,322,6383   
"VT",1894,323,137274 
"VT",1894,325,14975  
"VT",1894,331,92842  
"VT",1894,343,52413  
"VT",1894,345,19843  
"VT",1894,351,16728  
"VT",1894,360,53642  
"VT",1894,361,6402   
"VT",1894,362,5114   
"VT",1894,363,72971  
"VT",1894,369,15502  
"VT",1894,381,240    
"VT",1894,395,97     
"VT",1894,398,106611 
"VT",1894,400,22857  
"VT",1894,413,87500  
"VT",1894,415,250    
"VT",1895,311,90282  
"VT",1895,313,48085  
"VT",1895,316,5377   
"VT",1895,322,1135   
"VT",1895,323,156585 
"VT",1895,325,6244   
"VT",1895,331,92500  
"VT",1895,343,60474  
"VT",1895,345,23851  
"VT",1895,351,25618  
"VT",1895,360,60444  
"VT",1895,361,80457  
"VT",1895,362,3159   
"VT",1895,363,87146  
"VT",1895,365,1111   
"VT",1895,369,21781  
"VT",1895,381,240    
"VT",1895,395,67     
"VT",1895,398,99338  
"VT",1895,400,22086  
"VT",1895,413,50000  
"VT",1895,415,165    
"VT",1896,310,30770  
"VT",1896,311,87644  
"VT",1896,313,21000  
"VT",1896,316,6259   
"VT",1896,322,7362   
"VT",1896,323,245834 
"VT",1896,325,16110  
"VT",1896,331,93532  
"VT",1896,343,63821  
"VT",1896,345,24398  
"VT",1896,351,40299  
"VT",1896,352,1450   
"VT",1896,360,64075  
"VT",1896,361,10112  
"VT",1896,362,6160   
"VT",1896,363,88298  
"VT",1896,369,25450  
"VT",1896,381,240    
"VT",1896,395,67     
"VT",1896,398,103752 
"VT",1896,400,25276  
"VT",1896,413,225000 
"VT",1897,310,28682  
"VT",1897,311,86900  
"VT",1897,313,22000  
"VT",1897,316,5349   
"VT",1897,322,73310  
"VT",1897,323,103992 
"VT",1897,325,6218   
"VT",1897,331,90169  
"VT",1897,343,67384  
"VT",1897,345,27298  
"VT",1897,351,32655  
"VT",1897,360,63025  
"VT",1897,361,66603  
"VT",1897,362,8978   
"VT",1897,363,95178  
"VT",1897,364,82     
"VT",1897,369,29082  
"VT",1897,381,240    
"VT",1897,395,800    
"VT",1897,398,109898 
"VT",1897,400,27874  
"VT",1897,413,330000 
"VT",1898,311,95033  
"VT",1898,313,46400  
"VT",1898,316,1828   
"VT",1898,322,9458   
"VT",1898,323,142566 
"VT",1898,325,15944  
"VT",1898,331,89368  
"VT",1898,343,64285  
"VT",1898,345,47642  
"VT",1898,351,41505  
"VT",1898,352,1196   
"VT",1898,360,64050  
"VT",1898,361,17023  
"VT",1898,362,6194   
"VT",1898,363,99931  
"VT",1898,365,345    
"VT",1898,369,15517  
"VT",1898,381,240    
"VT",1898,395,117    
"VT",1898,398,109814 
"VT",1898,400,31751  
"VT",1898,413,350000 
"VT",1899,310,55308  
"VT",1899,311,87196  
"VT",1899,313,24000  
"VT",1899,316,6170   
"VT",1899,322,12950  
"VT",1899,323,131419 
"VT",1899,325,20160  
"VT",1899,331,87196  
"VT",1899,343,55168  
"VT",1899,345,58279  
"VT",1899,351,18050  
"VT",1899,361,140666 
"VT",1899,362,25595  
"VT",1899,363,158405 
"VT",1899,365,1653   
"VT",1899,369,13549  
"VT",1899,381,240    
"VT",1899,395,49     
"VT",1899,398,28203  
"VT",1899,400,31034  
"VT",1899,413,325000 
"VT",1900,310,57235  
"VT",1900,311,87382  
"VT",1900,313,25000  
"VT",1900,316,4344   
"VT",1900,322,9481   
"VT",1900,323,128160 
"VT",1900,325,16546  
"VT",1900,331,86871  
"VT",1900,343,26934  
"VT",1900,345,25122  
"VT",1900,351,21142  
"VT",1900,361,16111  
"VT",1900,362,14317  
"VT",1900,363,170421 
"VT",1900,365,1435   
"VT",1900,369,8325   
"VT",1900,381,240    
"VT",1900,395,32     
"VT",1900,398,104483 
"VT",1900,400,35156  
"VT",1900,413,520000 
"VT",1901,310,4430   
"VT",1901,311,111582 
"VT",1901,313,30401  
"VT",1901,316,3723   
"VT",1901,322,183826 
"VT",1901,323,1331   
"VT",1901,325,13668  
"VT",1901,331,89939  
"VT",1901,343,43830  
"VT",1901,345,25561  
"VT",1901,351,61174  
"VT",1901,360,2818   
"VT",1901,361,80829  
"VT",1901,362,7449   
"VT",1901,363,246688 
"VT",1901,364,54     
"VT",1901,369,34102  
"VT",1901,381,240    
"VT",1901,395,2048   
"VT",1901,398,360    
"VT",1901,400,3934   
"VT",1901,401,20793  
"VT",1901,415,698    
"VT",1902,310,5236   
"VT",1902,311,111572 
"VT",1902,313,25876  
"VT",1902,316,4157   
"VT",1902,322,190997 
"VT",1902,323,1530   
"VT",1902,325,17215  
"VT",1902,331,88471  
"VT",1902,343,44567  
"VT",1902,345,26204  
"VT",1902,351,62498  
"VT",1902,360,1973   
"VT",1902,361,6957   
"VT",1902,362,9059   
"VT",1902,363,214890 
"VT",1902,369,24243  
"VT",1902,381,240    
"VT",1902,398,204    
"VT",1902,400,6931   
"VT",1902,401,20793  
"VT",1902,415,1238   
"VT",1903,310,7209   
"VT",1903,311,169828 
"VT",1903,313,27230  
"VT",1903,316,6818   
"VT",1903,322,189208 
"VT",1903,323,1531   
"VT",1903,325,17683  
"VT",1903,331,89265  
"VT",1903,343,45001  
"VT",1903,345,26023  
"VT",1903,351,65315  
"VT",1903,360,2973   
"VT",1903,361,103919 
"VT",1903,362,10139  
"VT",1903,363,239154 
"VT",1903,369,46540  
"VT",1903,381,240    
"VT",1903,395,1103   
"VT",1903,398,224    
"VT",1903,400,1888   
"VT",1903,401,20793  
"VT",1903,415,1720   
"VT",1904,310,6746   
"VT",1904,311,169337 
"VT",1904,313,27549  
"VT",1904,316,5692   
"VT",1904,322,181601 
"VT",1904,323,1516   
"VT",1904,325,19059  
"VT",1904,331,92427  
"VT",1904,343,62675  
"VT",1904,345,26397  
"VT",1904,351,78885  
"VT",1904,360,2316   
"VT",1904,361,10402  
"VT",1904,362,8759   
"VT",1904,363,266354 
"VT",1904,369,30691  
"VT",1904,381,240    
"VT",1904,395,1831   
"VT",1904,398,324    
"VT",1904,400,233    
"VT",1904,401,20793  
"VT",1904,415,525    
"VT",1905,310,6760   
"VT",1905,311,173770 
"VT",1905,313,37997  
"VT",1905,316,4519   
"VT",1905,322,183319 
"VT",1905,323,1965   
"VT",1905,325,22051  
"VT",1905,331,130372 
"VT",1905,343,47509  
"VT",1905,345,28885  
"VT",1905,351,76761  
"VT",1905,360,3253   
"VT",1905,361,88425  
"VT",1905,362,10450  
"VT",1905,363,215363 
"VT",1905,364,76     
"VT",1905,369,52873  
"VT",1905,381,240    
"VT",1905,395,40     
"VT",1905,398,32     
"VT",1905,400,781    
"VT",1905,401,20793  
"VT",1905,415,1528   
"VT",1906,310,6372   
"VT",1906,311,176327 
"VT",1906,313,45600  
"VT",1906,316,11367  
"VT",1906,322,178458 
"VT",1906,323,2305   
"VT",1906,325,20989  
"VT",1906,331,114984 
"VT",1906,343,54816  
"VT",1906,345,30521  
"VT",1906,351,90468  
"VT",1906,360,2277   
"VT",1906,361,28197  
"VT",1906,362,11055  
"VT",1906,363,291871 
"VT",1906,369,35455  
"VT",1906,381,240    
"VT",1906,395,2124   
"VT",1906,398,32     
"VT",1906,400,6963   
"VT",1906,401,20793  
"VT",1907,310,6547   
"VT",1907,311,176287 
"VT",1907,313,60396  
"VT",1907,316,8004   
"VT",1907,322,176162 
"VT",1907,323,1888   
"VT",1907,325,22484  
"VT",1907,331,99074  
"VT",1907,333,236    
"VT",1907,343,61298  
"VT",1907,345,21231  
"VT",1907,351,72146  
"VT",1907,360,3187   
"VT",1907,361,107169 
"VT",1907,362,14540  
"VT",1907,363,283621 
"VT",1907,367,40730  
"VT",1907,369,49856  
"VT",1907,381,540    
"VT",1907,395,11151  
"VT",1907,398,3599   
"VT",1907,400,4715   
"VT",1907,401,20793  
"VT",1907,415,1921   
"VT",1908,310,7557   
"VT",1908,311,184550 
"VT",1908,313,73740  
"VT",1908,316,4780   
"VT",1908,322,190276 
"VT",1908,323,1766   
"VT",1908,325,25054  
"VT",1908,331,152001 
"VT",1908,333,854    
"VT",1908,343,55141  
"VT",1908,345,30532  
"VT",1908,351,109203 
"VT",1908,360,2370   
"VT",1908,361,19159  
"VT",1908,362,14974  
"VT",1908,363,306836 
"VT",1908,367,22916  
"VT",1908,369,44486  
"VT",1908,381,440    
"VT",1908,395,3636   
"VT",1908,398,500    
"VT",1908,400,3146   
"VT",1908,401,20793  
"VT",1908,415,2756   
"VT",1909,310,5404   
"VT",1909,311,305132 
"VT",1909,313,60528  
"VT",1909,316,10970  
"VT",1909,322,193120 
"VT",1909,323,1959   
"VT",1909,325,24281  
"VT",1909,330,20000  
"VT",1909,331,159822 
"VT",1909,333,19111  
"VT",1909,343,63302  
"VT",1909,345,28527  
"VT",1909,351,162922 
"VT",1909,360,4358   
"VT",1909,361,151204 
"VT",1909,362,17729  
"VT",1909,363,325936 
"VT",1909,364,73     
"VT",1909,367,1308   
"VT",1909,369,71999  
"VT",1909,381,440    
"VT",1909,395,13259  
"VT",1909,398,148    
"VT",1909,400,1891   
"VT",1909,401,20793  
"VT",1909,415,1810   
"VT",1910,310,8072   
"VT",1910,311,305943 
"VT",1910,313,87140  
"VT",1910,316,14189  
"VT",1910,322,199488 
"VT",1910,323,1912   
"VT",1910,325,24646  
"VT",1910,330,20131  
"VT",1910,331,212999 
"VT",1910,333,27511  
"VT",1910,343,57356  
"VT",1910,345,37987  
"VT",1910,351,126076 
"VT",1910,360,4263   
"VT",1910,361,5215   
"VT",1910,362,18329  
"VT",1910,363,337403 
"VT",1910,367,17810  
"VT",1910,369,56905  
"VT",1910,381,440    
"VT",1910,395,3740   
"VT",1910,398,43     
"VT",1910,400,2471   
"VT",1910,401,20793  
"VT",1910,415,2439   
"VT",1911,310,8910   
"VT",1911,311,311793 
"VT",1911,313,92787  
"VT",1911,316,12708  
"VT",1911,322,196544 
"VT",1911,323,2093   
"VT",1911,325,25772  
"VT",1911,330,20000  
"VT",1911,331,243064 
"VT",1911,333,12857  
"VT",1911,343,69484  
"VT",1911,345,39511  
"VT",1911,351,132511 
"VT",1911,360,5207   
"VT",1911,361,157866 
"VT",1911,362,20733  
"VT",1911,363,330942 
"VT",1911,367,15596  
"VT",1911,369,86505  
"VT",1911,381,440    
"VT",1911,395,2527   
"VT",1911,398,43     
"VT",1911,400,4118   
"VT",1911,401,20793  
"VT",1911,415,10975  
"VT",1912,310,15210  
"VT",1912,311,354990 
"VT",1912,313,117466 
"VT",1912,316,15257  
"VT",1912,322,204929 
"VT",1912,323,1712   
"VT",1912,325,32232  
"VT",1912,330,20000  
"VT",1912,331,355137 
"VT",1912,333,26623  
"VT",1912,343,69990  
"VT",1912,345,40185  
"VT",1912,351,192260 
"VT",1912,360,4928   
"VT",1912,361,13767  
"VT",1912,362,24732  
"VT",1912,363,362848 
"VT",1912,367,2030   
"VT",1912,369,105369 
"VT",1912,381,440    
"VT",1912,395,14237  
"VT",1912,398,43     
"VT",1912,400,2850   
"VT",1912,401,20793  
"VT",1912,415,3589   
"VT",1913,310,29945  
"VT",1913,311,343245 
"VT",1913,313,212475 
"VT",1913,316,14741  
"VT",1913,322,202462 
"VT",1913,323,2101   
"VT",1913,325,33100  
"VT",1913,331,386376 
"VT",1913,333,12921  
"VT",1913,343,137689 
"VT",1913,344,7950   
"VT",1913,345,49288  
"VT",1913,351,104239 
"VT",1913,361,209209 
"VT",1913,362,56275  
"VT",1913,363,383440 
"VT",1913,364,67     
"VT",1913,365,13034  
"VT",1913,369,107016 
"VT",1913,381,440    
"VT",1913,395,3808   
"VT",1913,398,868    
"VT",1913,400,9881   
"VT",1913,401,20798  
"VT",1914,310,19811  
"VT",1914,311,411122 
"VT",1914,313,188640 
"VT",1914,316,15454  
"VT",1914,322,247032 
"VT",1914,323,1974   
"VT",1914,325,35795  
"VT",1914,331,498674 
"VT",1914,333,21052  
"VT",1914,343,160598 
"VT",1914,344,15147  
"VT",1914,345,67315  
"VT",1914,351,129109 
"VT",1914,361,20073  
"VT",1914,362,46608  
"VT",1914,363,388057 
"VT",1914,365,9727   
"VT",1914,367,1000   
"VT",1914,369,84403  
"VT",1914,381,440    
"VT",1914,395,5658   
"VT",1914,398,10074  
"VT",1914,400,17226  
"VT",1914,401,20798  
"VT",1915,310,22780  
"VT",1915,311,396014 
"VT",1915,313,188394 
"VT",1915,316,14946  
"VT",1915,322,270683 
"VT",1915,323,2050   
"VT",1915,325,36061  
"VT",1915,331,540293 
"VT",1915,333,53034  
"VT",1915,343,243975 
"VT",1915,344,14429  
"VT",1915,345,60030  
"VT",1915,351,136255 
"VT",1915,361,154684 
"VT",1915,362,49299  
"VT",1915,363,382252 
"VT",1915,365,11876  
"VT",1915,369,111736 
"VT",1915,381,433    
"VT",1915,395,2361   
"VT",1915,398,1094   
"VT",1915,400,10418  
"VT",1915,401,20798  
"VT",1916,310,73455  
"VT",1916,311,320465 
"VT",1916,313,200369 
"VT",1916,316,16423  
"VT",1916,322,290443 
"VT",1916,323,2337   
"VT",1916,325,35573  
"VT",1916,331,537581 
"VT",1916,333,8917   
"VT",1916,343,163513 
"VT",1916,344,17798  
"VT",1916,345,75302  
"VT",1916,351,142393 
"VT",1916,361,16463  
"VT",1916,362,57778  
"VT",1916,363,395876 
"VT",1916,365,12569  
"VT",1916,367,14618  
"VT",1916,369,101231 
"VT",1916,381,320    
"VT",1916,395,3487   
"VT",1916,398,1834   
"VT",1916,400,8675   
"VT",1916,401,30194  
"VT",1917,310,71348  
"VT",1917,311,430769 
"VT",1917,313,249116 
"VT",1917,316,16464  
"VT",1917,322,344025 
"VT",1917,323,2076   
"VT",1917,325,39820  
"VT",1917,331,662509 
"VT",1917,333,26599  
"VT",1917,342,300    
"VT",1917,343,171044 
"VT",1917,344,21942  
"VT",1917,345,216571 
"VT",1917,351,153038 
"VT",1917,361,187009 
"VT",1917,362,58086  
"VT",1917,363,374760 
"VT",1917,364,73     
"VT",1917,365,13149  
"VT",1917,367,129682 
"VT",1917,369,131392 
"VT",1917,381,320    
"VT",1917,395,947    
"VT",1917,398,16103  
"VT",1917,400,10271  
"VT",1917,401,30194  
"VT",1918,310,66800  
"VT",1918,311,402935 
"VT",1918,313,217355 
"VT",1918,316,20103  
"VT",1918,320,54     
"VT",1918,321,9866   
"VT",1918,322,358232 
"VT",1918,323,1835   
"VT",1918,325,41942  
"VT",1918,331,806695 
"VT",1918,333,18820  
"VT",1918,342,9103   
"VT",1918,343,188243 
"VT",1918,344,4944   
"VT",1918,345,523451 
"VT",1918,351,201394 
"VT",1918,361,51422  
"VT",1918,362,48794  
"VT",1918,363,320099 
"VT",1918,365,13000  
"VT",1918,367,65835  
"VT",1918,369,107477 
"VT",1918,381,320    
"VT",1918,395,447    
"VT",1918,398,995    
"VT",1918,400,7231   
"VT",1918,401,30194  
"VT",1919,310,48918  
"VT",1919,311,501098 
"VT",1919,313,257738 
"VT",1919,316,20067  
"VT",1919,320,107    
"VT",1919,321,9822   
"VT",1919,322,384729 
"VT",1919,323,1999   
"VT",1919,325,34851  
"VT",1919,331,787660 
"VT",1919,333,13739  
"VT",1919,334,176    
"VT",1919,342,14682  
"VT",1919,343,202847 
"VT",1919,344,3975   
"VT",1919,345,586440 
"VT",1919,351,178056 
"VT",1919,361,210794 
"VT",1919,362,60502  
"VT",1919,363,310867 
"VT",1919,365,13159  
"VT",1919,367,39789  
"VT",1919,369,136382 
"VT",1919,381,320    
"VT",1919,395,447    
"VT",1919,398,1416   
"VT",1919,400,12608  
"VT",1919,401,30194  
"VT",1920,310,69012  
"VT",1920,311,535053 
"VT",1920,313,244922 
"VT",1920,316,21990  
"VT",1920,321,24999  
"VT",1920,322,487076 
"VT",1920,323,2128   
"VT",1920,325,41304  
"VT",1920,331,1070573
"VT",1920,333,150    
"VT",1920,342,2760   
"VT",1920,343,208168 
"VT",1920,344,1997   
"VT",1920,345,403175 
"VT",1920,351,234183 
"VT",1920,361,61934  
"VT",1920,362,69516  
"VT",1920,363,330658 
"VT",1920,365,17780  
"VT",1920,367,10249  
"VT",1920,369,143583 
"VT",1920,381,320    
"VT",1920,395,447    
"VT",1920,398,4853   
"VT",1920,400,64917  
"VT",1920,401,30194  
"VT",1921,310,92316  
"VT",1921,311,570381 
"VT",1921,313,237661 
"VT",1921,316,22423  
"VT",1921,321,25000  
"VT",1921,322,611366 
"VT",1921,323,2002   
"VT",1921,325,47523  
"VT",1921,331,1394860
"VT",1921,342,5551   
"VT",1921,343,274830 
"VT",1921,344,462    
"VT",1921,345,114133 
"VT",1921,351,279562 
"VT",1921,361,209569 
"VT",1921,362,77090  
"VT",1921,363,377447 
"VT",1921,364,54     
"VT",1921,365,14838  
"VT",1921,367,20725  
"VT",1921,369,144577 
"VT",1921,381,320    
"VT",1921,395,447    
"VT",1921,398,2000   
"VT",1921,400,68794  
"VT",1921,401,30194  
"VT",1921,413,50000  
"VT",1922,310,105490 
"VT",1922,311,573337 
"VT",1922,313,242800 
"VT",1922,316,27850  
"VT",1922,321,63610  
"VT",1922,322,727582 
"VT",1922,323,3205   
"VT",1922,325,44758  
"VT",1922,331,1749516
"VT",1922,342,7642   
"VT",1922,343,296898 
"VT",1922,345,116259 
"VT",1922,351,341776 
"VT",1922,361,49345  
"VT",1922,362,80239  
"VT",1922,363,386663 
"VT",1922,365,16639  
"VT",1922,367,10000  
"VT",1922,369,153747 
"VT",1922,381,320    
"VT",1922,395,447    
"VT",1922,398,10105  
"VT",1922,400,66431  
"VT",1922,401,30194  
"VT",1922,411,25000  
"VT",1922,413,50000  
