"MA",1830,1,524290    
"MA",1831,1,1007437   
"MA",1833,1,530553    
"MA",1834,1,586637    
"MA",1835,1,703742    
"MA",1836,1,751237    
"MA",1837,1,2401302   
"MA",1838,1,977258    
"MA",1839,1,1267228   
"MA",1841,1,1010394   
"MA",1842,1,1440043   
"MA",1843,1,888100    
"MA",1844,1,1675881   
"MA",1845,1,1151808   
"MA",1846,1,847022    
"MA",1847,1,914569    
"MA",1848,1,1171844   
"MA",1849,1,1109810   
"MA",1850,1,1536267   
"MA",1851,1,1620643   
"MA",1852,1,1671566   
"MA",1853,1,2378743   
"MA",1854,1,2333905   
"MA",1855,1,2424971   
"MA",1856,1,2604713   
"MA",1857,1,4541585   
"MA",1858,1,1768330   
"MA",1859,1,3016699   
"MA",1860,1,3348712   
"MA",1861,1,8965545   
"MA",1862,1,7600912   
"MA",1863,1,12570600  
"MA",1864,1,25289967  
"MA",1865,1,23342464  
"MA",1866,1,17542436  
"MA",1867,1,11985515  
"MA",1869,1,17051797  
"MA",1870,1,13485638  
"MA",1871,1,18410052  
"MA",1872,1,18101810  
"MA",1873,1,11894917  
"MA",1874,1,11247339  
"MA",1875,1,15981104  
"MA",1876,1,11185826  
"MA",1877,1,8761571   
"MA",1878,1,5475170   
"MA",1879,1,7929385   
"MA",1880,1,12163877  
"MA",1881,1,15428118  
"MA",1882,1,8090348   
"MA",1883,1,8414867   
"MA",1884,1,8579189   
"MA",1885,1,8876603   
"MA",1886,1,8748653   
"MA",1887,1,11682597  
"MA",1888,1,14749108  
"MA",1889,1,16317939  
"MA",1890,1,11381733  
"MA",1891,1,18792999  
"MA",1892,1,11470577  
"MA",1893,1,13236636  
"MA",1894,1,25416571  
"MA",1895,1,20056785  
"MA",1896,1,14960826  
"MA",1897,1,15325830  
"MA",1898,1,15639272  
"MA",1899,1,19819159  
"MA",1900,1,20187720  
                      
"MA",1830,11,76197    
"MA",1830,14,198227   
"MA",1830,15,33150    
"MA",1830,22,351      
"MA",1830,29,216365   
"MA",1831,11,73691    
"MA",1831,14,196909   
"MA",1831,15,26321    
"MA",1831,22,419887   
"MA",1831,29,290629   
"MA",1833,14,266668   
"MA",1833,15,43135    
"MA",1833,22,452      
"MA",1833,29,220298   
"MA",1834,14,294452   
"MA",1834,15,41655    
"MA",1834,25,10269    
"MA",1834,29,240261   
"MA",1835,14,304211   
"MA",1835,15,45090    
"MA",1835,22,218      
"MA",1835,25,15895    
"MA",1835,29,338328   
"MA",1836,14,317547   
"MA",1836,15,57846    
"MA",1836,29,375844   
"MA",1837,14,379175   
"MA",1837,15,55943    
"MA",1837,23,1338174  
"MA",1837,24,247200   
"MA",1837,25,10261    
"MA",1837,29,370549   
"MA",1838,14,354562   
"MA",1838,15,41292    
"MA",1838,24,167110   
"MA",1838,25,38639    
"MA",1838,29,375655   
"MA",1839,14,341308   
"MA",1839,15,53460    
"MA",1839,22,3813     
"MA",1839,25,36094    
"MA",1839,29,832553   
"MA",1841,12,5573     
"MA",1841,14,336035   
"MA",1841,15,50469    
"MA",1841,22,2596     
"MA",1841,25,32680    
"MA",1841,29,583041   
"MA",1842,12,10580    
"MA",1842,14,328037   
"MA",1842,15,54436    
"MA",1842,22,1408     
"MA",1842,25,15237    
"MA",1842,29,1030345  
"MA",1843,12,4218     
"MA",1843,14,313269   
"MA",1843,15,46995    
"MA",1843,22,3621     
"MA",1843,29,519997   
"MA",1844,11,12676    
"MA",1844,12,432      
"MA",1844,14,305593   
"MA",1844,15,40950    
"MA",1844,22,5952     
"MA",1844,29,1310278  
"MA",1845,11,70718    
"MA",1845,12,98       
"MA",1845,14,304721   
"MA",1845,15,49295    
"MA",1845,22,9448     
"MA",1845,29,717528   
"MA",1846,11,66607    
"MA",1846,12,510      
"MA",1846,14,312000   
"MA",1846,15,52584    
"MA",1846,18,4263     
"MA",1846,22,2035     
"MA",1846,24,2666     
"MA",1846,29,406357   
"MA",1847,14,314701   
"MA",1847,15,45287    
"MA",1847,18,4493     
"MA",1847,22,2754     
"MA",1847,29,547334   
"MA",1848,14,326836   
"MA",1848,15,50531    
"MA",1848,18,3412     
"MA",1848,22,1345     
"MA",1848,24,3000     
"MA",1848,29,786720   
"MA",1849,14,338265   
"MA",1849,15,38580    
"MA",1849,18,1842     
"MA",1849,22,11218    
"MA",1849,24,52500    
"MA",1849,29,667405   
"MA",1850,14,354742   
"MA",1850,15,12959    
"MA",1850,18,2082     
"MA",1850,22,4188     
"MA",1850,24,63298    
"MA",1850,29,1098998  
"MA",1851,14,391272   
"MA",1851,15,14759    
"MA",1851,18,2018     
"MA",1851,22,6123     
"MA",1851,24,66750    
"MA",1851,27,3543     
"MA",1851,29,1136178  
"MA",1852,14,431605   
"MA",1852,15,12026    
"MA",1852,18,963      
"MA",1852,22,3588     
"MA",1852,24,68075    
"MA",1852,27,121171   
"MA",1852,29,1034138  
"MA",1853,11,286605   
"MA",1853,14,448423   
"MA",1853,15,86       
"MA",1853,18,542      
"MA",1853,22,4710     
"MA",1853,24,52500    
"MA",1853,26,65000    
"MA",1853,27,234470   
"MA",1853,29,1286407  
"MA",1854,11,279150   
"MA",1854,14,531600   
"MA",1854,18,528      
"MA",1854,22,4633     
"MA",1854,24,45000    
"MA",1854,26,18388    
"MA",1854,27,202864   
"MA",1854,29,1251742  
"MA",1855,11,428108   
"MA",1855,14,582241   
"MA",1855,22,3719     
"MA",1855,24,68900    
"MA",1855,26,31161    
"MA",1855,27,60550    
"MA",1855,29,1250292  
"MA",1856,11,585682   
"MA",1856,14,586757   
"MA",1856,18,521      
"MA",1856,22,775      
"MA",1856,24,52500    
"MA",1856,26,71533    
"MA",1856,27,3610     
"MA",1856,29,1303335  
"MA",1857,11,735406   
"MA",1857,14,592671   
"MA",1857,18,153      
"MA",1857,22,7417     
"MA",1857,24,528333   
"MA",1857,27,188      
"MA",1857,29,2677417  
"MA",1858,11,579989   
"MA",1858,14,609087   
"MA",1858,18,138      
"MA",1858,22,28762    
"MA",1858,24,750      
"MA",1858,27,163      
"MA",1858,29,549441   
"MA",1859,11,302964   
"MA",1859,14,630351   
"MA",1859,18,170      
"MA",1859,22,20706    
"MA",1859,24,300000   
"MA",1859,25,863      
"MA",1859,29,1761645  
"MA",1860,11,249174   
"MA",1860,14,650206   
"MA",1860,18,171      
"MA",1860,22,34203    
"MA",1860,27,138      
"MA",1860,29,2414820  
"MA",1861,11,302960   
"MA",1861,14,667012   
"MA",1861,18,216      
"MA",1861,22,30656    
"MA",1861,27,660      
"MA",1861,29,7964041  
"MA",1862,11,1776192  
"MA",1862,14,998407   
"MA",1862,18,286      
"MA",1862,22,77509    
"MA",1862,24,11881    
"MA",1862,26,2819     
"MA",1862,27,147      
"MA",1862,29,4733671  
"MA",1863,10,3324648  
"MA",1863,11,2425346  
"MA",1863,14,1169686  
"MA",1863,18,155      
"MA",1863,22,116752   
"MA",1863,24,61314    
"MA",1863,27,24855    
"MA",1863,29,5447844  
"MA",1864,11,2263287  
"MA",1864,13,1718948  
"MA",1864,14,1251764  
"MA",1864,18,631      
"MA",1864,22,56969    
"MA",1864,24,13728    
"MA",1864,26,81125    
"MA",1864,27,232      
"MA",1864,29,19903283 
"MA",1865,11,4689417  
"MA",1865,13,1301755  
"MA",1865,14,879432   
"MA",1865,18,4372     
"MA",1865,22,15873    
"MA",1865,24,9189     
"MA",1865,25,4426     
"MA",1865,27,163      
"MA",1865,29,16437837 
"MA",1866,11,3138098  
"MA",1866,13,1210695  
"MA",1866,14,530882   
"MA",1866,18,3000     
"MA",1866,22,186210   
"MA",1866,24,1260     
"MA",1866,27,9081     
"MA",1866,28,75       
"MA",1866,29,12463135 
"MA",1867,11,4951893  
"MA",1867,13,1498937  
"MA",1867,14,614096   
"MA",1867,18,21516    
"MA",1867,22,11182    
"MA",1867,24,1430     
"MA",1867,26,1        
"MA",1867,27,15015    
"MA",1867,29,4871445  
"MA",1869,11,2496765  
"MA",1869,13,1446893  
"MA",1869,14,1263357  
"MA",1869,15,37775    
"MA",1869,18,39709    
"MA",1869,22,8046     
"MA",1869,24,317      
"MA",1869,26,6        
"MA",1869,27,29741    
"MA",1869,29,11729188 
"MA",1870,11,2506590  
"MA",1870,13,1465452  
"MA",1870,14,1368031  
"MA",1870,15,7012     
"MA",1870,18,19092    
"MA",1870,22,65228    
"MA",1870,24,17126    
"MA",1870,25,55283    
"MA",1870,27,6431     
"MA",1870,29,7975393  
"MA",1871,11,2481477  
"MA",1871,12,52414    
"MA",1871,13,1465997  
"MA",1871,14,2193847  
"MA",1871,15,174      
"MA",1871,18,28465    
"MA",1871,22,27899    
"MA",1871,24,23131    
"MA",1871,27,4461     
"MA",1871,29,12132187 
"MA",1872,11,2012682  
"MA",1872,13,1519669  
"MA",1872,14,1719040  
"MA",1872,18,33677    
"MA",1872,22,31904    
"MA",1872,24,64494    
"MA",1872,27,4339     
"MA",1872,29,12716005 
"MA",1873,10,6358657  
"MA",1873,14,19956    
"MA",1873,18,43805    
"MA",1873,22,40045    
"MA",1873,24,17219    
"MA",1873,26,640      
"MA",1873,27,13805    
"MA",1873,28,27       
"MA",1873,29,5400763  
"MA",1874,10,6354995  
"MA",1874,14,19778    
"MA",1874,18,60691    
"MA",1874,22,38016    
"MA",1874,24,90006    
"MA",1874,26,1509     
"MA",1874,27,19858    
"MA",1874,29,4662486  
"MA",1875,10,6336230  
"MA",1875,14,19097    
"MA",1875,18,190580   
"MA",1875,22,22894    
"MA",1875,24,21927    
"MA",1875,26,1834     
"MA",1875,27,6129     
"MA",1875,29,9382413  
"MA",1876,11,1798468  
"MA",1876,13,1017289  
"MA",1876,14,3088832  
"MA",1876,18,162616   
"MA",1876,22,17685    
"MA",1876,24,42185    
"MA",1876,26,1156     
"MA",1876,27,7871     
"MA",1876,29,5049724  
"MA",1877,11,1499496  
"MA",1877,13,918109   
"MA",1877,14,3090914  
"MA",1877,16,3        
"MA",1877,18,180964   
"MA",1877,22,17106    
"MA",1877,24,70413    
"MA",1877,26,1543     
"MA",1877,27,3100     
"MA",1877,29,2979923  
"MA",1878,11,999170   
"MA",1878,13,949456   
"MA",1878,14,2785043  
"MA",1878,16,184      
"MA",1878,18,160667   
"MA",1878,22,17551    
"MA",1878,24,416731   
"MA",1878,26,3252     
"MA",1878,27,3000     
"MA",1878,29,140116   
"MA",1879,11,503420   
"MA",1879,13,1017488  
"MA",1879,14,2591116  
"MA",1879,16,355      
"MA",1879,18,172327   
"MA",1879,22,27663    
"MA",1879,24,236471   
"MA",1879,26,2066     
"MA",1879,27,1290     
"MA",1879,29,3377189  
"MA",1880,11,1495010  
"MA",1880,13,1618433  
"MA",1880,14,2958027  
"MA",1880,16,591      
"MA",1880,18,192839   
"MA",1880,22,53347    
"MA",1880,24,305030   
"MA",1880,26,1872     
"MA",1880,27,1200     
"MA",1880,28,1405     
"MA",1880,29,5536123  
"MA",1881,11,1503600  
"MA",1881,13,1964063  
"MA",1881,14,3160187  
"MA",1881,16,944      
"MA",1881,18,188108   
"MA",1881,22,32678    
"MA",1881,24,320433   
"MA",1881,26,322      
"MA",1881,27,1000     
"MA",1881,29,8256783  
"MA",1882,11,2001410  
"MA",1882,13,2121923  
"MA",1882,14,2400669  
"MA",1882,16,1295     
"MA",1882,18,207169   
"MA",1882,22,32912    
"MA",1882,24,237012   
"MA",1882,26,3447     
"MA",1882,27,2500     
"MA",1882,29,1082011  
"MA",1883,11,1500000  
"MA",1883,13,2052297  
"MA",1883,14,2187808  
"MA",1883,18,239698   
"MA",1883,22,43519    
"MA",1883,24,391354   
"MA",1883,26,1123     
"MA",1883,27,1360     
"MA",1883,29,1997708  
"MA",1884,11,2000000  
"MA",1884,13,2162223  
"MA",1884,14,2387948  
"MA",1884,18,302037   
"MA",1884,22,80758    
"MA",1884,23,28619    
"MA",1884,24,318993   
"MA",1884,26,3237     
"MA",1884,27,2800     
"MA",1884,29,1292574  
"MA",1885,11,1500000  
"MA",1885,13,2002504  
"MA",1885,14,1631849  
"MA",1885,18,336707   
"MA",1885,22,36703    
"MA",1885,23,30770    
"MA",1885,24,2033188  
"MA",1885,26,495      
"MA",1885,27,1900     
"MA",1885,29,1302487  
"MA",1886,11,1499805  
"MA",1886,12,744      
"MA",1886,13,2227580  
"MA",1886,14,2786487  
"MA",1886,18,346140   
"MA",1886,22,39987    
"MA",1886,23,9673     
"MA",1886,24,450675   
"MA",1886,26,908      
"MA",1886,27,2760     
"MA",1886,29,1383894  
"MA",1887,11,2250128  
"MA",1887,12,3816     
"MA",1887,13,2832006  
"MA",1887,14,2500183  
"MA",1887,18,294660   
"MA",1887,22,42779    
"MA",1887,24,181290   
"MA",1887,26,405      
"MA",1887,27,2000     
"MA",1887,29,3575330  
"MA",1888,11,2248223  
"MA",1888,13,2933513  
"MA",1888,14,2429755  
"MA",1888,16,2297     
"MA",1888,18,386306   
"MA",1888,22,43830    
"MA",1888,23,154239   
"MA",1888,24,94354    
"MA",1888,26,577      
"MA",1888,27,2501     
"MA",1888,29,6453513  
"MA",1889,11,2000000  
"MA",1889,13,2841905  
"MA",1889,14,2517567  
"MA",1889,18,500799   
"MA",1889,19,1845     
"MA",1889,22,48027    
"MA",1889,23,94934    
"MA",1889,24,77273    
"MA",1889,26,455      
"MA",1889,27,2002     
"MA",1889,29,8233132  
"MA",1890,11,1749213  
"MA",1890,13,3132887  
"MA",1890,14,2603241  
"MA",1890,16,3057     
"MA",1890,18,482611   
"MA",1890,22,53660    
"MA",1890,23,26228    
"MA",1890,24,123273   
"MA",1890,26,5194     
"MA",1890,27,12104    
"MA",1890,29,3190265  
"MA",1891,11,1500000  
"MA",1891,13,3317311  
"MA",1891,14,2652525  
"MA",1891,18,632713   
"MA",1891,19,788      
"MA",1891,22,50925    
"MA",1891,23,16058    
"MA",1891,24,84385    
"MA",1891,26,25917    
"MA",1891,27,276265   
"MA",1891,29,10236112 
"MA",1892,11,1750000  
"MA",1892,12,1776     
"MA",1892,13,3434049  
"MA",1892,14,2749498  
"MA",1892,16,13855    
"MA",1892,18,565954   
"MA",1892,22,59057    
"MA",1892,24,130417   
"MA",1892,26,59813    
"MA",1892,27,1000     
"MA",1892,28,29250    
"MA",1892,29,2675908  
"MA",1893,11,2489425  
"MA",1893,13,3690359  
"MA",1893,14,2808166  
"MA",1893,16,59429    
"MA",1893,18,544682   
"MA",1893,22,60019    
"MA",1893,24,125897   
"MA",1893,26,53596    
"MA",1893,27,1200     
"MA",1893,29,3403863  
"MA",1894,11,1999840  
"MA",1894,12,7030     
"MA",1894,13,3457797  
"MA",1894,14,2749531  
"MA",1894,16,239369   
"MA",1894,18,602807   
"MA",1894,19,10575    
"MA",1894,22,83814    
"MA",1894,24,120194   
"MA",1894,26,281480   
"MA",1894,27,3000     
"MA",1894,29,15837078 
"MA",1894,39,24056    
"MA",1895,11,1499550  
"MA",1895,12,4575     
"MA",1895,13,3631739  
"MA",1895,14,2809099  
"MA",1895,16,419427   
"MA",1895,18,739935   
"MA",1895,19,160      
"MA",1895,22,99966    
"MA",1895,24,115045   
"MA",1895,26,117204   
"MA",1895,27,2500     
"MA",1895,29,10617585 
"MA",1896,11,1744890  
"MA",1896,12,4466     
"MA",1896,13,3801427  
"MA",1896,14,2821645  
"MA",1896,16,275573   
"MA",1896,18,732646   
"MA",1896,19,450      
"MA",1896,22,93348    
"MA",1896,24,133058   
"MA",1896,26,132827   
"MA",1896,27,1100     
"MA",1896,29,5219396  
"MA",1897,11,1750000  
"MA",1897,12,3595     
"MA",1897,13,3810077  
"MA",1897,14,2840438  
"MA",1897,16,501762   
"MA",1897,18,849094   
"MA",1897,19,5110     
"MA",1897,22,96717    
"MA",1897,24,506743   
"MA",1897,26,300808   
"MA",1897,29,4661486  
"MA",1898,11,1500000  
"MA",1898,12,1000     
"MA",1898,13,4182237  
"MA",1898,14,2973299  
"MA",1898,16,564713   
"MA",1898,18,836596   
"MA",1898,22,94637    
"MA",1898,24,13273    
"MA",1898,25,2        
"MA",1898,26,135330   
"MA",1898,28,241      
"MA",1898,29,5337944  
"MA",1899,11,1500000  
"MA",1899,12,627      
"MA",1899,13,5202267  
"MA",1899,14,2998368  
"MA",1899,16,478810   
"MA",1899,18,804137   
"MA",1899,22,79512    
"MA",1899,24,3969     
"MA",1899,26,270654   
"MA",1899,29,8480815  
"MA",1900,11,1500000  
"MA",1900,12,665      
"MA",1900,13,4956989  
"MA",1900,14,3159732  
"MA",1900,16,400829   
"MA",1900,18,884538   
"MA",1900,22,84765    
"MA",1900,24,4050     
"MA",1900,26,332875   
"MA",1900,29,8863277  
                      
"MA",1830,110,76197   
"MA",1830,142,198227  
"MA",1830,150,33150   
"MA",1830,220,351     
"MA",1830,290,94      
"MA",1830,291,3281    
"MA",1830,293,212190  
"MA",1830,294,800     
"MA",1831,110,73691   
"MA",1831,142,196909  
"MA",1831,150,26321   
"MA",1831,220,419887  
"MA",1831,290,756     
"MA",1831,291,9272    
"MA",1831,293,276289  
"MA",1831,294,4312    
"MA",1833,142,266668  
"MA",1833,150,43135   
"MA",1833,220,452     
"MA",1833,290,3       
"MA",1833,291,17077   
"MA",1833,293,171285  
"MA",1833,294,31933   
"MA",1834,142,294452  
"MA",1834,150,41655   
"MA",1834,250,10269   
"MA",1834,290,839     
"MA",1834,291,16901   
"MA",1834,293,214651  
"MA",1834,294,7870    
"MA",1835,142,304211  
"MA",1835,150,45090   
"MA",1835,220,218     
"MA",1835,250,15895   
"MA",1835,290,1111    
"MA",1835,291,20440   
"MA",1835,293,242692  
"MA",1835,294,74085   
"MA",1836,142,317547  
"MA",1836,150,57846   
"MA",1836,290,3972    
"MA",1836,291,23844   
"MA",1836,293,348028  
"MA",1837,142,379175  
"MA",1837,150,55943   
"MA",1837,235,1338174 
"MA",1837,240,247200  
"MA",1837,250,10261   
"MA",1837,290,3495    
"MA",1837,291,34966   
"MA",1837,293,332088  
"MA",1838,142,354562  
"MA",1838,150,41292   
"MA",1838,240,167110  
"MA",1838,250,38639   
"MA",1838,290,19691   
"MA",1838,291,71067   
"MA",1838,293,142000  
"MA",1838,298,142897  
"MA",1839,142,341308  
"MA",1839,150,53460   
"MA",1839,220,3813    
"MA",1839,250,36094   
"MA",1839,290,12688   
"MA",1839,291,95328   
"MA",1839,293,450437  
"MA",1839,298,274100  
"MA",1841,122,5573    
"MA",1841,142,336035  
"MA",1841,150,50469   
"MA",1841,220,2596    
"MA",1841,250,32680   
"MA",1841,290,17601   
"MA",1841,291,106226  
"MA",1841,293,212400  
"MA",1841,294,8954    
"MA",1841,298,237860  
"MA",1842,122,10580   
"MA",1842,142,328037  
"MA",1842,150,54436   
"MA",1842,220,1408    
"MA",1842,250,15237   
"MA",1842,290,1850    
"MA",1842,291,1837    
"MA",1842,293,766543  
"MA",1842,294,28223   
"MA",1842,298,231892  
"MA",1843,122,4218    
"MA",1843,142,313269  
"MA",1843,150,46995   
"MA",1843,220,3621    
"MA",1843,290,158322  
"MA",1843,291,448     
"MA",1843,293,157649  
"MA",1843,294,4551    
"MA",1843,298,199027  
"MA",1844,110,12676   
"MA",1844,122,432     
"MA",1844,142,305593  
"MA",1844,150,40950   
"MA",1844,220,5952    
"MA",1844,290,9271    
"MA",1844,291,273     
"MA",1844,293,295000  
"MA",1844,294,1881    
"MA",1844,298,1003853 
"MA",1845,110,70718   
"MA",1845,122,98      
"MA",1845,142,304721  
"MA",1845,150,49295   
"MA",1845,220,9448    
"MA",1845,290,8458    
"MA",1845,291,242     
"MA",1845,292,60000   
"MA",1845,293,206800  
"MA",1845,294,2568    
"MA",1845,298,439460  
"MA",1846,110,66607   
"MA",1846,122,510     
"MA",1846,142,312000  
"MA",1846,150,52584   
"MA",1846,180,4263    
"MA",1846,220,2035    
"MA",1846,240,2666    
"MA",1846,290,12769   
"MA",1846,291,408     
"MA",1846,292,50000   
"MA",1846,293,54000   
"MA",1846,294,848     
"MA",1846,298,288332  
"MA",1847,142,314701  
"MA",1847,150,45287   
"MA",1847,180,4493    
"MA",1847,220,2754    
"MA",1847,290,59307   
"MA",1847,291,234     
"MA",1847,292,71764   
"MA",1847,293,150000  
"MA",1847,294,1791    
"MA",1847,298,264238  
"MA",1848,142,326836  
"MA",1848,150,50531   
"MA",1848,180,3412    
"MA",1848,220,1345    
"MA",1848,240,3000    
"MA",1848,290,335160  
"MA",1848,291,678     
"MA",1848,292,94112   
"MA",1848,293,319000  
"MA",1848,294,495     
"MA",1848,298,37275   
"MA",1849,142,338265  
"MA",1849,150,38580   
"MA",1849,180,1842    
"MA",1849,220,11218   
"MA",1849,240,52500   
"MA",1849,290,12232   
"MA",1849,291,35864   
"MA",1849,292,87136   
"MA",1849,293,329650  
"MA",1849,294,996     
"MA",1849,298,201527  
"MA",1850,142,354742  
"MA",1850,150,12959   
"MA",1850,180,2082    
"MA",1850,220,4188    
"MA",1850,240,63298   
"MA",1850,290,161449  
"MA",1850,291,42613   
"MA",1850,292,80000   
"MA",1850,293,495600  
"MA",1850,298,319336  
"MA",1851,142,391066  
"MA",1851,146,206     
"MA",1851,150,14759   
"MA",1851,180,2018    
"MA",1851,220,6123    
"MA",1851,240,66750   
"MA",1851,270,3543    
"MA",1851,290,190702  
"MA",1851,291,49816   
"MA",1851,292,80000   
"MA",1851,293,345000  
"MA",1851,298,470660  
"MA",1852,142,430261  
"MA",1852,146,1344    
"MA",1852,150,12026   
"MA",1852,180,963     
"MA",1852,220,3416    
"MA",1852,222,172     
"MA",1852,240,68075   
"MA",1852,270,121171  
"MA",1852,290,30900   
"MA",1852,291,47752   
"MA",1852,292,75000   
"MA",1852,298,880486  
"MA",1853,110,286605  
"MA",1853,142,443340  
"MA",1853,146,5083    
"MA",1853,150,86      
"MA",1853,180,542     
"MA",1853,220,4710    
"MA",1853,240,52500   
"MA",1853,260,65000   
"MA",1853,270,234470  
"MA",1853,290,37846   
"MA",1853,291,91900   
"MA",1853,292,65000   
"MA",1853,293,546800  
"MA",1853,298,544861  
"MA",1854,110,279150  
"MA",1854,142,527368  
"MA",1854,146,4232    
"MA",1854,180,528     
"MA",1854,220,4633    
"MA",1854,240,45000   
"MA",1854,260,16788   
"MA",1854,261,1600    
"MA",1854,270,202864  
"MA",1854,290,54400   
"MA",1854,291,40483   
"MA",1854,292,59696   
"MA",1854,293,617437  
"MA",1854,298,479726  
"MA",1855,110,428108  
"MA",1855,142,580983  
"MA",1855,146,1258    
"MA",1855,220,3719    
"MA",1855,240,68900   
"MA",1855,260,31150   
"MA",1855,261,11      
"MA",1855,270,60550   
"MA",1855,290,17062   
"MA",1855,291,5402    
"MA",1855,292,49392   
"MA",1855,293,765237  
"MA",1855,298,413199  
"MA",1856,110,585682  
"MA",1856,142,583445  
"MA",1856,146,3312    
"MA",1856,180,521     
"MA",1856,220,725     
"MA",1856,222,50      
"MA",1856,240,52500   
"MA",1856,260,69000   
"MA",1856,261,2533    
"MA",1856,270,3610    
"MA",1856,290,327900  
"MA",1856,291,12799   
"MA",1856,292,49392   
"MA",1856,293,509353  
"MA",1856,296,11      
"MA",1856,298,403880  
"MA",1857,110,735406  
"MA",1857,142,590853  
"MA",1857,146,1818    
"MA",1857,180,153     
"MA",1857,220,7417    
"MA",1857,240,528333  
"MA",1857,270,188     
"MA",1857,290,225257  
"MA",1857,291,34445   
"MA",1857,292,56448   
"MA",1857,293,948600  
"MA",1857,294,17500   
"MA",1857,298,1395167 
"MA",1858,110,579989  
"MA",1858,142,606100  
"MA",1858,146,2987    
"MA",1858,180,138     
"MA",1858,220,28762   
"MA",1858,240,750     
"MA",1858,270,163     
"MA",1858,290,15842   
"MA",1858,291,1828    
"MA",1858,292,56448   
"MA",1858,294,31936   
"MA",1858,298,443387  
"MA",1859,110,302964  
"MA",1859,142,626932  
"MA",1859,146,3419    
"MA",1859,180,170     
"MA",1859,220,20706   
"MA",1859,240,300000  
"MA",1859,250,863     
"MA",1859,290,265052  
"MA",1859,291,61011   
"MA",1859,292,56448   
"MA",1859,293,1093851 
"MA",1859,298,285283  
"MA",1860,110,249174  
"MA",1860,142,646054  
"MA",1860,146,4152    
"MA",1860,180,171     
"MA",1860,220,20831   
"MA",1860,221,10756   
"MA",1860,222,2616    
"MA",1860,270,138     
"MA",1860,290,166947  
"MA",1860,291,75606   
"MA",1860,292,56448   
"MA",1860,293,861000  
"MA",1860,298,1254819 
"MA",1861,110,302960  
"MA",1861,140,2904    
"MA",1861,142,660397  
"MA",1861,146,3711    
"MA",1861,180,216     
"MA",1861,220,22556   
"MA",1861,221,3929    
"MA",1861,222,4171    
"MA",1861,270,660     
"MA",1861,290,18529   
"MA",1861,291,101850  
"MA",1861,292,78351   
"MA",1861,293,844000  
"MA",1861,298,6921311 
"MA",1862,110,1776192 
"MA",1862,140,3914    
"MA",1862,141,240     
"MA",1862,142,883231  
"MA",1862,146,111022  
"MA",1862,180,286     
"MA",1862,220,34248   
"MA",1862,221,1808    
"MA",1862,222,41453   
"MA",1862,240,11881   
"MA",1862,261,2819    
"MA",1862,270,147     
"MA",1862,290,215167  
"MA",1862,291,103119  
"MA",1862,292,61698   
"MA",1862,293,2045500 
"MA",1862,296,2476    
"MA",1862,298,2305711 
"MA",1863,100,3324648 
"MA",1863,110,2425346 
"MA",1863,140,34175   
"MA",1863,141,520     
"MA",1863,142,1046809 
"MA",1863,146,88182   
"MA",1863,180,155     
"MA",1863,220,23067   
"MA",1863,221,534     
"MA",1863,222,93151   
"MA",1863,240,61314   
"MA",1863,270,24855   
"MA",1863,290,931810  
"MA",1863,291,113107  
"MA",1863,292,117765  
"MA",1863,293,1826334 
"MA",1863,294,1306476 
"MA",1863,295,531     
"MA",1863,296,9451    
"MA",1863,298,1142370 
"MA",1864,110,2263287 
"MA",1864,132,1718948 
"MA",1864,140,5513    
"MA",1864,141,630     
"MA",1864,142,1083128 
"MA",1864,146,162493  
"MA",1864,180,631     
"MA",1864,220,14852   
"MA",1864,221,435     
"MA",1864,222,41682   
"MA",1864,240,13728   
"MA",1864,261,81125   
"MA",1864,270,232     
"MA",1864,290,106363  
"MA",1864,291,144533  
"MA",1864,292,244813  
"MA",1864,293,115669  
"MA",1864,294,163500  
"MA",1864,295,150     
"MA",1864,296,50409   
"MA",1864,298,19077846
"MA",1865,110,4689417 
"MA",1865,132,1301755 
"MA",1865,140,482     
"MA",1865,141,1540    
"MA",1865,142,646476  
"MA",1865,146,230934  
"MA",1865,180,4372    
"MA",1865,220,15440   
"MA",1865,221,409     
"MA",1865,222,24      
"MA",1865,240,9189    
"MA",1865,250,4426    
"MA",1865,270,163     
"MA",1865,290,28672   
"MA",1865,291,122118  
"MA",1865,292,151537  
"MA",1865,295,190     
"MA",1865,296,62803   
"MA",1865,298,16072517
"MA",1866,110,3138098 
"MA",1866,132,1210695 
"MA",1866,140,2989    
"MA",1866,142,318624  
"MA",1866,146,209269  
"MA",1866,180,3000    
"MA",1866,220,12354   
"MA",1866,221,445     
"MA",1866,222,173411  
"MA",1866,240,1260    
"MA",1866,270,9081    
"MA",1866,280,75      
"MA",1866,290,45885   
"MA",1866,291,184717  
"MA",1866,292,5565    
"MA",1866,296,108995  
"MA",1866,298,12117973
"MA",1867,110,4951893 
"MA",1867,132,1498937 
"MA",1867,140,5638    
"MA",1867,142,375621  
"MA",1867,146,232837  
"MA",1867,180,21516   
"MA",1867,220,10711   
"MA",1867,221,424     
"MA",1867,222,47      
"MA",1867,240,1430    
"MA",1867,260,1       
"MA",1867,270,15015   
"MA",1867,290,35262   
"MA",1867,291,242846  
"MA",1867,292,3551    
"MA",1867,296,141528  
"MA",1867,298,4448258 
"MA",1869,110,2496765 
"MA",1869,132,1446893 
"MA",1869,140,3914    
"MA",1869,141,1280    
"MA",1869,142,969487  
"MA",1869,146,288676  
"MA",1869,150,37775   
"MA",1869,180,39709   
"MA",1869,220,2590    
"MA",1869,221,424     
"MA",1869,222,4182    
"MA",1869,224,850     
"MA",1869,240,317     
"MA",1869,260,6       
"MA",1869,270,29741   
"MA",1869,290,56213   
"MA",1869,291,28567   
"MA",1869,292,56088   
"MA",1869,294,500     
"MA",1869,296,159917  
"MA",1869,298,11427903
"MA",1870,110,2506590 
"MA",1870,132,1465452 
"MA",1870,140,823     
"MA",1870,141,14042   
"MA",1870,142,1109053 
"MA",1870,146,244113  
"MA",1870,150,7012    
"MA",1870,180,19092   
"MA",1870,220,3747    
"MA",1870,221,4104    
"MA",1870,222,53716   
"MA",1870,224,3661    
"MA",1870,240,17126   
"MA",1870,250,55283   
"MA",1870,270,6431    
"MA",1870,290,50302   
"MA",1870,291,38475   
"MA",1870,292,4526    
"MA",1870,293,2538919 
"MA",1870,294,1790    
"MA",1870,296,176132  
"MA",1870,298,5165249 
"MA",1871,110,2481477 
"MA",1871,120,52414   
"MA",1871,132,1465997 
"MA",1871,141,20422   
"MA",1871,142,1939464 
"MA",1871,146,233961  
"MA",1871,150,174     
"MA",1871,180,28465   
"MA",1871,220,6464    
"MA",1871,221,422     
"MA",1871,222,18413   
"MA",1871,224,2600    
"MA",1871,240,23131   
"MA",1871,270,4461    
"MA",1871,290,35098   
"MA",1871,291,100697  
"MA",1871,292,51      
"MA",1871,293,2063807 
"MA",1871,294,39622   
"MA",1871,296,161130  
"MA",1871,298,9731782 
"MA",1872,110,2012682 
"MA",1872,132,1519669 
"MA",1872,141,12014   
"MA",1872,142,1490206 
"MA",1872,146,216820  
"MA",1872,180,33677   
"MA",1872,220,10427   
"MA",1872,221,517     
"MA",1872,222,11054   
"MA",1872,224,9906    
"MA",1872,240,64494   
"MA",1872,270,4339    
"MA",1872,290,90799   
"MA",1872,291,141279  
"MA",1872,293,4550784 
"MA",1872,294,283858  
"MA",1872,296,164158  
"MA",1872,298,7485127 
"MA",1873,100,6358657 
"MA",1873,146,19956   
"MA",1873,180,43805   
"MA",1873,220,12972   
"MA",1873,221,722     
"MA",1873,222,7352    
"MA",1873,224,18999   
"MA",1873,240,17219   
"MA",1873,261,640     
"MA",1873,270,13805   
"MA",1873,280,27      
"MA",1873,290,47022   
"MA",1873,291,193818  
"MA",1873,292,11450   
"MA",1873,293,1409851 
"MA",1873,294,110593  
"MA",1873,296,151664  
"MA",1873,298,3476365 
"MA",1874,100,6354995 
"MA",1874,146,19778   
"MA",1874,180,60691   
"MA",1874,220,10716   
"MA",1874,221,711     
"MA",1874,222,8433    
"MA",1874,224,18156   
"MA",1874,240,90006   
"MA",1874,261,1509    
"MA",1874,270,19858   
"MA",1874,290,100412  
"MA",1874,291,196307  
"MA",1874,292,25344   
"MA",1874,293,2186463 
"MA",1874,295,350     
"MA",1874,296,137008  
"MA",1874,298,2016602 
"MA",1875,100,6336230 
"MA",1875,146,19097   
"MA",1875,180,190580  
"MA",1875,220,8447    
"MA",1875,221,818     
"MA",1875,222,7928    
"MA",1875,224,5701    
"MA",1875,240,21927   
"MA",1875,260,123     
"MA",1875,261,1711    
"MA",1875,270,6129    
"MA",1875,290,20447   
"MA",1875,291,216596  
"MA",1875,293,377445  
"MA",1875,294,15874   
"MA",1875,295,950     
"MA",1875,296,92692   
"MA",1875,298,8658409 
"MA",1876,110,1798468 
"MA",1876,132,1017289 
"MA",1876,141,17045   
"MA",1876,142,2811871 
"MA",1876,146,259916  
"MA",1876,180,162616  
"MA",1876,220,8571    
"MA",1876,221,1116    
"MA",1876,222,7728    
"MA",1876,224,270     
"MA",1876,240,42185   
"MA",1876,260,56      
"MA",1876,261,1100    
"MA",1876,270,7871    
"MA",1876,290,2049    
"MA",1876,291,134784  
"MA",1876,292,17      
"MA",1876,293,2637723 
"MA",1876,295,1250    
"MA",1876,296,96472   
"MA",1876,298,2177429 
"MA",1877,110,1499496 
"MA",1877,132,918109  
"MA",1877,141,18616   
"MA",1877,142,2817417 
"MA",1877,146,254881  
"MA",1877,160,3       
"MA",1877,180,180964  
"MA",1877,220,8648    
"MA",1877,221,719     
"MA",1877,222,7700    
"MA",1877,224,39      
"MA",1877,240,70413   
"MA",1877,260,915     
"MA",1877,261,628     
"MA",1877,270,3100    
"MA",1877,290,4350    
"MA",1877,291,91344   
"MA",1877,292,528     
"MA",1877,293,1238508 
"MA",1877,295,1250    
"MA",1877,296,105646  
"MA",1877,298,1538297 
"MA",1878,110,999170  
"MA",1878,132,949456  
"MA",1878,141,21317   
"MA",1878,142,2513655 
"MA",1878,146,250071  
"MA",1878,160,184     
"MA",1878,180,160667  
"MA",1878,220,9446    
"MA",1878,221,631     
"MA",1878,222,7474    
"MA",1878,240,416731  
"MA",1878,260,2351    
"MA",1878,261,901     
"MA",1878,270,3000    
"MA",1878,290,2499    
"MA",1878,291,66377   
"MA",1878,292,1380    
"MA",1878,295,930     
"MA",1878,296,68930   
"MA",1879,110,503420  
"MA",1879,132,1017488 
"MA",1879,141,17292   
"MA",1879,142,2334135 
"MA",1879,146,239689  
"MA",1879,160,355     
"MA",1879,180,172327  
"MA",1879,220,20244   
"MA",1879,221,560     
"MA",1879,222,6841    
"MA",1879,224,18      
"MA",1879,240,236471  
"MA",1879,260,1462    
"MA",1879,261,604     
"MA",1879,270,1290    
"MA",1879,290,3391    
"MA",1879,291,41170   
"MA",1879,292,348     
"MA",1879,293,292547  
"MA",1879,294,359151  
"MA",1879,295,1265    
"MA",1879,296,99992   
"MA",1879,298,2579325 
"MA",1880,110,1495010 
"MA",1880,132,1618433 
"MA",1880,141,18474   
"MA",1880,142,2582089 
"MA",1880,146,357464  
"MA",1880,160,591     
"MA",1880,180,192839  
"MA",1880,220,22637   
"MA",1880,221,505     
"MA",1880,222,29348   
"MA",1880,224,857     
"MA",1880,240,305030  
"MA",1880,260,1102    
"MA",1880,261,770     
"MA",1880,270,1200    
"MA",1880,280,1405    
"MA",1880,290,888     
"MA",1880,291,31855   
"MA",1880,292,786     
"MA",1880,293,1139153 
"MA",1880,294,315465  
"MA",1880,295,1345    
"MA",1880,296,125590  
"MA",1880,298,3921041 
"MA",1881,110,1503600 
"MA",1881,132,1964063 
"MA",1881,141,20350   
"MA",1881,142,2670615 
"MA",1881,146,469222  
"MA",1881,160,944     
"MA",1881,180,188108  
"MA",1881,220,24464   
"MA",1881,221,437     
"MA",1881,222,7249    
"MA",1881,223,5       
"MA",1881,224,523     
"MA",1881,240,320433  
"MA",1881,260,167     
"MA",1881,261,155     
"MA",1881,270,1000    
"MA",1881,290,6853    
"MA",1881,291,68609   
"MA",1881,292,1892    
"MA",1881,293,1092009 
"MA",1881,294,625082  
"MA",1881,295,1390    
"MA",1881,296,126679  
"MA",1881,298,6334269 
"MA",1882,110,2001410 
"MA",1882,132,2121923 
"MA",1882,141,16183   
"MA",1882,142,2053587 
"MA",1882,146,330899  
"MA",1882,160,1295    
"MA",1882,180,207169  
"MA",1882,220,23695   
"MA",1882,221,418     
"MA",1882,222,8461    
"MA",1882,224,338     
"MA",1882,240,237012  
"MA",1882,260,3309    
"MA",1882,261,138     
"MA",1882,270,2500    
"MA",1882,290,15663   
"MA",1882,291,87745   
"MA",1882,292,1861    
"MA",1882,293,850000  
"MA",1882,295,1565    
"MA",1882,296,125177  
"MA",1883,110,1500000 
"MA",1883,132,2052297 
"MA",1883,142,1848099 
"MA",1883,146,339709  
"MA",1883,180,239698  
"MA",1883,220,28330   
"MA",1883,221,371     
"MA",1883,222,14477   
"MA",1883,224,341     
"MA",1883,240,391354  
"MA",1883,260,1003    
"MA",1883,261,120     
"MA",1883,270,1360    
"MA",1883,290,2460    
"MA",1883,291,77009   
"MA",1883,292,29190   
"MA",1883,293,700000  
"MA",1883,295,1930    
"MA",1883,296,112119  
"MA",1883,298,1075000 
"MA",1884,110,2000000 
"MA",1884,132,2162223 
"MA",1884,141,54685   
"MA",1884,142,2010183 
"MA",1884,146,323080  
"MA",1884,180,302037  
"MA",1884,220,35468   
"MA",1884,221,743     
"MA",1884,222,44303   
"MA",1884,224,244     
"MA",1884,235,28619   
"MA",1884,240,318993  
"MA",1884,260,3182    
"MA",1884,261,55      
"MA",1884,270,2800    
"MA",1884,290,256     
"MA",1884,291,57338   
"MA",1884,292,4601    
"MA",1884,293,1104000 
"MA",1884,294,25373   
"MA",1884,295,1875    
"MA",1884,296,99131   
"MA",1885,110,1500000 
"MA",1885,132,2002504 
"MA",1885,141,58832   
"MA",1885,142,1241266 
"MA",1885,146,331751  
"MA",1885,180,336707  
"MA",1885,220,28073   
"MA",1885,221,420     
"MA",1885,222,8200    
"MA",1885,224,10      
"MA",1885,235,30770   
"MA",1885,240,2033188 
"MA",1885,260,380     
"MA",1885,261,107     
"MA",1885,266,8       
"MA",1885,270,1900    
"MA",1885,290,266     
"MA",1885,291,67323   
"MA",1885,292,20053   
"MA",1885,293,1100000 
"MA",1885,294,13500   
"MA",1885,295,2290    
"MA",1885,296,99055   
"MA",1886,110,1499805 
"MA",1886,120,744     
"MA",1886,132,2227580 
"MA",1886,141,43093   
"MA",1886,142,2398378 
"MA",1886,146,345016  
"MA",1886,180,346140  
"MA",1886,220,30776   
"MA",1886,221,383     
"MA",1886,222,8762    
"MA",1886,224,66      
"MA",1886,235,9673    
"MA",1886,240,450675  
"MA",1886,260,849     
"MA",1886,261,59      
"MA",1886,270,2760    
"MA",1886,290,246     
"MA",1886,291,41638   
"MA",1886,292,3233    
"MA",1886,293,1253000 
"MA",1886,294,7500    
"MA",1886,296,78277   
"MA",1887,110,2250128 
"MA",1887,120,3816    
"MA",1887,132,2832006 
"MA",1887,141,77829   
"MA",1887,142,2057189 
"MA",1887,146,365165  
"MA",1887,180,294660  
"MA",1887,220,32203   
"MA",1887,221,425     
"MA",1887,222,10104   
"MA",1887,224,47      
"MA",1887,240,181290  
"MA",1887,260,290     
"MA",1887,261,115     
"MA",1887,270,2000    
"MA",1887,290,194601  
"MA",1887,291,850384  
"MA",1887,292,199     
"MA",1887,293,2450000 
"MA",1887,294,4000    
"MA",1887,296,76146   
"MA",1888,110,2248223 
"MA",1888,132,2933513 
"MA",1888,141,48230   
"MA",1888,142,1986984 
"MA",1888,146,394541  
"MA",1888,160,2297    
"MA",1888,180,386306  
"MA",1888,220,33713   
"MA",1888,221,366     
"MA",1888,222,9691    
"MA",1888,224,60      
"MA",1888,235,154239  
"MA",1888,240,94354   
"MA",1888,260,487     
"MA",1888,261,90      
"MA",1888,270,2501    
"MA",1888,290,257     
"MA",1888,291,925929  
"MA",1888,292,3076    
"MA",1888,293,5378061 
"MA",1888,296,146190  
"MA",1889,110,2000000 
"MA",1889,132,2841905 
"MA",1889,141,93865   
"MA",1889,142,2040450 
"MA",1889,146,383252  
"MA",1889,180,500799  
"MA",1889,191,1845    
"MA",1889,220,37917   
"MA",1889,221,360     
"MA",1889,222,9720    
"MA",1889,224,30      
"MA",1889,235,94934   
"MA",1889,240,77273   
"MA",1889,260,257     
"MA",1889,261,198     
"MA",1889,270,2002    
"MA",1889,290,10408   
"MA",1889,291,2653509 
"MA",1889,292,10886   
"MA",1889,293,5228520 
"MA",1889,294,53062   
"MA",1889,296,276747  
"MA",1890,110,1749213 
"MA",1890,132,3132887 
"MA",1890,141,53217   
"MA",1890,142,2135143 
"MA",1890,146,414881  
"MA",1890,160,3057    
"MA",1890,180,482611  
"MA",1890,220,44778   
"MA",1890,221,386     
"MA",1890,222,8479    
"MA",1890,224,17      
"MA",1890,235,26228   
"MA",1890,240,123273  
"MA",1890,260,5038    
"MA",1890,261,156     
"MA",1890,270,2200    
"MA",1890,273,9904    
"MA",1890,290,1189    
"MA",1890,291,889424  
"MA",1890,292,4058    
"MA",1890,293,2050130 
"MA",1890,294,3173    
"MA",1890,296,242291  
"MA",1891,110,1500000 
"MA",1891,132,3317311 
"MA",1891,141,79259   
"MA",1891,142,2136507 
"MA",1891,146,436759  
"MA",1891,180,632713  
"MA",1891,191,788     
"MA",1891,220,42365   
"MA",1891,221,353     
"MA",1891,222,8205    
"MA",1891,224,2       
"MA",1891,235,16058   
"MA",1891,240,84385   
"MA",1891,260,25749   
"MA",1891,261,168     
"MA",1891,270,1800    
"MA",1891,273,274465  
"MA",1891,290,696156  
"MA",1891,291,313544  
"MA",1891,292,3373    
"MA",1891,293,9009262 
"MA",1891,294,2000    
"MA",1891,296,211777  
"MA",1892,110,1750000 
"MA",1892,120,1776    
"MA",1892,132,3434049 
"MA",1892,141,78778   
"MA",1892,142,2198612 
"MA",1892,146,472108  
"MA",1892,160,13855   
"MA",1892,180,565954  
"MA",1892,220,49527   
"MA",1892,221,415     
"MA",1892,222,9115    
"MA",1892,240,130417  
"MA",1892,260,54762   
"MA",1892,261,5051    
"MA",1892,270,1000    
"MA",1892,281,29250   
"MA",1892,290,105     
"MA",1892,291,647673  
"MA",1892,292,3522    
"MA",1892,293,1800000 
"MA",1892,296,224608  
"MA",1893,110,2489425 
"MA",1893,132,3690359 
"MA",1893,141,79291   
"MA",1893,142,2237553 
"MA",1893,146,491322  
"MA",1893,160,59429   
"MA",1893,180,544682  
"MA",1893,220,58895   
"MA",1893,221,351     
"MA",1893,222,772     
"MA",1893,224,1       
"MA",1893,240,125897  
"MA",1893,260,53013   
"MA",1893,261,583     
"MA",1893,270,1200    
"MA",1893,290,186949  
"MA",1893,291,733739  
"MA",1893,292,421     
"MA",1893,293,2263000 
"MA",1893,294,9500    
"MA",1893,296,210254  
"MA",1894,110,1999840 
"MA",1894,120,7030    
"MA",1894,132,3457797 
"MA",1894,141,79232   
"MA",1894,142,2164988 
"MA",1894,146,505311  
"MA",1894,160,239369  
"MA",1894,180,602807  
"MA",1894,191,10575   
"MA",1894,220,74119   
"MA",1894,221,365     
"MA",1894,222,9330    
"MA",1894,240,120194  
"MA",1894,260,74185   
"MA",1894,261,207295  
"MA",1894,270,3000    
"MA",1894,290,167     
"MA",1894,291,2661431 
"MA",1894,293,12912458
"MA",1894,294,3600    
"MA",1894,296,259122  
"MA",1894,298,300     
"MA",1894,398,24056   
"MA",1895,110,1499550 
"MA",1895,120,4575    
"MA",1895,132,3631739 
"MA",1895,141,80144   
"MA",1895,142,2212327 
"MA",1895,146,516628  
"MA",1895,160,419427  
"MA",1895,180,739935  
"MA",1895,191,160     
"MA",1895,220,89882   
"MA",1895,221,442     
"MA",1895,222,9642    
"MA",1895,240,115045  
"MA",1895,260,116504  
"MA",1895,261,700     
"MA",1895,270,2500    
"MA",1895,290,2000    
"MA",1895,291,2300986 
"MA",1895,293,8048555 
"MA",1895,296,266026  
"MA",1895,298,18      
"MA",1896,110,1744890 
"MA",1896,120,4466    
"MA",1896,132,3801427 
"MA",1896,141,57928   
"MA",1896,142,2237261 
"MA",1896,146,526456  
"MA",1896,160,275573  
"MA",1896,180,732646  
"MA",1896,191,450     
"MA",1896,220,81656   
"MA",1896,221,364     
"MA",1896,222,11328   
"MA",1896,240,133058  
"MA",1896,260,132775  
"MA",1896,261,52      
"MA",1896,270,1100    
"MA",1896,290,1539    
"MA",1896,291,672145  
"MA",1896,292,19      
"MA",1896,293,4179000 
"MA",1896,296,366346  
"MA",1896,298,347     
"MA",1897,110,1750000 
"MA",1897,120,3595    
"MA",1897,132,3810077 
"MA",1897,141,59644   
"MA",1897,142,2216524 
"MA",1897,146,564270  
"MA",1897,160,501762  
"MA",1897,180,849094  
"MA",1897,191,5110    
"MA",1897,220,96717   
"MA",1897,240,506743  
"MA",1897,260,300808  
"MA",1897,290,290882  
"MA",1897,291,1589369 
"MA",1897,292,238     
"MA",1897,293,2523000 
"MA",1897,294,500     
"MA",1897,296,257497  
"MA",1898,110,1500000 
"MA",1898,120,1000    
"MA",1898,132,4182237 
"MA",1898,141,139318  
"MA",1898,142,2254396 
"MA",1898,146,579585  
"MA",1898,160,564713  
"MA",1898,180,836596  
"MA",1898,220,94637   
"MA",1898,240,13273   
"MA",1898,250,2       
"MA",1898,260,135330  
"MA",1898,282,241     
"MA",1898,290,64020   
"MA",1898,291,1538746 
"MA",1898,292,305     
"MA",1898,293,3017319 
"MA",1898,296,566340  
"MA",1898,298,151214  
"MA",1899,110,1500000 
"MA",1899,120,627     
"MA",1899,132,5202267 
"MA",1899,141,143170  
"MA",1899,142,2244211 
"MA",1899,146,610987  
"MA",1899,160,478810  
"MA",1899,180,804137  
"MA",1899,220,79512   
"MA",1899,240,3969    
"MA",1899,260,270654  
"MA",1899,290,320     
"MA",1899,291,5270361 
"MA",1899,292,1294    
"MA",1899,293,2450000 
"MA",1899,294,500     
"MA",1899,296,758325  
"MA",1899,298,15      
"MA",1900,110,1500000 
"MA",1900,120,665     
"MA",1900,132,4956989 
"MA",1900,141,150394  
"MA",1900,142,2347887 
"MA",1900,146,661451  
"MA",1900,160,400829  
"MA",1900,180,884538  
"MA",1900,220,84765   
"MA",1900,240,4050    
"MA",1900,260,332875  
"MA",1900,290,319     
"MA",1900,291,1356805 
"MA",1900,292,1100    
"MA",1900,293,6921953 
"MA",1900,296,583100  
