"SC",1800,1,207410.32  
"SC",1801,1,343350.87  
"SC",1802,1,345719.44  
"SC",1803,1,373289.71  
"SC",1804,1,327098.55  
"SC",1805,1,348042.06  
"SC",1806,1,369227.99  
"SC",1807,1,377751.74  
"SC",1808,1,368135.01  
"SC",1809,1,318303.42  
"SC",1810,1,302194.62  
"SC",1811,1,295935.7   
"SC",1812,1,279090.64  
"SC",1813,1,314500.75  
"SC",1814,1,435180.88  
"SC",1815,1,642074.69  
"SC",1816,1,526677.45  
"SC",1817,1,560751.64  
"SC",1818,1,491922.99  
"SC",1819,1,445092.72  
"SC",1820,1,394426.8   
"SC",1821,1,1945719.67 
"SC",1822,1,786247.71  
"SC",1823,1,1133144.12 
"SC",1824,1,315211.64  
"SC",1825,1,1060575.57 
"SC",1826,1,304852.32  
"SC",1827,1,627515.04  
"SC",1828,1,312456     
"SC",1829,1,328070     
"SC",1830,1,264433     
"SC",1831,1,276836     
"SC",1832,1,286747     
"SC",1833,1,274154     
"SC",1834,1,281533     
"SC",1835,1,392976     
"SC",1836,1,296588     
"SC",1837,1,430048     
"SC",1839,1,352729     
"SC",1840,1,299401     
"SC",1841,1,302208     
"SC",1842,1,308699     
"SC",1843,1,299196     
"SC",1844,1,306833     
"SC",1845,1,388143.94  
"SC",1846,1,367542     
"SC",1847,1,379638     
"SC",1848,1,338567     
"SC",1849,1,416470     
"SC",1850,1,397135     
"SC",1851,1,534030     
"SC",1852,1,532192     
"SC",1853,1,381432     
"SC",1854,1,713768     
"SC",1855,1,515910     
"SC",1856,1,596844     
"SC",1857,1,592148     
"SC",1858,1,1014416    
"SC",1859,1,958307     
"SC",1860,1,1053539    
"SC",1861,1,1577686    
"SC",1875,1,397135     
"SC",1876,1,534030     
"SC",1877,1,2660960    
"SC",1878,1,381432     
"SC",1879,1,713768     
"SC",1880,1,515910     
"SC",1881,1,596844     
"SC",1882,1,592149     
"SC",1883,1,1014416    
"SC",1884,1,958307     
"SC",1885,1,1053539    
"SC",1886,1,1577686    
                       
"SC",1800,11,169280.96 
"SC",1800,14,125       
"SC",1800,15,10264.53  
"SC",1800,18,428.57    
"SC",1800,22,176.42    
"SC",1800,29,27134.84  
"SC",1801,11,176844.25 
"SC",1801,15,24248.16  
"SC",1801,18,428.57    
"SC",1801,22,747.67    
"SC",1801,29,141082.22 
"SC",1802,11,135254.28 
"SC",1802,15,29179.97  
"SC",1802,22,5111.91   
"SC",1802,29,176173.28 
"SC",1803,11,116952.58 
"SC",1803,14,250       
"SC",1803,15,28104.9   
"SC",1803,18,228.51    
"SC",1803,22,2470.67   
"SC",1803,29,225283.05 
"SC",1804,11,110125.27 
"SC",1804,15,21480.24  
"SC",1804,22,9828.87   
"SC",1804,29,185664.17 
"SC",1805,11,135453.57 
"SC",1805,15,22056.59  
"SC",1805,22,1602.63   
"SC",1805,29,188929.27 
"SC",1806,11,143619.56 
"SC",1806,14,125       
"SC",1806,15,23969.2   
"SC",1806,18,400       
"SC",1806,22,9077.29   
"SC",1806,29,192036.94 
"SC",1807,11,141630.05 
"SC",1807,14,250       
"SC",1807,15,21862.76  
"SC",1807,18,628.57    
"SC",1807,22,9134.9    
"SC",1807,29,204245.46 
"SC",1808,11,132737.33 
"SC",1808,15,17946.95  
"SC",1808,18,428.57    
"SC",1808,22,1611.6    
"SC",1808,29,215410.56 
"SC",1809,11,97863.01  
"SC",1809,15,15760.99  
"SC",1809,22,646.8     
"SC",1809,29,204032.62 
"SC",1810,11,102379.11 
"SC",1810,15,6302      
"SC",1810,18,857.14    
"SC",1810,22,6411.21   
"SC",1810,29,186245.16 
"SC",1811,11,95493.08  
"SC",1811,18,428.57    
"SC",1811,22,1119.24   
"SC",1811,29,198894.81 
"SC",1812,11,99648.62  
"SC",1812,15,1886.73   
"SC",1812,18,428.57    
"SC",1812,22,3026.34   
"SC",1812,29,174100.38 
"SC",1813,11,110442.77 
"SC",1813,22,1563.16   
"SC",1813,29,202494.82 
"SC",1814,11,303366.72 
"SC",1814,22,2215.12   
"SC",1814,29,129599.04 
"SC",1815,11,486104.49 
"SC",1815,15,26.05     
"SC",1815,22,376.42    
"SC",1815,29,155567.73 
"SC",1816,11,331841.65 
"SC",1816,14,375       
"SC",1816,22,852.04    
"SC",1816,29,193608.76 
"SC",1817,11,361456.42 
"SC",1817,14,1500      
"SC",1817,22,1354.07   
"SC",1817,29,196441.15 
"SC",1818,11,267235.05 
"SC",1818,14,375       
"SC",1818,16,15        
"SC",1818,22,1422.51   
"SC",1818,29,222875.43 
"SC",1819,11,262162.57 
"SC",1819,14,625       
"SC",1819,16,6         
"SC",1819,22,1166.95   
"SC",1819,27,1233.08   
"SC",1819,29,179899.12 
"SC",1820,11,264439.47 
"SC",1820,14,875       
"SC",1820,22,4320.08   
"SC",1820,29,124792.25 
"SC",1821,11,254651.79 
"SC",1821,14,500       
"SC",1821,15,381.4     
"SC",1821,22,2187.94   
"SC",1821,29,1687998.54
"SC",1822,11,262010.55 
"SC",1822,14,875       
"SC",1822,22,2534.55   
"SC",1822,23,155000    
"SC",1822,25,214.25    
"SC",1822,29,365613.36 
"SC",1823,11,273907.35 
"SC",1823,14,503.5     
"SC",1823,22,1325.07   
"SC",1823,29,857408.2  
"SC",1824,11,296173.22 
"SC",1824,14,1642.74   
"SC",1824,22,497.96    
"SC",1824,29,16897.72  
"SC",1825,11,291725.87 
"SC",1825,14,250       
"SC",1825,22,1567.81   
"SC",1825,27,699.19    
"SC",1825,29,766332.7  
"SC",1826,11,292426.46 
"SC",1826,22,1934.21   
"SC",1826,27,81.17     
"SC",1826,29,10410.48  
"SC",1827,11,297206.64 
"SC",1827,22,887.25    
"SC",1827,27,3465.07   
"SC",1827,29,325956.08 
"SC",1828,10,297820    
"SC",1828,12,600       
"SC",1828,22,1238      
"SC",1828,25,588       
"SC",1828,27,140       
"SC",1828,29,12070     
"SC",1829,10,310818    
"SC",1829,22,2488      
"SC",1829,25,425       
"SC",1829,27,13        
"SC",1829,29,14326     
"SC",1830,10,257061    
"SC",1830,21,223       
"SC",1830,22,60        
"SC",1830,27,253       
"SC",1830,29,6836      
"SC",1831,10,266923    
"SC",1831,22,2337      
"SC",1831,27,2061      
"SC",1831,29,5515      
"SC",1832,10,258312    
"SC",1832,12,200       
"SC",1832,22,37        
"SC",1832,29,28198     
"SC",1833,10,255301    
"SC",1833,12,467       
"SC",1833,22,5         
"SC",1833,29,18381     
"SC",1834,10,256185    
"SC",1834,22,324       
"SC",1834,29,25024     
"SC",1835,10,269693    
"SC",1835,22,133       
"SC",1835,27,8646      
"SC",1835,29,114504    
"SC",1836,10,272998    
"SC",1836,22,22        
"SC",1836,27,6379      
"SC",1836,29,17189     
"SC",1837,16,130885    
"SC",1837,19,277935    
"SC",1837,22,4094      
"SC",1837,29,17134     
"SC",1839,16,3500      
"SC",1839,19,287395    
"SC",1839,22,24        
"SC",1839,27,177       
"SC",1839,29,61633     
"SC",1840,29,299401    
"SC",1841,11,1901      
"SC",1841,19,295398    
"SC",1841,21,2990      
"SC",1841,22,126       
"SC",1841,27,213       
"SC",1841,29,1580      
"SC",1842,11,1938      
"SC",1842,19,295199    
"SC",1842,22,1183      
"SC",1842,27,3382      
"SC",1842,29,6997      
"SC",1843,19,275979    
"SC",1843,29,23217     
"SC",1844,19,280700    
"SC",1844,22,33        
"SC",1844,27,3054      
"SC",1844,29,23046     
"SC",1845,12,540       
"SC",1845,19,285702.94 
"SC",1845,27,3224      
"SC",1845,29,98677     
"SC",1846,19,288952    
"SC",1846,27,523       
"SC",1846,29,78067     
"SC",1847,19,287796    
"SC",1847,27,1813      
"SC",1847,29,40029     
"SC",1847,39,50000     
"SC",1848,19,281294    
"SC",1848,27,7029      
"SC",1848,29,244       
"SC",1848,39,50000     
"SC",1849,19,284907    
"SC",1849,27,6960      
"SC",1849,29,44603     
"SC",1849,39,80000     
"SC",1850,19,313382    
"SC",1850,27,3326      
"SC",1850,29,80427     
"SC",1851,19,491050    
"SC",1851,27,961       
"SC",1851,29,42019     
"SC",1852,19,331341    
"SC",1852,29,200851    
"SC",1853,19,341854    
"SC",1853,29,39578     
"SC",1854,19,405585    
"SC",1854,27,900       
"SC",1854,29,307283    
"SC",1855,19,377502    
"SC",1855,29,138408    
"SC",1856,19,501772    
"SC",1856,27,1765      
"SC",1856,29,93307     
"SC",1857,19,434167    
"SC",1857,27,1000      
"SC",1857,29,156981    
"SC",1858,19,439137    
"SC",1858,27,1960      
"SC",1858,29,573319    
"SC",1859,19,600444    
"SC",1859,27,1000      
"SC",1859,29,356863    
"SC",1860,19,591800    
"SC",1860,27,3335      
"SC",1860,29,458404    
"SC",1861,19,861317    
"SC",1861,29,716369    
"SC",1875,10,0         
"SC",1875,11,0         
"SC",1875,12,0         
"SC",1875,13,0         
"SC",1875,14,0         
"SC",1875,15,0         
"SC",1875,16,0         
"SC",1875,17,0         
"SC",1875,18,0         
"SC",1875,19,313382    
"SC",1875,20,0         
"SC",1875,21,0         
"SC",1875,22,0         
"SC",1875,23,0         
"SC",1875,24,0         
"SC",1875,25,0         
"SC",1875,26,0         
"SC",1875,27,3326      
"SC",1875,28,0         
"SC",1875,29,80427     
"SC",1876,10,0         
"SC",1876,11,0         
"SC",1876,12,0         
"SC",1876,13,0         
"SC",1876,14,0         
"SC",1876,15,0         
"SC",1876,16,0         
"SC",1876,17,0         
"SC",1876,18,0         
"SC",1876,19,491050    
"SC",1876,20,0         
"SC",1876,21,0         
"SC",1876,22,0         
"SC",1876,23,0         
"SC",1876,24,0         
"SC",1876,25,0         
"SC",1876,26,0         
"SC",1876,27,961       
"SC",1876,28,0         
"SC",1876,29,42019     
"SC",1877,10,0         
"SC",1877,11,532192    
"SC",1877,12,532192    
"SC",1877,13,1064384   
"SC",1877,14,0         
"SC",1877,15,0         
"SC",1877,16,0         
"SC",1877,17,0         
"SC",1877,18,0         
"SC",1877,19,331341    
"SC",1877,20,0         
"SC",1877,21,0         
"SC",1877,22,0         
"SC",1877,23,0         
"SC",1877,24,0         
"SC",1877,25,0         
"SC",1877,26,0         
"SC",1877,27,0         
"SC",1877,28,0         
"SC",1877,29,200851    
"SC",1878,10,0         
"SC",1878,11,0         
"SC",1878,12,0         
"SC",1878,13,0         
"SC",1878,14,0         
"SC",1878,15,0         
"SC",1878,16,0         
"SC",1878,17,0         
"SC",1878,18,0         
"SC",1878,19,341854    
"SC",1878,20,0         
"SC",1878,21,0         
"SC",1878,22,0         
"SC",1878,23,0         
"SC",1878,24,0         
"SC",1878,25,0         
"SC",1878,26,0         
"SC",1878,27,0         
"SC",1878,28,0         
"SC",1878,29,39578     
"SC",1879,10,0         
"SC",1879,11,0         
"SC",1879,12,0         
"SC",1879,13,0         
"SC",1879,14,0         
"SC",1879,15,0         
"SC",1879,16,0         
"SC",1879,17,0         
"SC",1879,18,0         
"SC",1879,19,405585    
"SC",1879,20,0         
"SC",1879,21,0         
"SC",1879,22,0         
"SC",1879,23,0         
"SC",1879,24,0         
"SC",1879,25,0         
"SC",1879,26,0         
"SC",1879,27,900       
"SC",1879,28,0         
"SC",1879,29,307283    
"SC",1880,10,0         
"SC",1880,11,0         
"SC",1880,12,0         
"SC",1880,13,0         
"SC",1880,14,0         
"SC",1880,15,0         
"SC",1880,16,0         
"SC",1880,17,0         
"SC",1880,18,0         
"SC",1880,19,377502    
"SC",1880,20,0         
"SC",1880,21,0         
"SC",1880,22,0         
"SC",1880,23,0         
"SC",1880,24,0         
"SC",1880,25,0         
"SC",1880,26,0         
"SC",1880,27,0         
"SC",1880,28,0         
"SC",1880,29,138408    
"SC",1881,10,0         
"SC",1881,11,0         
"SC",1881,12,0         
"SC",1881,13,0         
"SC",1881,14,0         
"SC",1881,15,0         
"SC",1881,16,0         
"SC",1881,17,0         
"SC",1881,18,0         
"SC",1881,19,501772    
"SC",1881,20,0         
"SC",1881,21,0         
"SC",1881,22,0         
"SC",1881,23,0         
"SC",1881,24,0         
"SC",1881,25,0         
"SC",1881,26,0         
"SC",1881,27,1765      
"SC",1881,28,0         
"SC",1881,29,93307     
"SC",1882,10,0         
"SC",1882,11,0         
"SC",1882,12,0         
"SC",1882,13,0         
"SC",1882,14,0         
"SC",1882,15,0         
"SC",1882,16,0         
"SC",1882,17,0         
"SC",1882,18,0         
"SC",1882,19,434167    
"SC",1882,20,0         
"SC",1882,21,0         
"SC",1882,22,0         
"SC",1882,23,0         
"SC",1882,24,0         
"SC",1882,25,0         
"SC",1882,26,0         
"SC",1882,27,1000      
"SC",1882,28,0         
"SC",1882,29,156982    
"SC",1883,10,0         
"SC",1883,11,0         
"SC",1883,12,0         
"SC",1883,13,0         
"SC",1883,14,0         
"SC",1883,15,0         
"SC",1883,16,0         
"SC",1883,17,0         
"SC",1883,18,0         
"SC",1883,19,439137    
"SC",1883,20,0         
"SC",1883,21,0         
"SC",1883,22,0         
"SC",1883,23,0         
"SC",1883,24,0         
"SC",1883,25,0         
"SC",1883,26,0         
"SC",1883,27,1960      
"SC",1883,28,0         
"SC",1883,29,573319    
"SC",1884,10,0         
"SC",1884,11,0         
"SC",1884,12,0         
"SC",1884,13,0         
"SC",1884,14,0         
"SC",1884,15,0         
"SC",1884,16,0         
"SC",1884,17,0         
"SC",1884,18,0         
"SC",1884,19,600444    
"SC",1884,20,0         
"SC",1884,21,0         
"SC",1884,22,0         
"SC",1884,23,0         
"SC",1884,24,0         
"SC",1884,25,0         
"SC",1884,26,0         
"SC",1884,27,1000      
"SC",1884,28,0         
"SC",1884,29,356863    
"SC",1885,10,0         
"SC",1885,11,0         
"SC",1885,12,0         
"SC",1885,13,0         
"SC",1885,14,0         
"SC",1885,15,0         
"SC",1885,16,0         
"SC",1885,17,0         
"SC",1885,18,0         
"SC",1885,19,591800    
"SC",1885,20,0         
"SC",1885,21,0         
"SC",1885,22,0         
"SC",1885,23,0         
"SC",1885,24,0         
"SC",1885,25,0         
"SC",1885,26,0         
"SC",1885,27,3335      
"SC",1885,28,0         
"SC",1885,29,458404    
"SC",1886,10,0         
"SC",1886,11,0         
"SC",1886,12,0         
"SC",1886,13,0         
"SC",1886,14,0         
"SC",1886,15,0         
"SC",1886,16,0         
"SC",1886,17,0         
"SC",1886,18,0         
"SC",1886,19,861317    
"SC",1886,20,0         
"SC",1886,21,0         
"SC",1886,22,0         
"SC",1886,23,0         
"SC",1886,24,0         
"SC",1886,25,0         
"SC",1886,26,0         
"SC",1886,27,0         
"SC",1886,28,0         
"SC",1886,29,716369    
                       
"SC",1800,110,169280.96
"SC",1800,146,125      
"SC",1800,150,10264.53 
"SC",1800,180,428.57   
"SC",1800,220,176.42   
"SC",1800,290,10690.95 
"SC",1800,291,8628.66  
"SC",1800,293,7793.23  
"SC",1800,294,22       
"SC",1801,110,176844.25
"SC",1801,150,24248.16 
"SC",1801,180,428.57   
"SC",1801,220,747.67   
"SC",1801,290,37248.4  
"SC",1801,291,17530.56 
"SC",1801,292,15185.81 
"SC",1801,293,69413.19 
"SC",1801,294,1704.26  
"SC",1802,110,135254.28
"SC",1802,150,29179.97 
"SC",1802,220,5111.91  
"SC",1802,290,34625.9  
"SC",1802,291,51170.16 
"SC",1802,293,75377.22 
"SC",1802,299,15000    
"SC",1803,110,116952.58
"SC",1803,146,250      
"SC",1803,150,28104.9  
"SC",1803,180,228.51   
"SC",1803,220,2470.67  
"SC",1803,290,27993.17 
"SC",1803,291,48997.63 
"SC",1803,292,15000    
"SC",1803,293,133280.37
"SC",1803,294,11.88    
"SC",1804,110,110125.27
"SC",1804,150,21480.24 
"SC",1804,220,9828.87  
"SC",1804,290,15417.16 
"SC",1804,291,26639.96 
"SC",1804,292,42416.85 
"SC",1804,293,58041.93 
"SC",1804,294,35.09    
"SC",1804,298,43113.18 
"SC",1805,110,135453.57
"SC",1805,150,22056.59 
"SC",1805,220,1602.63  
"SC",1805,290,24053.47 
"SC",1805,291,111889.18
"SC",1805,292,27000    
"SC",1805,293,23902.1  
"SC",1805,294,736.8    
"SC",1805,298,1347.72  
"SC",1806,110,143619.56
"SC",1806,146,125      
"SC",1806,150,23969.2  
"SC",1806,180,400      
"SC",1806,220,9077.29  
"SC",1806,290,22260.5  
"SC",1806,291,123252.22
"SC",1806,292,24000    
"SC",1806,293,21414.22 
"SC",1806,298,1110     
"SC",1807,110,141630.05
"SC",1807,146,250      
"SC",1807,150,21862.76 
"SC",1807,180,628.57   
"SC",1807,220,9134.9   
"SC",1807,290,19200    
"SC",1807,291,131470.98
"SC",1807,292,24000    
"SC",1807,293,27495.8  
"SC",1807,298,2078.68  
"SC",1808,110,132737.33
"SC",1808,150,17946.95 
"SC",1808,180,428.57   
"SC",1808,220,1184.74  
"SC",1808,224,426.86   
"SC",1808,290,34309.68 
"SC",1808,291,140841.37
"SC",1808,292,27000    
"SC",1808,293,12502.58 
"SC",1808,294,145      
"SC",1808,298,611.93   
"SC",1809,110,97863.01 
"SC",1809,150,15760.99 
"SC",1809,220,646.8    
"SC",1809,290,18200    
"SC",1809,291,145249.54
"SC",1809,292,27000    
"SC",1809,293,12841.19 
"SC",1809,294,320      
"SC",1809,298,421.89   
"SC",1810,110,102379.11
"SC",1810,150,6302     
"SC",1810,180,857.14   
"SC",1810,220,6411.21  
"SC",1810,290,25527.75 
"SC",1810,291,104054.5 
"SC",1810,292,27000    
"SC",1810,293,27615.6  
"SC",1810,294,92.07    
"SC",1810,298,1955.24  
"SC",1811,110,95493.08 
"SC",1811,180,428.57   
"SC",1811,220,1119.24  
"SC",1811,290,29638.35 
"SC",1811,291,104054.51
"SC",1811,292,28500    
"SC",1811,293,13052.74 
"SC",1811,298,3649.21  
"SC",1811,299,20000    
"SC",1812,110,99648.62 
"SC",1812,150,1886.73  
"SC",1812,180,428.57   
"SC",1812,220,3026.34  
"SC",1812,290,27877.55 
"SC",1812,291,104054.51
"SC",1812,292,30800    
"SC",1812,293,10944.67 
"SC",1812,298,423.65   
"SC",1813,110,110442.77
"SC",1813,220,1563.16  
"SC",1813,290,57319.14 
"SC",1813,291,104054.51
"SC",1813,292,23858.25 
"SC",1813,293,14863.43 
"SC",1813,298,2399.49  
"SC",1814,110,303366.72
"SC",1814,220,2215.12  
"SC",1814,290,1492.33  
"SC",1814,291,104054.51
"SC",1814,292,11511    
"SC",1814,293,12239.84 
"SC",1814,298,301.36   
"SC",1815,110,486104.49
"SC",1815,150,26.05    
"SC",1815,220,376.42   
"SC",1815,290,1761.63  
"SC",1815,291,101578.46
"SC",1815,292,12217.5  
"SC",1815,293,29042.21 
"SC",1815,298,7642.72  
"SC",1815,299,3325.21  
"SC",1816,110,331841.65
"SC",1816,146,375      
"SC",1816,220,852.04   
"SC",1816,290,3523.01  
"SC",1816,291,99102.4  
"SC",1816,292,13455.5  
"SC",1816,293,19666.13 
"SC",1816,294,4475.98  
"SC",1816,298,4485.03  
"SC",1816,299,48900.71 
"SC",1817,110,361456.42
"SC",1817,146,1500     
"SC",1817,220,1354.07  
"SC",1817,290,3342.79  
"SC",1817,291,99102.34 
"SC",1817,292,6132     
"SC",1817,293,16192.79 
"SC",1817,294,1118.79  
"SC",1817,298,7529.75  
"SC",1817,299,63022.69 
"SC",1818,110,267235.05
"SC",1818,146,375      
"SC",1818,160,15       
"SC",1818,220,1422.51  
"SC",1818,290,5755.48  
"SC",1818,291,99102.43 
"SC",1818,293,39846.75 
"SC",1818,298,1662.86  
"SC",1818,299,76507.91 
"SC",1819,110,262162.57
"SC",1819,146,625      
"SC",1819,160,6        
"SC",1819,220,1166.95  
"SC",1819,273,1233.08  
"SC",1819,290,16934.35 
"SC",1819,291,45389.64 
"SC",1819,292,50       
"SC",1819,293,6112.59  
"SC",1819,294,5309.87  
"SC",1819,298,264.6    
"SC",1819,299,105838.07
"SC",1820,110,264439.47
"SC",1820,146,875      
"SC",1820,220,4320.08  
"SC",1820,290,3663.18  
"SC",1820,293,5351.86  
"SC",1820,294,4803.94  
"SC",1820,298,3379.32  
"SC",1820,299,107593.95
"SC",1821,110,254651.79
"SC",1821,146,500      
"SC",1821,150,381.4    
"SC",1821,220,2187.94  
"SC",1821,290,705147.28
"SC",1821,293,874730.42
"SC",1821,294,1880.97  
"SC",1821,298,5952.5   
"SC",1821,299,100287.37
"SC",1822,110,262010.55
"SC",1822,146,875      
"SC",1822,220,2534.55  
"SC",1822,235,155000   
"SC",1822,250,214.25   
"SC",1822,290,2717.46  
"SC",1822,293,272504.05
"SC",1822,294,394      
"SC",1822,298,3472.47  
"SC",1822,299,86525.38 
"SC",1823,110,273907.35
"SC",1823,146,503.5    
"SC",1823,220,1325.07  
"SC",1823,290,600186.93
"SC",1823,293,214470.31
"SC",1823,294,1835.35  
"SC",1823,298,915.61   
"SC",1823,299,40000    
"SC",1824,110,296173.22
"SC",1824,146,1642.74  
"SC",1824,220,497.96   
"SC",1824,290,4452.53  
"SC",1824,293,11194.49 
"SC",1824,294,769.12   
"SC",1824,298,481.58   
"SC",1825,110,291725.87
"SC",1825,146,250      
"SC",1825,220,1567.81  
"SC",1825,273,699.19   
"SC",1825,290,500000   
"SC",1825,293,265565.7 
"SC",1825,294,500      
"SC",1825,298,267      
"SC",1826,110,292426.46
"SC",1826,220,1934.21  
"SC",1826,273,81.17    
"SC",1826,293,4610.48  
"SC",1826,294,500      
"SC",1826,298,500      
"SC",1826,299,4800     
"SC",1827,110,297206.64
"SC",1827,220,887.25   
"SC",1827,273,3465.07  
"SC",1827,290,5307     
"SC",1827,293,315687.09
"SC",1827,294,2256.88  
"SC",1827,298,2705.11  
"SC",1828,100,297820   
"SC",1828,122,600      
"SC",1828,220,1238     
"SC",1828,250,588      
"SC",1828,270,140      
"SC",1828,290,5767     
"SC",1828,294,1360     
"SC",1828,297,193      
"SC",1828,298,4750     
"SC",1829,100,310818   
"SC",1829,220,2442     
"SC",1829,223,46       
"SC",1829,250,425      
"SC",1829,270,13       
"SC",1829,290,5469     
"SC",1829,293,2996     
"SC",1829,294,1175     
"SC",1829,298,4686     
"SC",1830,100,257061   
"SC",1830,210,223      
"SC",1830,220,20       
"SC",1830,221,40       
"SC",1830,270,253      
"SC",1830,290,105      
"SC",1830,291,36       
"SC",1830,293,3000     
"SC",1830,294,3695     
"SC",1831,100,266923   
"SC",1831,220,2337     
"SC",1831,270,2061     
"SC",1831,290,43       
"SC",1831,293,2868     
"SC",1831,294,400      
"SC",1831,298,2204     
"SC",1832,100,258312   
"SC",1832,122,200      
"SC",1832,220,37       
"SC",1832,290,600      
"SC",1832,292,25000    
"SC",1832,293,2268     
"SC",1832,294,35       
"SC",1832,297,295      
"SC",1833,100,255301   
"SC",1833,122,467      
"SC",1833,220,5        
"SC",1833,290,506      
"SC",1833,293,12115    
"SC",1833,294,2482     
"SC",1833,298,3278     
"SC",1834,100,256185   
"SC",1834,220,324      
"SC",1834,290,17747    
"SC",1834,292,4000     
"SC",1834,294,3277     
"SC",1835,100,269693   
"SC",1835,220,133      
"SC",1835,270,8646     
"SC",1835,290,2757     
"SC",1835,291,1044     
"SC",1835,292,101000   
"SC",1835,294,2042     
"SC",1835,298,7661     
"SC",1836,100,272998   
"SC",1836,220,22       
"SC",1836,270,6379     
"SC",1836,290,1058     
"SC",1836,292,14500    
"SC",1836,293,1631     
"SC",1837,160,130885   
"SC",1837,190,274813   
"SC",1837,191,3122     
"SC",1837,220,19       
"SC",1837,222,4075     
"SC",1837,290,513      
"SC",1837,291,372      
"SC",1837,292,9500     
"SC",1837,294,653      
"SC",1837,298,6096     
"SC",1839,160,3500     
"SC",1839,190,284271   
"SC",1839,191,3124     
"SC",1839,220,24       
"SC",1839,276,177      
"SC",1839,290,1611     
"SC",1839,291,1278     
"SC",1839,292,58000    
"SC",1839,294,744      
"SC",1840,290,299401   
"SC",1841,110,1901     
"SC",1841,190,295398   
"SC",1841,210,2990     
"SC",1841,222,126      
"SC",1841,270,213      
"SC",1841,290,1571     
"SC",1841,291,9        
"SC",1842,110,1938     
"SC",1842,190,295199   
"SC",1842,220,484      
"SC",1842,222,699      
"SC",1842,270,3382     
"SC",1842,290,2059     
"SC",1842,298,4938     
"SC",1843,190,275979   
"SC",1843,290,2098     
"SC",1843,292,8000     
"SC",1843,294,4811     
"SC",1843,298,8308     
"SC",1844,190,273845   
"SC",1844,191,6855     
"SC",1844,220,33       
"SC",1844,270,3054     
"SC",1844,292,22000    
"SC",1844,294,1046     
"SC",1845,122,540      
"SC",1845,190,285702.94
"SC",1845,270,3224     
"SC",1845,290,150      
"SC",1845,292,36000    
"SC",1845,294,2527     
"SC",1845,298,60000    
"SC",1846,190,288952   
"SC",1846,270,523      
"SC",1846,290,39       
"SC",1846,291,28       
"SC",1846,292,28000    
"SC",1846,298,50000    
"SC",1847,190,287796   
"SC",1847,270,1813     
"SC",1847,292,40000    
"SC",1847,294,29       
"SC",1847,390,50000    
"SC",1848,190,281294   
"SC",1848,270,7029     
"SC",1848,291,59       
"SC",1848,294,185      
"SC",1848,390,50000    
"SC",1849,190,284907   
"SC",1849,270,6960     
"SC",1849,290,333      
"SC",1849,291,157      
"SC",1849,292,43813    
"SC",1849,294,300      
"SC",1849,390,80000    
"SC",1850,190,313382   
"SC",1850,270,3326     
"SC",1850,290,400      
"SC",1850,291,27       
"SC",1850,292,30000    
"SC",1850,298,50000    
"SC",1851,190,491050   
"SC",1851,270,961      
"SC",1851,290,275      
"SC",1851,292,36123    
"SC",1851,294,5621     
"SC",1852,190,331341   
"SC",1852,290,40       
"SC",1852,292,39576    
"SC",1852,294,5041     
"SC",1852,295,156194   
"SC",1853,190,341854   
"SC",1853,290,1189     
"SC",1853,291,35       
"SC",1853,292,38354    
"SC",1854,190,405585   
"SC",1854,270,900      
"SC",1854,290,30891    
"SC",1854,292,21788    
"SC",1854,294,4604     
"SC",1854,298,250000   
"SC",1855,190,377502   
"SC",1855,290,1417     
"SC",1855,291,101903   
"SC",1855,292,15600    
"SC",1855,294,200      
"SC",1855,297,508      
"SC",1855,298,18780    
"SC",1856,190,501772   
"SC",1856,270,1765     
"SC",1856,290,5322     
"SC",1856,291,27       
"SC",1856,292,14582    
"SC",1856,298,73376    
"SC",1857,190,434167   
"SC",1857,270,1000     
"SC",1857,290,5182     
"SC",1857,291,57       
"SC",1857,292,8715     
"SC",1857,298,143027   
"SC",1858,190,439137   
"SC",1858,270,1960     
"SC",1858,290,20375    
"SC",1858,291,56       
"SC",1858,292,7851     
"SC",1858,294,1170     
"SC",1858,298,543867   
"SC",1859,190,600444   
"SC",1859,270,1000     
"SC",1859,290,1387     
"SC",1859,291,815      
"SC",1859,292,5060     
"SC",1859,298,349601   
"SC",1860,190,591800   
"SC",1860,270,3335     
"SC",1860,290,4580     
"SC",1860,291,47       
"SC",1860,292,2378     
"SC",1860,294,19       
"SC",1860,298,451380   
"SC",1861,190,861317   
"SC",1861,290,34404    
"SC",1861,292,2061     
"SC",1861,298,679904   
"SC",1875,100,0        
"SC",1875,110,0        
"SC",1875,120,0        
"SC",1875,121,0        
"SC",1875,122,0        
"SC",1875,130,0        
"SC",1875,131,0        
"SC",1875,132,0        
"SC",1875,140,0        
"SC",1875,141,0        
"SC",1875,142,0        
"SC",1875,144,0        
"SC",1875,145,0        
"SC",1875,146,0        
"SC",1875,150,0        
"SC",1875,160,0        
"SC",1875,170,0        
"SC",1875,180,0        
"SC",1875,190,313382   
"SC",1875,191,0        
"SC",1875,192,0        
"SC",1875,200,0        
"SC",1875,210,0        
"SC",1875,220,0        
"SC",1875,221,0        
"SC",1875,222,0        
"SC",1875,223,0        
"SC",1875,224,0        
"SC",1875,230,0        
"SC",1875,235,0        
"SC",1875,240,0        
"SC",1875,250,0        
"SC",1875,260,0        
"SC",1875,261,0        
"SC",1875,263,0        
"SC",1875,270,3326     
"SC",1875,271,0        
"SC",1875,272,0        
"SC",1875,273,0        
"SC",1875,274,0        
"SC",1875,275,0        
"SC",1875,276,0        
"SC",1875,280,0        
"SC",1875,290,400      
"SC",1875,291,27       
"SC",1875,292,30000    
"SC",1875,293,0        
"SC",1875,294,0        
"SC",1875,295,0        
"SC",1875,296,0        
"SC",1875,297,0        
"SC",1875,298,50000    
"SC",1875,299,0        
"SC",1876,100,0        
"SC",1876,110,0        
"SC",1876,120,0        
"SC",1876,121,0        
"SC",1876,122,0        
"SC",1876,130,0        
"SC",1876,131,0        
"SC",1876,132,0        
"SC",1876,140,0        
"SC",1876,141,0        
"SC",1876,142,0        
"SC",1876,144,0        
"SC",1876,145,0        
"SC",1876,146,0        
"SC",1876,150,0        
"SC",1876,160,0        
"SC",1876,170,0        
"SC",1876,180,0        
"SC",1876,190,491050   
"SC",1876,191,0        
"SC",1876,192,0        
"SC",1876,200,0        
"SC",1876,210,0        
"SC",1876,220,0        
"SC",1876,221,0        
"SC",1876,222,0        
"SC",1876,223,0        
"SC",1876,224,0        
"SC",1876,230,0        
"SC",1876,235,0        
"SC",1876,240,0        
"SC",1876,250,0        
"SC",1876,260,0        
"SC",1876,261,0        
"SC",1876,263,0        
"SC",1876,270,961      
"SC",1876,271,0        
"SC",1876,272,0        
"SC",1876,273,0        
"SC",1876,274,0        
"SC",1876,275,0        
"SC",1876,276,0        
"SC",1876,280,0        
"SC",1876,290,275      
"SC",1876,291,0        
"SC",1876,292,36123    
"SC",1876,293,0        
"SC",1876,294,5621     
"SC",1876,295,0        
"SC",1876,296,0        
"SC",1876,297,0        
"SC",1876,298,0        
"SC",1876,299,0        
"SC",1877,100,0        
"SC",1877,110,532192   
"SC",1877,120,0        
"SC",1877,121,532192   
"SC",1877,122,0        
"SC",1877,130,532192   
"SC",1877,131,0        
"SC",1877,132,532192   
"SC",1877,140,0        
"SC",1877,141,0        
"SC",1877,142,0        
"SC",1877,144,0        
"SC",1877,145,0        
"SC",1877,146,0        
"SC",1877,150,0        
"SC",1877,160,0        
"SC",1877,170,0        
"SC",1877,180,0        
"SC",1877,190,331341   
"SC",1877,191,0        
"SC",1877,192,0        
"SC",1877,200,0        
"SC",1877,210,0        
"SC",1877,220,0        
"SC",1877,221,0        
"SC",1877,222,0        
"SC",1877,223,0        
"SC",1877,224,0        
"SC",1877,230,0        
"SC",1877,235,0        
"SC",1877,240,0        
"SC",1877,250,0        
"SC",1877,260,0        
"SC",1877,261,0        
"SC",1877,263,0        
"SC",1877,270,0        
"SC",1877,271,0        
"SC",1877,272,0        
"SC",1877,273,0        
"SC",1877,274,0        
"SC",1877,275,0        
"SC",1877,276,0        
"SC",1877,280,0        
"SC",1877,290,40       
"SC",1877,291,0        
"SC",1877,292,39576    
"SC",1877,293,0        
"SC",1877,294,5041     
"SC",1877,295,156194   
"SC",1877,296,0        
"SC",1877,297,0        
"SC",1877,298,0        
"SC",1877,299,0        
"SC",1878,100,0        
"SC",1878,110,0        
"SC",1878,120,0        
"SC",1878,121,0        
"SC",1878,122,0        
"SC",1878,130,0        
"SC",1878,131,0        
"SC",1878,132,0        
"SC",1878,140,0        
"SC",1878,141,0        
"SC",1878,142,0        
"SC",1878,144,0        
"SC",1878,145,0        
"SC",1878,146,0        
"SC",1878,150,0        
"SC",1878,160,0        
"SC",1878,170,0        
"SC",1878,180,0        
"SC",1878,190,341854   
"SC",1878,191,0        
"SC",1878,192,0        
"SC",1878,200,0        
"SC",1878,210,0        
"SC",1878,220,0        
"SC",1878,221,0        
"SC",1878,222,0        
"SC",1878,223,0        
"SC",1878,224,0        
"SC",1878,230,0        
"SC",1878,235,0        
"SC",1878,240,0        
"SC",1878,250,0        
"SC",1878,260,0        
"SC",1878,261,0        
"SC",1878,263,0        
"SC",1878,270,0        
"SC",1878,271,0        
"SC",1878,272,0        
"SC",1878,273,0        
"SC",1878,274,0        
"SC",1878,275,0        
"SC",1878,276,0        
"SC",1878,280,0        
"SC",1878,290,1189     
"SC",1878,291,35       
"SC",1878,292,38354    
"SC",1878,293,0        
"SC",1878,294,0        
"SC",1878,295,0        
"SC",1878,296,0        
"SC",1878,297,0        
"SC",1878,298,0        
"SC",1878,299,0        
"SC",1879,100,0        
"SC",1879,110,0        
"SC",1879,120,0        
"SC",1879,121,0        
"SC",1879,122,0        
"SC",1879,130,0        
"SC",1879,131,0        
"SC",1879,132,0        
"SC",1879,140,0        
"SC",1879,141,0        
"SC",1879,142,0        
"SC",1879,144,0        
"SC",1879,145,0        
"SC",1879,146,0        
"SC",1879,150,0        
"SC",1879,160,0        
"SC",1879,170,0        
"SC",1879,180,0        
"SC",1879,190,405585   
"SC",1879,191,0        
"SC",1879,192,0        
"SC",1879,200,0        
"SC",1879,210,0        
"SC",1879,220,0        
"SC",1879,221,0        
"SC",1879,222,0        
"SC",1879,223,0        
"SC",1879,224,0        
"SC",1879,230,0        
"SC",1879,235,0        
"SC",1879,240,0        
"SC",1879,250,0        
"SC",1879,260,0        
"SC",1879,261,0        
"SC",1879,263,0        
"SC",1879,270,900      
"SC",1879,271,0        
"SC",1879,272,0        
"SC",1879,273,0        
"SC",1879,274,0        
"SC",1879,275,0        
"SC",1879,276,0        
"SC",1879,280,0        
"SC",1879,290,30891    
"SC",1879,291,0        
"SC",1879,292,21788    
"SC",1879,293,0        
"SC",1879,294,4604     
"SC",1879,295,0        
"SC",1879,296,0        
"SC",1879,297,0        
"SC",1879,298,250000   
"SC",1879,299,0        
"SC",1880,100,0        
"SC",1880,110,0        
"SC",1880,120,0        
"SC",1880,121,0        
"SC",1880,122,0        
"SC",1880,130,0        
"SC",1880,131,0        
"SC",1880,132,0        
"SC",1880,140,0        
"SC",1880,141,0        
"SC",1880,142,0        
"SC",1880,144,0        
"SC",1880,145,0        
"SC",1880,146,0        
"SC",1880,150,0        
"SC",1880,160,0        
"SC",1880,170,0        
"SC",1880,180,0        
"SC",1880,190,377502   
"SC",1880,191,0        
"SC",1880,192,0        
"SC",1880,200,0        
"SC",1880,210,0        
"SC",1880,220,0        
"SC",1880,221,0        
"SC",1880,222,0        
"SC",1880,223,0        
"SC",1880,224,0        
"SC",1880,230,0        
"SC",1880,235,0        
"SC",1880,240,0        
"SC",1880,250,0        
"SC",1880,260,0        
"SC",1880,261,0        
"SC",1880,263,0        
"SC",1880,270,0        
"SC",1880,271,0        
"SC",1880,272,0        
"SC",1880,273,0        
"SC",1880,274,0        
"SC",1880,275,0        
"SC",1880,276,0        
"SC",1880,280,0        
"SC",1880,290,1417     
"SC",1880,291,101903   
"SC",1880,292,15600    
"SC",1880,293,0        
"SC",1880,294,200      
"SC",1880,295,0        
"SC",1880,296,0        
"SC",1880,297,508      
"SC",1880,298,18780    
"SC",1880,299,0        
"SC",1881,100,0        
"SC",1881,110,0        
"SC",1881,120,0        
"SC",1881,121,0        
"SC",1881,122,0        
"SC",1881,130,0        
"SC",1881,131,0        
"SC",1881,132,0        
"SC",1881,140,0        
"SC",1881,141,0        
"SC",1881,142,0        
"SC",1881,144,0        
"SC",1881,145,0        
"SC",1881,146,0        
"SC",1881,150,0        
"SC",1881,160,0        
"SC",1881,170,0        
"SC",1881,180,0        
"SC",1881,190,501772   
"SC",1881,191,0        
"SC",1881,192,0        
"SC",1881,200,0        
"SC",1881,210,0        
"SC",1881,220,0        
"SC",1881,221,0        
"SC",1881,222,0        
"SC",1881,223,0        
"SC",1881,224,0        
"SC",1881,230,0        
"SC",1881,235,0        
"SC",1881,240,0        
"SC",1881,250,0        
"SC",1881,260,0        
"SC",1881,261,0        
"SC",1881,263,0        
"SC",1881,270,1765     
"SC",1881,271,0        
"SC",1881,272,0        
"SC",1881,273,0        
"SC",1881,274,0        
"SC",1881,275,0        
"SC",1881,276,0        
"SC",1881,280,0        
"SC",1881,290,5322     
"SC",1881,291,27       
"SC",1881,292,14582    
"SC",1881,293,0        
"SC",1881,294,0        
"SC",1881,295,0        
"SC",1881,296,0        
"SC",1881,297,0        
"SC",1881,298,73376    
"SC",1881,299,0        
"SC",1882,100,0        
"SC",1882,110,0        
"SC",1882,120,0        
"SC",1882,121,0        
"SC",1882,122,0        
"SC",1882,130,0        
"SC",1882,131,0        
"SC",1882,132,0        
"SC",1882,140,0        
"SC",1882,141,0        
"SC",1882,142,0        
"SC",1882,144,0        
"SC",1882,145,0        
"SC",1882,146,0        
"SC",1882,150,0        
"SC",1882,160,0        
"SC",1882,170,0        
"SC",1882,180,0        
"SC",1882,190,434167   
"SC",1882,191,0        
"SC",1882,192,0        
"SC",1882,200,0        
"SC",1882,210,0        
"SC",1882,220,0        
"SC",1882,221,0        
"SC",1882,222,0        
"SC",1882,223,0        
"SC",1882,224,0        
"SC",1882,230,0        
"SC",1882,235,0        
"SC",1882,240,0        
"SC",1882,250,0        
"SC",1882,260,0        
"SC",1882,261,0        
"SC",1882,263,0        
"SC",1882,270,1000     
"SC",1882,271,0        
"SC",1882,272,0        
"SC",1882,273,0        
"SC",1882,274,0        
"SC",1882,275,0        
"SC",1882,276,0        
"SC",1882,280,0        
"SC",1882,290,5183     
"SC",1882,291,57       
"SC",1882,292,8715     
"SC",1882,293,0        
"SC",1882,294,0        
"SC",1882,295,0        
"SC",1882,296,0        
"SC",1882,297,0        
"SC",1882,298,143027   
"SC",1882,299,0        
"SC",1883,100,0        
"SC",1883,110,0        
"SC",1883,120,0        
"SC",1883,121,0        
"SC",1883,122,0        
"SC",1883,130,0        
"SC",1883,131,0        
"SC",1883,132,0        
"SC",1883,140,0        
"SC",1883,141,0        
"SC",1883,142,0        
"SC",1883,144,0        
"SC",1883,145,0        
"SC",1883,146,0        
"SC",1883,150,0        
"SC",1883,160,0        
"SC",1883,170,0        
"SC",1883,180,0        
"SC",1883,190,439137   
"SC",1883,191,0        
"SC",1883,192,0        
"SC",1883,200,0        
"SC",1883,210,0        
"SC",1883,220,0        
"SC",1883,221,0        
"SC",1883,222,0        
"SC",1883,223,0        
"SC",1883,224,0        
"SC",1883,230,0        
"SC",1883,235,0        
"SC",1883,240,0        
"SC",1883,250,0        
"SC",1883,260,0        
"SC",1883,261,0        
"SC",1883,263,0        
"SC",1883,270,1960     
"SC",1883,271,0        
"SC",1883,272,0        
"SC",1883,273,0        
"SC",1883,274,0        
"SC",1883,275,0        
"SC",1883,276,0        
"SC",1883,280,0        
"SC",1883,290,20375    
"SC",1883,291,56       
"SC",1883,292,7851     
"SC",1883,293,0        
"SC",1883,294,1170     
"SC",1883,295,0        
"SC",1883,296,0        
"SC",1883,297,0        
"SC",1883,298,543867   
"SC",1883,299,0        
"SC",1884,100,0        
"SC",1884,110,0        
"SC",1884,120,0        
"SC",1884,121,0        
"SC",1884,122,0        
"SC",1884,130,0        
"SC",1884,131,0        
"SC",1884,132,0        
"SC",1884,140,0        
"SC",1884,141,0        
"SC",1884,142,0        
"SC",1884,144,0        
"SC",1884,145,0        
"SC",1884,146,0        
"SC",1884,150,0        
"SC",1884,160,0        
"SC",1884,170,0        
"SC",1884,180,0        
"SC",1884,190,600444   
"SC",1884,191,0        
"SC",1884,192,0        
"SC",1884,200,0        
"SC",1884,210,0        
"SC",1884,220,0        
"SC",1884,221,0        
"SC",1884,222,0        
"SC",1884,223,0        
"SC",1884,224,0        
"SC",1884,230,0        
"SC",1884,235,0        
"SC",1884,240,0        
"SC",1884,250,0        
"SC",1884,260,0        
"SC",1884,261,0        
"SC",1884,263,0        
"SC",1884,270,1000     
"SC",1884,271,0        
"SC",1884,272,0        
"SC",1884,273,0        
"SC",1884,274,0        
"SC",1884,275,0        
"SC",1884,276,0        
"SC",1884,280,0        
"SC",1884,290,1387     
"SC",1884,291,815      
"SC",1884,292,5060     
"SC",1884,293,0        
"SC",1884,294,0        
"SC",1884,295,0        
"SC",1884,296,0        
"SC",1884,297,0        
"SC",1884,298,349601   
"SC",1884,299,0        
"SC",1885,100,0        
"SC",1885,110,0        
"SC",1885,120,0        
"SC",1885,121,0        
"SC",1885,122,0        
"SC",1885,130,0        
"SC",1885,131,0        
"SC",1885,132,0        
"SC",1885,140,0        
"SC",1885,141,0        
"SC",1885,142,0        
"SC",1885,144,0        
"SC",1885,145,0        
"SC",1885,146,0        
"SC",1885,150,0        
"SC",1885,160,0        
"SC",1885,170,0        
"SC",1885,180,0        
"SC",1885,190,591800   
"SC",1885,191,0        
"SC",1885,192,0        
"SC",1885,200,0        
"SC",1885,210,0        
"SC",1885,220,0        
"SC",1885,221,0        
"SC",1885,222,0        
"SC",1885,223,0        
"SC",1885,224,0        
"SC",1885,230,0        
"SC",1885,235,0        
"SC",1885,240,0        
"SC",1885,250,0        
"SC",1885,260,0        
"SC",1885,261,0        
"SC",1885,263,0        
"SC",1885,270,3335     
"SC",1885,271,0        
"SC",1885,272,0        
"SC",1885,273,0        
"SC",1885,274,0        
"SC",1885,275,0        
"SC",1885,276,0        
"SC",1885,280,0        
"SC",1885,290,4580     
"SC",1885,291,47       
"SC",1885,292,2378     
"SC",1885,293,0        
"SC",1885,294,19       
"SC",1885,295,0        
"SC",1885,296,0        
"SC",1885,297,0        
"SC",1885,298,451380   
"SC",1885,299,0        
"SC",1886,100,0        
"SC",1886,110,0        
"SC",1886,120,0        
"SC",1886,121,0        
"SC",1886,122,0        
"SC",1886,130,0        
"SC",1886,131,0        
"SC",1886,132,0        
"SC",1886,140,0        
"SC",1886,141,0        
"SC",1886,142,0        
"SC",1886,144,0        
"SC",1886,145,0        
"SC",1886,146,0        
"SC",1886,150,0        
"SC",1886,160,0        
"SC",1886,170,0        
"SC",1886,180,0        
"SC",1886,190,861317   
"SC",1886,191,0        
"SC",1886,192,0        
"SC",1886,200,0        
"SC",1886,210,0        
"SC",1886,220,0        
"SC",1886,221,0        
"SC",1886,222,0        
"SC",1886,223,0        
"SC",1886,224,0        
"SC",1886,230,0        
"SC",1886,235,0        
"SC",1886,240,0        
"SC",1886,250,0        
"SC",1886,260,0        
"SC",1886,261,0        
"SC",1886,263,0        
"SC",1886,270,0        
"SC",1886,271,0        
"SC",1886,272,0        
"SC",1886,273,0        
"SC",1886,274,0        
"SC",1886,275,0        
"SC",1886,276,0        
"SC",1886,280,0        
"SC",1886,290,34404    
"SC",1886,291,0        
"SC",1886,292,2061     
"SC",1886,293,0        
"SC",1886,294,0        
"SC",1886,295,0        
"SC",1886,296,0        
"SC",1886,297,0        
"SC",1886,298,679904   
"SC",1886,299,0        
