"MIS",1823,3,60814.1     
"MIS",1825,3,48444.26    
"MIS",1826,3,49646.85    
"MIS",1827,3,48187.44    
"MIS",1828,3,60086.13    
"MIS",1829,3,61129.9     
"MIS",1830,3,49986.3     
"MIS",1831,3,34927.4     
"MIS",1832,3,22174.13    
"MIS",1833,3,80075.43    
"MIS",1834,3,57303.46    
"MIS",1835,3,89691.4     
"MIS",1836,3,109115.36   
"MIS",1837,3,305513.65   
"MIS",1838,3,132802.55   
"MIS",1839,3,361387.83   
"MIS",1840,3,334769.24   
"MIS",1841,3,491284.42   
"MIS",1842,3,216437.42   
"MIS",1843,3,360691.36   
"MIS",1844,3,267636.11   
"MIS",1845,3,168879.73   
"MIS",1846,3,227055.47   
"MIS",1847,3,151334.63   
"MIS",1848,3,344717.19   
"MIS",1849,3,270823.38   
"MIS",1851,3,606339.98   
"MIS",1854,3,594005.44   
"MIS",1855,3,311578.19   
"MIS",1857,3,1044470.03  
"MIS",1858,3,614659.52   
"MIS",1859,3,707015      
"MIS",1872,3,1592828.64  
"MIS",1874,3,1311281.6   
"MIS",1875,3,1413692.83  
"MIS",1877,3,697018.85   
"MIS",1880,3,797513.56   
"MIS",1881,3,620134.88   
"MIS",1884,3,890892.55   
"MIS",1885,3,904378.74   
"MIS",1886,3,1066118.51  
"MIS",1887,3,1029638.11  
"MIS",1888,3,1010628.89  
"MIS",1889,3,900629.66   
"MIS",1890,3,1073771.27  
"MIS",1891,3,1173550.39  
"MIS",1892,3,1234132.34  
"MIS",1893,3,1263770.92  
"MIS",1894,3,1130680.62  
"MIS",1895,3,1369311.2   
"MIS",1896,3,1630382.11  
"MIS",1897,3,1377793.2   
"MIS",1898,3,1479664.3   
"MIS",1899,3,1424932.62  
"MIS",1900,3,1624095.76  
"MIS",1901,3,2221965.64  
"MIS",1902,3,2493520.09  
"MIS",1904,3,2367487.41  
"MIS",1905,3,3204730.99  
"MIS",1906,3,3393021.65  
"MIS",1907,3,3726375.84  
"MIS",1908,3,3337064.09  
"MIS",1909,3,3131673.71  
"MIS",1910,3,3664896.77  
"MIS",1911,3,3757227.87  
"MIS",1912,3,4499718.31  
"MIS",1913,3,4432848.47  
"MIS",1914,3,5275518.33  
                         
"MIS",1823,31,3189.43    
"MIS",1823,34,312.5      
"MIS",1823,36,38957.68   
"MIS",1823,39,16617.66   
"MIS",1823,40,1736.83    
"MIS",1825,31,4016.93    
"MIS",1825,34,280        
"MIS",1825,36,32030.9    
"MIS",1825,39,10886.43   
"MIS",1825,40,1230       
"MIS",1826,31,7809       
"MIS",1826,34,524        
"MIS",1826,36,36043.27   
"MIS",1826,39,4655.58    
"MIS",1826,40,615        
"MIS",1827,31,1658       
"MIS",1827,34,262        
"MIS",1827,36,31568.33   
"MIS",1827,39,13469.11   
"MIS",1827,40,1230       
"MIS",1828,31,8059       
"MIS",1828,34,250        
"MIS",1828,36,34576.35   
"MIS",1828,39,15970.78   
"MIS",1828,40,1230       
"MIS",1829,31,10326.67   
"MIS",1829,34,450.44     
"MIS",1829,36,39154.22   
"MIS",1829,39,11198.57   
"MIS",1830,31,8442.53    
"MIS",1830,34,686        
"MIS",1830,36,36296.41   
"MIS",1830,39,4561.36    
"MIS",1831,31,7880.28    
"MIS",1831,32,275        
"MIS",1831,34,584.92     
"MIS",1831,35,172.5      
"MIS",1831,36,26014.7    
"MIS",1832,31,1760       
"MIS",1832,32,250        
"MIS",1832,34,593        
"MIS",1832,35,150        
"MIS",1832,36,19421.13   
"MIS",1833,31,5767.82    
"MIS",1833,34,546.44     
"MIS",1833,35,150        
"MIS",1833,36,44664.71   
"MIS",1833,39,28806.28   
"MIS",1833,40,140.18     
"MIS",1834,34,545        
"MIS",1834,35,1381.88    
"MIS",1834,36,41805.59   
"MIS",1834,39,13570.99   
"MIS",1835,31,3254.69    
"MIS",1835,34,501        
"MIS",1835,35,153.58     
"MIS",1835,36,56732.95   
"MIS",1835,39,29049.18   
"MIS",1836,31,800        
"MIS",1836,34,867.52     
"MIS",1836,35,280        
"MIS",1836,36,83256.67   
"MIS",1836,39,23911.17   
"MIS",1837,34,10250      
"MIS",1837,35,100        
"MIS",1837,36,85776.53   
"MIS",1837,39,209387.12  
"MIS",1838,34,10166.75   
"MIS",1838,36,90891.21   
"MIS",1838,39,31744.59   
"MIS",1839,31,4222       
"MIS",1839,34,48806.36   
"MIS",1839,35,1648       
"MIS",1839,36,240078.44  
"MIS",1839,39,66633.03   
"MIS",1840,31,1898.25    
"MIS",1840,32,2500       
"MIS",1840,34,40480.49   
"MIS",1840,35,465.5      
"MIS",1840,36,204692.81  
"MIS",1840,39,84732.19   
"MIS",1841,31,755        
"MIS",1841,32,3100       
"MIS",1841,34,52714.31   
"MIS",1841,35,443        
"MIS",1841,36,177176.74  
"MIS",1841,39,72192.87   
"MIS",1841,41,184902.5   
"MIS",1842,31,4609.79    
"MIS",1842,32,3700       
"MIS",1842,34,31826.76   
"MIS",1842,35,100        
"MIS",1842,36,154887.64  
"MIS",1842,39,21313.23   
"MIS",1843,31,4802.98    
"MIS",1843,32,6200       
"MIS",1843,33,5509.35    
"MIS",1843,34,30401.83   
"MIS",1843,35,3450.43    
"MIS",1843,36,229632.47  
"MIS",1843,39,69772.33   
"MIS",1843,40,10921.97   
"MIS",1844,31,4604.47    
"MIS",1844,32,3262       
"MIS",1844,33,1490.65    
"MIS",1844,34,7203.14    
"MIS",1844,35,11213      
"MIS",1844,36,189420.3   
"MIS",1844,39,45030.93   
"MIS",1844,40,5411.62    
"MIS",1845,31,2894.78    
"MIS",1845,32,3698.26    
"MIS",1845,34,6706.71    
"MIS",1845,35,8087.19    
"MIS",1845,36,140737.13  
"MIS",1845,39,3695.25    
"MIS",1845,40,3060.41    
"MIS",1846,31,2657.27    
"MIS",1846,32,3702.07    
"MIS",1846,34,18072.32   
"MIS",1846,35,17584.01   
"MIS",1846,36,158838.49  
"MIS",1846,39,21940.31   
"MIS",1846,40,4261       
"MIS",1847,31,1742.62    
"MIS",1847,32,2247.77    
"MIS",1847,34,15181.57   
"MIS",1847,35,11417.79   
"MIS",1847,36,105303.77  
"MIS",1847,39,13392.84   
"MIS",1847,40,2048.27    
"MIS",1848,31,1482.19    
"MIS",1848,32,10668.77   
"MIS",1848,33,553.52     
"MIS",1848,34,11411.96   
"MIS",1848,35,25093.37   
"MIS",1848,36,170474.24  
"MIS",1848,39,123802.18  
"MIS",1848,40,130.96     
"MIS",1848,41,1100       
"MIS",1849,31,12639.89   
"MIS",1849,32,9568.09    
"MIS",1849,33,262.77     
"MIS",1849,34,10818.75   
"MIS",1849,35,1459.38    
"MIS",1849,36,110689.33  
"MIS",1849,39,125385.17  
"MIS",1851,31,277115.26  
"MIS",1851,32,43277.26   
"MIS",1851,33,35649.7    
"MIS",1851,34,14926.26   
"MIS",1851,35,2624.75    
"MIS",1851,36,129920.4   
"MIS",1851,39,100600.57  
"MIS",1851,41,2225.78    
"MIS",1854,31,34102.01   
"MIS",1854,32,25127.91   
"MIS",1854,33,236108.31  
"MIS",1854,34,11184.26   
"MIS",1854,35,14975.65   
"MIS",1854,36,194065.93  
"MIS",1854,39,75941.37   
"MIS",1854,41,2500       
"MIS",1855,31,16003.23   
"MIS",1855,32,19837.5    
"MIS",1855,33,99013.87   
"MIS",1855,34,5934.15    
"MIS",1855,35,21699.5    
"MIS",1855,36,128797.99  
"MIS",1855,39,19163.61   
"MIS",1855,40,3.34       
"MIS",1855,41,1125       
"MIS",1857,31,453948.71  
"MIS",1857,32,43487.98   
"MIS",1857,33,273561.33  
"MIS",1857,34,24487.13   
"MIS",1857,35,14858.56   
"MIS",1857,36,196645.26  
"MIS",1857,39,36356.06   
"MIS",1857,41,1125       
"MIS",1858,31,118497.17  
"MIS",1858,32,46115.5    
"MIS",1858,33,14323.83   
"MIS",1858,34,19856.4    
"MIS",1858,35,3992.55    
"MIS",1858,36,209357.39  
"MIS",1858,39,201766.68  
"MIS",1858,41,750        
"MIS",1859,31,114445.57  
"MIS",1859,32,45777.42   
"MIS",1859,33,13786.49   
"MIS",1859,34,65494.82   
"MIS",1859,35,21036.14   
"MIS",1859,36,229400.76  
"MIS",1859,39,115528.55  
"MIS",1859,41,101545.25  
"MIS",1872,31,191899.42  
"MIS",1872,32,202638.43  
"MIS",1872,33,82548.2    
"MIS",1872,34,27813.83   
"MIS",1872,35,8501.97    
"MIS",1872,36,778458.83  
"MIS",1872,39,121290.37  
"MIS",1872,40,79677.59   
"MIS",1872,41,100000     
"MIS",1874,31,132713.65  
"MIS",1874,32,118750     
"MIS",1874,34,162712.84  
"MIS",1874,35,3147.73    
"MIS",1874,36,623398.1   
"MIS",1874,39,34852.28   
"MIS",1874,40,135707     
"MIS",1874,41,100000     
"MIS",1875,31,177969.01  
"MIS",1875,32,122000     
"MIS",1875,34,71646.2    
"MIS",1875,36,493526.58  
"MIS",1875,39,42224.66   
"MIS",1875,40,119126.38  
"MIS",1875,41,387200     
"MIS",1877,31,242450.53  
"MIS",1877,32,92298.41   
"MIS",1877,33,19500.25   
"MIS",1877,34,1009.85    
"MIS",1877,35,465.13     
"MIS",1877,36,241784.07  
"MIS",1877,39,14570.08   
"MIS",1877,40,84940.53   
"MIS",1880,31,286830.37  
"MIS",1880,32,96437.48   
"MIS",1880,33,53117.84   
"MIS",1880,34,1000       
"MIS",1880,35,2844.52    
"MIS",1880,36,254383.31  
"MIS",1880,39,13562.8    
"MIS",1880,40,89337.24   
"MIS",1881,31,232142.59  
"MIS",1881,32,97562.52   
"MIS",1881,33,24793.55   
"MIS",1881,34,1000       
"MIS",1881,35,4179.7     
"MIS",1881,36,150615.1   
"MIS",1881,39,26522.28   
"MIS",1881,40,83319.14   
"MIS",1884,31,347768.52  
"MIS",1884,32,161575.23  
"MIS",1884,33,44193.6    
"MIS",1884,34,1630.85    
"MIS",1884,35,16110.6    
"MIS",1884,36,254018.67  
"MIS",1884,39,300        
"MIS",1884,40,65295.08   
"MIS",1885,31,363923.25  
"MIS",1885,32,176394.33  
"MIS",1885,33,107882.22  
"MIS",1885,34,1266.75    
"MIS",1885,35,18965.5    
"MIS",1885,36,157662.43  
"MIS",1885,39,2988.53    
"MIS",1885,40,75295.73   
"MIS",1886,31,407823.78  
"MIS",1886,32,109677.74  
"MIS",1886,33,195623     
"MIS",1886,34,1782.85    
"MIS",1886,35,1289.17    
"MIS",1886,36,244385.16  
"MIS",1886,39,10314.9    
"MIS",1886,40,95221.91   
"MIS",1887,31,332624.75  
"MIS",1887,32,128423.51  
"MIS",1887,33,102201.48  
"MIS",1887,34,3054.77    
"MIS",1887,35,3916.49    
"MIS",1887,36,166701.45  
"MIS",1887,39,797.54     
"MIS",1887,40,116918.12  
"MIS",1887,41,175000     
"MIS",1888,39,1010628.89 
"MIS",1889,31,366544.37  
"MIS",1889,32,119828.32  
"MIS",1889,33,101824.83  
"MIS",1889,34,8125.31    
"MIS",1889,35,8770.92    
"MIS",1889,36,151678.65  
"MIS",1889,38,20727      
"MIS",1889,39,90.55      
"MIS",1889,40,122059.46  
"MIS",1889,41,980.25     
"MIS",1890,31,331317.54  
"MIS",1890,32,148132.37  
"MIS",1890,33,125457.25  
"MIS",1890,34,1158.4     
"MIS",1890,35,15842.92   
"MIS",1890,36,241625.72  
"MIS",1890,38,20658.75   
"MIS",1890,39,72544.38   
"MIS",1890,40,97033.94   
"MIS",1890,41,20000      
"MIS",1891,31,368193.76  
"MIS",1891,32,186274.61  
"MIS",1891,33,149304.46  
"MIS",1891,34,1049.05    
"MIS",1891,35,7839.87    
"MIS",1891,36,139801.79  
"MIS",1891,38,29106.56   
"MIS",1891,39,31010.25   
"MIS",1891,40,102661.49  
"MIS",1891,41,158308.55  
"MIS",1892,31,367255.01  
"MIS",1892,32,201480.95  
"MIS",1892,33,150580.03  
"MIS",1892,34,72.75      
"MIS",1892,35,6842.62    
"MIS",1892,36,295360.77  
"MIS",1892,37,6000       
"MIS",1892,38,69112.12   
"MIS",1892,39,46382.41   
"MIS",1892,40,87945.68   
"MIS",1892,41,3100       
"MIS",1893,31,795721.64  
"MIS",1893,32,218690.54  
"MIS",1893,33,5866.7     
"MIS",1893,34,1060.75    
"MIS",1893,35,4803.11    
"MIS",1893,36,106714.16  
"MIS",1893,37,2000       
"MIS",1893,38,63707.82   
"MIS",1893,39,4736.17    
"MIS",1893,40,58970.03   
"MIS",1893,41,1500       
"MIS",1894,31,661778.28  
"MIS",1894,32,89871.74   
"MIS",1894,33,8063.48    
"MIS",1894,34,2970.3     
"MIS",1894,35,5148.36    
"MIS",1894,36,205507.97  
"MIS",1894,37,4000       
"MIS",1894,38,59555.75   
"MIS",1894,39,8147.89    
"MIS",1894,40,85136.85   
"MIS",1894,41,500        
"MIS",1895,31,665697.7   
"MIS",1895,32,128953.55  
"MIS",1895,33,7134.95    
"MIS",1895,34,86962.37   
"MIS",1895,35,7340.3     
"MIS",1895,36,124982.89  
"MIS",1895,37,4000       
"MIS",1895,38,71632.5    
"MIS",1895,39,189292.55  
"MIS",1895,40,83214.39   
"MIS",1895,41,100        
"MIS",1896,31,822132.84  
"MIS",1896,32,169151.6   
"MIS",1896,33,9146.23    
"MIS",1896,34,3499.9     
"MIS",1896,35,23110.89   
"MIS",1896,36,263763.73  
"MIS",1896,37,5002.2     
"MIS",1896,38,65656      
"MIS",1896,39,6387.14    
"MIS",1896,40,96464.48   
"MIS",1896,41,166067.1   
"MIS",1897,31,781088.91  
"MIS",1897,32,176393.18  
"MIS",1897,33,6902.15    
"MIS",1897,34,3095.75    
"MIS",1897,35,20822.28   
"MIS",1897,36,207953.3   
"MIS",1897,37,4000       
"MIS",1897,38,73608      
"MIS",1897,39,3499.06    
"MIS",1897,40,100418.57  
"MIS",1897,41,12         
"MIS",1898,31,793165.98  
"MIS",1898,32,176934.74  
"MIS",1898,33,6900       
"MIS",1898,34,4368.7     
"MIS",1898,35,95760.72   
"MIS",1898,36,206083.19  
"MIS",1898,37,4000       
"MIS",1898,38,75093.25   
"MIS",1898,39,9346.66    
"MIS",1898,40,108006.06  
"MIS",1898,41,5          
"MIS",1899,31,782975.01  
"MIS",1899,32,177997.72  
"MIS",1899,33,6900       
"MIS",1899,34,1915.3     
"MIS",1899,35,15040.09   
"MIS",1899,36,158069.64  
"MIS",1899,37,4000       
"MIS",1899,38,75304.3    
"MIS",1899,39,10011.99   
"MIS",1899,40,104952.5   
"MIS",1899,41,87766.07   
"MIS",1900,31,928918.89  
"MIS",1900,32,205945.19  
"MIS",1900,33,6860.69    
"MIS",1900,34,3588.65    
"MIS",1900,35,11552.48   
"MIS",1900,36,270830.4   
"MIS",1900,37,4000       
"MIS",1900,38,74915.6    
"MIS",1900,39,11671.63   
"MIS",1900,40,105812.23  
"MIS",1901,31,953711.32  
"MIS",1901,32,244532.02  
"MIS",1901,33,6975.02    
"MIS",1901,34,5215.35    
"MIS",1901,35,4490.61    
"MIS",1901,36,398399.58  
"MIS",1901,37,3900       
"MIS",1901,38,149037     
"MIS",1901,39,10993.06   
"MIS",1901,40,106711.68  
"MIS",1901,41,338000     
"MIS",1902,31,1204925.1  
"MIS",1902,32,267551.96  
"MIS",1902,33,7025       
"MIS",1902,34,13117.64   
"MIS",1902,35,3113.76    
"MIS",1902,36,698588.81  
"MIS",1902,37,3500       
"MIS",1902,38,150200     
"MIS",1902,39,8663.89    
"MIS",1902,40,91956.43   
"MIS",1902,41,44877.5    
"MIS",1904,31,1150244.18 
"MIS",1904,32,317052.9   
"MIS",1904,33,7366.55    
"MIS",1904,34,181230.47  
"MIS",1904,35,10028.68   
"MIS",1904,36,337046.89  
"MIS",1904,37,3700       
"MIS",1904,38,200510.44  
"MIS",1904,39,67234.36   
"MIS",1904,40,90578.06   
"MIS",1904,41,2494.88    
"MIS",1905,31,2009951.56 
"MIS",1905,32,351348.6   
"MIS",1905,34,201217.79  
"MIS",1905,35,14828.03   
"MIS",1905,36,248735.4   
"MIS",1905,37,3700       
"MIS",1905,38,249993     
"MIS",1905,39,8969.91    
"MIS",1905,40,108985.3   
"MIS",1905,41,7001.4     
"MIS",1906,31,1573640.38 
"MIS",1906,32,392334.3   
"MIS",1906,33,2196.25    
"MIS",1906,34,255373.67  
"MIS",1906,35,74218.32   
"MIS",1906,36,385882.61  
"MIS",1906,37,3700       
"MIS",1906,38,250327.7   
"MIS",1906,39,22050.38   
"MIS",1906,40,424772.19  
"MIS",1906,41,8525.85    
"MIS",1907,31,1622112.67 
"MIS",1907,32,471470.52  
"MIS",1907,33,4432.68    
"MIS",1907,34,209309.97  
"MIS",1907,35,27920.61   
"MIS",1907,36,292954.25  
"MIS",1907,37,3631.25    
"MIS",1907,38,250079.2   
"MIS",1907,40,339371.75  
"MIS",1907,41,505092.94  
"MIS",1908,31,1748932.51 
"MIS",1908,32,498563.93  
"MIS",1908,33,5829.18    
"MIS",1908,34,244191.51  
"MIS",1908,35,121060.55  
"MIS",1908,36,345093.55  
"MIS",1908,37,3700       
"MIS",1908,38,250445.55  
"MIS",1908,39,9575.27    
"MIS",1908,40,107522.74  
"MIS",1908,41,2149.3     
"MIS",1909,31,1720951.96 
"MIS",1909,32,405823.98  
"MIS",1909,33,4956.35    
"MIS",1909,34,267220.63  
"MIS",1909,35,89442.93   
"MIS",1909,36,235040.16  
"MIS",1909,38,300127.15  
"MIS",1909,39,192.48     
"MIS",1909,40,107610.57  
"MIS",1909,41,307.5      
"MIS",1910,31,1948300.88 
"MIS",1910,32,478317.84  
"MIS",1910,33,7209.94    
"MIS",1910,34,239275.98  
"MIS",1910,35,92728.76   
"MIS",1910,36,472632.63  
"MIS",1910,38,300792.85  
"MIS",1910,39,16850.92   
"MIS",1910,40,107353.74  
"MIS",1910,41,1433.23    
"MIS",1911,31,1988508.21 
"MIS",1911,32,508915.67  
"MIS",1911,33,10774.03   
"MIS",1911,34,339848.44  
"MIS",1911,35,77648.05   
"MIS",1911,36,309589.16  
"MIS",1911,38,400086     
"MIS",1911,39,5232.36    
"MIS",1911,40,116108.6   
"MIS",1911,41,517.35     
"MIS",1912,31,2003893.07 
"MIS",1912,32,516140.98  
"MIS",1912,33,11676.07   
"MIS",1912,34,463392.95  
"MIS",1912,35,97301.6    
"MIS",1912,36,528390.3   
"MIS",1912,38,396302.2   
"MIS",1912,39,10893.01   
"MIS",1912,40,131532.49  
"MIS",1912,41,340195.64  
"MIS",1913,31,2004845.54 
"MIS",1913,32,486870.64  
"MIS",1913,33,6647.02    
"MIS",1913,34,315227.77  
"MIS",1913,35,100433.9   
"MIS",1913,36,335615.12  
"MIS",1913,38,450211.1   
"MIS",1913,39,3052.93    
"MIS",1913,40,119345.04  
"MIS",1913,41,610599.41  
"MIS",1914,31,2374121.69 
"MIS",1914,32,548921     
"MIS",1914,33,11997.9    
"MIS",1914,34,462552.12  
"MIS",1914,35,109628.75  
"MIS",1914,36,538128.14  
"MIS",1914,38,451137.85  
"MIS",1914,39,34090.59   
"MIS",1914,40,744443.23  
"MIS",1914,41,497.06     
                         
"MIS",1823,310,3189.43   
"MIS",1823,345,312.5     
"MIS",1823,361,10289.6   
"MIS",1823,362,7215.88   
"MIS",1823,363,21452.2   
"MIS",1823,390,14762.11  
"MIS",1823,392,1500      
"MIS",1823,398,355.55    
"MIS",1823,403,1736.83   
"MIS",1825,310,4016.93   
"MIS",1825,345,280       
"MIS",1825,361,9290.3    
"MIS",1825,362,6669.81   
"MIS",1825,363,15655.49  
"MIS",1825,364,330       
"MIS",1825,368,85.3      
"MIS",1825,390,8038.94   
"MIS",1825,392,2847.49   
"MIS",1825,403,1230      
"MIS",1826,310,7809      
"MIS",1826,345,524       
"MIS",1826,361,10739.6   
"MIS",1826,362,4991.98   
"MIS",1826,363,20192.41  
"MIS",1826,364,64        
"MIS",1826,368,55.28     
"MIS",1826,390,3817.06   
"MIS",1826,391,688       
"MIS",1826,392,150.52    
"MIS",1826,403,615       
"MIS",1827,310,1658      
"MIS",1827,345,262       
"MIS",1827,361,10179.08  
"MIS",1827,362,5478.38   
"MIS",1827,363,15910.87  
"MIS",1827,390,2582.94   
"MIS",1827,391,9943.17   
"MIS",1827,392,943       
"MIS",1827,403,1230      
"MIS",1828,310,8059      
"MIS",1828,345,250       
"MIS",1828,361,10653.65  
"MIS",1828,362,7895.39   
"MIS",1828,363,16027.31  
"MIS",1828,390,3098.55   
"MIS",1828,391,11504.83  
"MIS",1828,392,1303.58   
"MIS",1828,398,63.82     
"MIS",1828,403,1230      
"MIS",1829,310,10326.67  
"MIS",1829,345,450.44    
"MIS",1829,361,13919.33  
"MIS",1829,362,6434.72   
"MIS",1829,363,18540.17  
"MIS",1829,364,260       
"MIS",1829,390,5885.78   
"MIS",1829,391,3402.48   
"MIS",1829,392,1500      
"MIS",1829,398,410.31    
"MIS",1830,310,2810      
"MIS",1830,311,5632.53   
"MIS",1830,345,686       
"MIS",1830,361,10078.46  
"MIS",1830,362,6300      
"MIS",1830,363,19709.95  
"MIS",1830,364,208       
"MIS",1830,390,4236.36   
"MIS",1830,391,325       
"MIS",1831,310,7680.28   
"MIS",1831,311,200       
"MIS",1831,322,275       
"MIS",1831,345,584.92    
"MIS",1831,357,172.5     
"MIS",1831,361,24439.7   
"MIS",1831,362,1575      
"MIS",1832,310,1760      
"MIS",1832,322,250       
"MIS",1832,345,593       
"MIS",1832,357,150       
"MIS",1832,361,12483.89  
"MIS",1832,362,6937.24   
"MIS",1833,310,2700      
"MIS",1833,313,3067.82   
"MIS",1833,345,546.44    
"MIS",1833,357,150       
"MIS",1833,361,14155.2   
"MIS",1833,362,6100      
"MIS",1833,363,23835.51  
"MIS",1833,364,574       
"MIS",1833,390,4580.84   
"MIS",1833,391,5879.62   
"MIS",1833,398,18345.82  
"MIS",1833,403,140.18    
"MIS",1834,345,545       
"MIS",1834,357,1381.88   
"MIS",1834,361,14345.43  
"MIS",1834,362,8019.93   
"MIS",1834,363,18162.81  
"MIS",1834,364,58        
"MIS",1834,368,1219.42   
"MIS",1834,390,10454.99  
"MIS",1834,392,2727.25   
"MIS",1834,398,388.75    
"MIS",1835,310,3254.69   
"MIS",1835,345,501       
"MIS",1835,357,153.58    
"MIS",1835,361,7428.8    
"MIS",1835,362,7475      
"MIS",1835,363,35178.2   
"MIS",1835,367,6579.75   
"MIS",1835,368,71.2      
"MIS",1835,390,7844.25   
"MIS",1835,391,20780.68  
"MIS",1835,392,424.25    
"MIS",1836,310,800       
"MIS",1836,345,867.52    
"MIS",1836,357,280       
"MIS",1836,361,26470.96  
"MIS",1836,362,8126.27   
"MIS",1836,363,30359.44  
"MIS",1836,367,18300     
"MIS",1836,390,23911.17  
"MIS",1837,343,10000     
"MIS",1837,345,250       
"MIS",1837,357,100       
"MIS",1837,361,3909.4    
"MIS",1837,362,6963.48   
"MIS",1837,363,38563.58  
"MIS",1837,364,376       
"MIS",1837,367,35964.07  
"MIS",1837,390,11327.31  
"MIS",1837,391,198059.81 
"MIS",1838,343,10000     
"MIS",1838,345,166.75    
"MIS",1838,361,32553.05  
"MIS",1838,363,23152.38  
"MIS",1838,364,10        
"MIS",1838,365,448.8     
"MIS",1838,367,32944.5   
"MIS",1838,368,1782.48   
"MIS",1838,390,25038.59  
"MIS",1838,391,4706      
"MIS",1838,392,2000      
"MIS",1839,316,4222      
"MIS",1839,343,47400     
"MIS",1839,345,1406.36   
"MIS",1839,357,1648      
"MIS",1839,361,30872.6   
"MIS",1839,362,9711.1    
"MIS",1839,363,68169.52  
"MIS",1839,365,5734.79   
"MIS",1839,367,120436.35 
"MIS",1839,368,5154.08   
"MIS",1839,390,62633.03  
"MIS",1839,392,4000      
"MIS",1840,316,1898.25   
"MIS",1840,325,2000      
"MIS",1840,327,500       
"MIS",1840,343,39053.07  
"MIS",1840,345,1427.42   
"MIS",1840,357,465.5     
"MIS",1840,361,34997.33  
"MIS",1840,362,8711.07   
"MIS",1840,363,84524.2   
"MIS",1840,365,3902.47   
"MIS",1840,367,68016.66  
"MIS",1840,368,4541.08   
"MIS",1840,390,82445.09  
"MIS",1840,392,1069.1    
"MIS",1840,398,1218      
"MIS",1841,316,755       
"MIS",1841,325,3100      
"MIS",1841,343,52011.31  
"MIS",1841,345,703       
"MIS",1841,357,443       
"MIS",1841,361,26368.54  
"MIS",1841,362,11289.61  
"MIS",1841,363,81947.77  
"MIS",1841,364,2059      
"MIS",1841,365,2072.53   
"MIS",1841,367,52596.51  
"MIS",1841,368,842.78    
"MIS",1841,390,67647.37  
"MIS",1841,391,339       
"MIS",1841,392,3186.5    
"MIS",1841,398,1020      
"MIS",1841,413,184902.5  
"MIS",1842,316,4609.79   
"MIS",1842,325,3700      
"MIS",1842,343,30784.01  
"MIS",1842,345,1042.75   
"MIS",1842,357,100       
"MIS",1842,361,46928.44  
"MIS",1842,362,11907.31  
"MIS",1842,363,82322.93  
"MIS",1842,364,1868.99   
"MIS",1842,365,4791.48   
"MIS",1842,367,6695.89   
"MIS",1842,368,372.6     
"MIS",1842,390,14453.63  
"MIS",1842,391,2264      
"MIS",1842,392,4595.6    
"MIS",1843,311,3839.98   
"MIS",1843,313,21        
"MIS",1843,316,942       
"MIS",1843,325,6200      
"MIS",1843,336,5509.35   
"MIS",1843,343,29388.81  
"MIS",1843,345,1013.02   
"MIS",1843,356,1776.27   
"MIS",1843,357,1674.16   
"MIS",1843,361,21149.8   
"MIS",1843,362,23172.8   
"MIS",1843,363,137921.79 
"MIS",1843,364,636       
"MIS",1843,365,17495.21  
"MIS",1843,367,16913.48  
"MIS",1843,368,34.02     
"MIS",1843,369,12309.37  
"MIS",1843,390,67896.58  
"MIS",1843,392,1875.75   
"MIS",1843,400,10921.97  
"MIS",1844,311,2911.66   
"MIS",1844,316,1692.81   
"MIS",1844,325,3262      
"MIS",1844,336,1490.65   
"MIS",1844,343,6137.36   
"MIS",1844,345,1065.78   
"MIS",1844,356,25        
"MIS",1844,357,11188     
"MIS",1844,361,41782.81  
"MIS",1844,362,15822.56  
"MIS",1844,363,104046.94 
"MIS",1844,364,2183.8    
"MIS",1844,365,11478.13  
"MIS",1844,367,3142.46   
"MIS",1844,369,10963.6   
"MIS",1844,390,37146.5   
"MIS",1844,392,7884.43   
"MIS",1844,400,5411.62   
"MIS",1845,311,1483      
"MIS",1845,316,1411.78   
"MIS",1845,325,3698.26   
"MIS",1845,343,5031.83   
"MIS",1845,345,1674.88   
"MIS",1845,357,8087.19   
"MIS",1845,361,8         
"MIS",1845,362,14826.45  
"MIS",1845,363,99596.38  
"MIS",1845,364,4556.4    
"MIS",1845,365,13530.6   
"MIS",1845,367,1020.23   
"MIS",1845,368,4468.88   
"MIS",1845,369,2730.19   
"MIS",1845,390,3684      
"MIS",1845,392,11.25     
"MIS",1845,400,3060.41   
"MIS",1846,311,500       
"MIS",1846,316,2157.27   
"MIS",1846,325,3702.07   
"MIS",1846,343,15861.96  
"MIS",1846,345,2210.36   
"MIS",1846,356,300       
"MIS",1846,357,17284.01  
"MIS",1846,361,44264.79  
"MIS",1846,362,12924.27  
"MIS",1846,363,82755.8   
"MIS",1846,364,102       
"MIS",1846,365,10435.8   
"MIS",1846,367,7623.5    
"MIS",1846,368,298.58    
"MIS",1846,369,433.75    
"MIS",1846,390,20946.56  
"MIS",1846,398,993.75    
"MIS",1846,400,4261      
"MIS",1847,311,387.75    
"MIS",1847,316,1354.87   
"MIS",1847,325,2247.77   
"MIS",1847,343,13691.57  
"MIS",1847,345,1490      
"MIS",1847,356,400       
"MIS",1847,357,11017.79  
"MIS",1847,362,12419.77  
"MIS",1847,363,78343.86  
"MIS",1847,364,36        
"MIS",1847,365,12237.57  
"MIS",1847,367,43.7      
"MIS",1847,368,68.92     
"MIS",1847,369,2153.95   
"MIS",1847,390,11770.34  
"MIS",1847,398,1622.5    
"MIS",1847,400,2048.27   
"MIS",1848,310,3.84      
"MIS",1848,311,481       
"MIS",1848,316,997.35    
"MIS",1848,322,1875      
"MIS",1848,323,5000      
"MIS",1848,324,1333.34   
"MIS",1848,325,2460.43   
"MIS",1848,336,553.52    
"MIS",1848,343,10486.1   
"MIS",1848,345,925.86    
"MIS",1848,356,920       
"MIS",1848,357,24173.37  
"MIS",1848,361,60794.15  
"MIS",1848,362,11904.12  
"MIS",1848,363,75741.95  
"MIS",1848,364,1134.4    
"MIS",1848,365,13085.03  
"MIS",1848,369,7814.59   
"MIS",1848,390,39075.18  
"MIS",1848,391,81187.5   
"MIS",1848,398,3539.5    
"MIS",1848,400,130.96    
"MIS",1848,411,1100      
"MIS",1849,310,48.69     
"MIS",1849,311,231.17    
"MIS",1849,313,11701.03  
"MIS",1849,316,659       
"MIS",1849,322,1375      
"MIS",1849,323,5000      
"MIS",1849,324,1333.33   
"MIS",1849,325,1859.76   
"MIS",1849,336,262.77    
"MIS",1849,343,10106.42  
"MIS",1849,344,100       
"MIS",1849,345,612.33    
"MIS",1849,356,400       
"MIS",1849,357,1059.38   
"MIS",1849,361,720       
"MIS",1849,362,10788.73  
"MIS",1849,363,83280.88  
"MIS",1849,364,3004      
"MIS",1849,365,10856.78  
"MIS",1849,369,2038.94   
"MIS",1849,390,517.19    
"MIS",1849,391,121555.48 
"MIS",1849,398,3312.5    
"MIS",1851,310,15.42     
"MIS",1851,311,261307.19 
"MIS",1851,313,14924.2   
"MIS",1851,316,868.45    
"MIS",1851,322,2500      
"MIS",1851,323,40000     
"MIS",1851,325,777.26    
"MIS",1851,336,34049.7   
"MIS",1851,337,1600      
"MIS",1851,343,14216.12  
"MIS",1851,345,710.14    
"MIS",1851,356,117.53    
"MIS",1851,357,2507.22   
"MIS",1851,361,48698.67  
"MIS",1851,362,8052.87   
"MIS",1851,363,62729.06  
"MIS",1851,365,4083.26   
"MIS",1851,367,205.75    
"MIS",1851,369,6150.79   
"MIS",1851,390,72699.74  
"MIS",1851,391,21778.83  
"MIS",1851,398,6122      
"MIS",1851,411,2225.78   
"MIS",1854,310,125.51    
"MIS",1854,311,14780.73  
"MIS",1854,313,17759.17  
"MIS",1854,316,1436.6    
"MIS",1854,322,19354.02  
"MIS",1854,323,5000      
"MIS",1854,325,773.89    
"MIS",1854,336,236108.31 
"MIS",1854,343,10361.6   
"MIS",1854,345,822.66    
"MIS",1854,356,445       
"MIS",1854,357,14530.65  
"MIS",1854,361,43355.4   
"MIS",1854,362,12383.01  
"MIS",1854,363,99873.2   
"MIS",1854,364,164       
"MIS",1854,365,21164.29  
"MIS",1854,366,100       
"MIS",1854,367,3395.18   
"MIS",1854,368,6753.31   
"MIS",1854,369,6877.54   
"MIS",1854,390,73658.49  
"MIS",1854,391,332.88    
"MIS",1854,398,1950      
"MIS",1854,411,2500      
"MIS",1855,313,15052.7   
"MIS",1855,316,950.53    
"MIS",1855,322,4550      
"MIS",1855,323,15000     
"MIS",1855,325,287.5     
"MIS",1855,336,99013.87  
"MIS",1855,343,5084.15   
"MIS",1855,345,850       
"MIS",1855,357,21699.5   
"MIS",1855,362,12450     
"MIS",1855,363,99527.87  
"MIS",1855,365,11509.46  
"MIS",1855,366,100       
"MIS",1855,367,602.7     
"MIS",1855,369,4607.96   
"MIS",1855,390,14273.61  
"MIS",1855,398,4890      
"MIS",1855,400,3.34      
"MIS",1855,411,1125      
"MIS",1857,311,426386.11 
"MIS",1857,313,25636.4   
"MIS",1857,316,1926.2    
"MIS",1857,322,18325     
"MIS",1857,323,25000     
"MIS",1857,325,162.98    
"MIS",1857,336,273561.33 
"MIS",1857,343,23637.13  
"MIS",1857,345,850       
"MIS",1857,351,7594.41   
"MIS",1857,357,7264.15   
"MIS",1857,361,47664.63  
"MIS",1857,362,14018.19  
"MIS",1857,363,114983.12 
"MIS",1857,364,4084      
"MIS",1857,365,6195.32   
"MIS",1857,367,1564.22   
"MIS",1857,369,8135.78   
"MIS",1857,390,23720.12  
"MIS",1857,391,5412.94   
"MIS",1857,392,498       
"MIS",1857,398,6725      
"MIS",1857,411,1125      
"MIS",1858,311,81205.29  
"MIS",1858,313,36410.93  
"MIS",1858,316,880.95    
"MIS",1858,321,265.5     
"MIS",1858,322,11750     
"MIS",1858,323,34000     
"MIS",1858,325,100       
"MIS",1858,336,14323.83  
"MIS",1858,343,19678.46  
"MIS",1858,345,177.94    
"MIS",1858,351,2060.26   
"MIS",1858,352,375       
"MIS",1858,357,1557.29   
"MIS",1858,361,21926.54  
"MIS",1858,362,15267.82  
"MIS",1858,363,139842.48 
"MIS",1858,364,528       
"MIS",1858,365,20820.29  
"MIS",1858,367,1286.43   
"MIS",1858,369,9685.83   
"MIS",1858,390,58982.8   
"MIS",1858,391,132333.16 
"MIS",1858,392,300.72    
"MIS",1858,398,10150     
"MIS",1858,411,750       
"MIS",1859,311,76907.83  
"MIS",1859,313,36551.19  
"MIS",1859,316,986.55    
"MIS",1859,321,10520.67  
"MIS",1859,322,9200      
"MIS",1859,323,25956.75  
"MIS",1859,325,100       
"MIS",1859,336,13786.49  
"MIS",1859,343,64269.82  
"MIS",1859,345,1225      
"MIS",1859,351,3680.69   
"MIS",1859,352,12412     
"MIS",1859,357,4943.45   
"MIS",1859,361,26592.06  
"MIS",1859,362,16058.21  
"MIS",1859,363,147105.56 
"MIS",1859,365,21597.2   
"MIS",1859,367,1352      
"MIS",1859,369,16695.73  
"MIS",1859,390,59235.26  
"MIS",1859,391,48568.17  
"MIS",1859,392,400.12    
"MIS",1859,398,7325      
"MIS",1859,411,101545.25 
"MIS",1872,311,72001.02  
"MIS",1872,313,112500    
"MIS",1872,314,4000      
"MIS",1872,316,3398.4    
"MIS",1872,322,20000     
"MIS",1872,323,161527.13 
"MIS",1872,324,21111.3   
"MIS",1872,336,580       
"MIS",1872,337,81968.2   
"MIS",1872,343,26819.92  
"MIS",1872,345,993.91    
"MIS",1872,351,4825.67   
"MIS",1872,352,2750      
"MIS",1872,357,926.3     
"MIS",1872,361,177172.85 
"MIS",1872,362,38824.27  
"MIS",1872,363,434793.43 
"MIS",1872,365,51169.13  
"MIS",1872,367,4234.42   
"MIS",1872,369,72264.73  
"MIS",1872,390,35997.96  
"MIS",1872,392,85047.41  
"MIS",1872,398,245       
"MIS",1872,400,9924.28   
"MIS",1872,401,69753.31  
"MIS",1872,415,100000    
"MIS",1874,311,20266.62  
"MIS",1874,313,100000    
"MIS",1874,314,9000      
"MIS",1874,316,3447.03   
"MIS",1874,322,25000     
"MIS",1874,323,93750     
"MIS",1874,343,162712.84 
"MIS",1874,351,2625      
"MIS",1874,352,499.98    
"MIS",1874,357,22.75     
"MIS",1874,361,133519.91 
"MIS",1874,362,65172.03  
"MIS",1874,363,300854.1  
"MIS",1874,365,32151.69  
"MIS",1874,367,4200      
"MIS",1874,368,9533.32   
"MIS",1874,369,77967.05  
"MIS",1874,390,15376.03  
"MIS",1874,392,19392.25  
"MIS",1874,398,84        
"MIS",1874,400,43292     
"MIS",1874,401,92415     
"MIS",1874,415,100000    
"MIS",1875,311,118690.14 
"MIS",1875,313,50250     
"MIS",1875,314,4500      
"MIS",1875,316,4528.87   
"MIS",1875,322,25000     
"MIS",1875,323,97000     
"MIS",1875,343,66646.2   
"MIS",1875,345,5000      
"MIS",1875,361,118624.39 
"MIS",1875,362,44354.3   
"MIS",1875,363,230025.98 
"MIS",1875,365,37326.32  
"MIS",1875,367,3098.41   
"MIS",1875,368,5216.55   
"MIS",1875,369,54880.63  
"MIS",1875,390,31573.38  
"MIS",1875,392,3368.76   
"MIS",1875,398,7282.52   
"MIS",1875,400,25664     
"MIS",1875,401,93462.38  
"MIS",1875,415,387200    
"MIS",1877,310,1000      
"MIS",1877,311,184951.03 
"MIS",1877,313,49000     
"MIS",1877,314,5499.5    
"MIS",1877,316,2000      
"MIS",1877,322,22765.38  
"MIS",1877,323,69533.03  
"MIS",1877,337,19500.25  
"MIS",1877,343,1009.85   
"MIS",1877,357,465.13    
"MIS",1877,361,89918.1   
"MIS",1877,362,33682.97  
"MIS",1877,363,79225.52  
"MIS",1877,365,16650.99  
"MIS",1877,366,150       
"MIS",1877,367,216.64    
"MIS",1877,369,21939.85  
"MIS",1877,390,14570.08  
"MIS",1877,401,84940.53  
"MIS",1880,311,195379.17 
"MIS",1880,313,86964.25  
"MIS",1880,314,3500      
"MIS",1880,316,986.95    
"MIS",1880,322,23937.48  
"MIS",1880,323,67500     
"MIS",1880,324,5000      
"MIS",1880,336,498.4     
"MIS",1880,337,52619.44  
"MIS",1880,342,1000      
"MIS",1880,356,1927.9    
"MIS",1880,357,916.62    
"MIS",1880,361,73354.47  
"MIS",1880,362,33762.88  
"MIS",1880,363,85941.4   
"MIS",1880,365,12540.05  
"MIS",1880,367,2718.85   
"MIS",1880,368,23459.58  
"MIS",1880,369,22606.08  
"MIS",1880,390,11364.58  
"MIS",1880,392,2198.22   
"MIS",1880,401,89337.24  
"MIS",1881,311,145206.79 
"MIS",1881,313,83321.75  
"MIS",1881,314,3000      
"MIS",1881,316,614.05    
"MIS",1881,322,27062.52  
"MIS",1881,323,67500     
"MIS",1881,324,3000      
"MIS",1881,336,250.6     
"MIS",1881,337,24542.95  
"MIS",1881,342,1000      
"MIS",1881,356,1912.85   
"MIS",1881,357,2266.85   
"MIS",1881,362,34724.96  
"MIS",1881,363,86157.62  
"MIS",1881,365,15718.77  
"MIS",1881,367,3316.51   
"MIS",1881,368,1464.24   
"MIS",1881,369,9233      
"MIS",1881,390,26079.68  
"MIS",1881,392,442.6     
"MIS",1881,401,83319.14  
"MIS",1884,311,250616.28 
"MIS",1884,313,93240.82  
"MIS",1884,314,3000      
"MIS",1884,316,911.42    
"MIS",1884,320,8245.43   
"MIS",1884,322,29425     
"MIS",1884,323,113031.05 
"MIS",1884,324,10500     
"MIS",1884,325,373.75    
"MIS",1884,334,515.3     
"MIS",1884,337,43678.3   
"MIS",1884,342,1000      
"MIS",1884,343,630.85    
"MIS",1884,356,11643.34  
"MIS",1884,357,4467.26   
"MIS",1884,361,79170.76  
"MIS",1884,362,38398.7   
"MIS",1884,363,80897.57  
"MIS",1884,364,584       
"MIS",1884,365,20390.1   
"MIS",1884,366,500       
"MIS",1884,367,3937.32   
"MIS",1884,368,11722.39  
"MIS",1884,369,18417.83  
"MIS",1884,398,300       
"MIS",1884,401,65295.08  
"MIS",1885,311,247495.75 
"MIS",1885,313,112982.83 
"MIS",1885,314,3000      
"MIS",1885,316,444.67    
"MIS",1885,322,26425     
"MIS",1885,323,139469.68 
"MIS",1885,324,10499.65  
"MIS",1885,336,30225.58  
"MIS",1885,337,77656.64  
"MIS",1885,342,1000      
"MIS",1885,343,266.75    
"MIS",1885,356,4295.93   
"MIS",1885,357,14669.57  
"MIS",1885,362,36461.25  
"MIS",1885,363,82484.2   
"MIS",1885,364,22        
"MIS",1885,365,20339.76  
"MIS",1885,367,4640.84   
"MIS",1885,368,5038.22   
"MIS",1885,369,8676.16   
"MIS",1885,392,20        
"MIS",1885,398,2968.53   
"MIS",1885,400,2840      
"MIS",1885,401,72455.73  
"MIS",1886,311,290875.87 
"MIS",1886,313,113405.93 
"MIS",1886,314,2295.32   
"MIS",1886,316,1246.66   
"MIS",1886,322,20750     
"MIS",1886,323,76516.86  
"MIS",1886,324,12410.88  
"MIS",1886,336,124830.49 
"MIS",1886,337,70792.51  
"MIS",1886,342,1000      
"MIS",1886,343,782.85    
"MIS",1886,357,1289.17   
"MIS",1886,361,78874.27  
"MIS",1886,362,35260.64  
"MIS",1886,363,82554.41  
"MIS",1886,365,26680.39  
"MIS",1886,367,3471.2    
"MIS",1886,368,1483.33   
"MIS",1886,369,16060.92  
"MIS",1886,390,10165.92  
"MIS",1886,391,6.6       
"MIS",1886,392,142.38    
"MIS",1886,400,19996.9   
"MIS",1886,401,75225.01  
"MIS",1887,310,66.25     
"MIS",1887,311,232623.82 
"MIS",1887,313,96730.59  
"MIS",1887,314,2373.8    
"MIS",1887,316,830.29    
"MIS",1887,322,20750     
"MIS",1887,323,94673.51  
"MIS",1887,324,13000     
"MIS",1887,337,102201.48 
"MIS",1887,342,1000      
"MIS",1887,343,2054.77   
"MIS",1887,356,2112.05   
"MIS",1887,357,1804.44   
"MIS",1887,361,20        
"MIS",1887,362,35512.01  
"MIS",1887,363,87622.75  
"MIS",1887,365,32029.02  
"MIS",1887,367,2996.61   
"MIS",1887,369,8521.06   
"MIS",1887,390,250.09    
"MIS",1887,392,547.45    
"MIS",1887,400,27568.72  
"MIS",1887,401,78407.85  
"MIS",1887,403,10941.55  
"MIS",1887,413,175000    
"MIS",1888,399,1010628.89
"MIS",1889,310,30071.3   
"MIS",1889,311,244651.61 
"MIS",1889,313,88820.49  
"MIS",1889,314,2414.5    
"MIS",1889,316,586.47    
"MIS",1889,322,19092.32  
"MIS",1889,323,89236     
"MIS",1889,324,11500     
"MIS",1889,337,101824.83 
"MIS",1889,342,1000      
"MIS",1889,343,7125.31   
"MIS",1889,356,6347.86   
"MIS",1889,357,2423.06   
"MIS",1889,360,320.7     
"MIS",1889,362,37102.5   
"MIS",1889,363,69320.3   
"MIS",1889,364,563.8     
"MIS",1889,365,32043.18  
"MIS",1889,367,3411.71   
"MIS",1889,368,102.65    
"MIS",1889,369,8813.81   
"MIS",1889,381,20727     
"MIS",1889,391,90.55     
"MIS",1889,400,57559.5   
"MIS",1889,401,64499.96  
"MIS",1889,415,980.25    
"MIS",1890,310,27.1      
"MIS",1890,311,224796.3  
"MIS",1890,313,103510    
"MIS",1890,314,2431.7    
"MIS",1890,316,552.44    
"MIS",1890,321,3109.69   
"MIS",1890,322,27461.43  
"MIS",1890,323,102561.27 
"MIS",1890,324,14999.98  
"MIS",1890,337,125457.25 
"MIS",1890,342,1000      
"MIS",1890,343,158.4     
"MIS",1890,356,5392.12   
"MIS",1890,357,10450.8   
"MIS",1890,360,498       
"MIS",1890,361,75484.59  
"MIS",1890,362,37191.35  
"MIS",1890,363,75827.43  
"MIS",1890,364,43.95     
"MIS",1890,365,21326.63  
"MIS",1890,367,7850.5    
"MIS",1890,369,23403.27  
"MIS",1890,381,20658.75  
"MIS",1890,390,11570.44  
"MIS",1890,398,60973.94  
"MIS",1890,400,37062     
"MIS",1890,401,59971.94  
"MIS",1890,415,20000     
"MIS",1891,310,62.65     
"MIS",1891,311,242773.46 
"MIS",1891,313,122457.79 
"MIS",1891,314,2367.34   
"MIS",1891,316,532.52    
"MIS",1891,320,100       
"MIS",1891,322,21320.88  
"MIS",1891,323,149853.73 
"MIS",1891,324,15000     
"MIS",1891,337,149304.46 
"MIS",1891,342,1000      
"MIS",1891,343,49.05     
"MIS",1891,356,5530.55   
"MIS",1891,357,2309.32   
"MIS",1891,360,295.4     
"MIS",1891,362,35896.3   
"MIS",1891,363,71667.09  
"MIS",1891,364,24.85     
"MIS",1891,365,19529.53  
"MIS",1891,367,1550.96   
"MIS",1891,369,10837.66  
"MIS",1891,381,29106.56  
"MIS",1891,390,2000      
"MIS",1891,391,25500     
"MIS",1891,398,3510.25   
"MIS",1891,400,40864.1   
"MIS",1891,401,61797.39  
"MIS",1891,415,158308.55 
"MIS",1892,310,14.6      
"MIS",1892,311,235309.26 
"MIS",1892,313,128971.62 
"MIS",1892,314,2602.86   
"MIS",1892,316,356.67    
"MIS",1892,320,4567.32   
"MIS",1892,322,23884.86  
"MIS",1892,323,161203.04 
"MIS",1892,324,11825.73  
"MIS",1892,337,150580.03 
"MIS",1892,343,72.75     
"MIS",1892,356,5894.91   
"MIS",1892,357,947.71    
"MIS",1892,360,564       
"MIS",1892,361,109168.52 
"MIS",1892,362,35430.82  
"MIS",1892,363,79777.84  
"MIS",1892,365,48324.67  
"MIS",1892,367,4457.94   
"MIS",1892,369,17636.98  
"MIS",1892,371,6000      
"MIS",1892,381,29112.12  
"MIS",1892,382,40000     
"MIS",1892,390,1982      
"MIS",1892,392,43500.41  
"MIS",1892,398,900       
"MIS",1892,400,33466.74  
"MIS",1892,401,54478.94  
"MIS",1892,415,3100      
"MIS",1893,311,675296.21 
"MIS",1893,313,117069.08 
"MIS",1893,314,2598.1    
"MIS",1893,316,758.25    
"MIS",1893,322,27066.2   
"MIS",1893,323,178450.06 
"MIS",1893,324,13174.28  
"MIS",1893,337,5866.7    
"MIS",1893,342,1000      
"MIS",1893,343,60.75     
"MIS",1893,356,3918.87   
"MIS",1893,357,316.75    
"MIS",1893,358,567.49    
"MIS",1893,360,266       
"MIS",1893,362,29498.79  
"MIS",1893,363,56224.72  
"MIS",1893,364,544       
"MIS",1893,365,8177.87   
"MIS",1893,367,3149.4    
"MIS",1893,369,8853.38   
"MIS",1893,371,2000      
"MIS",1893,381,63707.82  
"MIS",1893,390,50        
"MIS",1893,392,4686.17   
"MIS",1893,400,32716.99  
"MIS",1893,401,26253.04  
"MIS",1893,415,1500      
"MIS",1894,310,125       
"MIS",1894,311,565991.42 
"MIS",1894,313,92862.76  
"MIS",1894,314,2076.2    
"MIS",1894,316,722.9     
"MIS",1894,322,17338.23  
"MIS",1894,323,63927.48  
"MIS",1894,324,8606.03   
"MIS",1894,337,8063.48   
"MIS",1894,342,1000      
"MIS",1894,343,1970.3    
"MIS",1894,356,4610.63   
"MIS",1894,357,537.73    
"MIS",1894,360,395       
"MIS",1894,361,45868.57  
"MIS",1894,362,29870.3   
"MIS",1894,363,75688.13  
"MIS",1894,365,38394.18  
"MIS",1894,367,2767.81   
"MIS",1894,369,12523.98  
"MIS",1894,371,4000      
"MIS",1894,381,59555.75  
"MIS",1894,390,6360.82   
"MIS",1894,392,1388.59   
"MIS",1894,393,398.48    
"MIS",1894,400,33456.33  
"MIS",1894,401,51680.52  
"MIS",1894,415,500       
"MIS",1895,310,300       
"MIS",1895,311,565230.42 
"MIS",1895,313,96094.4   
"MIS",1895,314,3398.75   
"MIS",1895,316,674.13    
"MIS",1895,322,24143.34  
"MIS",1895,323,91199.6   
"MIS",1895,324,13610.61  
"MIS",1895,337,7134.95   
"MIS",1895,342,1000      
"MIS",1895,343,85962.37  
"MIS",1895,356,6948.98   
"MIS",1895,357,391.32    
"MIS",1895,360,414       
"MIS",1895,361,1.95      
"MIS",1895,362,30890.59  
"MIS",1895,363,76291.55  
"MIS",1895,365,9154.75   
"MIS",1895,367,1812.4    
"MIS",1895,369,6417.65   
"MIS",1895,371,4000      
"MIS",1895,381,71632.5   
"MIS",1895,390,188615    
"MIS",1895,392,140.38    
"MIS",1895,393,496.27    
"MIS",1895,398,40.9      
"MIS",1895,400,31409.33  
"MIS",1895,401,51805.06  
"MIS",1895,415,100       
"MIS",1896,310,456.35    
"MIS",1896,311,694913.34 
"MIS",1896,313,122342.98 
"MIS",1896,314,3535      
"MIS",1896,316,885.17    
"MIS",1896,321,5666.81   
"MIS",1896,322,33503.72  
"MIS",1896,323,110724.12 
"MIS",1896,324,19025.95  
"MIS",1896,325,231       
"MIS",1896,337,9146.23   
"MIS",1896,342,1000      
"MIS",1896,343,499.9     
"MIS",1896,345,2000      
"MIS",1896,356,7048.29   
"MIS",1896,357,1946.71   
"MIS",1896,358,14115.89  
"MIS",1896,360,318       
"MIS",1896,361,86408.36  
"MIS",1896,362,33452.05  
"MIS",1896,363,90133.18  
"MIS",1896,365,32840.19  
"MIS",1896,366,62.5      
"MIS",1896,367,2833.18   
"MIS",1896,369,17716.27  
"MIS",1896,371,5002.2    
"MIS",1896,381,65656     
"MIS",1896,390,1585.55   
"MIS",1896,392,151.4     
"MIS",1896,393,4594.11   
"MIS",1896,398,56.08     
"MIS",1896,400,38386     
"MIS",1896,401,56445.16  
"MIS",1896,403,1633.32   
"MIS",1896,413,150000    
"MIS",1896,415,16067.1   
"MIS",1897,310,693.65    
"MIS",1897,311,635961.47 
"MIS",1897,313,139890.06 
"MIS",1897,314,3500      
"MIS",1897,316,1043.73   
"MIS",1897,322,34625.1   
"MIS",1897,323,120447.22 
"MIS",1897,324,21320.86  
"MIS",1897,337,6902.15   
"MIS",1897,342,1000      
"MIS",1897,345,2095.75   
"MIS",1897,356,14894.35  
"MIS",1897,357,1004.4    
"MIS",1897,358,4923.53   
"MIS",1897,361,36241.96  
"MIS",1897,362,29973.24  
"MIS",1897,363,91675.02  
"MIS",1897,364,375.6     
"MIS",1897,365,37717.05  
"MIS",1897,367,3735.01   
"MIS",1897,369,8235.42   
"MIS",1897,371,4000      
"MIS",1897,381,73608     
"MIS",1897,392,37.05     
"MIS",1897,393,3462.01   
"MIS",1897,400,49342.2   
"MIS",1897,401,51076.37  
"MIS",1897,415,12        
"MIS",1898,310,1050      
"MIS",1898,311,677899.06 
"MIS",1898,313,108145.02 
"MIS",1898,314,4850      
"MIS",1898,316,1221.9    
"MIS",1898,321,552.99    
"MIS",1898,322,29049.64  
"MIS",1898,323,127243.13 
"MIS",1898,324,20088.98  
"MIS",1898,337,6900      
"MIS",1898,342,333.2     
"MIS",1898,345,4035.5    
"MIS",1898,356,92484.97  
"MIS",1898,357,944.26    
"MIS",1898,358,2331.49   
"MIS",1898,360,574       
"MIS",1898,361,46452.72  
"MIS",1898,362,29942.92  
"MIS",1898,363,91343.3   
"MIS",1898,365,22260.69  
"MIS",1898,367,7722.15   
"MIS",1898,369,7787.41   
"MIS",1898,371,4000      
"MIS",1898,381,75093.25  
"MIS",1898,390,2551      
"MIS",1898,393,4803.78   
"MIS",1898,398,1991.88   
"MIS",1898,400,53072     
"MIS",1898,401,51293.79  
"MIS",1898,403,3640.27   
"MIS",1898,415,5         
"MIS",1899,310,1056.9    
"MIS",1899,311,675645.78 
"MIS",1899,313,101149.7  
"MIS",1899,314,4575      
"MIS",1899,316,547.63    
"MIS",1899,322,31451.73  
"MIS",1899,323,126888.17 
"MIS",1899,324,19657.82  
"MIS",1899,337,6900      
"MIS",1899,342,1000      
"MIS",1899,345,915.3     
"MIS",1899,356,13783.58  
"MIS",1899,357,180.09    
"MIS",1899,358,1076.42   
"MIS",1899,360,487.6     
"MIS",1899,362,25812.34  
"MIS",1899,363,93463.56  
"MIS",1899,365,27918.13  
"MIS",1899,366,11.25     
"MIS",1899,367,6819.39   
"MIS",1899,369,3557.37   
"MIS",1899,371,4000      
"MIS",1899,381,75304.3   
"MIS",1899,393,9971.56   
"MIS",1899,398,40.43     
"MIS",1899,400,53429.5   
"MIS",1899,401,51523     
"MIS",1899,413,87757.07  
"MIS",1899,415,9         
"MIS",1900,310,709.35    
"MIS",1900,311,720298.78 
"MIS",1900,313,201929.84 
"MIS",1900,314,4970      
"MIS",1900,316,1010.92   
"MIS",1900,321,675.31    
"MIS",1900,322,32697.36  
"MIS",1900,323,149440.77 
"MIS",1900,324,23131.75  
"MIS",1900,337,6860.69   
"MIS",1900,342,1666.8    
"MIS",1900,345,1921.85   
"MIS",1900,356,10052.28  
"MIS",1900,357,433.58    
"MIS",1900,358,1066.62   
"MIS",1900,360,421.6     
"MIS",1900,361,77104.5   
"MIS",1900,362,36753.7   
"MIS",1900,363,91061.71  
"MIS",1900,365,36763.02  
"MIS",1900,366,1000      
"MIS",1900,367,17973.08  
"MIS",1900,369,9752.79   
"MIS",1900,371,4000      
"MIS",1900,381,74915.6   
"MIS",1900,393,9047.32   
"MIS",1900,398,2624.31   
"MIS",1900,400,53684     
"MIS",1900,401,52128.23  
"MIS",1901,311,706149.06 
"MIS",1901,313,240875.21 
"MIS",1901,314,4555      
"MIS",1901,316,1199.55   
"MIS",1901,317,932.5     
"MIS",1901,322,34381.95  
"MIS",1901,323,184169.86 
"MIS",1901,324,25980.21  
"MIS",1901,337,6975.02   
"MIS",1901,342,1000      
"MIS",1901,345,4215.35   
"MIS",1901,353,500       
"MIS",1901,356,2598.38   
"MIS",1901,358,1392.23   
"MIS",1901,360,429.6     
"MIS",1901,361,395       
"MIS",1901,362,36258.85  
"MIS",1901,363,91427.03  
"MIS",1901,365,58326.34  
"MIS",1901,366,59.5      
"MIS",1901,367,204241.75 
"MIS",1901,369,7261.51   
"MIS",1901,371,3900      
"MIS",1901,381,149037    
"MIS",1901,393,5756.01   
"MIS",1901,398,5237.05   
"MIS",1901,400,53978     
"MIS",1901,401,52733.68  
"MIS",1901,415,338000    
"MIS",1902,310,612.8     
"MIS",1902,311,958034.35 
"MIS",1902,313,239529.56 
"MIS",1902,314,4525.62   
"MIS",1902,316,1222.77   
"MIS",1902,317,1000      
"MIS",1902,321,4037.81   
"MIS",1902,322,49057.65  
"MIS",1902,323,181563.46 
"MIS",1902,324,32893.04  
"MIS",1902,337,7025      
"MIS",1902,342,1000      
"MIS",1902,343,5081.36   
"MIS",1902,345,7036.28   
"MIS",1902,356,1866.43   
"MIS",1902,358,1247.33   
"MIS",1902,360,443.6     
"MIS",1902,361,66582.9   
"MIS",1902,362,26766.87  
"MIS",1902,363,103972.1  
"MIS",1902,364,1033.6    
"MIS",1902,365,41911.34  
"MIS",1902,367,444293.67 
"MIS",1902,368,1218.4    
"MIS",1902,369,12366.33  
"MIS",1902,371,3500      
"MIS",1902,381,150200    
"MIS",1902,390,15        
"MIS",1902,393,2955.78   
"MIS",1902,398,5693.11   
"MIS",1902,400,37802.5   
"MIS",1902,401,54153.93  
"MIS",1902,415,44877.5   
"MIS",1904,310,593.25    
"MIS",1904,311,850724.05 
"MIS",1904,313,289041.56 
"MIS",1904,314,5292      
"MIS",1904,316,3593.32   
"MIS",1904,317,1000      
"MIS",1904,321,11485.1   
"MIS",1904,322,45511.05  
"MIS",1904,323,215094.63 
"MIS",1904,324,41464.44  
"MIS",1904,325,3497.68   
"MIS",1904,337,7366.55   
"MIS",1904,342,1000      
"MIS",1904,343,175003.46 
"MIS",1904,345,5227.01   
"MIS",1904,351,7420.87   
"MIS",1904,356,2207.81   
"MIS",1904,358,400       
"MIS",1904,360,862.83    
"MIS",1904,361,94324.08  
"MIS",1904,362,32524.12  
"MIS",1904,363,104209.25 
"MIS",1904,365,37964.8   
"MIS",1904,367,47816.82  
"MIS",1904,368,4152.54   
"MIS",1904,369,15192.45  
"MIS",1904,371,3700      
"MIS",1904,381,200510.44 
"MIS",1904,392,1249.71   
"MIS",1904,393,9366.76   
"MIS",1904,398,56617.89  
"MIS",1904,400,33528     
"MIS",1904,401,57050.06  
"MIS",1904,415,2494.88   
"MIS",1905,310,639.75    
"MIS",1905,311,1648570.69
"MIS",1905,313,348927.64 
"MIS",1905,314,7768.8    
"MIS",1905,316,3044.68   
"MIS",1905,317,1000      
"MIS",1905,322,111916.68 
"MIS",1905,323,196058.66 
"MIS",1905,324,35355.54  
"MIS",1905,325,8017.72   
"MIS",1905,343,198955.73 
"MIS",1905,345,2262.06   
"MIS",1905,352,11524.57  
"MIS",1905,356,2657.46   
"MIS",1905,357,96        
"MIS",1905,358,550       
"MIS",1905,360,1152.05   
"MIS",1905,362,41957.03  
"MIS",1905,363,113624.3  
"MIS",1905,365,27558.71  
"MIS",1905,367,49823.42  
"MIS",1905,368,4149      
"MIS",1905,369,10470.89  
"MIS",1905,371,3700      
"MIS",1905,381,249993    
"MIS",1905,390,5         
"MIS",1905,393,2378.71   
"MIS",1905,398,6586.2    
"MIS",1905,400,50458     
"MIS",1905,401,58527.3   
"MIS",1905,415,7001.4    
"MIS",1906,310,67        
"MIS",1906,311,1249843.78
"MIS",1906,313,305025.4  
"MIS",1906,314,14702.8   
"MIS",1906,316,4001.4    
"MIS",1906,321,62102.04  
"MIS",1906,322,52524.9   
"MIS",1906,323,221436.56 
"MIS",1906,324,37249.22  
"MIS",1906,325,19021.58  
"MIS",1906,336,2196.25   
"MIS",1906,342,2000      
"MIS",1906,343,245052.8  
"MIS",1906,345,8320.87   
"MIS",1906,351,56413.94  
"MIS",1906,352,12582.06  
"MIS",1906,356,4622.32   
"MIS",1906,358,600       
"MIS",1906,360,1180.1    
"MIS",1906,361,138436.41 
"MIS",1906,362,48230.17  
"MIS",1906,363,112226.73 
"MIS",1906,364,483.6     
"MIS",1906,365,34593.53  
"MIS",1906,367,27096.19  
"MIS",1906,368,5124.41   
"MIS",1906,369,18511.47  
"MIS",1906,371,3700      
"MIS",1906,381,250327.7  
"MIS",1906,395,1500      
"MIS",1906,398,20550.38  
"MIS",1906,400,57739.33  
"MIS",1906,401,59324.26  
"MIS",1906,403,307708.6  
"MIS",1906,415,8525.85   
"MIS",1907,310,951.4     
"MIS",1907,311,1249243.02
"MIS",1907,313,356977.61 
"MIS",1907,314,11128.82  
"MIS",1907,316,2811.82   
"MIS",1907,317,1000      
"MIS",1907,322,97859.82  
"MIS",1907,323,291108.57 
"MIS",1907,324,52688.53  
"MIS",1907,325,29813.6   
"MIS",1907,336,4432.68   
"MIS",1907,342,1000      
"MIS",1907,343,201009.63 
"MIS",1907,345,7300.34   
"MIS",1907,351,15140.45  
"MIS",1907,352,9378.33   
"MIS",1907,356,2901.83   
"MIS",1907,358,500       
"MIS",1907,360,881.3     
"MIS",1907,361,12464.5   
"MIS",1907,362,42271.15  
"MIS",1907,363,118391.55 
"MIS",1907,365,76408.44  
"MIS",1907,367,20695.51  
"MIS",1907,368,11117.81  
"MIS",1907,369,10723.99  
"MIS",1907,371,3631.25   
"MIS",1907,381,250079.2  
"MIS",1907,400,72149     
"MIS",1907,401,60139.42  
"MIS",1907,403,207083.33 
"MIS",1907,415,505092.94 
"MIS",1908,310,449.1     
"MIS",1908,311,1250906.45
"MIS",1908,313,483289.28 
"MIS",1908,314,10546.75  
"MIS",1908,316,3740.93   
"MIS",1908,321,2769.91   
"MIS",1908,322,89411.05  
"MIS",1908,323,328280.68 
"MIS",1908,324,43829.31  
"MIS",1908,325,34272.98  
"MIS",1908,336,5829.18   
"MIS",1908,342,1000      
"MIS",1908,343,230300.43 
"MIS",1908,345,12891.08  
"MIS",1908,351,21829.47  
"MIS",1908,352,25750.71  
"MIS",1908,356,52990.24  
"MIS",1908,357,496.73    
"MIS",1908,358,19993.4   
"MIS",1908,360,331.8     
"MIS",1908,361,102717.39 
"MIS",1908,362,44673.96  
"MIS",1908,363,123537.53 
"MIS",1908,367,32246.79  
"MIS",1908,368,24047.8   
"MIS",1908,369,17538.28  
"MIS",1908,371,3700      
"MIS",1908,381,250445.55 
"MIS",1908,398,9575.27   
"MIS",1908,400,46657.5   
"MIS",1908,401,60865.24  
"MIS",1908,415,2149.3    
"MIS",1909,310,551       
"MIS",1909,311,1249516.67
"MIS",1909,313,453447.38 
"MIS",1909,314,11000     
"MIS",1909,316,2736.91   
"MIS",1909,317,3700      
"MIS",1909,322,60031.39  
"MIS",1909,323,261568.91 
"MIS",1909,324,53856.42  
"MIS",1909,325,30367.26  
"MIS",1909,336,4956.35   
"MIS",1909,342,1000      
"MIS",1909,343,255746.02 
"MIS",1909,345,10474.61  
"MIS",1909,351,13199.96  
"MIS",1909,352,16179.97  
"MIS",1909,356,59646.8   
"MIS",1909,357,363.7     
"MIS",1909,358,52.5      
"MIS",1909,360,10.8      
"MIS",1909,361,31.15     
"MIS",1909,362,46878.27  
"MIS",1909,363,122810.53 
"MIS",1909,367,31423.46  
"MIS",1909,368,18262.11  
"MIS",1909,369,15623.84  
"MIS",1909,381,300127.15 
"MIS",1909,398,192.48    
"MIS",1909,400,46217.5   
"MIS",1909,401,61393.07  
"MIS",1909,415,307.5     
"MIS",1910,311,1436976.32
"MIS",1910,313,497419.52 
"MIS",1910,314,11100     
"MIS",1910,316,2805.04   
"MIS",1910,321,3552.43   
"MIS",1910,322,66360.4   
"MIS",1910,323,308432.92 
"MIS",1910,324,55962.52  
"MIS",1910,325,44009.57  
"MIS",1910,336,7209.94   
"MIS",1910,342,1000      
"MIS",1910,343,228113.36 
"MIS",1910,345,10162.62  
"MIS",1910,351,11829.85  
"MIS",1910,352,23587.42  
"MIS",1910,353,42700     
"MIS",1910,356,3365.49   
"MIS",1910,357,54.8      
"MIS",1910,358,11191.2   
"MIS",1910,361,127074.82 
"MIS",1910,362,50196.36  
"MIS",1910,363,133071.13 
"MIS",1910,364,651.6     
"MIS",1910,365,89387.43  
"MIS",1910,366,559.59    
"MIS",1910,367,33648.22  
"MIS",1910,368,11346.96  
"MIS",1910,369,26696.52  
"MIS",1910,381,300792.85 
"MIS",1910,390,35.69     
"MIS",1910,398,16815.23  
"MIS",1910,400,45705     
"MIS",1910,401,61648.74  
"MIS",1910,415,1433.23   
"MIS",1911,311,1441242.4 
"MIS",1911,313,528025.74 
"MIS",1911,314,14850     
"MIS",1911,316,3228.63   
"MIS",1911,317,1161.44   
"MIS",1911,322,66524.42  
"MIS",1911,323,316380.62 
"MIS",1911,324,83828.59  
"MIS",1911,325,42182.04  
"MIS",1911,331,2029.85   
"MIS",1911,336,8744.18   
"MIS",1911,342,25999.96  
"MIS",1911,343,303381.21 
"MIS",1911,345,10467.27  
"MIS",1911,351,9802.47   
"MIS",1911,352,52822.6   
"MIS",1911,353,3000      
"MIS",1911,356,9458.19   
"MIS",1911,358,2564.79   
"MIS",1911,360,700       
"MIS",1911,361,1301.43   
"MIS",1911,362,48204.29  
"MIS",1911,363,166470.88 
"MIS",1911,365,39794.78  
"MIS",1911,366,1818.83   
"MIS",1911,367,23840.33  
"MIS",1911,368,15148.14  
"MIS",1911,369,12310.48  
"MIS",1911,381,400086    
"MIS",1911,398,5232.36   
"MIS",1911,400,54204.2   
"MIS",1911,401,61904.4   
"MIS",1911,415,517.35    
"MIS",1912,310,403.94    
"MIS",1912,311,1453856.66
"MIS",1912,313,500141    
"MIS",1912,314,45343.02  
"MIS",1912,316,2909.89   
"MIS",1912,317,1238.56   
"MIS",1912,322,65093.94  
"MIS",1912,323,335753.36 
"MIS",1912,324,68265.09  
"MIS",1912,325,47028.59  
"MIS",1912,331,5478.12   
"MIS",1912,336,6197.95   
"MIS",1912,342,26416.73  
"MIS",1912,343,325915.77 
"MIS",1912,345,111060.45 
"MIS",1912,351,11253.65  
"MIS",1912,352,46059.02  
"MIS",1912,353,15157.4   
"MIS",1912,356,18212.98  
"MIS",1912,358,6618.55   
"MIS",1912,361,136026.49 
"MIS",1912,362,48806.67  
"MIS",1912,363,172602.76 
"MIS",1912,365,102859.01 
"MIS",1912,366,1654.96   
"MIS",1912,367,26426.57  
"MIS",1912,368,9548.94   
"MIS",1912,369,30464.9   
"MIS",1912,381,396302.2  
"MIS",1912,398,10893.01  
"MIS",1912,400,69636.77  
"MIS",1912,401,61895.72  
"MIS",1912,415,340195.64 
"MIS",1913,310,599.68    
"MIS",1913,311,1453726.86
"MIS",1913,313,448621.53 
"MIS",1913,314,94858.77  
"MIS",1913,316,5838.7    
"MIS",1913,317,1200      
"MIS",1913,322,58179.41  
"MIS",1913,323,310794.22 
"MIS",1913,324,70056.4   
"MIS",1913,325,47840.61  
"MIS",1913,336,6647.02   
"MIS",1913,342,23500     
"MIS",1913,343,280727.77 
"MIS",1913,345,11000     
"MIS",1913,351,13963.51  
"MIS",1913,352,57694.24  
"MIS",1913,356,24298.74  
"MIS",1913,358,4477.41   
"MIS",1913,360,1000      
"MIS",1913,361,10847.7   
"MIS",1913,362,48679.98  
"MIS",1913,363,152898.76 
"MIS",1913,365,74799.53  
"MIS",1913,367,25409.31  
"MIS",1913,368,5672.93   
"MIS",1913,369,16306.91  
"MIS",1913,381,450211.1  
"MIS",1913,398,3052.93   
"MIS",1913,400,57132.5   
"MIS",1913,401,62212.54  
"MIS",1913,413,610500    
"MIS",1913,415,99.41     
"MIS",1914,310,543.26    
"MIS",1914,311,1745886.03
"MIS",1914,313,513206.6  
"MIS",1914,314,108900.18 
"MIS",1914,316,4457.3    
"MIS",1914,317,1128.32   
"MIS",1914,320,5216.4    
"MIS",1914,322,65318.06  
"MIS",1914,323,344889.75 
"MIS",1914,324,82701.82  
"MIS",1914,325,50794.97  
"MIS",1914,331,4980      
"MIS",1914,336,7017.9    
"MIS",1914,342,29466.97  
"MIS",1914,343,419495.98 
"MIS",1914,345,13589.17  
"MIS",1914,351,21057.47  
"MIS",1914,352,59376.95  
"MIS",1914,353,930.2     
"MIS",1914,356,19999.38  
"MIS",1914,358,8264.75   
"MIS",1914,360,120.52    
"MIS",1914,361,143125.12 
"MIS",1914,362,46044.12  
"MIS",1914,363,175626.05 
"MIS",1914,364,560.4     
"MIS",1914,365,87338.83  
"MIS",1914,366,250       
"MIS",1914,367,33293.25  
"MIS",1914,368,31020.38  
"MIS",1914,369,20749.47  
"MIS",1914,381,451137.85 
"MIS",1914,398,34090.59  
"MIS",1914,400,57659.44  
"MIS",1914,401,61986.44  
"MIS",1914,403,624797.35 
"MIS",1914,415,497.06    
