"CA",1850,3,348165.25     
"CA",1851,3,586701.86     
"CA",1852,3,921576.685    
"CA",1853,3,1431432.163   
"CA",1854,3,1203727.96    
"CA",1855,3,1337596.64    
"CA",1856,3,1368175.31    
"CA",1857,3,719103.454125 
"CA",1858,3,993543.23     
"CA",1859,3,1107853.14    
"CA",1860,3,1151942.89    
"CA",1861,3,1536175.81    
"CA",1862,3,1146744.55    
"CA",1863,3,2086467.79    
"CA",1864,3,2094307.03    
"CA",1865,3,2000959.08    
"CA",1866,3,3127010.061   
"CA",1867,3,2944833.79    
"CA",1868,3,3763424.17    
"CA",1869,3,3170125.76    
"CA",1870,3,3812528.22    
"CA",1871,3,3163708.6     
"CA",1872,3,3057512.29    
"CA",1873,3,3495346.315   
"CA",1874,3,3577002.99    
"CA",1875,3,5105326.83    
"CA",1876,3,4095389.18    
"CA",1877,3,3919420.605   
"CA",1878,3,3929780.53    
"CA",1879,3,3673963.2     
"CA",1880,3,4511283.588   
"CA",1881,3,6326858.56    
"CA",1882,3,4288745.06    
"CA",1883,3,4256472.49    
"CA",1884,3,4296734.54    
"CA",1885,3,5411054.4     
"CA",1885,3,5411054.4     
"CA",1886,3,5790615.26    
"CA",1886,3,5790615.26    
"CA",1887,3,7228863.2     
"CA",1887,3,7228863.2     
"CA",1888,3,6821483.73    
"CA",1888,3,6821483.73    
"CA",1889,3,10546956.68   
"CA",1889,3,10546956.68   
"CA",1890,3,7940545.889   
"CA",1890,3,7940545.889   
"CA",1891,3,7913489.12    
"CA",1891,3,7913489.12    
"CA",1892,3,9033906.839   
"CA",1892,3,9033906.839   
"CA",1893,3,8728469.91    
"CA",1893,3,8728469.91    
"CA",1894,3,10520243.963  
"CA",1894,3,10520243.963  
"CA",1895,3,9090373.68    
"CA",1895,3,9090373.68    
"CA",1896,3,8062836.418   
"CA",1897,3,8034995.438   
"CA",1897,3,8034995.438   
"CA",1898,3,8793503.762   
"CA",1898,3,8793503.762   
"CA",1899,3,8602705.821   
"CA",1900,3,9205233.55    
"CA",1901,3,11986806.914  
"CA",1902,3,9583392.87    
"CA",1902,3,9583392.87    
"CA",1903,3,10449586.967  
"CA",1904,0,11886178.652  
"CA",1904,3,11886178.652  
"CA",1905,3,16432536.11   
"CA",1905,3,16432536.11   
"CA",1906,3,11935963.538  
"CA",1906,3,11935963.538  
"CA",1907,3,14136917.615  
"CA",1907,3,14136917.615  
"CA",1908,3,15521385.256  
"CA",1909,3,16829266.11   
"CA",1909,3,16829266.11   
"CA",1910,3,18479322.51   
"CA",1910,3,18479322.51   
"CA",1911,3,21440055.643  
"CA",1911,3,21440055.643  
"CA",1912,0,19259323.48   
"CA",1912,3,19259323.48   
"CA",1912,3,19259323.48   
"CA",1913,3,22900465.771  
"CA",1913,3,22900465.771  
"CA",1914,3,28654846.787  
"CA",1914,3,28654846.787  
"CA",1915,3,36529593.04   
"CA",1915,3,36529593.04   
"CA",1916,3,39186731.601  
"CA",1916,3,39186731.601  
"CA",1917,3,35510157.82   
"CA",1917,3,35510157.82   
"CA",1850,33,907          
"CA",1850,36,346117.98    
"CA",1850,39,934          
"CA",1850,40,206.27       
"CA",1851,31,1232.5       
"CA",1851,32,8387.3       
"CA",1851,33,10226.5      
"CA",1851,34,2788.95      
"CA",1851,36,511374.11    
"CA",1851,39,52103        
"CA",1851,41,589.5        
"CA",1852,31,7825.61      
"CA",1852,32,87939.75     
"CA",1852,33,10567        
"CA",1852,34,32481.34     
"CA",1852,36,692035.655   
"CA",1852,39,81727.33     
"CA",1852,40,9000         
"CA",1853,31,6248.96      
"CA",1853,32,212306.42    
"CA",1853,33,7875.18      
"CA",1853,34,100213.95    
"CA",1853,36,976988.753   
"CA",1853,39,127798.9     
"CA",1854,31,5305.8       
"CA",1854,32,225453.91    
"CA",1854,33,5847.95      
"CA",1854,34,4949.68      
"CA",1854,35,25422.87     
"CA",1854,36,591187.28    
"CA",1854,39,345560.47    
"CA",1855,31,6580.06      
"CA",1855,32,390210.82    
"CA",1855,33,3279         
"CA",1855,34,10420.54     
"CA",1855,35,39416.71     
"CA",1855,36,694118.2     
"CA",1855,39,193571.31    
"CA",1856,31,63433.99     
"CA",1856,32,140563.63    
"CA",1856,33,9651.42      
"CA",1856,34,376128.95    
"CA",1856,36,657691.12    
"CA",1856,39,120706.2     
"CA",1857,31,93028.32     
"CA",1857,32,87744.53     
"CA",1857,33,3422.9       
"CA",1857,34,89889.83     
"CA",1857,36,349608.444125
"CA",1857,39,95409.43     
"CA",1858,31,81073.46     
"CA",1858,32,100330.77    
"CA",1858,33,4912.35      
"CA",1858,34,175329.09    
"CA",1858,36,557930.37    
"CA",1858,39,73967.19     
"CA",1859,31,14508.21     
"CA",1859,32,176791.59    
"CA",1859,33,6315.25      
"CA",1859,34,145287.02    
"CA",1859,35,8707.97      
"CA",1859,36,424231.92    
"CA",1859,39,48373.03     
"CA",1859,40,283638.15    
"CA",1860,31,15085.57     
"CA",1860,32,89391.86     
"CA",1860,33,13260.5      
"CA",1860,34,102317.04    
"CA",1860,35,9723.86      
"CA",1860,36,556273.69    
"CA",1860,39,58022.87     
"CA",1860,40,271950       
"CA",1860,41,35917.5      
"CA",1861,31,11539.35     
"CA",1861,32,179420.77    
"CA",1861,33,39732.19     
"CA",1861,34,122543.26    
"CA",1861,35,8577.52      
"CA",1861,36,547094.81    
"CA",1861,39,284875.16    
"CA",1861,40,267680       
"CA",1861,41,74712.75     
"CA",1862,31,82854.46     
"CA",1862,32,41753.47     
"CA",1862,33,23084.31     
"CA",1862,34,74319.52     
"CA",1862,35,83336.6      
"CA",1862,36,384574.77    
"CA",1862,39,61838.77     
"CA",1862,40,279973.38    
"CA",1862,41,115009.27    
"CA",1863,31,28496.84     
"CA",1863,32,333873.4     
"CA",1863,33,36467.17     
"CA",1863,34,205082.78    
"CA",1863,35,65218.95     
"CA",1863,36,676540.46    
"CA",1863,37,12000        
"CA",1863,39,51579.01     
"CA",1863,40,274820       
"CA",1863,41,402389.18    
"CA",1864,31,171865.81    
"CA",1864,32,277088.79    
"CA",1864,33,74320.24     
"CA",1864,34,475736.3     
"CA",1864,35,74411.14     
"CA",1864,36,532011.02    
"CA",1864,37,6000         
"CA",1864,39,32055.03     
"CA",1864,40,270819.9     
"CA",1864,41,179998.8     
"CA",1865,31,25691.62     
"CA",1865,32,398809.95    
"CA",1865,33,160053.75    
"CA",1865,34,490164.82    
"CA",1865,35,203429.79    
"CA",1865,36,295210.16    
"CA",1865,37,6000         
"CA",1865,39,9234         
"CA",1865,40,139230       
"CA",1865,41,273134.99    
"CA",1866,31,228906.296   
"CA",1866,32,179417.99    
"CA",1866,33,153088.58    
"CA",1866,34,1084932.48   
"CA",1866,35,123265.115   
"CA",1866,36,608370.04    
"CA",1866,37,6000         
"CA",1866,39,27289.39     
"CA",1866,40,288345.75    
"CA",1866,41,422716.08    
"CA",1866,401,4678.34     
"CA",1867,31,276635.43    
"CA",1867,32,238498.8     
"CA",1867,33,260779.83    
"CA",1867,34,776920.56    
"CA",1867,35,88453.62     
"CA",1867,36,338853.59    
"CA",1867,37,6000         
"CA",1867,39,16661.6      
"CA",1867,40,505543.26    
"CA",1867,41,436487.1     
"CA",1868,31,289271.03    
"CA",1868,32,329540.86    
"CA",1868,33,220940.77    
"CA",1868,34,146501.34    
"CA",1868,35,1093860.11   
"CA",1868,36,784393.58    
"CA",1868,37,6000         
"CA",1868,38,2485.5       
"CA",1868,39,32949.72     
"CA",1868,40,343959.58    
"CA",1868,41,513521.68    
"CA",1869,31,377937.55    
"CA",1869,32,208428.24    
"CA",1869,33,180743.31    
"CA",1869,34,129328.28    
"CA",1869,35,609014.27    
"CA",1869,36,560801.32    
"CA",1869,37,6000         
"CA",1869,38,7034.25      
"CA",1869,39,10262.2      
"CA",1869,40,307107.5     
"CA",1869,41,773468.84    
"CA",1870,31,551816.61    
"CA",1870,32,360947.27    
"CA",1870,33,278207.18    
"CA",1870,34,200346.04    
"CA",1870,35,350919.39    
"CA",1870,36,885713.5     
"CA",1870,37,6000         
"CA",1870,38,8216.14      
"CA",1870,39,22036.54     
"CA",1870,40,266542.5     
"CA",1870,41,881783.05    
"CA",1871,31,647973.29    
"CA",1871,32,275707.46    
"CA",1871,33,135510.08    
"CA",1871,34,201352.4     
"CA",1871,35,138672.49    
"CA",1871,36,599336.83    
"CA",1871,37,6000         
"CA",1871,38,10867.52     
"CA",1871,39,11560.27     
"CA",1871,40,595380       
"CA",1871,41,541348.26    
"CA",1872,31,488079.24    
"CA",1872,32,333931.87    
"CA",1872,33,85183.55     
"CA",1872,34,260618.26    
"CA",1872,35,120145.27    
"CA",1872,36,1146673.58   
"CA",1872,38,9561.72      
"CA",1872,39,34291.51     
"CA",1872,40,338549.16    
"CA",1872,41,240478.13    
"CA",1873,31,789985.55    
"CA",1873,32,416900.24    
"CA",1873,33,117693.29    
"CA",1873,34,199832.38    
"CA",1873,35,74896.52     
"CA",1873,36,686448.565   
"CA",1873,38,9279.68      
"CA",1873,39,47184.92     
"CA",1873,40,330764.5     
"CA",1873,41,822360.67    
"CA",1874,31,968005.61    
"CA",1874,32,544343.72    
"CA",1874,33,146133.44    
"CA",1874,34,263597.08    
"CA",1874,35,123652.07    
"CA",1874,36,822514.32    
"CA",1874,38,10293.74     
"CA",1874,39,37542.05     
"CA",1874,40,324171.25    
"CA",1874,41,336749.71    
"CA",1875,31,1568570.22   
"CA",1875,32,656253.57    
"CA",1875,33,195857.12    
"CA",1875,34,575374.02    
"CA",1875,35,101833.45    
"CA",1875,36,346939.02    
"CA",1875,38,9800         
"CA",1875,39,3850         
"CA",1875,40,321022.5     
"CA",1875,41,1288101.93   
"CA",1875,334,37725       
"CA",1876,31,1438062.76   
"CA",1876,32,923438.32    
"CA",1876,33,163016.39    
"CA",1876,34,283395.81    
"CA",1876,35,32549.8      
"CA",1876,36,678816.19    
"CA",1876,38,9800         
"CA",1876,39,30640.42     
"CA",1876,40,306560       
"CA",1876,41,229109.49    
"CA",1877,31,1580887.91   
"CA",1877,32,761465.89    
"CA",1877,33,280036.87    
"CA",1877,34,378511.94    
"CA",1877,35,58785.86     
"CA",1877,36,323620.095   
"CA",1877,38,6831.9       
"CA",1877,39,7475.19      
"CA",1877,40,380665       
"CA",1877,41,141139.95    
"CA",1878,31,1631103.77   
"CA",1878,32,656752.96    
"CA",1878,33,193539.25    
"CA",1878,34,348886.37    
"CA",1878,35,28046.02     
"CA",1878,36,605254.51    
"CA",1878,38,7582         
"CA",1878,39,27847.3      
"CA",1878,40,355944.47    
"CA",1878,41,74823.88     
"CA",1879,31,1518658.87   
"CA",1879,32,407904.73    
"CA",1879,33,366183.8     
"CA",1879,34,301822.75    
"CA",1879,35,54354.89     
"CA",1879,36,368674.96    
"CA",1879,38,11791.65     
"CA",1879,39,152664.07    
"CA",1879,40,394543.2     
"CA",1879,41,97364.28     
"CA",1880,31,1604866.77   
"CA",1880,32,549324.679   
"CA",1880,33,468120.15    
"CA",1880,34,423184.63    
"CA",1880,35,37810.599    
"CA",1880,36,1018970.78   
"CA",1880,38,6916.02      
"CA",1880,39,1346.06      
"CA",1880,40,397743.9     
"CA",1880,41,3000         
"CA",1881,31,1984007.95   
"CA",1881,32,625007.48    
"CA",1881,33,919292.48    
"CA",1881,34,672546.8     
"CA",1881,35,67174.74     
"CA",1881,36,674723.17    
"CA",1881,38,7106.45      
"CA",1881,39,10054.65     
"CA",1881,40,1333444.84   
"CA",1881,41,33500        
"CA",1882,31,2019164.3    
"CA",1882,32,620479.63    
"CA",1882,33,218317.07    
"CA",1882,34,424304.96    
"CA",1882,35,77995.51     
"CA",1882,36,402941.91    
"CA",1882,38,5856.51      
"CA",1882,39,7320         
"CA",1882,40,387286.59    
"CA",1882,41,112040.83    
"CA",1882,344,13037.75    
"CA",1883,31,1926136.97   
"CA",1883,32,685943.71    
"CA",1883,33,219402.93    
"CA",1883,34,389688.31    
"CA",1883,35,48903.27     
"CA",1883,36,564194.6     
"CA",1883,38,7128.71      
"CA",1883,39,3850.51      
"CA",1883,40,379223.48    
"CA",1883,41,32000        
"CA",1884,31,2073475.7    
"CA",1884,32,777780.76    
"CA",1884,33,234014.67    
"CA",1884,34,277038.61    
"CA",1884,35,48319.1      
"CA",1884,36,563786.57    
"CA",1884,38,6572.33      
"CA",1884,39,38804        
"CA",1884,40,181442.8     
"CA",1884,41,95500        
"CA",1885,31,1960122.7    
"CA",1885,32,779491.23    
"CA",1885,33,425202.92    
"CA",1885,34,526861.53    
"CA",1885,35,83774.63     
"CA",1885,36,554603.35    
"CA",1885,38,6690.82      
"CA",1885,39,51798.54     
"CA",1885,40,381374.26    
"CA",1885,41,641134.42    
"CA",1886,31,2147159.58   
"CA",1886,32,1020366.66   
"CA",1886,33,342285.1     
"CA",1886,34,396868.05    
"CA",1886,35,115445.4     
"CA",1886,36,527809.87    
"CA",1886,38,11992        
"CA",1886,39,411977.25    
"CA",1886,40,180746.62    
"CA",1886,41,635964.73    
"CA",1887,31,2212565.58   
"CA",1887,32,2457667.95   
"CA",1887,33,175808.63    
"CA",1887,34,473788.65    
"CA",1887,35,135402.54    
"CA",1887,36,752789.27    
"CA",1887,38,6602.48      
"CA",1887,39,23176.65     
"CA",1887,40,818919.6     
"CA",1887,41,172141.85    
"CA",1888,31,2605858.56   
"CA",1888,32,1096672.51   
"CA",1888,33,465295.47    
"CA",1888,34,696091.69    
"CA",1888,35,186770.34    
"CA",1888,36,571705       
"CA",1888,38,7185.17      
"CA",1888,39,74732.98     
"CA",1888,40,248341.33    
"CA",1888,41,868479.84    
"CA",1888,93,350.84       
"CA",1889,31,2886036.93   
"CA",1889,32,1437641.53   
"CA",1889,33,341117.48    
"CA",1889,34,656018.9     
"CA",1889,35,180363.54    
"CA",1889,36,846494.62    
"CA",1889,38,29748.03     
"CA",1889,39,3725354.08   
"CA",1889,40,251979.56    
"CA",1889,41,192202.01    
"CA",1890,31,2998513.829  
"CA",1890,32,1686947.76   
"CA",1890,33,356681.52    
"CA",1890,34,893076.31    
"CA",1890,35,258474.93    
"CA",1890,36,724742.66    
"CA",1890,38,6172.35      
"CA",1890,39,386170.54    
"CA",1890,40,162949.1     
"CA",1890,41,466816.89    
"CA",1891,31,2960773.69   
"CA",1891,32,1650024.14   
"CA",1891,33,313620.22    
"CA",1891,34,933218.3     
"CA",1891,35,235520.92    
"CA",1891,36,855090.01    
"CA",1891,38,10950.93     
"CA",1891,39,439742.19    
"CA",1891,40,223375.2     
"CA",1891,41,291173.52    
"CA",1892,31,2724391.03   
"CA",1892,32,2924810.67   
"CA",1892,33,397760.71    
"CA",1892,34,798944.12    
"CA",1892,35,360065.689   
"CA",1892,36,648874.73    
"CA",1892,38,8493.61      
"CA",1892,39,580558.4     
"CA",1892,40,158042.44    
"CA",1892,41,192090.02    
"CA",1892,232,239875.42   
"CA",1893,31,3608073.77   
"CA",1893,32,1654717.65   
"CA",1893,33,347066.78    
"CA",1893,34,822880.3     
"CA",1893,35,287505.76    
"CA",1893,36,1009492.38   
"CA",1893,38,26469.18     
"CA",1893,39,572434.01    
"CA",1893,40,150538.21    
"CA",1893,41,249291.87    
"CA",1894,31,3018000.9    
"CA",1894,32,1954285.27   
"CA",1894,33,294063.39    
"CA",1894,34,647946.08    
"CA",1894,35,237558.07    
"CA",1894,36,3265400.903  
"CA",1894,38,8329.71      
"CA",1894,39,748219.39    
"CA",1894,40,153658.41    
"CA",1894,41,192781.84    
"CA",1895,31,3456266.23   
"CA",1895,32,1968331.53   
"CA",1895,33,378658.98    
"CA",1895,34,908942.59    
"CA",1895,35,222885.76    
"CA",1895,36,1017458.33   
"CA",1895,38,23300.61     
"CA",1895,39,820698.79    
"CA",1895,40,176692.53    
"CA",1895,41,117138.33    
"CA",1896,31,508066.75    
"CA",1896,32,1278183.73   
"CA",1896,33,366564.91    
"CA",1896,34,635738.02    
"CA",1896,35,116243.02    
"CA",1896,36,810266.448   
"CA",1896,38,9275.8       
"CA",1896,39,798252.7     
"CA",1896,40,177186.36    
"CA",1896,41,325125.23    
"CA",1896,311,3037933.45  
"CA",1897,31,3413986.61   
"CA",1897,32,1269472.688  
"CA",1897,33,523484.21    
"CA",1897,34,591528.87    
"CA",1897,35,112134.08    
"CA",1897,36,1000510.65   
"CA",1897,38,109260.32    
"CA",1897,39,505328.03    
"CA",1897,40,227955.53    
"CA",1897,41,281334.45    
"CA",1898,31,4511192.71   
"CA",1898,32,1421940.492  
"CA",1898,33,591371.04    
"CA",1898,34,750351.99    
"CA",1898,35,92969.09     
"CA",1898,36,587235.26    
"CA",1898,38,33877.28     
"CA",1898,39,553051.45    
"CA",1898,40,178643.27    
"CA",1898,41,72871.18     
"CA",1899,31,3853628.061  
"CA",1899,32,1507861.61   
"CA",1899,33,600161.22    
"CA",1899,34,660631.72    
"CA",1899,35,125452.39    
"CA",1899,36,860541.18    
"CA",1899,38,14532.59     
"CA",1899,39,545835.3     
"CA",1899,40,269643.73    
"CA",1899,41,164418.02    
"CA",1900,31,4010305.28   
"CA",1900,32,1573475.15   
"CA",1900,33,666139.32    
"CA",1900,34,703939.29    
"CA",1900,35,147512.36    
"CA",1900,36,685092.08    
"CA",1900,38,41821.7      
"CA",1900,39,681827.04    
"CA",1900,40,412189.54    
"CA",1900,41,282923.04    
"CA",1900,336,8.75        
"CA",1901,31,4181919.594  
"CA",1901,32,1627222.68   
"CA",1901,33,830654.77    
"CA",1901,34,710725.44    
"CA",1901,35,222575.72    
"CA",1901,36,3475107.18   
"CA",1901,38,11540.51     
"CA",1901,39,603094.98    
"CA",1901,40,181960.02    
"CA",1901,41,142006.02    
"CA",1902,31,4368872.05   
"CA",1902,32,1739862.11   
"CA",1902,33,810996.43    
"CA",1902,34,662507.74    
"CA",1902,35,184058.85    
"CA",1902,36,707401.67    
"CA",1902,38,39956.26     
"CA",1902,39,651857.91    
"CA",1902,40,240322.42    
"CA",1902,41,177557.43    
"CA",1903,31,4387662.06   
"CA",1903,32,1763365.7    
"CA",1903,33,711506.05    
"CA",1903,34,907846.56    
"CA",1903,35,342394.877   
"CA",1903,36,988746.7     
"CA",1903,38,15833.58     
"CA",1903,39,906162.78    
"CA",1903,40,180838.76    
"CA",1903,41,245229.9     
"CA",1904,0,8193.33       
"CA",1904,31,5029278.982  
"CA",1904,32,1714359.39   
"CA",1904,33,952288.51    
"CA",1904,34,778596.55    
"CA",1904,35,274901.57    
"CA",1904,36,855808.35    
"CA",1904,38,75326.15     
"CA",1904,39,981416.65    
"CA",1904,40,173710.74    
"CA",1904,41,1042298.43   
"CA",1905,31,5342682.89   
"CA",1905,32,5259250.54   
"CA",1905,33,1067737.45   
"CA",1905,34,862079.83    
"CA",1905,35,556861.23    
"CA",1905,36,1236145.12   
"CA",1905,38,37258.21     
"CA",1905,39,1029456.47   
"CA",1905,40,169655.2     
"CA",1905,41,871409.17    
"CA",1906,31,5297384.58   
"CA",1906,32,2034665.828  
"CA",1906,33,1168375.44   
"CA",1906,34,877244.21    
"CA",1906,35,349387.41    
"CA",1906,36,1019858.14   
"CA",1906,38,66179.46     
"CA",1906,39,970616.01    
"CA",1906,40,88162.19     
"CA",1906,41,64090.27     
"CA",1907,31,5925676.7    
"CA",1907,32,2055793.73   
"CA",1907,33,1387628.22   
"CA",1907,34,1167366.23   
"CA",1907,35,212453.82    
"CA",1907,36,1423503.11   
"CA",1907,38,61345.455    
"CA",1907,39,1101426.14   
"CA",1907,40,270550.63    
"CA",1907,41,531173.58    
"CA",1908,31,529.6        
"CA",1908,32,54733.756    
"CA",1908,33,24568.82     
"CA",1908,34,51435.32     
"CA",1908,35,143.97       
"CA",1908,36,14250731.27  
"CA",1908,39,6619.4       
"CA",1908,40,214454.7     
"CA",1908,41,918168.42    
"CA",1909,31,6078924.01   
"CA",1909,32,2968733.84   
"CA",1909,33,1225558.74   
"CA",1909,34,1022449.53   
"CA",1909,35,878528.18    
"CA",1909,36,1416380.69   
"CA",1909,38,68255.16     
"CA",1909,39,1690841.28   
"CA",1909,40,213411.78    
"CA",1909,41,1266182.9    
"CA",1910,31,7195941.82   
"CA",1910,32,2786194.5    
"CA",1910,33,1779537.45   
"CA",1910,34,1101632.88   
"CA",1910,35,1613496.94   
"CA",1910,36,1076639.33   
"CA",1910,38,59118.29     
"CA",1910,39,1640408.53   
"CA",1910,40,245830.77    
"CA",1910,41,980522       
"CA",1911,31,10295882.97  
"CA",1911,32,2767340.413  
"CA",1911,33,2115137.19   
"CA",1911,34,1239948.65   
"CA",1911,35,489210.95    
"CA",1911,36,1526984.88   
"CA",1911,38,32612.58     
"CA",1911,39,2053795.83   
"CA",1911,40,206896.29    
"CA",1911,41,712245.89    
"CA",1912,0,951           
"CA",1912,31,8811634.48   
"CA",1912,32,2681850.55   
"CA",1912,33,1778403.13   
"CA",1912,34,1369100.32   
"CA",1912,35,597459.34    
"CA",1912,36,1770607.53   
"CA",1912,38,34204.98     
"CA",1912,39,888930.07    
"CA",1912,40,849669.99    
"CA",1912,41,476512.09    
"CA",1913,31,7942748.77   
"CA",1913,32,2966706.65   
"CA",1913,33,4508054.76   
"CA",1913,34,1778299.39   
"CA",1913,35,602415.32    
"CA",1913,36,1683156.641  
"CA",1913,38,35313.4      
"CA",1913,39,1883215.49   
"CA",1913,40,449822.72    
"CA",1913,41,1050732.63   
"CA",1914,31,9408826.12   
"CA",1914,32,3776011.43   
"CA",1914,33,6703402.49   
"CA",1914,34,1854905.45   
"CA",1914,35,746170.397   
"CA",1914,36,2009845.3    
"CA",1914,38,161387.3     
"CA",1914,39,3014086.42   
"CA",1914,40,432294.42    
"CA",1914,41,547917.46    
"CA",1915,31,7845702.68   
"CA",1915,32,4175748.88   
"CA",1915,33,12758670.95  
"CA",1915,34,1530484.22   
"CA",1915,35,822543.83    
"CA",1915,36,1929816.96   
"CA",1915,38,40535.61     
"CA",1915,39,3313321.08   
"CA",1915,40,1637263.21   
"CA",1915,41,766440.74    
"CA",1915,313,1709064.88  
"CA",1916,27,130901       
"CA",1916,31,10574034.86  
"CA",1916,32,5157701.91   
"CA",1916,33,11762347.24  
"CA",1916,34,1852520.74   
"CA",1916,35,3442479.421  
"CA",1916,36,1655633.65   
"CA",1916,38,149694.78    
"CA",1916,39,1930165.93   
"CA",1916,40,2142723.31   
"CA",1916,41,388528.76    
"CA",1917,31,11326795.6   
"CA",1917,32,4893804.85   
"CA",1917,33,7168366.4    
"CA",1917,34,1813029.2    
"CA",1917,35,1150896.47   
"CA",1917,36,2662288.49   
"CA",1917,38,58548.07     
"CA",1917,39,2264795.05   
"CA",1917,40,2003891.79   
"CA",1917,41,2167741.9    
"CA",1850,336,907         
"CA",1850,361,217971.94   
"CA",1850,362,9951.33     
"CA",1850,363,29559.12    
"CA",1850,365,11133.66    
"CA",1850,367,315         
"CA",1850,369,77186.93    
"CA",1850,399,934         
"CA",1850,400,206.27      
"CA",1851,311,1232.5      
"CA",1851,322,8387.3      
"CA",1851,336,10226.5     
"CA",1851,341,878         
"CA",1851,345,1910.95     
"CA",1851,361,212924.48   
"CA",1851,362,38043.92    
"CA",1851,363,107011.58   
"CA",1851,365,38215       
"CA",1851,366,2500        
"CA",1851,369,112679.13   
"CA",1851,393,50353       
"CA",1851,399,1750        
"CA",1851,417,589.5       
"CA",1852,311,7825.61     
"CA",1852,322,87939.75    
"CA",1852,336,10567       
"CA",1852,343,29948.67    
"CA",1852,345,2532.67     
"CA",1852,361,306682.25   
"CA",1852,362,23365.258   
"CA",1852,363,166887.42   
"CA",1852,365,25664.457   
"CA",1852,367,4000        
"CA",1852,369,165436.27   
"CA",1852,398,81727.33    
"CA",1852,401,9000        
"CA",1853,311,6248.96     
"CA",1853,321,2000        
"CA",1853,322,210306.42   
"CA",1853,336,7875.18     
"CA",1853,343,91037       
"CA",1853,345,9176.95     
"CA",1853,361,487348.51   
"CA",1853,362,34565.92    
"CA",1853,363,137273.273  
"CA",1853,364,1294.8      
"CA",1853,365,35604.33    
"CA",1853,366,8000        
"CA",1853,367,4055.53     
"CA",1853,369,268846.39   
"CA",1853,395,12000       
"CA",1853,398,115798.9    
"CA",1854,311,5305.8      
"CA",1854,321,4987.47     
"CA",1854,322,139592.25   
"CA",1854,323,80874.19    
"CA",1854,336,5847.95     
"CA",1854,345,4949.68     
"CA",1854,351,25422.87    
"CA",1854,361,305938.78   
"CA",1854,362,36905.34    
"CA",1854,363,101349.87   
"CA",1854,365,39382.58    
"CA",1854,369,107610.71   
"CA",1854,398,345560.47   
"CA",1855,311,6580.06     
"CA",1855,321,36241.02    
"CA",1855,322,207529.92   
"CA",1855,323,146439.88   
"CA",1855,336,3279        
"CA",1855,343,7293.33     
"CA",1855,345,3127.21     
"CA",1855,351,39416.71    
"CA",1855,361,374449.98   
"CA",1855,362,40139.72    
"CA",1855,363,107849.3    
"CA",1855,365,32273.99    
"CA",1855,369,139405.21   
"CA",1855,398,193571.31   
"CA",1856,311,60648.06    
"CA",1856,316,2785.93     
"CA",1856,321,16203.65    
"CA",1856,322,39806.32    
"CA",1856,323,84553.66    
"CA",1856,336,9651.42     
"CA",1856,343,370164.14   
"CA",1856,345,5964.81     
"CA",1856,361,293412.29   
"CA",1856,362,40484.13    
"CA",1856,363,108340.14   
"CA",1856,365,43676.31    
"CA",1856,369,171778.25   
"CA",1856,398,120706.2    
"CA",1857,311,92629.93    
"CA",1857,316,398.39      
"CA",1857,321,4986.66     
"CA",1857,322,774.23      
"CA",1857,323,81983.64    
"CA",1857,336,3422.9      
"CA",1857,343,86716.66    
"CA",1857,345,3173.17     
"CA",1857,361,146304.12   
"CA",1857,362,25216.684125
"CA",1857,363,84055.31    
"CA",1857,365,29081.05    
"CA",1857,369,64951.28    
"CA",1857,398,95409.43    
"CA",1858,311,74877.17    
"CA",1858,316,6196.29     
"CA",1858,321,10224.46    
"CA",1858,323,90106.31    
"CA",1858,336,4912.35     
"CA",1858,341,578         
"CA",1858,343,168976.8    
"CA",1858,345,5774.29     
"CA",1858,361,253381.38   
"CA",1858,362,36717.17    
"CA",1858,363,143353.13   
"CA",1858,365,41424.11    
"CA",1858,369,83054.58    
"CA",1858,398,73967.19    
"CA",1859,311,10259.21    
"CA",1859,316,4249        
"CA",1859,321,48732.45    
"CA",1859,323,128059.14   
"CA",1859,336,6315.25     
"CA",1859,341,23371.2     
"CA",1859,343,66231.5     
"CA",1859,345,55684.32    
"CA",1859,351,8707.97     
"CA",1859,361,186379.23   
"CA",1859,362,26726.5     
"CA",1859,363,109188.08   
"CA",1859,365,38208.51    
"CA",1859,366,4000        
"CA",1859,367,12000       
"CA",1859,369,47729.6     
"CA",1859,398,48373.03    
"CA",1859,401,283638.15   
"CA",1860,311,6160.87     
"CA",1860,316,8924.7      
"CA",1860,321,84955.9     
"CA",1860,323,4435.96     
"CA",1860,333,2500        
"CA",1860,336,10760.5     
"CA",1860,341,1066        
"CA",1860,343,23502.74    
"CA",1860,345,77748.3     
"CA",1860,351,9723.86     
"CA",1860,361,229688.42   
"CA",1860,362,27562.74    
"CA",1860,363,127322.08   
"CA",1860,365,106118.67   
"CA",1860,366,4618.65     
"CA",1860,367,8555.96     
"CA",1860,369,52407.17    
"CA",1860,395,1000        
"CA",1860,398,57022.87    
"CA",1860,401,271950      
"CA",1860,412,12480       
"CA",1860,415,20937.5     
"CA",1860,416,2500        
"CA",1861,311,7702.17     
"CA",1861,316,3837.18     
"CA",1861,321,85776.34    
"CA",1861,322,10000       
"CA",1861,323,83644.43    
"CA",1861,331,15000       
"CA",1861,336,24732.19    
"CA",1861,341,450         
"CA",1861,343,106622.36   
"CA",1861,345,15470.9     
"CA",1861,351,8577.52     
"CA",1861,361,324858.59   
"CA",1861,362,24903.59    
"CA",1861,363,108133.52   
"CA",1861,364,160.8       
"CA",1861,365,24753.28    
"CA",1861,366,2934.75     
"CA",1861,367,27775.82    
"CA",1861,369,33574.46    
"CA",1861,395,1000        
"CA",1861,396,275000      
"CA",1861,398,8875.16     
"CA",1861,401,267680      
"CA",1861,415,74712.75    
"CA",1862,311,71961       
"CA",1862,313,408         
"CA",1862,316,10485.46    
"CA",1862,321,1197.9      
"CA",1862,323,40555.57    
"CA",1862,336,23084.31    
"CA",1862,343,51585.81    
"CA",1862,345,22733.71    
"CA",1862,351,83336.6     
"CA",1862,361,153912.42   
"CA",1862,362,21629.04    
"CA",1862,363,90991.78    
"CA",1862,364,325.2       
"CA",1862,365,25231.68    
"CA",1862,366,348.93      
"CA",1862,367,51320.26    
"CA",1862,369,40815.46    
"CA",1862,398,61838.77    
"CA",1862,401,279973.38   
"CA",1862,412,96379.27    
"CA",1862,415,18630       
"CA",1863,311,11468.56    
"CA",1863,313,791.43      
"CA",1863,316,16236.85    
"CA",1863,321,134194.69   
"CA",1863,322,15447.93    
"CA",1863,323,184230.78   
"CA",1863,336,36467.17    
"CA",1863,341,2121.5      
"CA",1863,343,147218.77   
"CA",1863,345,55742.51    
"CA",1863,351,65218.95    
"CA",1863,360,18926       
"CA",1863,361,309069.01   
"CA",1863,362,31671.31    
"CA",1863,363,152066.79   
"CA",1863,365,34591.82    
"CA",1863,366,3056.47     
"CA",1863,367,73568.68    
"CA",1863,369,53590.38    
"CA",1863,371,12000       
"CA",1863,398,47590.2     
"CA",1863,399,3988.81     
"CA",1863,401,274820      
"CA",1863,412,154943.77   
"CA",1863,416,247445.41   
"CA",1864,311,138856.81   
"CA",1864,313,13452.5     
"CA",1864,316,19556.5     
"CA",1864,321,48722.21    
"CA",1864,322,12329.31    
"CA",1864,323,214037.27   
"CA",1864,325,2000        
"CA",1864,334,30750       
"CA",1864,336,43570.24    
"CA",1864,341,1473.25     
"CA",1864,343,95975.54    
"CA",1864,345,378287.51   
"CA",1864,351,74411.14    
"CA",1864,360,183         
"CA",1864,361,217985.87   
"CA",1864,362,27224.24    
"CA",1864,363,105259.37   
"CA",1864,365,24599.68    
"CA",1864,366,2116        
"CA",1864,367,90125.79    
"CA",1864,369,64517.07    
"CA",1864,371,6000        
"CA",1864,398,29055.03    
"CA",1864,399,3000        
"CA",1864,401,270819.9    
"CA",1864,412,120708.8    
"CA",1864,415,59290       
"CA",1865,311,15144.62    
"CA",1865,313,60.75       
"CA",1865,316,10486.25    
"CA",1865,321,201379.3    
"CA",1865,322,11500       
"CA",1865,323,185930.65   
"CA",1865,333,52500       
"CA",1865,334,82264.84    
"CA",1865,336,25288.91    
"CA",1865,341,540         
"CA",1865,343,138028.2    
"CA",1865,345,351596.62   
"CA",1865,351,203429.79   
"CA",1865,361,8081.4      
"CA",1865,362,31234.52    
"CA",1865,363,116811.55   
"CA",1865,365,27250.48    
"CA",1865,366,786.55      
"CA",1865,367,59981.68    
"CA",1865,369,51063.98    
"CA",1865,371,6000        
"CA",1865,398,9234        
"CA",1865,401,139230      
"CA",1865,412,259109.99   
"CA",1865,415,14025       
"CA",1866,311,213587.556  
"CA",1866,316,15318.74    
"CA",1866,321,20473.8     
"CA",1866,322,18125       
"CA",1866,323,140819.19   
"CA",1866,333,105000      
"CA",1866,334,27538.5     
"CA",1866,336,20550.08    
"CA",1866,341,1186        
"CA",1866,343,127812.8    
"CA",1866,345,955933.68   
"CA",1866,351,123265.115  
"CA",1866,361,258805.55   
"CA",1866,362,25901.92    
"CA",1866,363,115844.62   
"CA",1866,364,314         
"CA",1866,365,27086.95    
"CA",1866,366,668.05      
"CA",1866,367,117296.47   
"CA",1866,369,62452.48    
"CA",1866,371,6000        
"CA",1866,398,27035.39    
"CA",1866,399,254         
"CA",1866,401,288345.75   
"CA",1866,412,393822.33   
"CA",1866,415,28893.75    
"CA",1866,4018,4678.34    
"CA",1867,311,261739.48   
"CA",1867,313,1765.25     
"CA",1867,316,13130.7     
"CA",1867,321,19561.45    
"CA",1867,322,40000       
"CA",1867,323,178937.35   
"CA",1867,333,157500      
"CA",1867,334,75952.83    
"CA",1867,336,27327       
"CA",1867,341,850         
"CA",1867,343,73372.5     
"CA",1867,345,702698.06   
"CA",1867,351,88453.62    
"CA",1867,361,10514.57    
"CA",1867,362,24875.23    
"CA",1867,363,120944.24   
"CA",1867,365,28943.35    
"CA",1867,366,2147.25     
"CA",1867,367,93772.29    
"CA",1867,369,57656.66    
"CA",1867,371,6000        
"CA",1867,398,14161.6     
"CA",1867,399,2500        
"CA",1867,401,505543.26   
"CA",1867,412,418761.35   
"CA",1867,415,17725.75    
"CA",1868,311,274194.76   
"CA",1868,313,910.6       
"CA",1868,316,14165.67    
"CA",1868,321,21296.18    
"CA",1868,322,124000      
"CA",1868,323,184244.68   
"CA",1868,333,105000      
"CA",1868,334,85973.02    
"CA",1868,336,29967.75    
"CA",1868,341,2699.7      
"CA",1868,343,31213.75    
"CA",1868,345,112587.89   
"CA",1868,351,1093860.11  
"CA",1868,361,251984.11   
"CA",1868,362,25442.8     
"CA",1868,363,120275.51   
"CA",1868,365,36471.28    
"CA",1868,366,719.25      
"CA",1868,367,267964.04   
"CA",1868,369,81536.59    
"CA",1868,371,6000        
"CA",1868,380,2485.5      
"CA",1868,398,32899.72    
"CA",1868,399,50          
"CA",1868,401,343959.58   
"CA",1868,411,10202.63    
"CA",1868,412,462202.94   
"CA",1868,415,41116.11    
"CA",1869,311,319294.9    
"CA",1869,313,45186.85    
"CA",1869,316,13455.8     
"CA",1869,321,26894.62    
"CA",1869,322,25000       
"CA",1869,323,156533.62   
"CA",1869,333,105000      
"CA",1869,334,40401.48    
"CA",1869,336,35341.83    
"CA",1869,343,74741.7     
"CA",1869,345,54586.58    
"CA",1869,351,609014.27   
"CA",1869,361,16709.4     
"CA",1869,362,25717       
"CA",1869,363,128231.76   
"CA",1869,364,977         
"CA",1869,365,28912.98    
"CA",1869,367,315768.95   
"CA",1869,369,44484.23    
"CA",1869,371,6000        
"CA",1869,380,7034.25     
"CA",1869,398,10262.2     
"CA",1869,401,307107.5    
"CA",1869,411,969.07      
"CA",1869,412,636922.35   
"CA",1869,415,135577.42   
"CA",1870,311,393753.25   
"CA",1870,313,127831      
"CA",1870,316,30232.36    
"CA",1870,321,88013.61    
"CA",1870,322,54499.99    
"CA",1870,323,216933.67   
"CA",1870,324,1500        
"CA",1870,333,105000      
"CA",1870,334,139611.33   
"CA",1870,336,33595.85    
"CA",1870,343,159783.64   
"CA",1870,345,40562.4     
"CA",1870,351,350440.23   
"CA",1870,356,479.16      
"CA",1870,361,286048.66   
"CA",1870,362,27515.79    
"CA",1870,363,128084.19   
"CA",1870,364,10          
"CA",1870,365,30058.18    
"CA",1870,367,317744.11   
"CA",1870,369,96252.57    
"CA",1870,371,6000        
"CA",1870,380,8216.14     
"CA",1870,398,22036.54    
"CA",1870,401,266542.5    
"CA",1870,411,2672.83     
"CA",1870,412,553662.37   
"CA",1870,415,325447.85   
"CA",1871,311,513528.06   
"CA",1871,313,119084.25   
"CA",1871,314,750         
"CA",1871,316,14610.98    
"CA",1871,321,44973.3     
"CA",1871,322,38000       
"CA",1871,323,186734.16   
"CA",1871,324,6000        
"CA",1871,334,99150.13    
"CA",1871,336,36359.95    
"CA",1871,341,966.66      
"CA",1871,342,1820        
"CA",1871,343,161238.5    
"CA",1871,345,37327.24    
"CA",1871,351,134673.01   
"CA",1871,356,3999.48     
"CA",1871,361,20400       
"CA",1871,362,28748.82    
"CA",1871,363,131882.58   
"CA",1871,365,43038.48    
"CA",1871,367,316551.65   
"CA",1871,369,58715.3     
"CA",1871,371,6000        
"CA",1871,380,10867.52    
"CA",1871,398,11560.27    
"CA",1871,401,595380      
"CA",1871,412,302089.39   
"CA",1871,415,239258.87   
"CA",1872,310,568         
"CA",1872,311,437408.83   
"CA",1872,313,16972.23    
"CA",1872,314,750         
"CA",1872,316,32380.18    
"CA",1872,321,11000       
"CA",1872,322,59419.06    
"CA",1872,323,259012.81   
"CA",1872,324,4500        
"CA",1872,334,53944.4     
"CA",1872,336,31239.15    
"CA",1872,341,2376        
"CA",1872,343,205816.47   
"CA",1872,345,52425.79    
"CA",1872,351,116220.27   
"CA",1872,356,3925        
"CA",1872,361,306843.64   
"CA",1872,362,29392.9     
"CA",1872,363,128374.59   
"CA",1872,365,47104.5     
"CA",1872,367,453034.55   
"CA",1872,368,48284.57    
"CA",1872,369,133638.83   
"CA",1872,380,9561.72     
"CA",1872,398,34291.51    
"CA",1872,400,840         
"CA",1872,401,337709.16   
"CA",1872,412,174733.13   
"CA",1872,415,65500       
"CA",1872,417,245         
"CA",1873,311,606940.81   
"CA",1873,313,170072.68   
"CA",1873,316,12972.06    
"CA",1873,321,19692.97    
"CA",1873,322,51330.94    
"CA",1873,323,345876.33   
"CA",1873,334,80640.29    
"CA",1873,336,37053       
"CA",1873,341,397.25      
"CA",1873,343,127328.48   
"CA",1873,345,72106.65    
"CA",1873,351,71036.92    
"CA",1873,356,3859.6      
"CA",1873,361,10807.04    
"CA",1873,362,32783.11    
"CA",1873,363,147682.42   
"CA",1873,364,386.2       
"CA",1873,365,54191.08    
"CA",1873,367,349497.84   
"CA",1873,369,91100.875   
"CA",1873,380,9279.68     
"CA",1873,398,46184.92    
"CA",1873,399,1000        
"CA",1873,401,330764.5    
"CA",1873,412,267860.67   
"CA",1873,415,554500      
"CA",1874,310,900         
"CA",1874,311,507609.9    
"CA",1874,313,445174.24   
"CA",1874,316,14321.47    
"CA",1874,321,13950       
"CA",1874,322,9950        
"CA",1874,323,520443.72   
"CA",1874,334,119015.39   
"CA",1874,336,27118.05    
"CA",1874,341,17003.23    
"CA",1874,343,180286      
"CA",1874,345,66307.85    
"CA",1874,351,119747.87   
"CA",1874,356,3904.2      
"CA",1874,361,227192.52   
"CA",1874,362,33282.8     
"CA",1874,363,175438.39   
"CA",1874,364,200         
"CA",1874,365,60955.23    
"CA",1874,366,2180.25     
"CA",1874,367,150513.17   
"CA",1874,369,172751.96   
"CA",1874,380,10293.74    
"CA",1874,398,33542.05    
"CA",1874,399,4000        
"CA",1874,401,324171.25   
"CA",1874,412,336539.71   
"CA",1874,417,210         
"CA",1875,310,16660       
"CA",1875,311,1270257.28  
"CA",1875,313,262220.43   
"CA",1875,316,19432.51    
"CA",1875,321,6000        
"CA",1875,322,41750       
"CA",1875,323,608503.57   
"CA",1875,334,185024.12   
"CA",1875,336,10833       
"CA",1875,341,1541.95     
"CA",1875,343,186367.27   
"CA",1875,345,387464.8    
"CA",1875,351,97852.25    
"CA",1875,356,3981.2      
"CA",1875,361,517.5       
"CA",1875,362,30389.5     
"CA",1875,363,157971.33   
"CA",1875,364,200         
"CA",1875,365,41903.55    
"CA",1875,367,48486.44    
"CA",1875,369,67470.7     
"CA",1875,380,9800        
"CA",1875,398,3850        
"CA",1875,400,166315      
"CA",1875,401,154707.5    
"CA",1875,412,11763.22    
"CA",1875,413,1086338.71  
"CA",1875,415,190000      
"CA",1875,3344,37725      
"CA",1876,310,1433.32     
"CA",1876,311,1322409.34  
"CA",1876,313,92690.88    
"CA",1876,316,21529.22    
"CA",1876,321,6000        
"CA",1876,322,71750       
"CA",1876,323,845688.32   
"CA",1876,330,1016.77     
"CA",1876,334,146716.67   
"CA",1876,336,15282.95    
"CA",1876,341,641.5       
"CA",1876,343,243538.35   
"CA",1876,345,39215.96    
"CA",1876,351,28687.28    
"CA",1876,356,3862.52     
"CA",1876,361,227496.46   
"CA",1876,362,32565.16    
"CA",1876,363,167353.74   
"CA",1876,364,100         
"CA",1876,365,44855.49    
"CA",1876,367,26828.47    
"CA",1876,369,179616.87   
"CA",1876,380,9800        
"CA",1876,398,30640.42    
"CA",1876,400,17.5        
"CA",1876,401,306542.5    
"CA",1876,412,229109.49   
"CA",1877,310,836.64      
"CA",1877,311,1536160.71  
"CA",1877,315,10741.95    
"CA",1877,316,33148.61    
"CA",1877,321,7259        
"CA",1877,322,45750       
"CA",1877,323,708456.89   
"CA",1877,330,11100       
"CA",1877,334,258661.87   
"CA",1877,336,10275       
"CA",1877,341,3550        
"CA",1877,343,276818.41   
"CA",1877,345,98143.53    
"CA",1877,351,55727.26    
"CA",1877,356,3058.6      
"CA",1877,361,70.62       
"CA",1877,362,30784       
"CA",1877,363,176908.805  
"CA",1877,364,5000        
"CA",1877,365,39700.95    
"CA",1877,366,679.6       
"CA",1877,367,18740.95    
"CA",1877,369,51735.17    
"CA",1877,380,6831.9      
"CA",1877,398,7475.19     
"CA",1877,400,700         
"CA",1877,401,379965      
"CA",1877,412,7755.25     
"CA",1877,415,133384.7    
"CA",1878,310,799         
"CA",1878,311,1605318.39  
"CA",1878,313,12332.45    
"CA",1878,316,12653.93    
"CA",1878,321,7250        
"CA",1878,322,146750      
"CA",1878,323,502752.96   
"CA",1878,330,10024.29    
"CA",1878,334,170712.8    
"CA",1878,336,12802.16    
"CA",1878,341,13675.25    
"CA",1878,343,288894.57   
"CA",1878,344,1091.65     
"CA",1878,345,45224.9     
"CA",1878,351,24694.87    
"CA",1878,356,3351.15     
"CA",1878,361,225923.42   
"CA",1878,362,32385.01    
"CA",1878,363,178500.27   
"CA",1878,364,212.7       
"CA",1878,365,32713.55    
"CA",1878,366,155.71      
"CA",1878,367,43337       
"CA",1878,369,92026.85    
"CA",1878,380,7582        
"CA",1878,398,27847.3     
"CA",1878,400,1155        
"CA",1878,401,354789.47   
"CA",1878,412,8252.73     
"CA",1878,415,66571.15    
"CA",1879,310,1120        
"CA",1879,311,1467571.18  
"CA",1879,313,31035.2     
"CA",1879,316,18932.49    
"CA",1879,321,5400        
"CA",1879,322,43750       
"CA",1879,323,358754.73   
"CA",1879,330,6096        
"CA",1879,334,275926.62   
"CA",1879,336,84161.18    
"CA",1879,341,10448.11    
"CA",1879,343,230205.93   
"CA",1879,345,61168.71    
"CA",1879,351,51055.99    
"CA",1879,356,3298.9      
"CA",1879,362,31192.82    
"CA",1879,363,191882.55   
"CA",1879,365,32529.52    
"CA",1879,367,45320.39    
"CA",1879,369,67749.68    
"CA",1879,380,11791.65    
"CA",1879,398,152664.07   
"CA",1879,400,223.16      
"CA",1879,401,394320.04   
"CA",1879,415,97364.28    
"CA",1880,310,893.56      
"CA",1880,311,1557518.62  
"CA",1880,313,32097.4     
"CA",1880,316,14357.19    
"CA",1880,321,5400        
"CA",1880,322,74282       
"CA",1880,323,469642.679  
"CA",1880,330,3456.53     
"CA",1880,333,8205.62     
"CA",1880,334,419429.27   
"CA",1880,336,37028.73    
"CA",1880,341,7468.71     
"CA",1880,343,332361.65   
"CA",1880,344,13622.44    
"CA",1880,345,69731.83    
"CA",1880,351,33178.629   
"CA",1880,352,1100        
"CA",1880,356,3531.97     
"CA",1880,361,179058.21   
"CA",1880,362,29345.29    
"CA",1880,363,200622.38   
"CA",1880,364,6666        
"CA",1880,365,417140.91   
"CA",1880,366,3183.52     
"CA",1880,367,26078.28    
"CA",1880,369,156876.19   
"CA",1880,380,6916.02     
"CA",1880,398,1346.06     
"CA",1880,400,1           
"CA",1880,401,397742.9    
"CA",1880,415,3000        
"CA",1881,310,60.5        
"CA",1881,311,1939623.98  
"CA",1881,313,24785       
"CA",1881,316,19538.47    
"CA",1881,322,99000       
"CA",1881,323,526007.48   
"CA",1881,330,695         
"CA",1881,331,4000        
"CA",1881,333,22946.4     
"CA",1881,334,482384.79   
"CA",1881,336,409266.29   
"CA",1881,341,24677.95    
"CA",1881,343,559610.3    
"CA",1881,344,13514.13    
"CA",1881,345,74744.42    
"CA",1881,351,63614.46    
"CA",1881,356,3560.28     
"CA",1881,361,185910.2    
"CA",1881,362,28983.46    
"CA",1881,363,219901.92   
"CA",1881,364,8480.2      
"CA",1881,365,38611.85    
"CA",1881,366,12721.88    
"CA",1881,367,42658.24    
"CA",1881,369,137455.42   
"CA",1881,380,7106.45     
"CA",1881,392,4.65        
"CA",1881,398,9750        
"CA",1881,399,300         
"CA",1881,401,1333444.84  
"CA",1881,415,33500       
"CA",1882,310,70.5        
"CA",1882,311,2006326.08  
"CA",1882,313,11243.25    
"CA",1882,316,1524.47     
"CA",1882,322,66043.41    
"CA",1882,323,554436.22   
"CA",1882,333,18250.35    
"CA",1882,334,165243.07   
"CA",1882,336,34823.65    
"CA",1882,341,5631.9      
"CA",1882,343,342560.73   
"CA",1882,345,76112.33    
"CA",1882,351,69164.32    
"CA",1882,356,8831.19     
"CA",1882,361,21200       
"CA",1882,362,26640.89    
"CA",1882,363,211180.52   
"CA",1882,364,2148.4      
"CA",1882,365,38139.75    
"CA",1882,366,1092.95     
"CA",1882,367,26460.75    
"CA",1882,368,19544.72    
"CA",1882,369,56533.93    
"CA",1882,380,5856.51     
"CA",1882,392,364         
"CA",1882,398,6956        
"CA",1882,401,387286.59   
"CA",1882,412,100040.83   
"CA",1882,415,12000       
"CA",1882,3444,13037.75   
"CA",1883,310,30          
"CA",1883,311,1892334.78  
"CA",1883,313,21692.1     
"CA",1883,316,12080.09    
"CA",1883,322,45324.08    
"CA",1883,323,638788.78   
"CA",1883,324,1830.85     
"CA",1883,333,18830.07    
"CA",1883,334,176586.9    
"CA",1883,336,23985.96    
"CA",1883,341,10076.3     
"CA",1883,343,299751.09   
"CA",1883,344,13386.26    
"CA",1883,345,66474.66    
"CA",1883,351,44708.51    
"CA",1883,353,676.94      
"CA",1883,356,3517.82     
"CA",1883,361,140337.1    
"CA",1883,362,28755.24    
"CA",1883,363,209809.02   
"CA",1883,365,39576.71    
"CA",1883,366,6204.7      
"CA",1883,367,29613.1     
"CA",1883,368,19371.63    
"CA",1883,369,90527.1     
"CA",1883,380,7128.71     
"CA",1883,398,250.51      
"CA",1883,399,3600        
"CA",1883,401,379223.48   
"CA",1883,412,4000        
"CA",1883,415,28000       
"CA",1884,310,66          
"CA",1884,311,1941925.44  
"CA",1884,313,114719.41   
"CA",1884,316,16764.85    
"CA",1884,321,5735.25     
"CA",1884,322,45727.28    
"CA",1884,323,718962.68   
"CA",1884,324,7348.45     
"CA",1884,325,7.1         
"CA",1884,333,18802.85    
"CA",1884,334,186588.6    
"CA",1884,336,28623.22    
"CA",1884,341,5300        
"CA",1884,343,177669.82   
"CA",1884,344,12957.6     
"CA",1884,345,81111.19    
"CA",1884,351,43182.18    
"CA",1884,352,1500        
"CA",1884,356,3636.92     
"CA",1884,361,174669.29   
"CA",1884,362,26921.58    
"CA",1884,363,213778.96   
"CA",1884,365,39748.27    
"CA",1884,366,2695        
"CA",1884,367,31289.73    
"CA",1884,369,74683.74    
"CA",1884,380,6572.33     
"CA",1884,393,38738       
"CA",1884,398,66          
"CA",1884,400,1269.55     
"CA",1884,401,180173.25   
"CA",1884,412,95500       
"CA",1885,310,290.5       
"CA",1885,311,1903314.85  
"CA",1885,313,41815.73    
"CA",1885,316,14701.62    
"CA",1885,321,13218.54    
"CA",1885,322,50574.09    
"CA",1885,323,700602.44   
"CA",1885,324,8836.86     
"CA",1885,325,6259.3      
"CA",1885,333,19164.57    
"CA",1885,334,376497.89   
"CA",1885,336,29540.46    
"CA",1885,341,8018.25     
"CA",1885,343,432557.33   
"CA",1885,344,13148.35    
"CA",1885,345,73137.6     
"CA",1885,351,77335       
"CA",1885,353,2727.89     
"CA",1885,356,3711.74     
"CA",1885,361,129638.95   
"CA",1885,362,26645.88    
"CA",1885,363,216858.89   
"CA",1885,364,7456.4      
"CA",1885,365,45457.88    
"CA",1885,367,47574.27    
"CA",1885,369,80971.08    
"CA",1885,380,6690.82     
"CA",1885,393,41152.54    
"CA",1885,396,574         
"CA",1885,398,72          
"CA",1885,399,10000       
"CA",1885,400,678.33      
"CA",1885,401,380695.93   
"CA",1885,412,253000      
"CA",1885,413,1340        
"CA",1885,415,386794.42   
"CA",1886,310,295.5       
"CA",1886,311,1959932.62  
"CA",1886,313,164824.84   
"CA",1886,316,22106.62    
"CA",1886,321,109927.02   
"CA",1886,322,53545.28    
"CA",1886,323,791824.69   
"CA",1886,324,25415.37    
"CA",1886,325,39654.3     
"CA",1886,333,17083.84    
"CA",1886,334,294578.13   
"CA",1886,336,30623.13    
"CA",1886,341,5097.5      
"CA",1886,343,279800.03   
"CA",1886,344,12832.5     
"CA",1886,345,99138.02    
"CA",1886,351,110703.88   
"CA",1886,353,1132        
"CA",1886,356,3609.52     
"CA",1886,361,128         
"CA",1886,362,26743.1     
"CA",1886,363,226752.96   
"CA",1886,364,1811.41     
"CA",1886,365,39931.16    
"CA",1886,367,50027.7     
"CA",1886,369,182415.54   
"CA",1886,380,11992       
"CA",1886,393,411654.35   
"CA",1886,396,237.9       
"CA",1886,398,85          
"CA",1886,400,1366.62     
"CA",1886,401,179380      
"CA",1886,413,1349.46     
"CA",1886,415,634615.27   
"CA",1887,310,357         
"CA",1887,311,2015230.45  
"CA",1887,313,174343.42   
"CA",1887,316,22634.71    
"CA",1887,321,173148.89   
"CA",1887,322,53987.35    
"CA",1887,323,2214115.31  
"CA",1887,324,6747.45     
"CA",1887,325,9668.95     
"CA",1887,333,17563.58    
"CA",1887,334,130912.88   
"CA",1887,336,27332.17    
"CA",1887,343,390336.65   
"CA",1887,344,14330.8     
"CA",1887,345,69121.2     
"CA",1887,351,119186.77   
"CA",1887,353,11370.38    
"CA",1887,356,4845.39     
"CA",1887,361,215575.87   
"CA",1887,362,27675.79    
"CA",1887,363,240708.7    
"CA",1887,364,2386.7      
"CA",1887,365,40770.03    
"CA",1887,367,45967.21    
"CA",1887,369,179704.97   
"CA",1887,380,6602.48     
"CA",1887,393,15762.21    
"CA",1887,396,208.59      
"CA",1887,398,7205.85     
"CA",1887,400,429.6       
"CA",1887,401,818490      
"CA",1887,412,34.32       
"CA",1887,413,12060.53    
"CA",1887,415,160047      
"CA",1888,310,262         
"CA",1888,311,2262037.43  
"CA",1888,313,321713.34   
"CA",1888,316,21845.79    
"CA",1888,321,142908.03   
"CA",1888,322,52585.16    
"CA",1888,323,867684.66   
"CA",1888,324,6223.45     
"CA",1888,325,27271.21    
"CA",1888,333,17144.27    
"CA",1888,334,237989.29   
"CA",1888,336,210161.91   
"CA",1888,341,4463.4      
"CA",1888,343,548927.09   
"CA",1888,344,15209.86    
"CA",1888,345,127491.34   
"CA",1888,351,180939.33   
"CA",1888,353,858.44      
"CA",1888,356,4972.57     
"CA",1888,361,11          
"CA",1888,362,28563.54    
"CA",1888,363,242174.67   
"CA",1888,365,43915.76    
"CA",1888,367,46274.59    
"CA",1888,369,210765.44   
"CA",1888,380,7185.17     
"CA",1888,393,56342.48    
"CA",1888,396,15.5        
"CA",1888,398,18375       
"CA",1888,400,711.33      
"CA",1888,401,247630      
"CA",1888,412,250000      
"CA",1888,413,1529.48     
"CA",1888,415,449941.18   
"CA",1888,416,167009.18   
"CA",1888,936,350.84      
"CA",1889,310,1880.45     
"CA",1889,311,2686297.11  
"CA",1889,313,177035.01   
"CA",1889,316,20824.36    
"CA",1889,321,210028.08   
"CA",1889,322,48304.99    
"CA",1889,323,1139090.42  
"CA",1889,324,7580.05     
"CA",1889,325,32637.99    
"CA",1889,333,20093.95    
"CA",1889,334,259614.05   
"CA",1889,336,61409.48    
"CA",1889,341,7721.59     
"CA",1889,343,515173.04   
"CA",1889,344,14957.14    
"CA",1889,345,118167.13   
"CA",1889,350,150         
"CA",1889,351,174321.19   
"CA",1889,353,1391.88     
"CA",1889,356,4500.47     
"CA",1889,361,188823.75   
"CA",1889,362,30035.93    
"CA",1889,363,249444.85   
"CA",1889,364,10360.43    
"CA",1889,365,45364.18    
"CA",1889,366,6500        
"CA",1889,367,53417.76    
"CA",1889,369,262547.72   
"CA",1889,380,29748.03    
"CA",1889,393,3706613.21  
"CA",1889,396,275.4       
"CA",1889,398,12743.67    
"CA",1889,399,5721.8      
"CA",1889,400,1327.06     
"CA",1889,401,250652.5    
"CA",1889,412,52049.34    
"CA",1889,413,1879.95     
"CA",1889,415,138272.72   
"CA",1890,310,251.15      
"CA",1890,311,2671016.64  
"CA",1890,313,274747.7    
"CA",1890,316,52498.339   
"CA",1890,321,214566.27   
"CA",1890,322,128124.45   
"CA",1890,323,1281390.82  
"CA",1890,324,25350       
"CA",1890,325,37516.22    
"CA",1890,333,17264.4     
"CA",1890,334,302719.59   
"CA",1890,336,36697.53    
"CA",1890,341,7111.82     
"CA",1890,343,693749.71   
"CA",1890,344,15691.74    
"CA",1890,345,176523.04   
"CA",1890,350,10385.2     
"CA",1890,351,242312.37   
"CA",1890,353,916.45      
"CA",1890,356,4860.91     
"CA",1890,361,112         
"CA",1890,362,32280.62    
"CA",1890,363,274830.88   
"CA",1890,364,2200        
"CA",1890,365,46473.25    
"CA",1890,367,123062.03   
"CA",1890,369,245783.88   
"CA",1890,380,6172.35     
"CA",1890,390,600         
"CA",1890,393,375579.77   
"CA",1890,396,5838.82     
"CA",1890,398,486.05      
"CA",1890,399,3665.9      
"CA",1890,400,1229.1      
"CA",1890,401,161720      
"CA",1890,413,11939.7     
"CA",1890,415,454877.19   
"CA",1891,310,306.45      
"CA",1891,311,2823369.7   
"CA",1891,313,108619.52   
"CA",1891,316,28478.02    
"CA",1891,321,226186.14   
"CA",1891,322,78654.83    
"CA",1891,323,1290701.42  
"CA",1891,324,6433.6      
"CA",1891,325,48048.15    
"CA",1891,333,17661.95    
"CA",1891,334,270907.77   
"CA",1891,336,25050.5     
"CA",1891,341,10598.35    
"CA",1891,343,627080.22   
"CA",1891,344,146586.14   
"CA",1891,345,148953.59   
"CA",1891,350,273         
"CA",1891,351,229754.78   
"CA",1891,353,1242.54     
"CA",1891,356,4250.6      
"CA",1891,361,157565.3    
"CA",1891,362,35980.35    
"CA",1891,363,284189.83   
"CA",1891,364,6768        
"CA",1891,365,46896.3     
"CA",1891,367,87248.78    
"CA",1891,369,236441.45   
"CA",1891,380,10950.93    
"CA",1891,393,364633.82   
"CA",1891,396,64640.97    
"CA",1891,398,888.14      
"CA",1891,399,9579.26     
"CA",1891,400,157717.83   
"CA",1891,401,65657.37    
"CA",1891,412,2305.07     
"CA",1891,413,106000      
"CA",1891,415,182868.45   
"CA",1892,310,373.65      
"CA",1892,311,2517390.39  
"CA",1892,313,183435.12   
"CA",1892,316,23191.87    
"CA",1892,321,414694.56   
"CA",1892,322,52245.13    
"CA",1892,323,2447413.5   
"CA",1892,324,8475.01     
"CA",1892,325,1982.47     
"CA",1892,333,17600.72    
"CA",1892,334,366205.44   
"CA",1892,336,13954.55    
"CA",1892,341,4518.85     
"CA",1892,343,486070.33   
"CA",1892,344,146394.62   
"CA",1892,345,153013.38   
"CA",1892,348,8946.94     
"CA",1892,350,132713      
"CA",1892,351,218246.699  
"CA",1892,353,1757.97     
"CA",1892,356,7348.02     
"CA",1892,361,415         
"CA",1892,362,39131.76    
"CA",1892,363,288932.06   
"CA",1892,365,47848.88    
"CA",1892,367,55302.77    
"CA",1892,369,217244.26   
"CA",1892,380,8493.61     
"CA",1892,392,77.74       
"CA",1892,393,416515.14   
"CA",1892,396,5186.73     
"CA",1892,398,2143        
"CA",1892,399,156635.79   
"CA",1892,400,1836.64     
"CA",1892,401,156205.8    
"CA",1892,412,3057.19     
"CA",1892,413,2305.92     
"CA",1892,415,186726.91   
"CA",1892,2323,239875.42  
"CA",1893,310,267.7       
"CA",1893,311,3148890.02  
"CA",1893,313,178312.56   
"CA",1893,316,280603.49   
"CA",1893,321,379150.72   
"CA",1893,322,56010.45    
"CA",1893,323,1206679.22  
"CA",1893,324,10783.29    
"CA",1893,325,2093.97     
"CA",1893,333,17499.35    
"CA",1893,334,313672.47   
"CA",1893,336,15894.96    
"CA",1893,341,8096.5      
"CA",1893,343,632087.14   
"CA",1893,344,15719.79    
"CA",1893,345,166976.87   
"CA",1893,350,55174       
"CA",1893,351,220576.77   
"CA",1893,353,940.8       
"CA",1893,356,10814.19    
"CA",1893,361,181634.91   
"CA",1893,362,39315.71    
"CA",1893,363,317305.47   
"CA",1893,364,5348.3      
"CA",1893,365,48124.45    
"CA",1893,367,88937.53    
"CA",1893,369,328826.01   
"CA",1893,380,26469.18    
"CA",1893,390,600         
"CA",1893,392,12258.9     
"CA",1893,393,397753.08   
"CA",1893,396,7900.72     
"CA",1893,398,2018.08     
"CA",1893,399,151903.23   
"CA",1893,400,1862.41     
"CA",1893,401,148675.8    
"CA",1893,412,245584.9    
"CA",1893,413,3695.97     
"CA",1893,415,11          
"CA",1894,310,245         
"CA",1894,311,2808018.45  
"CA",1894,313,179621.02   
"CA",1894,314,5470.45     
"CA",1894,316,24645.98    
"CA",1894,321,461698.61   
"CA",1894,322,94441.95    
"CA",1894,323,1335619.45  
"CA",1894,324,9226.79     
"CA",1894,325,53298.47    
"CA",1894,333,17927.2     
"CA",1894,334,246880.54   
"CA",1894,336,29255.65    
"CA",1894,343,444778.11   
"CA",1894,344,22070.23    
"CA",1894,345,181097.74   
"CA",1894,350,136.5       
"CA",1894,351,228133.3    
"CA",1894,353,311.57      
"CA",1894,356,8976.7      
"CA",1894,361,1005        
"CA",1894,362,40153.54    
"CA",1894,363,2822681.76  
"CA",1894,364,47.8        
"CA",1894,365,47003.28    
"CA",1894,366,8.5         
"CA",1894,367,83416.57    
"CA",1894,369,271084.453  
"CA",1894,380,8329.71     
"CA",1894,392,1984        
"CA",1894,393,738341.69   
"CA",1894,396,6030.64     
"CA",1894,398,98          
"CA",1894,399,1765.06     
"CA",1894,400,727.61      
"CA",1894,401,152930.8    
"CA",1894,412,9135        
"CA",1894,413,2217.83     
"CA",1894,415,181429.01   
"CA",1895,310,331.7       
"CA",1895,311,3251017.84  
"CA",1895,313,180614.73   
"CA",1895,316,24301.96    
"CA",1895,321,543921.02   
"CA",1895,322,79328.89    
"CA",1895,323,1320828.95  
"CA",1895,324,10566.76    
"CA",1895,325,13685.91    
"CA",1895,330,32.5        
"CA",1895,331,1999.95     
"CA",1895,333,17666.26    
"CA",1895,334,329363.08   
"CA",1895,336,29597.19    
"CA",1895,341,9316.25     
"CA",1895,343,524472.99   
"CA",1895,344,22738.17    
"CA",1895,345,352415.18   
"CA",1895,350,150.5       
"CA",1895,351,210640.97   
"CA",1895,353,2906.2      
"CA",1895,356,9188.09     
"CA",1895,361,247141.44   
"CA",1895,362,43039.09    
"CA",1895,363,305061.33   
"CA",1895,364,6553.52     
"CA",1895,365,49096.44    
"CA",1895,367,70045.77    
"CA",1895,368,7490.85     
"CA",1895,369,289029.89   
"CA",1895,380,23300.61    
"CA",1895,390,280         
"CA",1895,392,369.7       
"CA",1895,393,812437.89   
"CA",1895,396,2827.05     
"CA",1895,398,819.41      
"CA",1895,399,3964.74     
"CA",1895,400,3261.73     
"CA",1895,401,173430.8    
"CA",1895,413,630         
"CA",1895,415,116508.33   
"CA",1896,310,232.9       
"CA",1896,311,309788.1    
"CA",1896,313,176177.61   
"CA",1896,316,21868.14    
"CA",1896,321,54577.42    
"CA",1896,322,55442.32    
"CA",1896,323,1111241.62  
"CA",1896,324,9300        
"CA",1896,325,47622.37    
"CA",1896,330,798         
"CA",1896,331,16167.39    
"CA",1896,333,17490.22    
"CA",1896,334,304291.03   
"CA",1896,336,27818.27    
"CA",1896,341,8340.3      
"CA",1896,343,468215.59   
"CA",1896,344,24396.08    
"CA",1896,345,134786.05   
"CA",1896,350,74          
"CA",1896,351,101728.67   
"CA",1896,356,14440.35    
"CA",1896,361,16435       
"CA",1896,362,44728.75    
"CA",1896,363,311438.41   
"CA",1896,365,50980.9     
"CA",1896,366,72.85       
"CA",1896,367,94180.39    
"CA",1896,368,2550        
"CA",1896,369,289880.148  
"CA",1896,380,9275.8      
"CA",1896,390,900         
"CA",1896,392,4552.99     
"CA",1896,393,779742.8    
"CA",1896,396,12379.28    
"CA",1896,398,77.63       
"CA",1896,399,600         
"CA",1896,400,3954.56     
"CA",1896,401,173231.8    
"CA",1896,412,7404.7      
"CA",1896,413,5715.78     
"CA",1896,415,312004.75   
"CA",1896,3111,3037933.45 
"CA",1897,310,207.05      
"CA",1897,311,3252955.8   
"CA",1897,313,136666.62   
"CA",1897,316,24157.14    
"CA",1897,321,2262.44     
"CA",1897,322,59078.24    
"CA",1897,323,1149861.528 
"CA",1897,324,10949.48    
"CA",1897,325,47321       
"CA",1897,330,324.15      
"CA",1897,331,14236.64    
"CA",1897,333,38016.53    
"CA",1897,334,449371.97   
"CA",1897,336,21534.92    
"CA",1897,341,6187.5      
"CA",1897,343,454721.54   
"CA",1897,344,25585.69    
"CA",1897,345,105034.14   
"CA",1897,350,70          
"CA",1897,351,86406.01    
"CA",1897,353,9456.92     
"CA",1897,356,16201.15    
"CA",1897,361,220122.05   
"CA",1897,362,51122.16    
"CA",1897,363,307061.22   
"CA",1897,364,8359.85     
"CA",1897,365,58025.66    
"CA",1897,366,10.2        
"CA",1897,367,62916.85    
"CA",1897,368,6739.15     
"CA",1897,369,286153.51   
"CA",1897,380,109260.32   
"CA",1897,392,3219.93     
"CA",1897,393,466508.3    
"CA",1897,396,19312.75    
"CA",1897,398,2375.85     
"CA",1897,399,13911.2     
"CA",1897,400,4378.43     
"CA",1897,401,223577.1    
"CA",1897,413,4538.27     
"CA",1897,415,276796.18   
"CA",1898,310,122.25      
"CA",1898,311,4069774.01  
"CA",1898,313,408326.13   
"CA",1898,316,32970.32    
"CA",1898,321,11020.82    
"CA",1898,322,60497.01    
"CA",1898,323,1295114.622 
"CA",1898,324,8928.97     
"CA",1898,325,46379.07    
"CA",1898,330,8491.8      
"CA",1898,331,16126.54    
"CA",1898,333,16528.43    
"CA",1898,334,520355.23   
"CA",1898,336,29869.04    
"CA",1898,341,5930.05     
"CA",1898,343,541196.06   
"CA",1898,344,24127.46    
"CA",1898,345,179098.42   
"CA",1898,350,35          
"CA",1898,351,77030.94    
"CA",1898,353,4621.85     
"CA",1898,356,11281.3     
"CA",1898,361,15793.5     
"CA",1898,362,46893.96    
"CA",1898,363,305043.68   
"CA",1898,364,267         
"CA",1898,365,53190.26    
"CA",1898,367,61111.07    
"CA",1898,368,5640        
"CA",1898,369,99295.79    
"CA",1898,380,8074.27     
"CA",1898,381,25803.01    
"CA",1898,393,537329.42   
"CA",1898,396,9527.93     
"CA",1898,398,99.5        
"CA",1898,399,6094.6      
"CA",1898,400,5411.17     
"CA",1898,401,173232.1    
"CA",1898,412,1020.35     
"CA",1898,413,3641.83     
"CA",1898,415,68209       
"CA",1899,310,377.75      
"CA",1899,311,3499971.521 
"CA",1899,313,328330.57   
"CA",1899,316,24948.22    
"CA",1899,321,28644.85    
"CA",1899,322,62766.99    
"CA",1899,323,1360556.42  
"CA",1899,324,9370.72     
"CA",1899,325,46522.63    
"CA",1899,330,3400.55     
"CA",1899,331,14007.06    
"CA",1899,333,17592.95    
"CA",1899,334,300926.91   
"CA",1899,336,264233.75   
"CA",1899,341,1476.02     
"CA",1899,343,502250.21   
"CA",1899,344,85088.43    
"CA",1899,345,71817.06    
"CA",1899,350,88.75       
"CA",1899,351,99306.71    
"CA",1899,353,14885.7     
"CA",1899,356,11171.23    
"CA",1899,361,186569.82   
"CA",1899,362,48144.42    
"CA",1899,363,304132.86   
"CA",1899,364,5234.95     
"CA",1899,365,53021.73    
"CA",1899,366,3645.02     
"CA",1899,367,45488.69    
"CA",1899,368,4790        
"CA",1899,369,209513.69   
"CA",1899,380,14532.59    
"CA",1899,392,2701.23     
"CA",1899,393,501418.6    
"CA",1899,396,14315.47    
"CA",1899,398,900         
"CA",1899,399,26500       
"CA",1899,400,2518.88     
"CA",1899,401,267124.85   
"CA",1899,413,5300.76     
"CA",1899,415,159117.26   
"CA",1900,310,390.65      
"CA",1900,311,3913446.74  
"CA",1900,313,56728.55    
"CA",1900,316,39739.34    
"CA",1900,322,62253.42    
"CA",1900,323,1394860.85  
"CA",1900,324,7740.05     
"CA",1900,325,108620.83   
"CA",1900,330,600         
"CA",1900,331,18099.07    
"CA",1900,333,19179.79    
"CA",1900,334,590649.4    
"CA",1900,336,37611.06    
"CA",1900,341,2662.16     
"CA",1900,343,509613.56   
"CA",1900,344,26375.15    
"CA",1900,345,165288.42   
"CA",1900,350,38          
"CA",1900,351,127622.28   
"CA",1900,353,2179.57     
"CA",1900,356,17672.51    
"CA",1900,361,49250.63    
"CA",1900,362,55868.09    
"CA",1900,363,312153.32   
"CA",1900,364,2641        
"CA",1900,365,55440.15    
"CA",1900,366,138.67      
"CA",1900,367,62662.32    
"CA",1900,368,5610        
"CA",1900,369,141327.9    
"CA",1900,380,41821.7     
"CA",1900,393,566126.27   
"CA",1900,396,7946.19     
"CA",1900,398,1404.57     
"CA",1900,399,106350.01   
"CA",1900,400,2858.41     
"CA",1900,401,409331.13   
"CA",1900,413,4555.6      
"CA",1900,415,278367.44   
"CA",1900,3369,8.75       
"CA",1901,310,624.6       
"CA",1901,311,3840560.964 
"CA",1901,313,300232.01   
"CA",1901,316,40502.02    
"CA",1901,322,65448.78    
"CA",1901,323,1445525     
"CA",1901,324,9663.93     
"CA",1901,325,106584.97   
"CA",1901,330,600         
"CA",1901,331,38322.05    
"CA",1901,333,20189.58    
"CA",1901,334,682050.58   
"CA",1901,336,89492.56    
"CA",1901,341,1890.25     
"CA",1901,343,523521.58   
"CA",1901,344,26040.25    
"CA",1901,345,159273.36   
"CA",1901,350,54.5        
"CA",1901,351,161457.9    
"CA",1901,353,743.78      
"CA",1901,356,60319.54    
"CA",1901,361,217777.22   
"CA",1901,362,62193.47    
"CA",1901,363,313230.07   
"CA",1901,364,4809        
"CA",1901,365,56792.48    
"CA",1901,366,256.75      
"CA",1901,367,70474.07    
"CA",1901,368,3274.15     
"CA",1901,369,2746299.97  
"CA",1901,380,11540.51    
"CA",1901,392,151.95      
"CA",1901,393,595843.05   
"CA",1901,396,6412.78     
"CA",1901,398,87.2        
"CA",1901,399,600         
"CA",1901,400,5427.27     
"CA",1901,401,176532.75   
"CA",1901,413,4345.18     
"CA",1901,415,137660.84   
"CA",1902,310,486.5       
"CA",1902,311,3978752.11  
"CA",1902,313,358854.47   
"CA",1902,316,30778.97    
"CA",1902,321,1245.1      
"CA",1902,322,68401.54    
"CA",1902,323,1517678.96  
"CA",1902,324,7879.16     
"CA",1902,325,144657.35   
"CA",1902,331,13672.85    
"CA",1902,333,18694.2     
"CA",1902,334,701843.59   
"CA",1902,336,76785.79    
"CA",1902,341,3834        
"CA",1902,343,466599.9    
"CA",1902,344,27239.92    
"CA",1902,345,164833.92   
"CA",1902,350,35          
"CA",1902,351,142280.25   
"CA",1902,353,3697.96     
"CA",1902,356,38045.64    
"CA",1902,361,16073.9     
"CA",1902,362,62262.57    
"CA",1902,363,313140.44   
"CA",1902,364,1600.5      
"CA",1902,365,55255.48    
"CA",1902,366,13000       
"CA",1902,367,65140.18    
"CA",1902,368,8048.45     
"CA",1902,369,172880.15   
"CA",1902,380,39956.26    
"CA",1902,393,645928.48   
"CA",1902,396,5061.93     
"CA",1902,398,267.5       
"CA",1902,399,600         
"CA",1902,400,1074.2      
"CA",1902,401,239248.22   
"CA",1902,412,135.33      
"CA",1902,413,2300.6      
"CA",1902,415,175121.5    
"CA",1903,310,559.25      
"CA",1903,311,3894041.61  
"CA",1903,313,462047.53   
"CA",1903,316,31013.67    
"CA",1903,321,254.9       
"CA",1903,322,63541.31    
"CA",1903,323,1532081.46  
"CA",1903,324,9168.33     
"CA",1903,325,158319.7    
"CA",1903,331,20435.3     
"CA",1903,333,17869.36    
"CA",1903,334,634360.91   
"CA",1903,336,38840.48    
"CA",1903,341,9550        
"CA",1903,343,706294.01   
"CA",1903,344,20578.99    
"CA",1903,345,171423.56   
"CA",1903,350,71.35       
"CA",1903,351,214546.75   
"CA",1903,352,100000      
"CA",1903,353,540.59      
"CA",1903,356,27236.187   
"CA",1903,361,241826.6    
"CA",1903,362,51313.86    
"CA",1903,363,320271.33   
"CA",1903,364,6816        
"CA",1903,365,73331.54    
"CA",1903,367,59325.29    
"CA",1903,368,2939.51     
"CA",1903,369,232922.57   
"CA",1903,380,15833.58    
"CA",1903,392,675         
"CA",1903,393,861592.58   
"CA",1903,396,6318.19     
"CA",1903,398,11077.01    
"CA",1903,399,26500       
"CA",1903,400,2398.06     
"CA",1903,401,178440.7    
"CA",1903,413,2437.59     
"CA",1903,415,242792.31   
"CA",1904,0,8193.33       
"CA",1904,310,11510.13    
"CA",1904,311,4352054.902 
"CA",1904,313,621363.14   
"CA",1904,316,44350.81    
"CA",1904,320,3708.34     
"CA",1904,322,68528.09    
"CA",1904,323,1460850.2   
"CA",1904,324,7652.65     
"CA",1904,325,173620.11   
"CA",1904,331,19580.25    
"CA",1904,333,19648.55    
"CA",1904,334,861928.37   
"CA",1904,336,51131.34    
"CA",1904,341,3000        
"CA",1904,343,584464.45   
"CA",1904,344,31475.3     
"CA",1904,345,159656.8    
"CA",1904,350,6089.5      
"CA",1904,351,170087.85   
"CA",1904,352,4645.82     
"CA",1904,353,61202.93    
"CA",1904,356,32875.47    
"CA",1904,361,3521.3      
"CA",1904,362,117316.61   
"CA",1904,363,325136.27   
"CA",1904,364,412.55      
"CA",1904,365,69113.95    
"CA",1904,367,55382.87    
"CA",1904,368,39551.75    
"CA",1904,369,245373.05   
"CA",1904,380,75326.15    
"CA",1904,393,857979.4    
"CA",1904,396,13042.37    
"CA",1904,398,261.72      
"CA",1904,399,110133.16   
"CA",1904,400,1021.89     
"CA",1904,401,172688.85   
"CA",1904,412,7.86        
"CA",1904,413,3747.25     
"CA",1904,415,1038537.37  
"CA",1904,418,5.95        
"CA",1905,310,50863.11    
"CA",1905,311,4680069.69  
"CA",1905,313,568028.26   
"CA",1905,316,43721.83    
"CA",1905,320,5920.52     
"CA",1905,322,70630.41    
"CA",1905,323,5017910.53  
"CA",1905,324,9365.3      
"CA",1905,325,155423.78   
"CA",1905,331,20123.35    
"CA",1905,333,19458.62    
"CA",1905,334,910631.31   
"CA",1905,336,117524.17   
"CA",1905,341,8782.72     
"CA",1905,343,647421.88   
"CA",1905,344,30984.71    
"CA",1905,345,174890.52   
"CA",1905,350,210348.75   
"CA",1905,351,243792.02   
"CA",1905,352,54420.1     
"CA",1905,353,17818.16    
"CA",1905,356,30482.2     
"CA",1905,361,264292.95   
"CA",1905,362,76993.87    
"CA",1905,363,337898.04   
"CA",1905,364,598.2       
"CA",1905,365,71788.43    
"CA",1905,367,60645.44    
"CA",1905,368,90419.62    
"CA",1905,369,333508.57   
"CA",1905,380,37258.21    
"CA",1905,392,30.29       
"CA",1905,393,930475.84   
"CA",1905,396,7998.54     
"CA",1905,398,137.2       
"CA",1905,399,90814.6     
"CA",1905,400,593.88      
"CA",1905,401,169061.32   
"CA",1905,413,2948.39     
"CA",1905,415,868460.78   
"CA",1906,310,50207.48    
"CA",1906,311,4774062.84  
"CA",1906,313,424406.85   
"CA",1906,316,48707.41    
"CA",1906,320,4244.65     
"CA",1906,321,2698.2      
"CA",1906,322,73090.08    
"CA",1906,323,1799645.668 
"CA",1906,324,8984.36     
"CA",1906,325,146002.87   
"CA",1906,331,46698.13    
"CA",1906,333,19028.91    
"CA",1906,334,1017484.57  
"CA",1906,336,85163.83    
"CA",1906,341,7867.28     
"CA",1906,343,702666.96   
"CA",1906,344,34252.05    
"CA",1906,345,132457.92   
"CA",1906,350,35          
"CA",1906,351,259903.06   
"CA",1906,352,58295.81    
"CA",1906,353,363.79      
"CA",1906,356,30789.75    
"CA",1906,361,30362.49    
"CA",1906,362,79998.66    
"CA",1906,363,389405.23   
"CA",1906,364,340         
"CA",1906,365,77397.6     
"CA",1906,367,82216.76    
"CA",1906,368,85012.11    
"CA",1906,369,275125.29   
"CA",1906,380,66179.46    
"CA",1906,392,833.45      
"CA",1906,393,966043      
"CA",1906,396,3122.54     
"CA",1906,398,132.12      
"CA",1906,399,484.9       
"CA",1906,400,1624.99     
"CA",1906,401,86537.2     
"CA",1906,413,7443.12     
"CA",1906,415,56647.15    
"CA",1907,310,62156.05    
"CA",1907,311,4929214.64  
"CA",1907,313,884314.62   
"CA",1907,316,49991.39    
"CA",1907,320,5862.83     
"CA",1907,321,1853.59     
"CA",1907,322,76524.12    
"CA",1907,323,1814710.67  
"CA",1907,324,11110.26    
"CA",1907,325,145732.26   
"CA",1907,331,47597.37    
"CA",1907,333,18894.93    
"CA",1907,334,1280405     
"CA",1907,336,40730.92    
"CA",1907,341,18318.1     
"CA",1907,343,706430.76   
"CA",1907,344,40559.8     
"CA",1907,345,402057.57   
"CA",1907,350,17.5        
"CA",1907,351,167424.1    
"CA",1907,352,8935.23     
"CA",1907,353,333.13      
"CA",1907,356,35743.86    
"CA",1907,361,275998.57   
"CA",1907,362,88355.19    
"CA",1907,363,432460.26   
"CA",1907,365,82260.52    
"CA",1907,367,152720.08   
"CA",1907,368,40064.66    
"CA",1907,369,351643.83   
"CA",1907,380,61345.455   
"CA",1907,392,453.3       
"CA",1907,393,1082729.42  
"CA",1907,396,4804.81     
"CA",1907,398,9192.11     
"CA",1907,399,4246.5      
"CA",1907,400,78.53       
"CA",1907,401,270472.1    
"CA",1907,413,3322.31     
"CA",1907,415,527851.27   
"CA",1908,311,529.6       
"CA",1908,320,5522.806    
"CA",1908,323,49210.95    
"CA",1908,336,24568.82    
"CA",1908,341,9081.9      
"CA",1908,343,42353.42    
"CA",1908,350,50.7        
"CA",1908,351,93.27       
"CA",1908,361,13676923.3  
"CA",1908,362,32467.56    
"CA",1908,363,455840.22   
"CA",1908,365,4517.04     
"CA",1908,367,74797.5     
"CA",1908,369,6185.65     
"CA",1908,398,110.2       
"CA",1908,399,6509.2      
"CA",1908,401,214454.7    
"CA",1908,415,918168.42   
"CA",1909,310,42204.49    
"CA",1909,311,5278931.27  
"CA",1909,313,700549.75   
"CA",1909,316,57238.5     
"CA",1909,320,6550.57     
"CA",1909,321,3855.13     
"CA",1909,322,72973.2     
"CA",1909,323,2668002.61  
"CA",1909,324,16690.91    
"CA",1909,325,200661.42   
"CA",1909,333,23920.52    
"CA",1909,334,988128.15   
"CA",1909,336,213510.07   
"CA",1909,341,15495.48    
"CA",1909,343,808923.53   
"CA",1909,344,44750.81    
"CA",1909,345,153279.71   
"CA",1909,350,4.3         
"CA",1909,351,801373.18   
"CA",1909,353,219.41      
"CA",1909,356,76931.29    
"CA",1909,361,249804.15   
"CA",1909,362,115995.11   
"CA",1909,363,478271.88   
"CA",1909,364,654         
"CA",1909,365,98123.6     
"CA",1909,366,832.04      
"CA",1909,367,172868.54   
"CA",1909,369,299831.37   
"CA",1909,380,68255.16    
"CA",1909,392,153.75      
"CA",1909,393,1612015.28  
"CA",1909,396,1904.2      
"CA",1909,398,89          
"CA",1909,399,76679.05    
"CA",1909,400,657.18      
"CA",1909,401,212754.6    
"CA",1909,413,16550.49    
"CA",1909,415,1249632.41  
"CA",1910,310,47321.21    
"CA",1910,311,5937232.65  
"CA",1910,313,1145539.71  
"CA",1910,316,65848.25    
"CA",1910,320,5566.66     
"CA",1910,321,432         
"CA",1910,322,80864.85    
"CA",1910,323,2415150.45  
"CA",1910,324,43757.63    
"CA",1910,325,240422.91   
"CA",1910,333,33715.74    
"CA",1910,334,1382620.2   
"CA",1910,336,363201.51   
"CA",1910,341,11249.11    
"CA",1910,343,813176.18   
"CA",1910,344,82724.06    
"CA",1910,345,194483.53   
"CA",1910,351,1503858.41  
"CA",1910,353,432.55      
"CA",1910,356,109205.98   
"CA",1910,361,10052.05    
"CA",1910,362,138424.17   
"CA",1910,363,493396.72   
"CA",1910,365,111363.94   
"CA",1910,367,51037.57    
"CA",1910,369,272364.88   
"CA",1910,380,59118.29    
"CA",1910,392,69.25       
"CA",1910,393,1556715.26  
"CA",1910,396,4287.21     
"CA",1910,398,52259.82    
"CA",1910,399,27076.99    
"CA",1910,400,1035.87     
"CA",1910,401,244794.9    
"CA",1910,413,8815.78     
"CA",1910,415,971706.22   
"CA",1911,310,48233.41    
"CA",1911,311,9232741.24  
"CA",1911,313,945482.5    
"CA",1911,316,69425.82    
"CA",1911,320,6080.99     
"CA",1911,321,1169.65     
"CA",1911,322,88359.11    
"CA",1911,323,2425762.863 
"CA",1911,324,28006.93    
"CA",1911,325,217960.87   
"CA",1911,333,46252.51    
"CA",1911,334,1837258.44  
"CA",1911,336,231626.24   
"CA",1911,341,16092.27    
"CA",1911,343,912846.92   
"CA",1911,344,84520.87    
"CA",1911,345,226488.59   
"CA",1911,351,382521.76   
"CA",1911,353,1200.27     
"CA",1911,356,105488.92   
"CA",1911,361,260780.29   
"CA",1911,362,153796.11   
"CA",1911,363,492112.84   
"CA",1911,365,118678.07   
"CA",1911,366,12935       
"CA",1911,367,75655.29    
"CA",1911,369,413027.28   
"CA",1911,380,32612.58    
"CA",1911,392,4816.55     
"CA",1911,393,1894110.65  
"CA",1911,396,7709.95     
"CA",1911,398,90          
"CA",1911,399,147068.68   
"CA",1911,400,1304.49     
"CA",1911,401,205591.8    
"CA",1911,413,12234.99    
"CA",1911,415,700010.9    
"CA",1912,0,951           
"CA",1912,310,48179.18    
"CA",1912,311,7509944.1   
"CA",1912,313,1202363.05  
"CA",1912,316,51148.15    
"CA",1912,320,7694.85     
"CA",1912,321,7860.06     
"CA",1912,322,85847.02    
"CA",1912,323,2286939.76  
"CA",1912,324,51796.09    
"CA",1912,325,241712.77   
"CA",1912,331,189946.49   
"CA",1912,333,121880.41   
"CA",1912,334,1158859.68  
"CA",1912,336,307716.55   
"CA",1912,341,13219.3     
"CA",1912,342,39679.37    
"CA",1912,343,1004688.28  
"CA",1912,344,87599.13    
"CA",1912,345,223914.24   
"CA",1912,351,489654.67   
"CA",1912,353,2248.9      
"CA",1912,356,105555.77   
"CA",1912,360,47150.52    
"CA",1912,361,260391.8    
"CA",1912,362,134305.22   
"CA",1912,363,500842.45   
"CA",1912,365,482164.71   
"CA",1912,367,90093.88    
"CA",1912,369,255658.95   
"CA",1912,380,34204.98    
"CA",1912,393,130901      
"CA",1912,396,2247        
"CA",1912,398,650419      
"CA",1912,399,105363.07   
"CA",1912,400,234.99      
"CA",1912,401,849435      
"CA",1912,413,6621.22     
"CA",1912,415,469890.87   
"CA",1913,310,30589.68    
"CA",1913,311,6569379.53  
"CA",1913,313,1293448.59  
"CA",1913,316,49330.97    
"CA",1913,320,10814.07    
"CA",1913,321,1556.96     
"CA",1913,322,120764.24   
"CA",1913,323,2523976.78  
"CA",1913,324,57473.85    
"CA",1913,325,252120.75   
"CA",1913,331,1090918.35  
"CA",1913,333,219070.38   
"CA",1913,334,2751089.21  
"CA",1913,336,446976.82   
"CA",1913,341,7937.1      
"CA",1913,342,40860.13    
"CA",1913,343,1064456.4   
"CA",1913,344,85433.34    
"CA",1913,345,579612.42   
"CA",1913,351,493449.87   
"CA",1913,353,6662.05     
"CA",1913,356,102303.4    
"CA",1913,360,80664.54    
"CA",1913,361,248453.53   
"CA",1913,362,144457.1    
"CA",1913,363,507401.55   
"CA",1913,364,676.2       
"CA",1913,365,121781.061  
"CA",1913,366,5905        
"CA",1913,367,63111.93    
"CA",1913,369,510705.73   
"CA",1913,380,35313.4     
"CA",1913,392,1590.18     
"CA",1913,393,130901      
"CA",1913,396,2286.66     
"CA",1913,398,831154.57   
"CA",1913,399,917283.08   
"CA",1913,400,607.72      
"CA",1913,401,449215      
"CA",1913,413,11128.03    
"CA",1913,414,104.74      
"CA",1913,415,1039499.86  
"CA",1914,310,129981.71   
"CA",1914,311,7611994.24  
"CA",1914,313,1574425.22  
"CA",1914,316,92424.95    
"CA",1914,320,8559.96     
"CA",1914,321,11936.06    
"CA",1914,322,147003.49   
"CA",1914,323,2839246.1   
"CA",1914,324,505240.86   
"CA",1914,325,264024.96   
"CA",1914,331,2440131.17  
"CA",1914,333,306093.84   
"CA",1914,334,3513920.17  
"CA",1914,336,443257.31   
"CA",1914,341,11365.17    
"CA",1914,342,23953.98    
"CA",1914,343,1138502.3   
"CA",1914,344,101921.8    
"CA",1914,345,579162.2    
"CA",1914,351,546069.227  
"CA",1914,353,14354.45    
"CA",1914,356,185746.72   
"CA",1914,360,85097.95    
"CA",1914,361,2912.62     
"CA",1914,362,107741.51   
"CA",1914,363,537590.97   
"CA",1914,365,600935.01   
"CA",1914,366,49.6        
"CA",1914,367,78820.79    
"CA",1914,369,596696.85   
"CA",1914,380,161387.3    
"CA",1914,392,818.47      
"CA",1914,393,205442.55   
"CA",1914,396,20          
"CA",1914,398,742432.08   
"CA",1914,399,2065373.32  
"CA",1914,400,1739.42     
"CA",1914,401,430555      
"CA",1914,413,12066.41    
"CA",1914,415,535851.05   
"CA",1915,310,136160.85   
"CA",1915,311,7587236.23  
"CA",1915,313,9280        
"CA",1915,316,113025.6    
"CA",1915,320,11345.84    
"CA",1915,321,19079.15    
"CA",1915,322,148599.75   
"CA",1915,323,3203394.61  
"CA",1915,324,532852.43   
"CA",1915,325,260477.1    
"CA",1915,331,6478217.13  
"CA",1915,333,349235.03   
"CA",1915,334,4331095.73  
"CA",1915,336,1600123.06  
"CA",1915,341,15475.96    
"CA",1915,342,3010.62     
"CA",1915,343,1113823.77  
"CA",1915,344,127063.8    
"CA",1915,345,271110.07   
"CA",1915,351,571898.39   
"CA",1915,352,4307.44     
"CA",1915,353,5215        
"CA",1915,356,241123      
"CA",1915,360,137873.77   
"CA",1915,361,250108.57   
"CA",1915,362,133700.77   
"CA",1915,363,542628.76   
"CA",1915,365,140093.19   
"CA",1915,366,12582.81    
"CA",1915,367,126711.16   
"CA",1915,369,586117.93   
"CA",1915,380,40251.86    
"CA",1915,381,283.75      
"CA",1915,392,250         
"CA",1915,393,195902.84   
"CA",1915,396,100         
"CA",1915,398,793985.45   
"CA",1915,399,2323082.79  
"CA",1915,400,1048.21     
"CA",1915,401,1636215     
"CA",1915,413,13985.16    
"CA",1915,415,752455.58   
"CA",1915,3133,1709064.88 
"CA",1916,279,130901      
"CA",1916,310,357909.94   
"CA",1916,311,8092972.65  
"CA",1916,313,2027241.03  
"CA",1916,316,95911.24    
"CA",1916,320,15096.71    
"CA",1916,321,23650.6     
"CA",1916,322,1472853.77  
"CA",1916,323,2648248.6   
"CA",1916,324,736444.56   
"CA",1916,325,261407.67   
"CA",1916,331,6918364.73  
"CA",1916,333,378053.32   
"CA",1916,334,2408593.62  
"CA",1916,336,2057335.57  
"CA",1916,341,19551.73    
"CA",1916,342,6007.81     
"CA",1916,343,1410582.63  
"CA",1916,344,153299.7    
"CA",1916,345,263078.87   
"CA",1916,350,1851.44     
"CA",1916,351,3109745.83  
"CA",1916,352,8601.91     
"CA",1916,353,21265.44    
"CA",1916,356,301014.801  
"CA",1916,360,156062.86   
"CA",1916,361,31997.73    
"CA",1916,362,161939.06   
"CA",1916,363,568432.81   
"CA",1916,365,164680.9    
"CA",1916,366,2658        
"CA",1916,367,106290.42   
"CA",1916,368,14525.38    
"CA",1916,369,449046.49   
"CA",1916,380,149694.78   
"CA",1916,392,84          
"CA",1916,393,1658872.58  
"CA",1916,396,60          
"CA",1916,398,215478.75   
"CA",1916,399,55670.6     
"CA",1916,400,1818.31     
"CA",1916,401,2140905     
"CA",1916,413,29404.22    
"CA",1916,414,404.28      
"CA",1916,415,358720.26   
"CA",1917,310,236804.58   
"CA",1917,311,7941931.51  
"CA",1917,313,3040559.02  
"CA",1917,316,107500.49   
"CA",1917,320,22973.16    
"CA",1917,321,15112.64    
"CA",1917,322,162033.71   
"CA",1917,323,3342856.84  
"CA",1917,324,1080103.65  
"CA",1917,325,270724.85   
"CA",1917,331,2093853.82  
"CA",1917,333,469239.48   
"CA",1917,334,2796403.97  
"CA",1917,336,1808869.13  
"CA",1917,341,12810.43    
"CA",1917,342,5492.43     
"CA",1917,343,1418017.86  
"CA",1917,344,129255.8    
"CA",1917,345,247452.68   
"CA",1917,350,14105.28    
"CA",1917,351,795853.25   
"CA",1917,352,10413.57    
"CA",1917,353,8110.76     
"CA",1917,356,322413.61   
"CA",1917,360,213010.07   
"CA",1917,361,254364.73   
"CA",1917,362,143472.43   
"CA",1917,363,569050.76   
"CA",1917,364,8141.2      
"CA",1917,365,548855.23   
"CA",1917,366,9132.05     
"CA",1917,367,110660.64   
"CA",1917,368,81108.08    
"CA",1917,369,724493.3    
"CA",1917,380,58548.07    
"CA",1917,392,18936.1     
"CA",1917,393,2071625.66  
"CA",1917,396,180         
"CA",1917,398,87144.75    
"CA",1917,399,86908.54    
"CA",1917,400,131.79      
"CA",1917,401,2003760     
"CA",1917,413,9052.1      
"CA",1917,414,42.05       
"CA",1917,415,2158647.75  
