"WA",1890,3,648188.97   
"WA",1892,3,2382820.66  
"WA",1894,3,3024878.67  
"WA",1896,3,1977988.94  
"WA",1898,3,4327505.8   
"WA",1902,3,7507754.13  
"WA",1904,3,7826718.79  
"WA",1906,3,8695531.96  
"WA",1907,3,570502404   
"WA",1908,3,526366798   
"WA",1909,3,556634826   
"WA",1910,3,768923781   
"WA",1911,3,808453569   
"WA",1912,3,875149410   
"WA",1913,3,1011015341  
"WA",1914,3,1239621262  
"WA",1915,3,1189770789  
"WA",1916,3,1243009510  
"WA",1917,3,1552916966  
"WA",1918,3,1587864091  
                        
"WA",1890,31,52679.49   
"WA",1890,32,172950.04  
"WA",1890,34,41057.93   
"WA",1890,35,14615.08   
"WA",1890,36,285876.52  
"WA",1890,39,7013.64    
"WA",1890,40,32342.34   
"WA",1892,31,223375.83  
"WA",1892,32,531691.91  
"WA",1892,34,389082.4   
"WA",1892,35,64015.11   
"WA",1892,36,390756.2   
"WA",1892,39,183246.93  
"WA",1892,40,69170.21   
"WA",1892,41,448212.11  
"WA",1892,60,19777.72   
"WA",1894,31,438729.12  
"WA",1894,32,458909.95  
"WA",1894,33,25189.91   
"WA",1894,34,303323.31  
"WA",1894,35,81577.94   
"WA",1894,36,415032.39  
"WA",1894,39,337967.93  
"WA",1894,40,105577.92  
"WA",1894,41,169000     
"WA",1894,60,53304.02   
"WA",1896,31,532888.17  
"WA",1896,32,328318.64  
"WA",1896,33,24774.75   
"WA",1896,34,190813.05  
"WA",1896,35,101201.14  
"WA",1896,36,387408.2   
"WA",1896,37,100        
"WA",1896,38,65         
"WA",1896,39,419191.61  
"WA",1896,40,150354.96  
"WA",1896,41,176941.13  
"WA",1896,60,31606.2    
"WA",1898,31,242543.18  
"WA",1898,32,263236.63  
"WA",1898,33,50203.04   
"WA",1898,34,185762.65  
"WA",1898,35,96601.75   
"WA",1898,36,1214560.08 
"WA",1898,38,47.65      
"WA",1898,39,13037.63   
"WA",1898,40,334046.75  
"WA",1898,60,402270.31  
"WA",1902,31,934689.07  
"WA",1902,32,457934.38  
"WA",1902,33,7504.22    
"WA",1902,34,423432.95  
"WA",1902,35,180103.5   
"WA",1902,36,759815.14  
"WA",1902,39,96189.35   
"WA",1902,40,129529.66  
"WA",1902,41,95000      
"WA",1902,60,514940.41  
"WA",1904,31,727711.79  
"WA",1904,32,400287.11  
"WA",1904,33,2995.78    
"WA",1904,34,483282.04  
"WA",1904,35,182648.95  
"WA",1904,36,521143.97  
"WA",1904,39,148007.06  
"WA",1904,40,178638.75  
"WA",1904,41,60000      
"WA",1904,60,476612.37  
"WA",1906,31,765886.89  
"WA",1906,32,710843.63  
"WA",1906,33,46857.82   
"WA",1906,34,557128.04  
"WA",1906,35,213630.69  
"WA",1906,36,546965.04  
"WA",1906,39,139113.82  
"WA",1906,40,113742.39  
"WA",1906,60,525040.64  
"WA",1907,31,168942.62  
"WA",1907,32,167174.11  
"WA",1907,33,90460.99   
"WA",1907,34,197512.88  
"WA",1907,35,73226.78   
"WA",1907,36,115523.71  
"WA",1907,39,2825.63    
"WA",1907,40,17850      
"WA",1908,31,1263157.01 
"WA",1908,32,746380.11  
"WA",1908,33,339194.05  
"WA",1908,34,824597.14  
"WA",1908,35,312325.48  
"WA",1908,36,523946.25  
"WA",1908,39,442880.38  
"WA",1908,40,111332.44  
"WA",1908,41,1000       
"WA",1909,31,311484.64  
"WA",1909,32,207762.56  
"WA",1909,33,111220.92  
"WA",1909,34,407291.21  
"WA",1909,35,51341.02   
"WA",1909,36,157475.33  
"WA",1909,39,300837.66  
"WA",1909,40,21437.5    
"WA",1909,41,1000       
"WA",1910,31,1408594.39 
"WA",1910,32,940068.19  
"WA",1910,33,816609.85  
"WA",1910,34,779045.81  
"WA",1910,35,439988.37  
"WA",1910,36,721318.25  
"WA",1910,39,435590.32  
"WA",1910,40,139798.85  
"WA",1910,41,1784.94    
"WA",1911,31,427719.84  
"WA",1911,32,470254.44  
"WA",1911,33,567111.58  
"WA",1911,34,254902.61  
"WA",1911,35,159538.51  
"WA",1911,36,182113.98  
"WA",1911,39,25494.53   
"WA",1911,40,14687.5    
"WA",1911,41,215.06     
"WA",1912,31,1580521.91 
"WA",1912,32,2010489.6  
"WA",1912,33,939633.7   
"WA",1912,34,854008.35  
"WA",1912,35,387544.36  
"WA",1912,36,777620.2   
"WA",1912,39,90286.45   
"WA",1912,40,127936.18  
"WA",1912,41,1784.94    
"WA",1913,31,556398.81  
"WA",1913,32,1376171.63 
"WA",1913,33,436720.02  
"WA",1913,34,334325.26  
"WA",1913,35,120227.2   
"WA",1913,36,406547.67  
"WA",1913,39,6972.6     
"WA",1913,40,87685.03   
"WA",1913,41,25215.06   
"WA",1913,60,62493.47   
"WA",1914,31,2337980.51 
"WA",1914,32,4106298.6  
"WA",1914,33,3170148.53 
"WA",1914,34,935064.67  
"WA",1914,35,661185.14  
"WA",1914,36,815279.82  
"WA",1914,39,162174.01  
"WA",1914,40,140930.21  
"WA",1914,41,14760.94   
"WA",1914,60,120249.7   
"WA",1915,31,719567.25  
"WA",1915,32,1387013.73 
"WA",1915,33,1377108.63 
"WA",1915,34,301684.61  
"WA",1915,35,176622.81  
"WA",1915,36,269450.47  
"WA",1915,37,7.45       
"WA",1915,39,92302.37   
"WA",1915,40,60533.33   
"WA",1915,41,12239.06   
"WA",1915,60,78991.45   
"WA",1916,31,2628691.33 
"WA",1916,32,3785549.06 
"WA",1916,33,4409973.82 
"WA",1916,34,966286.02  
"WA",1916,35,665080.54  
"WA",1916,36,723405.76  
"WA",1916,39,132331.31  
"WA",1916,40,143514.47  
"WA",1916,41,13000      
"WA",1916,60,97965.47   
"WA",1916,99,7621.68    
"WA",1917,31,1322396.67 
"WA",1917,32,1569553.69 
"WA",1917,33,1174699.41 
"WA",1917,34,370861.54  
"WA",1917,35,173828.54  
"WA",1917,36,252984.19  
"WA",1917,39,5529.34    
"WA",1917,40,89931.91   
"WA",1917,41,14445.33   
"WA",1917,60,152414.15  
"WA",1918,31,4642356.22 
"WA",1918,32,4295678.79 
"WA",1918,33,5177744.04 
"WA",1918,34,1179570.61 
"WA",1918,35,740794.75  
"WA",1918,36,911752.67  
"WA",1918,39,71181.62   
"WA",1918,40,505835.59  
"WA",1918,41,219726     
"WA",1918,60,106870.43  
                        
"WA",1890,310,976.9     
"WA",1890,311,3592.77   
"WA",1890,313,5989.85   
"WA",1890,315,1250      
"WA",1890,316,981       
"WA",1890,317,39888.97  
"WA",1890,323,172950.04 
"WA",1890,343,38057.93  
"WA",1890,344,3000      
"WA",1890,351,2393.79   
"WA",1890,357,12221.29  
"WA",1890,361,154545.06 
"WA",1890,362,14437.15  
"WA",1890,363,43736.32  
"WA",1890,364,72        
"WA",1890,365,8038.48   
"WA",1890,366,25403.41  
"WA",1890,367,17917.35  
"WA",1890,368,1433.19   
"WA",1890,369,20293.56  
"WA",1890,390,7013.64   
"WA",1890,400,32342.34  
"WA",1892,311,9647.95   
"WA",1892,313,92519.97  
"WA",1892,316,6005.46   
"WA",1892,317,115202.45 
"WA",1892,321,24053.42  
"WA",1892,323,462927.87 
"WA",1892,325,44710.62  
"WA",1892,343,384149.87 
"WA",1892,344,4700.06   
"WA",1892,345,232.47    
"WA",1892,350,9850      
"WA",1892,351,38401.88  
"WA",1892,356,2789.97   
"WA",1892,357,12973.26  
"WA",1892,360,1000      
"WA",1892,361,81671.84  
"WA",1892,362,35036.09  
"WA",1892,363,146148.24 
"WA",1892,364,467.85    
"WA",1892,365,22646.64  
"WA",1892,366,67961.29  
"WA",1892,367,11191.66  
"WA",1892,368,3271.68   
"WA",1892,369,21360.91  
"WA",1892,390,18007.82  
"WA",1892,391,14388.72  
"WA",1892,393,90804.39  
"WA",1892,398,46        
"WA",1892,399,60000     
"WA",1892,400,59796.14  
"WA",1892,401,9374.07   
"WA",1892,412,21000     
"WA",1892,415,427212.11 
"WA",1892,600,19777.72  
"WA",1894,310,1960.85   
"WA",1894,311,15927.04  
"WA",1894,313,285048.21 
"WA",1894,316,11677.33  
"WA",1894,317,124115.69 
"WA",1894,321,3565.98   
"WA",1894,323,388304.12 
"WA",1894,325,67039.85  
"WA",1894,331,25189.91  
"WA",1894,343,296778.81 
"WA",1894,344,6544.5    
"WA",1894,350,17044.41  
"WA",1894,351,8912.05   
"WA",1894,356,3914.48   
"WA",1894,357,51707     
"WA",1894,361,68531.41  
"WA",1894,362,33304.16  
"WA",1894,363,138456.48 
"WA",1894,365,22790.56  
"WA",1894,366,24897.65  
"WA",1894,367,13200     
"WA",1894,368,7329.27   
"WA",1894,369,106522.86 
"WA",1894,390,8583.37   
"WA",1894,391,15956.34  
"WA",1894,393,207719.93 
"WA",1894,395,788.35    
"WA",1894,399,104919.94 
"WA",1894,400,101016.06 
"WA",1894,401,4561.86   
"WA",1894,412,10500     
"WA",1894,415,76000     
"WA",1894,416,82500     
"WA",1894,600,53304.02  
"WA",1896,310,2164.1    
"WA",1896,311,13946.47  
"WA",1896,313,420768.45 
"WA",1896,316,5035.01   
"WA",1896,317,90974.14  
"WA",1896,323,291603.22 
"WA",1896,325,36715.42  
"WA",1896,330,788.25    
"WA",1896,331,23986.5   
"WA",1896,341,9125.79   
"WA",1896,343,166700.94 
"WA",1896,344,14986.32  
"WA",1896,350,5522.58   
"WA",1896,351,10725.63  
"WA",1896,356,5204.25   
"WA",1896,357,72843.75  
"WA",1896,358,6904.93   
"WA",1896,361,68036.07  
"WA",1896,362,32662.07  
"WA",1896,363,147392.04 
"WA",1896,365,23052.24  
"WA",1896,366,50209.73  
"WA",1896,367,13200     
"WA",1896,369,52856.05  
"WA",1896,373,100       
"WA",1896,381,65        
"WA",1896,390,4172.24   
"WA",1896,391,8710.22   
"WA",1896,393,361787.98 
"WA",1896,395,211.65    
"WA",1896,399,44309.52  
"WA",1896,400,142623.56 
"WA",1896,401,7731.4    
"WA",1896,412,10500     
"WA",1896,415,161838.73 
"WA",1896,416,4602.4    
"WA",1896,600,31606.2   
"WA",1898,310,974.15    
"WA",1898,311,9230.16   
"WA",1898,313,148778.5  
"WA",1898,316,4943.04   
"WA",1898,317,78617.33  
"WA",1898,323,249789.16 
"WA",1898,325,13447.47  
"WA",1898,331,50203.04  
"WA",1898,341,3845.8    
"WA",1898,343,148534.31 
"WA",1898,344,14394.25  
"WA",1898,345,18988.29  
"WA",1898,350,3553.42   
"WA",1898,351,45231.38  
"WA",1898,356,1235.96   
"WA",1898,357,41690.71  
"WA",1898,358,4890.28   
"WA",1898,361,57517.25  
"WA",1898,362,29041.35  
"WA",1898,363,130919.15 
"WA",1898,364,320.2     
"WA",1898,365,19108.7   
"WA",1898,366,23868.09  
"WA",1898,367,882951.77 
"WA",1898,368,6582.81   
"WA",1898,369,64250.76  
"WA",1898,381,47.65     
"WA",1898,390,1098.4    
"WA",1898,391,3000      
"WA",1898,398,1446.99   
"WA",1898,399,7492.24   
"WA",1898,400,313493.49 
"WA",1898,401,20553.26  
"WA",1898,600,402270.31 
"WA",1902,310,885.12    
"WA",1902,311,13804.81  
"WA",1902,313,799648.44 
"WA",1902,316,12167.04  
"WA",1902,317,108183.66 
"WA",1902,321,850       
"WA",1902,323,417991.87 
"WA",1902,325,39092.51  
"WA",1902,331,500       
"WA",1902,336,7004.22   
"WA",1902,343,335769.42 
"WA",1902,344,41738.97  
"WA",1902,345,45924.56  
"WA",1902,350,3921.02   
"WA",1902,351,113068.09 
"WA",1902,352,9209.87   
"WA",1902,356,1526.25   
"WA",1902,357,52378.27  
"WA",1902,361,70994.78  
"WA",1902,362,33956.73  
"WA",1902,363,150555.11 
"WA",1902,365,36318.05  
"WA",1902,366,31088.74  
"WA",1902,367,365632.89 
"WA",1902,368,5441.13   
"WA",1902,369,65827.71  
"WA",1902,390,12777.42  
"WA",1902,391,3750      
"WA",1902,398,25        
"WA",1902,399,79636.93  
"WA",1902,400,92794.94  
"WA",1902,401,36734.72  
"WA",1902,412,95000     
"WA",1902,600,514940.41 
"WA",1904,310,1144.25   
"WA",1904,311,18090.34  
"WA",1904,313,574347.51 
"WA",1904,316,21415.75  
"WA",1904,317,112713.94 
"WA",1904,321,350       
"WA",1904,323,353833.22 
"WA",1904,325,46103.89  
"WA",1904,336,2995.78   
"WA",1904,343,355921.95 
"WA",1904,344,46742.35  
"WA",1904,345,80617.74  
"WA",1904,350,7552.67   
"WA",1904,351,98650.3   
"WA",1904,352,1389.91   
"WA",1904,356,4371.18   
"WA",1904,357,70684.89  
"WA",1904,361,85363.06  
"WA",1904,362,39970.68  
"WA",1904,363,143617.32 
"WA",1904,365,41843.67  
"WA",1904,366,37333.4   
"WA",1904,367,104816.82 
"WA",1904,368,7989.12   
"WA",1904,369,60209.9   
"WA",1904,390,97989.13  
"WA",1904,391,5250      
"WA",1904,399,44767.93  
"WA",1904,400,6231.59   
"WA",1904,401,172407.16 
"WA",1904,412,60000     
"WA",1904,600,476612.37 
"WA",1906,310,1237.68   
"WA",1906,311,24411.88  
"WA",1906,313,633770.78 
"WA",1906,316,25332.58  
"WA",1906,317,81133.97  
"WA",1906,321,79358.26  
"WA",1906,322,26396.34  
"WA",1906,323,545914.7  
"WA",1906,325,59174.33  
"WA",1906,331,13292.25  
"WA",1906,336,1080      
"WA",1906,337,32485.57  
"WA",1906,342,6258.07   
"WA",1906,343,406177.64 
"WA",1906,344,59105.75  
"WA",1906,345,85586.58  
"WA",1906,350,8043.71   
"WA",1906,351,116745.25 
"WA",1906,356,5623.36   
"WA",1906,357,83218.37  
"WA",1906,361,101195.77 
"WA",1906,362,41167.2   
"WA",1906,363,173372.71 
"WA",1906,365,70811.17  
"WA",1906,366,36391.36  
"WA",1906,367,77513.93  
"WA",1906,368,7702.89   
"WA",1906,369,38810.01  
"WA",1906,390,33913.33  
"WA",1906,391,4800      
"WA",1906,399,100400.49 
"WA",1906,400,2947.12   
"WA",1906,401,110795.27 
"WA",1906,600,525040.64 
"WA",1907,310,86.97     
"WA",1907,311,4400.21   
"WA",1907,313,140871.8  
"WA",1907,316,5091.43   
"WA",1907,317,18492.21  
"WA",1907,321,12998.95  
"WA",1907,322,22101.99  
"WA",1907,323,120433.84 
"WA",1907,325,11639.33  
"WA",1907,331,51515.32  
"WA",1907,337,38945.67  
"WA",1907,342,1241.93   
"WA",1907,343,125118.64 
"WA",1907,344,18147.38  
"WA",1907,345,53004.93  
"WA",1907,350,2329.71   
"WA",1907,351,52977.68  
"WA",1907,356,1415.74   
"WA",1907,357,16503.65  
"WA",1907,362,8672.88   
"WA",1907,363,49683.49  
"WA",1907,365,17681.82  
"WA",1907,366,15173.8   
"WA",1907,367,1350.38   
"WA",1907,368,1466.35   
"WA",1907,369,21494.99  
"WA",1907,390,1203.22   
"WA",1907,391,1575      
"WA",1907,399,47.41     
"WA",1907,402,17850     
"WA",1908,310,1201.46   
"WA",1908,311,13951.88  
"WA",1908,313,1042212.55
"WA",1908,316,11085.04  
"WA",1908,317,194706.08 
"WA",1908,321,51640.74  
"WA",1908,322,92814.54  
"WA",1908,323,484890    
"WA",1908,325,117034.83 
"WA",1908,331,271860.76 
"WA",1908,337,67333.29  
"WA",1908,342,15333.53  
"WA",1908,343,515956.37 
"WA",1908,344,70325.04  
"WA",1908,345,222982.2  
"WA",1908,350,94978.24  
"WA",1908,351,119103.42 
"WA",1908,356,7994.27   
"WA",1908,357,90249.55  
"WA",1908,361,85000     
"WA",1908,362,41190.08  
"WA",1908,363,144466.12 
"WA",1908,365,66018.25  
"WA",1908,366,40133.15  
"WA",1908,367,63790.61  
"WA",1908,368,20057.75  
"WA",1908,369,63290.29  
"WA",1908,390,12098.48  
"WA",1908,391,1575      
"WA",1908,395,1688      
"WA",1908,399,427518.9  
"WA",1908,401,42839.74  
"WA",1908,402,68492.7   
"WA",1908,416,1000      
"WA",1909,310,236.59    
"WA",1909,311,4053.05   
"WA",1909,313,267061.14 
"WA",1909,316,3014.94   
"WA",1909,317,37118.92  
"WA",1909,321,17937.42  
"WA",1909,322,19535.46  
"WA",1909,323,119607.51 
"WA",1909,325,50682.17  
"WA",1909,331,100554.21 
"WA",1909,337,10666.71  
"WA",1909,342,7849.51   
"WA",1909,343,210175.33 
"WA",1909,344,30954.59  
"WA",1909,345,158311.78 
"WA",1909,350,28037.8   
"WA",1909,351,6672.8    
"WA",1909,356,3505.73   
"WA",1909,357,13124.69  
"WA",1909,362,11289.92  
"WA",1909,363,58210.93  
"WA",1909,365,25575.81  
"WA",1909,366,19251.89  
"WA",1909,367,32288.45  
"WA",1909,368,7141.37   
"WA",1909,369,3716.96   
"WA",1909,390,1334.31   
"WA",1909,391,2100      
"WA",1909,395,1312      
"WA",1909,399,296091.35 
"WA",1909,402,21437.5   
"WA",1909,416,1000      
"WA",1910,310,1108.43   
"WA",1910,311,17212.15  
"WA",1910,313,1173776.61
"WA",1910,316,9870.17   
"WA",1910,317,206627.03 
"WA",1910,321,81212.21  
"WA",1910,322,64792.6   
"WA",1910,323,612235.11 
"WA",1910,325,181828.27 
"WA",1910,331,661755.04 
"WA",1910,336,66532.4   
"WA",1910,337,88322.41  
"WA",1910,342,36457.65  
"WA",1910,343,471092.93 
"WA",1910,344,101262.56 
"WA",1910,345,170232.67 
"WA",1910,350,125620.63 
"WA",1910,351,158027.53 
"WA",1910,356,28254.61  
"WA",1910,357,128085.6  
"WA",1910,361,157887.2  
"WA",1910,362,43263.05  
"WA",1910,363,197844.95 
"WA",1910,364,421.8     
"WA",1910,365,78194.71  
"WA",1910,366,45831.18  
"WA",1910,367,81550.95  
"WA",1910,368,22411.04  
"WA",1910,369,93913.37  
"WA",1910,390,49666.64  
"WA",1910,391,3053.95   
"WA",1910,395,6520.4    
"WA",1910,398,7151.18   
"WA",1910,399,369198.15 
"WA",1910,401,70875.15  
"WA",1910,402,68923.7   
"WA",1910,416,1784.94   
"WA",1911,310,320.8     
"WA",1911,311,5551.43   
"WA",1911,313,281682.41 
"WA",1911,316,3728.29   
"WA",1911,317,136436.91 
"WA",1911,321,60970.27  
"WA",1911,322,27247.95  
"WA",1911,323,323843.88 
"WA",1911,325,58192.34  
"WA",1911,331,510094.92 
"WA",1911,336,20427.7   
"WA",1911,337,36588.96  
"WA",1911,342,8971.99   
"WA",1911,343,131227.73 
"WA",1911,344,48263.39  
"WA",1911,345,66439.5   
"WA",1911,350,45936.72  
"WA",1911,351,55227.35  
"WA",1911,356,11745.39  
"WA",1911,357,46629.05  
"WA",1911,361,2357.98   
"WA",1911,362,13646.66  
"WA",1911,363,74085.26  
"WA",1911,365,26712.71  
"WA",1911,366,14912.89  
"WA",1911,367,11201.35  
"WA",1911,368,10147.69  
"WA",1911,369,29049.44  
"WA",1911,390,1150.06   
"WA",1911,391,1575      
"WA",1911,395,18641.23  
"WA",1911,399,4128.24   
"WA",1911,402,14687.5   
"WA",1911,416,215.06    
"WA",1912,310,1187.88   
"WA",1912,311,22920.4   
"WA",1912,313,1176161.43
"WA",1912,316,12186.36  
"WA",1912,317,368065.84 
"WA",1912,321,109003.89 
"WA",1912,322,165164.36 
"WA",1912,323,954284.75 
"WA",1912,324,552562.17 
"WA",1912,325,229474.43 
"WA",1912,331,887821.16 
"WA",1912,336,40812.54  
"WA",1912,337,11000     
"WA",1912,342,54477.08  
"WA",1912,343,343430.71 
"WA",1912,344,264083.07 
"WA",1912,345,192017.49 
"WA",1912,350,103703.67 
"WA",1912,351,139844.66 
"WA",1912,356,23102.31  
"WA",1912,357,120893.72 
"WA",1912,361,75300     
"WA",1912,362,43542.62  
"WA",1912,363,220696.36 
"WA",1912,365,84477.18  
"WA",1912,366,70774.53  
"WA",1912,367,181822.76 
"WA",1912,368,25866.5   
"WA",1912,369,75140.25  
"WA",1912,390,16337.22  
"WA",1912,391,18108.33  
"WA",1912,395,10542.73  
"WA",1912,399,45298.17  
"WA",1912,401,114998.68 
"WA",1912,402,12937.5   
"WA",1912,416,1784.94   
"WA",1913,310,281.55    
"WA",1913,311,7883.42   
"WA",1913,313,409637.88 
"WA",1913,316,2912.12   
"WA",1913,317,135683.84 
"WA",1913,321,26827.71  
"WA",1913,322,38209     
"WA",1913,323,364712.26 
"WA",1913,324,834258.94 
"WA",1913,325,112163.72 
"WA",1913,331,420033.25 
"WA",1913,336,16686.77  
"WA",1913,342,6053.32   
"WA",1913,343,180358.4  
"WA",1913,344,105270.72 
"WA",1913,345,42642.82  
"WA",1913,350,29325.41  
"WA",1913,351,43580.74  
"WA",1913,356,8777.87   
"WA",1913,357,38543.18  
"WA",1913,361,4958.05   
"WA",1913,362,16059.06  
"WA",1913,363,86473.14  
"WA",1913,365,30670.84  
"WA",1913,366,8154.78   
"WA",1913,367,220221.4  
"WA",1913,368,11444.56  
"WA",1913,369,28565.84  
"WA",1913,390,1867.26   
"WA",1913,391,275       
"WA",1913,395,3678.77   
"WA",1913,399,1151.57   
"WA",1913,400,74707.43  
"WA",1913,401,12977.6   
"WA",1913,412,25000     
"WA",1913,416,215.06    
"WA",1913,600,62493.47  
"WA",1914,310,924.78    
"WA",1914,311,39128.02  
"WA",1914,313,1852279.22
"WA",1914,316,15351.39  
"WA",1914,317,430297.1  
"WA",1914,321,256044.64 
"WA",1914,322,85020.7   
"WA",1914,323,950557.49 
"WA",1914,324,2580871.08
"WA",1914,325,233804.69 
"WA",1914,331,3121450.5 
"WA",1914,336,48698.03  
"WA",1914,342,42401.51  
"WA",1914,343,393175.93 
"WA",1914,344,286308.08 
"WA",1914,345,213179.15 
"WA",1914,350,110517.44 
"WA",1914,351,335587.11 
"WA",1914,354,56681.76  
"WA",1914,356,22407.84  
"WA",1914,357,135990.99 
"WA",1914,361,92051.84  
"WA",1914,362,72718.37  
"WA",1914,363,255824.24 
"WA",1914,364,243.4     
"WA",1914,365,86473.45  
"WA",1914,366,43909.52  
"WA",1914,367,144298.44 
"WA",1914,368,39645.8   
"WA",1914,369,80114.76  
"WA",1914,390,19158.82  
"WA",1914,391,6025      
"WA",1914,395,68897.85  
"WA",1914,399,68092.34  
"WA",1914,400,52602.82  
"WA",1914,401,88327.39  
"WA",1914,412,13000     
"WA",1914,416,1760.94   
"WA",1914,600,120249.7  
"WA",1915,310,571.3     
"WA",1915,311,10922.6   
"WA",1915,313,547730.77 
"WA",1915,316,4917.47   
"WA",1915,317,155425.11 
"WA",1915,321,102234.58 
"WA",1915,322,48888.63  
"WA",1915,323,372300.11 
"WA",1915,324,797063.48 
"WA",1915,325,66526.93  
"WA",1915,331,1351020.37
"WA",1915,336,26088.26  
"WA",1915,342,12496.19  
"WA",1915,343,100818.57 
"WA",1915,344,142894.77 
"WA",1915,345,45475.08  
"WA",1915,350,11447.7   
"WA",1915,351,103674.88 
"WA",1915,354,17820.2   
"WA",1915,356,8242.53   
"WA",1915,357,35437.5   
"WA",1915,361,2253.4    
"WA",1915,362,45499.69  
"WA",1915,363,96490.02  
"WA",1915,365,43391.49  
"WA",1915,366,25698.56  
"WA",1915,367,27887.69  
"WA",1915,368,28229.62  
"WA",1915,373,7.45      
"WA",1915,391,1050      
"WA",1915,395,5217.91   
"WA",1915,399,86034.46  
"WA",1915,400,47773.25  
"WA",1915,401,12760.08  
"WA",1915,412,12000     
"WA",1915,416,239.06    
"WA",1915,600,78991.45  
"WA",1916,310,1498.06   
"WA",1916,311,47558.79  
"WA",1916,313,2237519.98
"WA",1916,316,13556.17  
"WA",1916,317,328558.33 
"WA",1916,321,366725.91 
"WA",1916,322,196146.53 
"WA",1916,323,889757.49 
"WA",1916,324,2182169.34
"WA",1916,325,150749.79 
"WA",1916,331,4328285.33
"WA",1916,336,22142.97  
"WA",1916,338,59545.52  
"WA",1916,342,50688.01  
"WA",1916,343,358323.29 
"WA",1916,344,350601.06 
"WA",1916,345,206673.66 
"WA",1916,350,59574.67  
"WA",1916,351,375230.32 
"WA",1916,354,45435.79  
"WA",1916,356,36405.58  
"WA",1916,357,148434.18 
"WA",1916,361,118397.94 
"WA",1916,362,89606.4   
"WA",1916,363,266443.68 
"WA",1916,365,91408.89  
"WA",1916,366,47470     
"WA",1916,367,63257.12  
"WA",1916,368,46821.73  
"WA",1916,390,44294.09  
"WA",1916,391,3989.8    
"WA",1916,395,14373.88  
"WA",1916,399,69673.54  
"WA",1916,400,41276.01  
"WA",1916,401,102238.46 
"WA",1916,412,13000     
"WA",1916,600,97965.47  
"WA",1916,999,7621.68   
"WA",1917,310,415927.45 
"WA",1917,311,18827.07  
"WA",1917,313,759279.61 
"WA",1917,316,5620.64   
"WA",1917,317,122741.9  
"WA",1917,321,148670.91 
"WA",1917,322,63398.01  
"WA",1917,323,399638.55 
"WA",1917,324,851117.71 
"WA",1917,325,106728.51 
"WA",1917,331,1150788.23
"WA",1917,336,12856.7   
"WA",1917,338,11054.48  
"WA",1917,342,10489.74  
"WA",1917,343,180100.66 
"WA",1917,344,117640.85 
"WA",1917,345,62630.29  
"WA",1917,350,18921.4   
"WA",1917,351,81352.2   
"WA",1917,354,12834.64  
"WA",1917,356,10594.42  
"WA",1917,357,50125.88  
"WA",1917,361,1655      
"WA",1917,362,26788.35  
"WA",1917,363,103207.59 
"WA",1917,365,40054.03  
"WA",1917,366,26254.17  
"WA",1917,367,37564.63  
"WA",1917,368,15046.63  
"WA",1917,369,2413.79   
"WA",1917,390,331.71    
"WA",1917,391,750       
"WA",1917,395,4422.52   
"WA",1917,398,25.11     
"WA",1917,400,77967.93  
"WA",1917,401,11963.98  
"WA",1917,412,14402     
"WA",1917,416,43.33     
"WA",1917,600,152414.15 
"WA",1918,310,1766123.83
"WA",1918,311,52994.45  
"WA",1918,313,2511964.12
"WA",1918,316,20544.64  
"WA",1918,317,290729.18 
"WA",1918,321,219728.37 
"WA",1918,322,244990.33 
"WA",1918,323,954813.51 
"WA",1918,324,2511291.91
"WA",1918,325,364854.67 
"WA",1918,331,5009638.73
"WA",1918,334,16446.57  
"WA",1918,336,34726.27  
"WA",1918,338,116932.47 
"WA",1918,342,61653.26  
"WA",1918,343,394562.84 
"WA",1918,344,384392.61 
"WA",1918,345,338961.9  
"WA",1918,350,35735.04  
"WA",1918,351,565408.14 
"WA",1918,356,37001.27  
"WA",1918,357,102650.3  
"WA",1918,361,118676.45 
"WA",1918,362,71734.34  
"WA",1918,363,266105.94 
"WA",1918,364,231       
"WA",1918,365,90627.44  
"WA",1918,366,52522.08  
"WA",1918,367,216143.92 
"WA",1918,368,46101.26  
"WA",1918,369,49610.24  
"WA",1918,390,32436.73  
"WA",1918,395,36042.92  
"WA",1918,399,2701.97   
"WA",1918,400,419207.74 
"WA",1918,401,42964.84  
"WA",1918,402,43663.01  
"WA",1918,412,219726    
"WA",1918,600,106870.43 
