1,"MO",1849,1110,63276.09        
2,"MO",1849,1120,45115.11        
3,"MO",1849,1131,15473.47        
4,"MO",1849,1221,493.85          
5,"MO",1849,1700,31879.39        
6,"MO",1849,1830,23.1            
7,"MO",1849,1830,6644.27         
8,"MO",1849,1831,32569.2         
9,"MO",1849,1832,15488.7         
10,"MO",1849,1833,217.78         
11,"MO",1849,1834,1510.06        
12,"MO",1849,1836,2172.11        
13,"MO",1849,1837,1089.5         
14,"MO",1849,1838,823.3          
15,"MO",1849,1839,590            
16,"MO",1849,1840,70.55          
17,"MO",1849,1841,1371.67        
18,"MO",1849,1842,303.12         
19,"MO",1849,1843,1825           
20,"MO",1849,1844,2300           
21,"MO",1849,1931,6989.31        
22,"MO",1849,1932,2421.4         
23,"MO",1849,2231,437.75         
24,"MO",1849,2621,23200          
25,"MO",1849,2909,54197.9        
26,"MO",1849,2914,643.04         
27,"MO",1849,2921,59005.97       
28,"MO",1849,2971,35544.36       
29,"MO",1850,1110,72511.74       
30,"MO",1850,1120,49127.68       
31,"MO",1850,1131,21689.22       
32,"MO",1850,1221,2846.45        
33,"MO",1850,1700,32152.65       
34,"MO",1850,1830,4105.01        
35,"MO",1850,1831,40107.86       
36,"MO",1850,1832,15170.51       
37,"MO",1850,1833,97.78          
38,"MO",1850,1834,1716.46        
39,"MO",1850,1836,1793.05        
40,"MO",1850,1837,853.3          
41,"MO",1850,1838,772.87         
42,"MO",1850,1839,187.5          
43,"MO",1850,1840,61.5           
44,"MO",1850,1841,1213.16        
45,"MO",1850,1842,270.09         
46,"MO",1850,1843,1650           
47,"MO",1850,1844,2547.36        
48,"MO",1850,1845,100            
49,"MO",1850,1931,12281.73       
50,"MO",1850,1931,19886.75       
51,"MO",1850,1932,1237.97        
52,"MO",1850,2231,638.44         
53,"MO",1850,2621,8732.97        
54,"MO",1850,2909,50444.57       
55,"MO",1850,2921,0              
56,"MO",1850,2971,39215.19       
57,"MO",1851,1110,69185.81       
58,"MO",1851,1120,59706.03       
59,"MO",1851,1131,27593.79       
60,"MO",1851,1461,1744.67        
61,"MO",1851,1700,33149.49       
62,"MO",1851,1830,1799.06        
63,"MO",1851,1831,29751.12       
64,"MO",1851,1832,12346.91       
65,"MO",1851,1833,191.87         
66,"MO",1851,1834,1706.98        
67,"MO",1851,1836,430.14         
68,"MO",1851,1837,241.5          
69,"MO",1851,1838,494            
70,"MO",1851,1839,89.8           
71,"MO",1851,1840,8.46           
72,"MO",1851,1841,927.66         
73,"MO",1851,1842,257.25         
74,"MO",1851,1843,2050           
75,"MO",1851,1844,2971.95        
76,"MO",1851,1845,266.65         
77,"MO",1851,1931,18564.03       
78,"MO",1851,1932,176.76         
79,"MO",1851,2231,227            
80,"MO",1851,2621,3644.79        
81,"MO",1851,2909,56537.57       
82,"MO",1851,2914,1066.52        
83,"MO",1851,2921,13613.18       
84,"MO",1851,2921,97863.56       
85,"MO",1851,2971,43635.89       
86,"MO",1852,1110,76707.61634396 
87,"MO",1852,1120,66197.20492773 
88,"MO",1852,1131,30593.75696831 
89,"MO",1852,1221,4038.7         
90,"MO",1852,1700,36753.46665621 
91,"MO",1852,1830,1046.18        
92,"MO",1852,1830,2552.93        
93,"MO",1852,1831,44603.12       
94,"MO",1852,1832,17592.22       
95,"MO",1852,1833,31.88          
96,"MO",1852,1834,1734.36        
97,"MO",1852,1836,37.5           
98,"MO",1852,1838,784.91         
99,"MO",1852,1839,122.5          
100,"MO",1852,1840,2             
101,"MO",1852,1841,1987.46       
102,"MO",1852,1842,300.58        
103,"MO",1852,1843,3150          
104,"MO",1852,1844,3000          
105,"MO",1852,1845,746.6         
106,"MO",1852,1931,20582.29123917
107,"MO",1852,1932,195.9771557919
108,"MO",1852,2231,1524.25       
109,"MO",1852,2621,410.12        
110,"MO",1852,2909,12653.39      
111,"MO",1852,2914,705.78        
112,"MO",1852,2921,31268.72      
113,"MO",1852,2921,64762.65      
114,"MO",1852,2971,48379.93670880
115,"MO",1853,1110,104744.22     
116,"MO",1853,1120,70469.82      
117,"MO",1853,1131,38027.72      
118,"MO",1853,1221,2054.22       
119,"MO",1853,1700,36458.83      
120,"MO",1853,1830,82236.17      
121,"MO",1853,1931,22876.62      
122,"MO",1853,1932,0             
123,"MO",1853,2909,42353.75      
124,"MO",1853,2914,768.54        
125,"MO",1853,2921,70519.33      
126,"MO",1853,2931,208875.63     
127,"MO",1853,2942,2075.24       
128,"MO",1853,2971,52515.61      
129,"MO",1854,1110,135489.35     
130,"MO",1854,1120,66458.46      
131,"MO",1854,1131,45959.66      
132,"MO",1854,1221,1170.39       
133,"MO",1854,1700,38559.06      
134,"MO",1854,1830,2952.54       
135,"MO",1854,1831,52925.24      
136,"MO",1854,1832,24593.38      
137,"MO",1854,1833,70            
138,"MO",1854,1834,1509.69       
139,"MO",1854,1838,1009.93       
140,"MO",1854,1839,161.5         
141,"MO",1854,1840,3.35          
142,"MO",1854,1841,1792.72       
143,"MO",1854,1842,239.58        
144,"MO",1854,1843,3650          
145,"MO",1854,1844,3134.83       
146,"MO",1854,1845,1298.88       
147,"MO",1854,1931,26053.32      
148,"MO",1854,2621,2892.99       
149,"MO",1854,2909,27039.25      
150,"MO",1854,2914,1066.54       
151,"MO",1854,2921,70293.42      
152,"MO",1854,2942,936.87        
153,"MO",1854,2971,60989.52      
154,"MO",1855,1110,158037.81     
155,"MO",1855,1120,71775.29      
156,"MO",1855,1131,48684.89      
157,"MO",1855,1221,8891.19       
158,"MO",1855,1700,39799.87      
159,"MO",1855,1830,2817.97       
160,"MO",1855,1831,37317.53      
161,"MO",1855,1832,20400.61      
162,"MO",1855,1833,140.21        
163,"MO",1855,1834,771.56        
164,"MO",1855,1838,945.4         
165,"MO",1855,1839,110           
166,"MO",1855,1840,5             
167,"MO",1855,1841,2219.55       
168,"MO",1855,1842,303.01        
169,"MO",1855,1843,2925          
170,"MO",1855,1844,2347.24       
171,"MO",1855,1845,599.94        
172,"MO",1855,1931,20528.98      
173,"MO",1855,2851,205000        
174,"MO",1855,2909,105097.51     
175,"MO",1855,2914,862.62        
176,"MO",1855,2921,79154.35      
177,"MO",1855,2942,1035.77       
178,"MO",1855,2971,64074.45      
179,"MO",1856,1110,177699.77     
180,"MO",1856,1120,108233.01     
181,"MO",1856,1131,59156.57      
182,"MO",1856,1221,789.9         
183,"MO",1856,1700,43849.42      
184,"MO",1856,1830,2635.03       
185,"MO",1856,1831,51693.55      
186,"MO",1856,1832,20617.53      
187,"MO",1856,1833,137.56        
188,"MO",1856,1834,1015          
189,"MO",1856,1838,772.73        
190,"MO",1856,1839,48.43         
191,"MO",1856,1840,8             
192,"MO",1856,1841,2154.27       
193,"MO",1856,1842,362.15        
194,"MO",1856,1843,4141.66       
195,"MO",1856,1844,2513.4        
196,"MO",1856,1845,799.93        
197,"MO",1856,1931,38149.34      
198,"MO",1856,2851,255158.34     
199,"MO",1856,2909,-15894.12     
200,"MO",1856,2914,1019.42       
201,"MO",1856,2921,93546.05      
202,"MO",1856,2971,70781.75      
203,"MO",1857,1110,249495.44     
204,"MO",1857,1120,128751.85     
205,"MO",1857,1131,62373.58      
206,"MO",1857,1221,2113.13       
207,"MO",1857,1700,48827         
208,"MO",1857,1830,115.09        
209,"MO",1857,1830,4728.07       
210,"MO",1857,1831,52081.28      
211,"MO",1857,1832,17554.45      
212,"MO",1857,1833,99.92         
213,"MO",1857,1834,1450.64       
214,"MO",1857,1838,974.4         
215,"MO",1857,1839,38.83         
216,"MO",1857,1841,719.17        
217,"MO",1857,1842,308.81        
218,"MO",1857,1843,6150          
219,"MO",1857,1844,672.16        
220,"MO",1857,1845,861.29        
221,"MO",1857,1931,52026.91      
222,"MO",1857,2909,-65781.51     
223,"MO",1857,2911,6210          
224,"MO",1857,2914,1050.76       
225,"MO",1857,2921,96424.39      
226,"MO",1857,2942,2530.83       
227,"MO",1857,2971,83311.2       
228,"MO",1858,1110,443166.26     
229,"MO",1858,1120,28570.97      
230,"MO",1858,1131,77943.67      
231,"MO",1858,1221,987.11        
232,"MO",1858,1700,50835.37      
233,"MO",1858,1830,221.6         
234,"MO",1858,1830,6404.42       
235,"MO",1858,1831,42714.38      
236,"MO",1858,1832,12684.12      
237,"MO",1858,1833,19            
238,"MO",1858,1834,1521.99       
239,"MO",1858,1838,1315.85       
240,"MO",1858,1839,142           
241,"MO",1858,1842,266.97        
242,"MO",1858,1843,4675          
243,"MO",1858,1844,1800          
244,"MO",1858,1845,555.33        
245,"MO",1858,1931,71132.76      
246,"MO",1858,2909,33888.69      
247,"MO",1858,2911,16608.95      
248,"MO",1858,2914,2690.27       
249,"MO",1858,2921,152312.8      
250,"MO",1858,2942,2492.23       
251,"MO",1858,2971,89612.24      
252,"MO",1859,1110,327957.76     
253,"MO",1859,1120,170315.44     
254,"MO",1859,1131,77943.67      
255,"MO",1859,1151,364306.38     
256,"MO",1859,1152,61337.35      
257,"MO",1859,1221,1022.64       
258,"MO",1859,1700,55590         
259,"MO",1859,1830,205.18        
260,"MO",1859,1830,4471.59       
261,"MO",1859,1831,41368.06      
262,"MO",1859,1832,61032.71      
263,"MO",1859,1834,2686.8        
264,"MO",1859,1838,1458.36       
265,"MO",1859,1839,178           
266,"MO",1859,1842,235.49        
267,"MO",1859,1843,4825          
268,"MO",1859,1844,4357.6        
269,"MO",1859,1845,1061          
270,"MO",1859,1931,87872.17      
271,"MO",1859,2351,19227.21      
272,"MO",1859,2351,19277.21      
273,"MO",1859,2621,58342.44      
274,"MO",1859,2909,-128581.14    
275,"MO",1859,2911,47152.58      
276,"MO",1859,2914,1555.8        
277,"MO",1859,2921,58766.8       
278,"MO",1859,2931,382238        
279,"MO",1859,2942,5986.27       
280,"MO",1859,2971,90847.4       
281,"MO",1860,1110,457773.39     
282,"MO",1860,1120,28265.79      
283,"MO",1860,1131,81848.47      
284,"MO",1860,1151,366778.62     
285,"MO",1860,1152,71129.21      
286,"MO",1860,1221,544.81        
287,"MO",1860,1700,60296.41      
288,"MO",1860,1830,323.19        
289,"MO",1860,1830,7643.7        
290,"MO",1860,1831,48331.59      
291,"MO",1860,1832,37440.58      
292,"MO",1860,1834,2138.53       
293,"MO",1860,1838,1167.14       
294,"MO",1860,1839,99.66         
295,"MO",1860,1841,136.5         
296,"MO",1860,1843,7025          
297,"MO",1860,1844,5875          
298,"MO",1860,1845,907           
299,"MO",1860,1931,68347.2       
300,"MO",1860,2621,56001.23      
301,"MO",1860,2909,93899.62      
302,"MO",1860,2911,75400         
303,"MO",1860,2914,1558.8        
304,"MO",1860,2921,62266.05      
305,"MO",1860,2942,8154.11       
306,"MO",1860,2971,88389.07      
307,"MO",1863,1110,241269.13     
308,"MO",1863,1120,229529.73     
309,"MO",1863,1131,73940.68      
310,"MO",1863,1153,272515.71     
311,"MO",1863,1221,4318.85       
312,"MO",1863,1700,316310.22     
313,"MO",1863,1830,10.7          
314,"MO",1863,1830,5398.22       
315,"MO",1863,1831,42870.36      
316,"MO",1863,1832,32817.15      
317,"MO",1863,1834,1115.85       
318,"MO",1863,1835,.68           
319,"MO",1863,1838,14.5          
320,"MO",1863,1842,61            
321,"MO",1863,1843,3822.5        
322,"MO",1863,1844,2189.2        
323,"MO",1863,1845,1141.35       
324,"MO",1863,1931,61503.71      
325,"MO",1863,2909,-33901.82     
326,"MO",1863,2914,933.5         
327,"MO",1863,2921,40318.1       
328,"MO",1863,2942,1431.13       
329,"MO",1863,2971,36747.75      
330,"MO",1864,1110,217695.27     
331,"MO",1864,1120,27914.92      
332,"MO",1864,1131,50839.14      
333,"MO",1864,1153,207949.59     
334,"MO",1864,1221,3469.47       
335,"MO",1864,1411,6150.04       
336,"MO",1864,1411,9840.07       
337,"MO",1864,1411,903487        
338,"MO",1864,1700,248465.25     
339,"MO",1864,1830,20.99         
340,"MO",1864,1830,36889.4       
341,"MO",1864,1831,29918.47      
342,"MO",1864,1832,41509.89      
343,"MO",1864,1834,360           
344,"MO",1864,1835,2483.38       
345,"MO",1864,1838,37            
346,"MO",1864,1842,159.56        
347,"MO",1864,1843,2297.5        
348,"MO",1864,1844,2655.2        
349,"MO",1864,1845,702.93        
350,"MO",1864,1931,44375.18      
351,"MO",1864,2909,343087.52     
352,"MO",1864,2914,466.75        
353,"MO",1864,2921,21559.05      
354,"MO",1864,2942,1966.02       
355,"MO",1865,1110,826664.37     
356,"MO",1865,1153,495896.63     
357,"MO",1865,1221,2156.7        
358,"MO",1865,1700,313113        
359,"MO",1865,2909,7605.5        
360,"MO",1865,2913,21609.05      
361,"MO",1865,2914,466.75        
362,"MO",1865,2915,26670         
363,"MO",1865,2921,2914          
364,"MO",1865,2941,2942          
365,"MO",1865,2991,54674.04      
366,"MO",1866,1101,1279328.73    
367,"MO",1866,1102,601719.05     
368,"MO",1866,1110,2790.53       
369,"MO",1866,1221,1173.83       
370,"MO",1866,1700,404295        
371,"MO",1866,2861,44000         
372,"MO",1866,2862,325000        
373,"MO",1866,2909,451.8999999999
374,"MO",1866,2942,254.66        
375,"MO",1866,2991,143893.67     
376,"MO",1866,2995,1178635.5     
377,"MO",1867,1101,1456850.47    
378,"MO",1867,1102,518075.77     
379,"MO",1867,1102,1729764.05    
380,"MO",1867,1221,2385.2        
381,"MO",1867,1700,75509         
382,"MO",1867,2352,3291596.72    
383,"MO",1867,2909,45654.78      
384,"MO",1867,2913,2640          
385,"MO",1867,2913,44881.91      
386,"MO",1868,1101,407093.94     
387,"MO",1868,1101,1286438.44    
388,"MO",1868,1102,2446.09       
389,"MO",1868,1102,269160.87     
390,"MO",1868,1102,1529528.44    
391,"MO",1868,1221,1515.7        
392,"MO",1868,1412,249.27        
393,"MO",1868,1413,461.1         
394,"MO",1868,1413,6130.94       
395,"MO",1868,1413,628175.11     
396,"MO",1868,1700,82535.5       
397,"MO",1868,2901,5000742.07    
398,"MO",1868,2909,-1507.29      
399,"MO",1868,2909,4873.970000000
400,"MO",1868,2913,8090.54       
401,"MO",1868,2913,8250          
402,"MO",1868,2913,8377          
403,"MO",1868,2913,79381.38      
404,"MO",1868,2913,99055.5       
405,"MO",1868,2921,2300          
406,"MO",1868,2991,5000          
407,"MO",1868,2991,7970.11       
408,"MO",1868,2991,11800.66      
409,"MO",1869,1101,1370531.58    
410,"MO",1869,1102,32438.3       
411,"MO",1869,1102,1289278.06    
412,"MO",1869,1221,1104.56       
413,"MO",1869,1412,4636.81       
414,"MO",1869,2901,18.8          
415,"MO",1869,2901,283.15        
416,"MO",1869,2901,1599.63       
417,"MO",1869,2913,32.36         
418,"MO",1869,2913,11700         
419,"MO",1869,2913,31465.66      
420,"MO",1869,2913,93788.55      
421,"MO",1870,1101,1371561.75    
422,"MO",1870,1102,9363.19       
423,"MO",1870,1102,1258424.61    
424,"MO",1870,1221,1655.86       
425,"MO",1870,1412,375           
426,"MO",1870,2695,7393.76       
427,"MO",1870,2901,4.45          
428,"MO",1870,2901,150           
429,"MO",1870,2901,186.71        
430,"MO",1870,2901,246.88        
431,"MO",1870,2913,3624.78       
432,"MO",1870,2913,9059.53       
433,"MO",1870,2913,73729.69      
434,"MO",1870,2913,96838.5       
435,"MO",1870,2914,1362.92       
436,"MO",1870,2942,13058.35      
437,"MO",1871,1101,1629048.47    
438,"MO",1871,1102,1545573.77    
439,"MO",1871,1221,1904.9        
440,"MO",1871,1413,300000        
441,"MO",1871,2501,15652.38      
442,"MO",1871,2622,120           
443,"MO",1871,2695,11500         
444,"MO",1871,2913,7281.31       
445,"MO",1871,2913,11220.67      
446,"MO",1871,2913,100206        
447,"MO",1872,1101,1341879.84    
448,"MO",1872,1102,1336271.65    
449,"MO",1872,1221,2263.52       
450,"MO",1872,2621,53379.98      
451,"MO",1872,2695,10182.67      
452,"MO",1872,2901,897.35        
453,"MO",1872,2913,11524.44      
454,"MO",1872,2913,17251.97      
455,"MO",1872,2913,100206        
456,"MO",1872,2914,21000         
457,"MO",1872,2942,1265.44       
458,"MO",1873,1101,1162865.11    
459,"MO",1873,1102,1487260.31    
460,"MO",1873,1221,1032.91       
461,"MO",1873,1413,126598.04     
462,"MO",1873,1830,361925.36     
463,"MO",1873,2361,2262.85       
464,"MO",1873,2361,2318.85       
465,"MO",1873,2361,4180          
466,"MO",1873,2362,5584.61       
467,"MO",1873,2695,23172.54      
468,"MO",1873,2901,50            
469,"MO",1873,2901,66            
470,"MO",1873,2901,658.95        
471,"MO",1873,2901,1537.57       
472,"MO",1873,2902,12690.32      
473,"MO",1873,2913,7348.45       
474,"MO",1873,2913,101496        
475,"MO",1873,2914,13110         
476,"MO",1873,2915,10004.25      
477,"MO",1873,2931,81265.9       
478,"MO",1873,2931,131622.15     
479,"MO",1873,2960,24.75         
480,"MO",1873,2960,603.75        
481,"MO",1873,2960,1811.25       
482,"MO",1873,2960,2204.39       
483,"MO",1873,2960,3649.11       
484,"MO",1873,2960,5502.86       
485,"MO",1873,2991,5000          
486,"MO",1873,2991,7292          
487,"MO",1874,1101,1370882.25    
488,"MO",1874,1102,1205708.68    
489,"MO",1874,1221,2011.84       
490,"MO",1874,1413,37289.51      
491,"MO",1874,2211,24.2          
492,"MO",1874,2211,35.5          
493,"MO",1874,2361,205           
494,"MO",1874,2361,1347.53       
495,"MO",1874,2361,1997.5        
496,"MO",1874,2361,2931.16       
497,"MO",1874,2361,3533          
498,"MO",1874,2361,4900          
499,"MO",1874,2361,6491.25       
500,"MO",1874,2362,1667.06       
501,"MO",1874,2695,13508.22      
502,"MO",1874,2901,62.5          
503,"MO",1874,2901,90.75         
504,"MO",1874,2901,220.15        
505,"MO",1874,2901,300.32        
506,"MO",1874,2901,390           
507,"MO",1874,2902,11030.18      
508,"MO",1874,2913,7234.57       
509,"MO",1874,2913,12017.06      
510,"MO",1874,2913,101496        
511,"MO",1874,2914,2220          
512,"MO",1874,2931,45455         
513,"MO",1874,2931,442563.91     
514,"MO",1874,2942,19348.97      
515,"MO",1874,2943,50            
516,"MO",1874,2961,179.45        
517,"MO",1874,2991,5000          
518,"MO",1874,2991,7228          
519,"MO",1875,1101,998079.18     
520,"MO",1875,1102,1375040.9     
521,"MO",1875,1221,2260.33       
522,"MO",1875,1413,164409.07     
523,"MO",1875,1460,14234.83      
524,"MO",1875,2233,1107.7        
525,"MO",1875,2234,68.5          
526,"MO",1875,2235,24.9          
527,"MO",1875,2361,509.05        
528,"MO",1875,2361,541.1         
529,"MO",1875,2361,1613          
530,"MO",1875,2361,2000          
531,"MO",1875,2361,2758          
532,"MO",1875,2362,57.36         
533,"MO",1875,2362,61.5          
534,"MO",1875,2362,164.24        
535,"MO",1875,2621,750           
536,"MO",1875,2695,1000          
537,"MO",1875,2695,8393.17       
538,"MO",1875,2901,3.5           
539,"MO",1875,2901,5             
540,"MO",1875,2901,13.71         
541,"MO",1875,2901,17            
542,"MO",1875,2901,44.4          
543,"MO",1875,2901,49.15         
544,"MO",1875,2901,140           
545,"MO",1875,2901,201.73        
546,"MO",1875,2902,9659.78       
547,"MO",1875,2913,600           
548,"MO",1875,2913,840           
549,"MO",1875,2913,4108.84       
550,"MO",1875,2913,6738.75       
551,"MO",1875,2913,91046         
552,"MO",1875,2931,1913935.6     
553,"MO",1875,2931,3623746.5     
554,"MO",1875,2942,10565.14      
555,"MO",1875,2961,10            
556,"MO",1875,2961,56.12         
557,"MO",1875,2961,723.65        
558,"MO",1875,2991,5000          
559,"MO",1875,2991,7228          
560,"MO",1876,1101,834983.88     
561,"MO",1876,1102,1830760.32    
562,"MO",1876,1221,4839.11       
563,"MO",1876,1401,13570         
564,"MO",1876,1413,142246.96     
565,"MO",1876,2233,9899.1        
566,"MO",1876,2234,111.5         
567,"MO",1876,2362,31            
568,"MO",1876,2695,11530.64      
569,"MO",1876,2901,21.1          
570,"MO",1876,2901,23.5          
571,"MO",1876,2901,46.5          
572,"MO",1876,2901,61.88         
573,"MO",1876,2913,10640.42      
574,"MO",1876,2913,187710        
575,"MO",1876,2931,1000          
576,"MO",1876,2931,2000          
577,"MO",1876,2931,441951.31     
578,"MO",1876,2933,95.08         
579,"MO",1876,2942,31933.08      
580,"MO",1876,2943,50            
581,"MO",1876,2961,31222.9       
582,"MO",1876,2991,5000          
583,"MO",1876,2991,7228          
584,"MO",1877,1101,877013.3      
585,"MO",1877,1102,1075551.6     
586,"MO",1877,1109,95.9          
587,"MO",1877,1109,178           
588,"MO",1877,1109,1510.62       
589,"MO",1877,1221,3930.32       
590,"MO",1877,1401,8755          
591,"MO",1877,1413,61821.72      
592,"MO",1877,1413,76637.87      
593,"MO",1877,1830,251220.18     
594,"MO",1877,2233,1378.55       
595,"MO",1877,2234,60            
596,"MO",1877,2236,328.75        
597,"MO",1877,2695,7412.81       
598,"MO",1877,2695,9908.08       
599,"MO",1877,2901,53            
600,"MO",1877,2901,199.4         
601,"MO",1877,2913,4.6           
602,"MO",1877,2913,16.77         
603,"MO",1877,2913,56.2          
604,"MO",1877,2913,3660          
605,"MO",1877,2913,60060         
606,"MO",1877,2931,4000          
607,"MO",1877,2931,250075        
608,"MO",1877,2931,866051        
609,"MO",1877,2942,14654.82      
610,"MO",1877,2944,48.65         
611,"MO",1877,2991,5000          
612,"MO",1877,2991,6915          
613,"MO",1878,1101,1125515.09    
614,"MO",1878,1102,1238765.35    
615,"MO",1878,1109,98            
616,"MO",1878,1221,2220.22       
617,"MO",1878,1401,12725         
618,"MO",1878,1413,41435.28      
619,"MO",1878,1413,48243.88      
620,"MO",1878,1451,198.95        
621,"MO",1878,1451,297           
622,"MO",1878,1451,396.96        
623,"MO",1878,1460,2             
624,"MO",1878,1461,407.49        
625,"MO",1878,1462,115303.57     
626,"MO",1878,1830,152973.54     
627,"MO",1878,2233,1486.4        
628,"MO",1878,2234,144           
629,"MO",1878,2236,1023.25       
630,"MO",1878,2695,19018.73      
631,"MO",1878,2901,868.43        
632,"MO",1878,2913,7320          
633,"MO",1878,2913,180540        
634,"MO",1878,2916,243.73        
635,"MO",1878,2942,844.1         
636,"MO",1878,2944,248.25        
637,"MO",1878,2991,5000          
638,"MO",1878,2991,6138          
639,"MO",1879,1101,1381736.63    
640,"MO",1879,1102,1178144.42    
641,"MO",1879,1221,2425.98       
642,"MO",1879,1401,10690         
643,"MO",1879,1413,14935.84      
644,"MO",1879,1413,16453.23      
645,"MO",1879,1413,21789.39      
646,"MO",1879,1413,26681.84      
647,"MO",1879,1451,3274.77       
648,"MO",1879,1451,3274.78       
649,"MO",1879,1460,2             
650,"MO",1879,1461,159.55        
651,"MO",1879,1461,159.57        
652,"MO",1879,2212,2029.03       
653,"MO",1879,2233,1100.85       
654,"MO",1879,2234,101           
655,"MO",1879,2236,710           
656,"MO",1879,2237,697           
657,"MO",1879,2663,130           
658,"MO",1879,2695,15281.43      
659,"MO",1879,2901,10            
660,"MO",1879,2901,82.25         
661,"MO",1879,2901,90            
662,"MO",1879,2901,273.72        
663,"MO",1879,2901,971.17        
664,"MO",1879,2901,1326.22       
665,"MO",1879,2913,3660          
666,"MO",1879,2913,120540        
667,"MO",1879,2916,3546.32       
668,"MO",1879,2916,4569          
669,"MO",1879,2931,256875        
670,"MO",1879,2942,526.12        
671,"MO",1879,2942,2930.74       
672,"MO",1879,2944,30            
673,"MO",1879,2961,64145.18      
674,"MO",1879,2991,5000          
675,"MO",1879,2991,6000          
676,"MO",1880,1101,1101585.26    
677,"MO",1880,1102,1157870.98    
678,"MO",1880,1221,4364.09       
679,"MO",1880,1401,20544.25      
680,"MO",1880,1402,8975.68       
681,"MO",1880,1402,10291.65      
682,"MO",1880,1413,2280.44       
683,"MO",1880,1413,2280.52       
684,"MO",1880,1413,7945.16       
685,"MO",1880,1413,8704.62       
686,"MO",1880,1431,8471.28       
687,"MO",1880,1451,2123.06       
688,"MO",1880,1451,2123.07       
689,"MO",1880,1461,60.91         
690,"MO",1880,1461,60.92         
691,"MO",1880,1832,157916.16     
692,"MO",1880,2212,586.56        
693,"MO",1880,2233,3839.05       
694,"MO",1880,2234,48            
695,"MO",1880,2236,843           
696,"MO",1880,2237,1210          
697,"MO",1880,2272,285.55        
698,"MO",1880,2663,5582.03       
699,"MO",1880,2685,15814.97      
700,"MO",1880,2901,546.66        
701,"MO",1880,2901,568.26        
702,"MO",1880,2913,120540        
703,"MO",1880,2916,154.69        
704,"MO",1880,2916,1424.11       
705,"MO",1880,2942,11951.19      
706,"MO",1880,2943,50            
707,"MO",1880,2944,325.4         
708,"MO",1880,2961,150213.79     
709,"MO",1880,2991,6000          
710,"MO",1881,1101,982351.78     
711,"MO",1881,1102,1248592.38    
712,"MO",1881,1221,5455.41       
713,"MO",1881,1401,30135         
714,"MO",1881,1413,21938.23      
715,"MO",1881,1413,21977.89      
716,"MO",1881,1413,90000         
717,"MO",1881,1413,3000000       
718,"MO",1881,1431,14297.19      
719,"MO",1881,1451,3130.11       
720,"MO",1881,1461,107.21        
721,"MO",1881,1461,117.27        
722,"MO",1881,1462,167060.98     
723,"MO",1881,1835,200297.69     
724,"MO",1881,2201,2600          
725,"MO",1881,2212,145.88        
726,"MO",1881,2233,1823.9        
727,"MO",1881,2234,24            
728,"MO",1881,2236,1653.75       
729,"MO",1881,2237,3785          
730,"MO",1881,2363,36.33         
731,"MO",1881,2641,34.91         
732,"MO",1881,2663,1922.67       
733,"MO",1881,2695,8064.35       
734,"MO",1881,2695,9684.04       
735,"MO",1881,2901,77.26         
736,"MO",1881,2901,120           
737,"MO",1881,2901,292.15        
738,"MO",1881,2913,3660          
739,"MO",1881,2913,60270         
740,"MO",1881,2916,723.83        
741,"MO",1881,2916,7054.7        
742,"MO",1881,2916,7061.46       
743,"MO",1881,2934,150000        
744,"MO",1881,2942,4974.05       
745,"MO",1881,2944,629.27        
746,"MO",1881,2961,156438.99     
747,"MO",1881,2991,6000          
748,"MO",1882,1101,897365.09     
749,"MO",1882,1102,1161715.01    
750,"MO",1882,1109,100.47        
751,"MO",1882,1221,759.27        
752,"MO",1882,1221,5509.92       
753,"MO",1882,1401,25640         
754,"MO",1882,1413,69924.71      
755,"MO",1882,1413,70010.19      
756,"MO",1882,1413,90000         
757,"MO",1882,1431,13373.02      
758,"MO",1882,1451,3644.33       
759,"MO",1882,1461,743.59        
760,"MO",1882,1461,743.72        
761,"MO",1882,1462,179774.88     
762,"MO",1882,1832,1917.27       
763,"MO",1882,1832,186669.75     
764,"MO",1882,1835,186739.96     
765,"MO",1882,2201,150           
766,"MO",1882,2233,4512.1        
767,"MO",1882,2234,27            
768,"MO",1882,2236,674.5         
769,"MO",1882,2237,4010          
770,"MO",1882,2352,222677.4      
771,"MO",1882,2641,1096          
772,"MO",1882,2663,1169.47       
773,"MO",1882,2695,15600         
774,"MO",1882,2901,30.15         
775,"MO",1882,2916,10279.78      
776,"MO",1882,2916,10349.08      
777,"MO",1882,2942,15501.62      
778,"MO",1882,2944,464.9         
779,"MO",1882,2961,101470.6      
780,"MO",1882,2991,6000          
781,"MO",1883,1101,906513.85     
782,"MO",1883,1102,1165113.83    
783,"MO",1883,1401,31680         
784,"MO",1883,1413,52873.74      
785,"MO",1883,1413,52911.89      
786,"MO",1883,1431,17315.14      
787,"MO",1883,1451,1570.45       
788,"MO",1883,1461,293.45        
789,"MO",1883,1461,293.55        
790,"MO",1883,1462,195220.99     
791,"MO",1883,1832,196596.13     
792,"MO",1883,1835,195744.86     
793,"MO",1883,2201,125           
794,"MO",1883,2212,201.2         
795,"MO",1883,2233,1925.14       
796,"MO",1883,2234,42            
797,"MO",1883,2236,1754.75       
798,"MO",1883,2237,3975          
799,"MO",1883,2641,132.85        
800,"MO",1883,2663,1281.6        
801,"MO",1883,2685,15000         
802,"MO",1883,2901,1             
803,"MO",1883,2901,13            
804,"MO",1883,2901,15.75         
805,"MO",1883,2901,20            
806,"MO",1883,2901,40.85         
807,"MO",1883,2901,68.68         
808,"MO",1883,2901,347000        
809,"MO",1883,2909,4809.840000000
810,"MO",1883,2916,3468.47       
811,"MO",1883,2916,3514.81       
812,"MO",1883,2942,5256.01       
813,"MO",1883,2944,277           
814,"MO",1883,2961,132756.88     
815,"MO",1883,2991,6000          
816,"MO",1884,1101,885061.75     
817,"MO",1884,1102,1283420.58    
818,"MO",1884,1401,29350         
819,"MO",1884,1413,58590.38      
820,"MO",1884,1413,58590.81      
821,"MO",1884,1431,24912.35      
822,"MO",1884,1451,3134.1        
823,"MO",1884,1461,863.9         
824,"MO",1884,1461,864.07        
825,"MO",1884,1462,206149.99     
826,"MO",1884,1832,111555.07     
827,"MO",1884,1835,204994.17     
828,"MO",1884,2201,200           
829,"MO",1884,2233,3515.2        
830,"MO",1884,2234,60            
831,"MO",1884,2236,327           
832,"MO",1884,2237,2140          
833,"MO",1884,2663,766.88        
834,"MO",1884,2695,14500         
835,"MO",1884,2901,3.75          
836,"MO",1884,2901,9.85          
837,"MO",1884,2901,148           
838,"MO",1884,2901,169.7         
839,"MO",1884,2901,1000          
840,"MO",1884,2901,40000         
841,"MO",1884,2909,23777.63      
842,"MO",1884,2916,5019.84       
843,"MO",1884,2916,5188.95       
844,"MO",1884,2942,8849.32       
845,"MO",1884,2944,385           
846,"MO",1884,2961,155873.13     
847,"MO",1885,1101,1695181.8     
848,"MO",1885,1102,1189607.57    
849,"MO",1885,1221,9369.75       
850,"MO",1885,1401,34860         
851,"MO",1885,1413,63722.94      
852,"MO",1885,1413,63724.17      
853,"MO",1885,1431,18937.62      
854,"MO",1885,1451,4221.73       
855,"MO",1885,1461,777.22        
856,"MO",1885,1461,777.24        
857,"MO",1885,2201,2125          
858,"MO",1885,2233,1839.05       
859,"MO",1885,2234,85            
860,"MO",1885,2236,639           
861,"MO",1885,2237,4040          
862,"MO",1885,2641,118           
863,"MO",1885,2663,771.15        
864,"MO",1885,2695,302.91        
865,"MO",1885,2695,23339.71      
866,"MO",1885,2901,1             
867,"MO",1885,2901,252.12        
868,"MO",1885,2901,5000          
869,"MO",1885,2916,1874.16       
870,"MO",1885,2916,6330.06       
871,"MO",1885,2942,17855.43      
872,"MO",1885,2943,1709.81       
873,"MO",1885,2944,264.25        
874,"MO",1885,2961,172271.21     
875,"MO",1886,1101,1369954.94    
876,"MO",1886,1102,1514387.4     
877,"MO",1886,1221,4551.94       
878,"MO",1886,1401,43345         
879,"MO",1886,1413,34591.3       
880,"MO",1886,1413,34591.41      
881,"MO",1886,1431,22619.14      
882,"MO",1886,1451,3922.5        
883,"MO",1886,1451,3922.6        
884,"MO",1886,1461,666.9         
885,"MO",1886,1461,675.54        
886,"MO",1886,1832,151477.74     
887,"MO",1886,2201,268.65        
888,"MO",1886,2233,4226.25       
889,"MO",1886,2234,177.5         
890,"MO",1886,2236,240.25        
891,"MO",1886,2237,4130          
892,"MO",1886,2641,8             
893,"MO",1886,2663,802           
894,"MO",1886,2695,15000         
895,"MO",1886,2901,10            
896,"MO",1886,2901,13.5          
897,"MO",1886,2901,5000          
898,"MO",1886,2916,6684.42       
899,"MO",1886,2942,12432.05      
900,"MO",1886,2943,6638.36       
901,"MO",1886,2944,568.9         
902,"MO",1886,2961,184656.07     
903,"MO",1887,1101,1979565.33    
904,"MO",1887,1102,1288860.92    
905,"MO",1887,1221,3319.25       
906,"MO",1887,1401,90130         
907,"MO",1887,1431,26788.24      
908,"MO",1887,2201,150           
909,"MO",1887,2233,5             
910,"MO",1887,2233,2180.4        
911,"MO",1887,2234,150.5         
912,"MO",1887,2236,713.5         
913,"MO",1887,2237,4900          
914,"MO",1887,2663,1236.8        
915,"MO",1887,2695,66.94         
916,"MO",1887,2695,20000         
917,"MO",1887,2901,1.5           
918,"MO",1887,2901,12.1          
919,"MO",1887,2901,149.94        
920,"MO",1887,2901,300           
921,"MO",1887,2901,429.57        
922,"MO",1887,2901,5000          
923,"MO",1887,2901,172842.37     
924,"MO",1887,2916,1156.2        
925,"MO",1887,2916,7015.41       
926,"MO",1887,2942,9414.31       
927,"MO",1887,2943,1122.58       
928,"MO",1887,2943,1250          
929,"MO",1887,2944,1195.09       
930,"MO",1887,2961,148499.77     
931,"MO",1888,1101,1571051.07    
932,"MO",1888,1102,1386847.74    
933,"MO",1888,1221,5797.86       
934,"MO",1888,1401,63250         
935,"MO",1888,1431,22426.83      
936,"MO",1888,1832,155382.96     
937,"MO",1888,2201,300           
938,"MO",1888,2233,4174.1        
939,"MO",1888,2234,128           
940,"MO",1888,2236,780           
941,"MO",1888,2237,3755          
942,"MO",1888,2641,8.5           
943,"MO",1888,2663,596.25        
944,"MO",1888,2695,20000         
945,"MO",1888,2901,51            
946,"MO",1888,2901,200.79        
947,"MO",1888,2901,1235.6        
948,"MO",1888,2901,11000         
949,"MO",1888,2916,8002.33       
950,"MO",1888,2942,9268.11       
951,"MO",1888,2944,285.1         
952,"MO",1888,2961,198669.95     
953,"MO",1889,1101,1709733.79    
954,"MO",1889,1102,1339078.88    
955,"MO",1889,1221,7740.75       
956,"MO",1889,1401,86805         
957,"MO",1889,1431,30711.62      
958,"MO",1889,1832,130962.78     
959,"MO",1889,1835,12275.09      
960,"MO",1889,1838,5199.53       
961,"MO",1889,1845,9250.74       
962,"MO",1889,2201,1650          
963,"MO",1889,2212,.32           
964,"MO",1889,2233,3336.4        
965,"MO",1889,2234,132           
966,"MO",1889,2236,938.5         
967,"MO",1889,2237,5625          
968,"MO",1889,2663,850.5         
969,"MO",1889,2695,29877.76      
970,"MO",1889,2901,54            
971,"MO",1889,2901,285           
972,"MO",1889,2901,445.5         
973,"MO",1889,2901,6658.91       
974,"MO",1889,2913,185790        
975,"MO",1889,2916,4335.75       
976,"MO",1889,2943,2184.98       
977,"MO",1889,2943,5000          
978,"MO",1889,2944,352.1         
979,"MO",1889,2961,178577.02     
980,"MO",1890,1101,2021707.91    
981,"MO",1890,1102,743676.42     
982,"MO",1890,1221,9342.09       
983,"MO",1890,1401,105065        
984,"MO",1890,1431,83197.54      
985,"MO",1890,1452,5433.84       
986,"MO",1890,1832,142163.31     
987,"MO",1890,1835,14067.21      
988,"MO",1890,1838,4552.72       
989,"MO",1890,1845,8763.1        
990,"MO",1890,2211,195.79        
991,"MO",1890,2233,6522.6        
992,"MO",1890,2236,813.5         
993,"MO",1890,2237,5695          
994,"MO",1890,2663,4778.9        
995,"MO",1890,2695,27624.05      
996,"MO",1890,2901,38.21         
997,"MO",1890,2901,58.61         
998,"MO",1890,2901,1638.69       
999,"MO",1890,2916,14371.81      
1000,"MO",1890,2943,219.96       
1001,"MO",1890,2944,314.85       
1002,"MO",1890,2961,193272.88    
1003,"MO",1891,1001,714791.53    
1004,"MO",1891,1001,1918339.81   
1005,"MO",1891,1221,10225.1      
1006,"MO",1891,1401,123810       
1007,"MO",1891,1431,82579.29     
1008,"MO",1891,1452,5830.49      
1009,"MO",1891,1830,14980.78     
1010,"MO",1891,1832,151980.82    
1011,"MO",1891,1838,3472.71      
1012,"MO",1891,1845,7506.79      
1013,"MO",1891,2211,472.5        
1014,"MO",1891,2233,4527.24      
1015,"MO",1891,2236,416.5        
1016,"MO",1891,2237,5965         
1017,"MO",1891,2356,646958.23    
1018,"MO",1891,2461,2.13         
1019,"MO",1891,2614,489.9        
1020,"MO",1891,2663,3306.85      
1021,"MO",1891,2695,28858.95     
1022,"MO",1891,2901,9.41         
1023,"MO",1891,2901,72           
1024,"MO",1891,2901,106.66       
1025,"MO",1891,2901,1596.25      
1026,"MO",1891,2901,6553.84      
1027,"MO",1891,2916,15727.74     
1028,"MO",1891,2943,763.42       
1029,"MO",1891,2943,5000         
1030,"MO",1891,2944,301          
1031,"MO",1891,2961,194547.17    
1032,"MO",1892,1001,728540.24    
1033,"MO",1892,1001,1834837.72   
1034,"MO",1892,1221,4279.86      
1035,"MO",1892,1401,87645        
1036,"MO",1892,1431,94599.11     
1037,"MO",1892,1452,5665.73      
1038,"MO",1892,1830,16157.68     
1039,"MO",1892,1832,164182.84    
1040,"MO",1892,1838,4110.23      
1041,"MO",1892,1845,8308.32      
1042,"MO",1892,2211,924.45       
1043,"MO",1892,2212,11.22        
1044,"MO",1892,2233,6138         
1045,"MO",1892,2236,828.25       
1046,"MO",1892,2237,5250         
1047,"MO",1892,2614,685.77       
1048,"MO",1892,2614,1248.9       
1049,"MO",1892,2615,50000        
1050,"MO",1892,2663,1530.3       
1051,"MO",1892,2695,27312.45     
1052,"MO",1892,2901,184.16       
1053,"MO",1892,2901,822.6        
1054,"MO",1892,2905,146577       
1055,"MO",1892,2916,13864.13     
1056,"MO",1892,2943,375.51       
1057,"MO",1892,2944,285.4        
1058,"MO",1892,2961,192902.76    
1059,"MO",1893,1001,750294.69    
1060,"MO",1893,1001,1804072.96   
1061,"MO",1893,1221,3989.98      
1062,"MO",1893,1401,84400        
1063,"MO",1893,1431,105489.81    
1064,"MO",1893,1452,8547.13      
1065,"MO",1893,1830,13468.34     
1066,"MO",1893,1832,150354.3     
1067,"MO",1893,1838,3654.99      
1068,"MO",1893,1845,7053.13      
1069,"MO",1893,2211,144.85       
1070,"MO",1893,2212,11.54        
1071,"MO",1893,2233,4149.3       
1072,"MO",1893,2236,442          
1073,"MO",1893,2237,6470         
1074,"MO",1893,2431,1811.07      
1075,"MO",1893,2614,1275.63      
1076,"MO",1893,2621,48257.95     
1077,"MO",1893,2621,59010.49     
1078,"MO",1893,2621,64497.95     
1079,"MO",1893,2623,209.6        
1080,"MO",1893,2624,6648.18      
1081,"MO",1893,2663,1107.5       
1082,"MO",1893,2695,29306.58     
1083,"MO",1893,2901,1            
1084,"MO",1893,2901,4            
1085,"MO",1893,2901,24.85        
1086,"MO",1893,2901,60.87        
1087,"MO",1893,2901,252.53       
1088,"MO",1893,2916,13083.73     
1089,"MO",1893,2943,903.37       
1090,"MO",1893,2943,7000         
1091,"MO",1893,2961,190287.26    
1092,"MO",1893,2962,14896.64     
1093,"MO",1893,2963,1751.76      
1094,"MO",1894,1001,1031043.19   
1095,"MO",1894,1001,1459020.8    
1096,"MO",1894,1221,5688.7       
1097,"MO",1894,1401,54100        
1098,"MO",1894,1431,121700.02    
1099,"MO",1894,1452,7258.36      
1100,"MO",1894,1830,11497.18     
1101,"MO",1894,1832,301251.73    
1102,"MO",1894,1838,4636.53      
1103,"MO",1894,1845,7608         
1104,"MO",1894,2211,378.3        
1105,"MO",1894,2212,55.12        
1106,"MO",1894,2233,6291.65      
1107,"MO",1894,2236,689.5        
1108,"MO",1894,2237,6280         
1109,"MO",1894,2431,2455.42      
1110,"MO",1894,2614,1069.75      
1111,"MO",1894,2621,61842.42     
1112,"MO",1894,2621,81573.07     
1113,"MO",1894,2621,97310.21     
1114,"MO",1894,2623,371.6        
1115,"MO",1894,2624,6493.33      
1116,"MO",1894,2663,1255.95      
1117,"MO",1894,2695,27457.81     
1118,"MO",1894,2901,.5           
1119,"MO",1894,2901,75.85        
1120,"MO",1894,2901,77.01        
1121,"MO",1894,2901,12395.88     
1122,"MO",1894,2916,11974.89     
1123,"MO",1894,2943,825.03       
1124,"MO",1894,2961,207283.19    
1125,"MO",1894,2962,21402.74     
1126,"MO",1894,2963,4048.43      
1127,"MO",1895,1001,387290.35    
1128,"MO",1895,1001,2249029.27   
1129,"MO",1895,1004,928.55       
1130,"MO",1895,1004,1396.98      
1131,"MO",1895,1221,3918.36      
1132,"MO",1895,1401,57820        
1133,"MO",1895,1431,107608.84    
1134,"MO",1895,1431,107788.97    
1135,"MO",1895,1452,7920.32      
1136,"MO",1895,1830,11331.17     
1137,"MO",1895,1832,347218.31    
1138,"MO",1895,2211,207.8        
1139,"MO",1895,2212,126.37       
1140,"MO",1895,2233,4336.3       
1141,"MO",1895,2236,1204.5       
1142,"MO",1895,2237,7065         
1143,"MO",1895,2431,340.41       
1144,"MO",1895,2614,998.79       
1145,"MO",1895,2621,70734.14     
1146,"MO",1895,2621,86633.93     
1147,"MO",1895,2621,97460.18     
1148,"MO",1895,2623,232.7        
1149,"MO",1895,2624,6722.65      
1150,"MO",1895,2663,1120.65      
1151,"MO",1895,2695,28936.69     
1152,"MO",1895,2901,376.11       
1153,"MO",1895,2901,609.5        
1154,"MO",1895,2916,9875.74      
1155,"MO",1895,2943,401.24       
1156,"MO",1895,2943,5000         
1157,"MO",1895,2961,173767.3     
1158,"MO",1895,2962,16172.98     
1159,"MO",1895,2963,4741.5       
1160,"MO",1895,2991,3635         
1161,"MO",1895,2992,3026.89      
1162,"MO",1896,1001,636324.58    
1163,"MO",1896,1001,1656935.47   
1164,"MO",1896,1004,1878.3       
1165,"MO",1896,1221,3893.38      
1166,"MO",1896,1401,76510        
1167,"MO",1896,1431,109292.78    
1168,"MO",1896,1431,109293.55    
1169,"MO",1896,1452,7681.15      
1170,"MO",1896,1453,8958         
1171,"MO",1896,1830,10162.43     
1172,"MO",1896,1832,325512.28    
1173,"MO",1896,2211,451.3        
1174,"MO",1896,2212,24.57        
1175,"MO",1896,2233,5610.15      
1176,"MO",1896,2236,605.25       
1177,"MO",1896,2237,5270         
1178,"MO",1896,2614,986.54       
1179,"MO",1896,2621,83223.58     
1180,"MO",1896,2621,92474.64     
1181,"MO",1896,2621,110665.29    
1182,"MO",1896,2623,462.85       
1183,"MO",1896,2624,5823.51      
1184,"MO",1896,2663,1087.02      
1185,"MO",1896,2695,28636.6      
1186,"MO",1896,2901,19.2         
1187,"MO",1896,2901,61.05        
1188,"MO",1896,2916,11966.1      
1189,"MO",1896,2943,464.17       
1190,"MO",1896,2961,204193.88    
1191,"MO",1896,2962,38400.66     
1192,"MO",1896,2963,6547.44      
1193,"MO",1896,2991,6156         
1194,"MO",1896,2992,5457.28      
1195,"MO",1897,1001,635174.35    
1196,"MO",1897,1001,2273927.62   
1197,"MO",1897,1004,3043.26      
1198,"MO",1897,1221,7560.64      
1199,"MO",1897,1401,58061        
1200,"MO",1897,1431,109659.76    
1201,"MO",1897,1431,109760.05    
1202,"MO",1897,1452,7032.62      
1203,"MO",1897,1453,8678         
1204,"MO",1897,1830,9706.08      
1205,"MO",1897,1832,324924.1     
1206,"MO",1897,2202,3062         
1207,"MO",1897,2211,214.95       
1208,"MO",1897,2212,16.47        
1209,"MO",1897,2233,4304.45      
1210,"MO",1897,2236,946          
1211,"MO",1897,2237,7600         
1212,"MO",1897,2431,33.68        
1213,"MO",1897,2614,1046.27      
1214,"MO",1897,2621,83231.83     
1215,"MO",1897,2621,88384.08     
1216,"MO",1897,2621,119865.39    
1217,"MO",1897,2623,244.41       
1218,"MO",1897,2624,6113.13      
1219,"MO",1897,2663,946.64       
1220,"MO",1897,2695,30572.6      
1221,"MO",1897,2901,2.85         
1222,"MO",1897,2901,18.45        
1223,"MO",1897,2901,42.75        
1224,"MO",1897,2901,554.04       
1225,"MO",1897,2901,707.39       
1226,"MO",1897,2916,17098.85     
1227,"MO",1897,2943,50           
1228,"MO",1897,2943,597.94       
1229,"MO",1897,2961,188459.52    
1230,"MO",1897,2962,40936.82     
1231,"MO",1897,2963,4794.79      
1232,"MO",1897,2991,12127.6      
1233,"MO",1897,2992,6990.07      
1234,"MO",1898,1001,1146971.57   
1235,"MO",1898,1001,1543897.15   
1236,"MO",1898,1004,2272.39      
1237,"MO",1898,1221,4817.43      
1238,"MO",1898,1401,60235        
1239,"MO",1898,1431,116776.46    
1240,"MO",1898,1431,116776.63    
1241,"MO",1898,1452,7465.42      
1242,"MO",1898,1453,9254         
1243,"MO",1898,1830,9193.9       
1244,"MO",1898,1832,336480.32    
1245,"MO",1898,2202,2718         
1246,"MO",1898,2211,518.65       
1247,"MO",1898,2212,23.27        
1248,"MO",1898,2233,6510.6       
1249,"MO",1898,2236,810          
1250,"MO",1898,2237,7305         
1251,"MO",1898,2430,1.3          
1252,"MO",1898,2431,821.62       
1253,"MO",1898,2432,17333.33     
1254,"MO",1898,2614,771.38       
1255,"MO",1898,2621,85235.56     
1256,"MO",1898,2621,103010       
1257,"MO",1898,2621,133047.07    
1258,"MO",1898,2623,488.5        
1259,"MO",1898,2624,6427.97      
1260,"MO",1898,2625,2830.92      
1261,"MO",1898,2663,465.3        
1262,"MO",1898,2695,38810.7      
1263,"MO",1898,2901,18.66        
1264,"MO",1898,2901,31           
1265,"MO",1898,2901,55.5         
1266,"MO",1898,2916,17683.34     
1267,"MO",1898,2943,228.22       
1268,"MO",1898,2961,273166.19    
1269,"MO",1898,2962,53993.26     
1270,"MO",1898,2963,7111.07      
1271,"MO",1898,2991,12434.5      
1272,"MO",1898,2992,7925.43      
1273,"MO",1899,1001,1182696.86   
1274,"MO",1899,1001,1524756.76   
1275,"MO",1899,1221,687.16       
1276,"MO",1899,1221,2609.29      
1277,"MO",1899,1401,155190       
1278,"MO",1899,1431,122069.62    
1279,"MO",1899,1431,122070.7     
1280,"MO",1899,1452,7427.53      
1281,"MO",1899,1453,834          
1282,"MO",1899,1830,10148.92     
1283,"MO",1899,1832,363424.59    
1284,"MO",1899,1933,659.82       
1285,"MO",1899,2202,425          
1286,"MO",1899,2202,2446         
1287,"MO",1899,2211,394.55       
1288,"MO",1899,2211,88000        
1289,"MO",1899,2212,20.97        
1290,"MO",1899,2233,5333.2       
1291,"MO",1899,2236,829.5        
1292,"MO",1899,2237,7795         
1293,"MO",1899,2272,202.59       
1294,"MO",1899,2412,566.9        
1295,"MO",1899,2431,186.2        
1296,"MO",1899,2614,911.59       
1297,"MO",1899,2621,103937.08    
1298,"MO",1899,2621,129703.64    
1299,"MO",1899,2621,140799.74    
1300,"MO",1899,2623,1640.28      
1301,"MO",1899,2624,6526.35      
1302,"MO",1899,2625,5221.82      
1303,"MO",1899,2641,102.16       
1304,"MO",1899,2663,466.25       
1305,"MO",1899,2695,43885.65     
1306,"MO",1899,2901,263.26       
1307,"MO",1899,2901,642.55       
1308,"MO",1899,2916,23361.45     
1309,"MO",1899,2943,50           
1310,"MO",1899,2943,225          
1311,"MO",1899,2961,242560.38    
1312,"MO",1899,2962,46753.3      
1313,"MO",1899,2963,5988.05      
1314,"MO",1899,2991,12270.5      
1315,"MO",1899,2992,6165.33      
1316,"MO",1900,1001,1439995.13   
1317,"MO",1900,1001,1487490.25   
1318,"MO",1900,1221,2965.66      
1319,"MO",1900,1221,3989.45      
1320,"MO",1900,1401,117950       
1321,"MO",1900,1431,136188.95    
1322,"MO",1900,1431,136189.04    
1323,"MO",1900,1452,7996.28      
1324,"MO",1900,1830,11121.25     
1325,"MO",1900,1832,380797.25    
1326,"MO",1900,1933,164.1        
1327,"MO",1900,2202,9811         
1328,"MO",1900,2211,406.5        
1329,"MO",1900,2211,5000         
1330,"MO",1900,2212,23.07        
1331,"MO",1900,2233,7105.05      
1332,"MO",1900,2236,829.25       
1333,"MO",1900,2237,6350         
1334,"MO",1900,2238,22902.4      
1335,"MO",1900,2272,3178.16      
1336,"MO",1900,2354,2325.45      
1337,"MO",1900,2412,1300.6       
1338,"MO",1900,2431,29           
1339,"MO",1900,2614,1033.62      
1340,"MO",1900,2621,105926.43    
1341,"MO",1900,2621,115549.01    
1342,"MO",1900,2621,149656.21    
1343,"MO",1900,2623,319.38       
1344,"MO",1900,2624,5541.46      
1345,"MO",1900,2625,7063.88      
1346,"MO",1900,2663,4902.23      
1347,"MO",1900,2695,182.32       
1348,"MO",1900,2695,40805.27     
1349,"MO",1900,2901,2            
1350,"MO",1900,2901,510.91       
1351,"MO",1900,2901,3215.1       
1352,"MO",1900,2901,21345.35     
1353,"MO",1900,2916,19096.9      
1354,"MO",1900,2943,593.7        
1355,"MO",1900,2945,339.3        
1356,"MO",1900,2945,375          
1357,"MO",1900,2961,281261.05    
1358,"MO",1900,2962,53558.79     
1359,"MO",1900,2963,5064.3       
1360,"MO",1900,2991,13127.4      
1361,"MO",1900,2992,4788.98      
1362,"MO",1901,1001,1080856.96   
1363,"MO",1901,1001,1234815.79   
1364,"MO",1901,1221,6205.86      
1365,"MO",1901,1221,213285.49    
1366,"MO",1901,1401,152775       
1367,"MO",1901,1431,147473.38    
1368,"MO",1901,1431,147474.26    
1369,"MO",1901,1452,8738.52      
1370,"MO",1901,1811,19190.55     
1371,"MO",1901,1830,11230.78     
1372,"MO",1901,1830,390082.09    
1373,"MO",1901,1832,364729.09    
1374,"MO",1901,1933,201341.83    
1375,"MO",1901,1933,260301.18    
1376,"MO",1901,2002,7780         
1377,"MO",1901,2211,295.4        
1378,"MO",1901,2212,20.87        
1379,"MO",1901,2233,6403.85      
1380,"MO",1901,2236,815.25       
1381,"MO",1901,2237,7865         
1382,"MO",1901,2238,12310.2      
1383,"MO",1901,2238,13451.4      
1384,"MO",1901,2239,448          
1385,"MO",1901,2272,100.52       
1386,"MO",1901,2281,3909         
1387,"MO",1901,2412,594.2        
1388,"MO",1901,2431,170.96       
1389,"MO",1901,2614,33           
1390,"MO",1901,2621,418985.34    
1391,"MO",1901,2623,62.4         
1392,"MO",1901,2624,6661.94      
1393,"MO",1901,2625,6216.15      
1394,"MO",1901,2626,200.79       
1395,"MO",1901,2641,47.62        
1396,"MO",1901,2663,2632.51      
1397,"MO",1901,2695,40989.62     
1398,"MO",1901,2901,2            
1399,"MO",1901,2901,48           
1400,"MO",1901,2901,693.15       
1401,"MO",1901,2901,1063.4       
1402,"MO",1901,2901,7733.3       
1403,"MO",1901,2916,33393.69     
1404,"MO",1901,2943,100          
1405,"MO",1901,2943,4819.82      
1406,"MO",1901,2945,50           
1407,"MO",1901,2961,236117.76    
1408,"MO",1901,2962,49452.21     
1409,"MO",1901,2963,8348.95      
1410,"MO",1901,2991,13135.85     
1411,"MO",1901,2992,3961.74      
1412,"MO",1902,1001,1216851.47   
1413,"MO",1902,1001,1373029.23   
1414,"MO",1902,1221,6075.91      
1415,"MO",1902,1221,229853.63    
1416,"MO",1902,1401,181700       
1417,"MO",1902,1431,22.02        
1418,"MO",1902,1431,164802.57    
1419,"MO",1902,1431,164802.69    
1420,"MO",1902,1452,8943.39      
1421,"MO",1902,1811,1552.41      
1422,"MO",1902,1830,12151.42     
1423,"MO",1902,1830,417617.1     
1424,"MO",1902,1832,378499.37    
1425,"MO",1902,1933,308970.77    
1426,"MO",1902,2002,21820        
1427,"MO",1902,2211,478.7        
1428,"MO",1902,2212,42.72        
1429,"MO",1902,2233,9377.79      
1430,"MO",1902,2236,477          
1431,"MO",1902,2237,8625         
1432,"MO",1902,2238,25516.6      
1433,"MO",1902,2239,3868         
1434,"MO",1902,2272,508.74       
1435,"MO",1902,2281,8612         
1436,"MO",1902,2412,1112.85      
1437,"MO",1902,2431,2503.38      
1438,"MO",1902,2614,38.4         
1439,"MO",1902,2621,416961.03    
1440,"MO",1902,2623,74.95        
1441,"MO",1902,2624,7203.43      
1442,"MO",1902,2625,9822.77      
1443,"MO",1902,2626,1702.31      
1444,"MO",1902,2663,1196         
1445,"MO",1902,2695,42037.02     
1446,"MO",1902,2901,102.6        
1447,"MO",1902,2901,744.48       
1448,"MO",1902,2901,2889.82      
1449,"MO",1902,2901,8937         
1450,"MO",1902,2916,42768.61     
1451,"MO",1902,2943,50           
1452,"MO",1902,2943,942.93       
1453,"MO",1902,2961,263933.5     
1454,"MO",1902,2962,53898.11     
1455,"MO",1902,2963,8073.14      
1456,"MO",1902,2991,13888.52     
1457,"MO",1902,2992,3365.79      
1458,"MO",1903,1001,551999.67    
1459,"MO",1903,1001,2315509.83   
1460,"MO",1903,1221,4184.78      
1461,"MO",1903,1221,142564.03    
1462,"MO",1903,1401,167945       
1463,"MO",1903,1431,186706.02    
1464,"MO",1903,1431,186706.03    
1465,"MO",1903,1452,9387.33      
1466,"MO",1903,1830,12074.89     
1467,"MO",1903,1832,383265.86    
1468,"MO",1903,1933,365602.79    
1469,"MO",1903,1934,1981.75      
1470,"MO",1903,2002,20370        
1471,"MO",1903,2211,759.4        
1472,"MO",1903,2211,25001        
1473,"MO",1903,2212,124.4        
1474,"MO",1903,2233,7247.2       
1475,"MO",1903,2236,836          
1476,"MO",1903,2237,9255         
1477,"MO",1903,2238,26715.8      
1478,"MO",1903,2239,570          
1479,"MO",1903,2239,6475         
1480,"MO",1903,2281,7541         
1481,"MO",1903,2412,1498.1       
1482,"MO",1903,2431,313.92       
1483,"MO",1903,2571,10000        
1484,"MO",1903,2621,16322.05     
1485,"MO",1903,2621,130068.63    
1486,"MO",1903,2621,146066.7     
1487,"MO",1903,2621,169440.49    
1488,"MO",1903,2623,143          
1489,"MO",1903,2624,7108.52      
1490,"MO",1903,2625,9254.98      
1491,"MO",1903,2626,2001.35      
1492,"MO",1903,2663,1807.25      
1493,"MO",1903,2695,44728.54     
1494,"MO",1903,2901,17.25        
1495,"MO",1903,2901,111.25       
1496,"MO",1903,2901,3512.3       
1497,"MO",1903,2916,50594.72     
1498,"MO",1903,2943,969.65       
1499,"MO",1903,2944,764.35       
1500,"MO",1903,2961,231092.02    
1501,"MO",1903,2962,46709.58     
1502,"MO",1903,2963,7609.5       
1503,"MO",1903,2991,15404.95     
1504,"MO",1903,2992,3168.41      
1505,"MO",1904,1001,424004.69    
1506,"MO",1904,1001,2096415.32   
1507,"MO",1904,1221,3969.82      
1508,"MO",1904,1221,122030.2     
1509,"MO",1904,1401,147035       
1510,"MO",1904,1431,205534.66    
1511,"MO",1904,1431,205534.86    
1512,"MO",1904,1452,11233.71     
1513,"MO",1904,1830,13979.28     
1514,"MO",1904,1832,437414.37    
1515,"MO",1904,1933,419639.13    
1516,"MO",1904,2002,33230        
1517,"MO",1904,2211,1056.3       
1518,"MO",1904,2212,58.22        
1519,"MO",1904,2233,8878.06      
1520,"MO",1904,2236,1261         
1521,"MO",1904,2237,7820         
1522,"MO",1904,2238,28675.8      
1523,"MO",1904,2239,2140         
1524,"MO",1904,2239,8211         
1525,"MO",1904,2272,180.62       
1526,"MO",1904,2281,6525         
1527,"MO",1904,2282,6006.05      
1528,"MO",1904,2282,11875.6      
1529,"MO",1904,2282,13577.85     
1530,"MO",1904,2412,1573         
1531,"MO",1904,2431,1567.46      
1532,"MO",1904,2621,37221.26     
1533,"MO",1904,2621,127391.86    
1534,"MO",1904,2621,127868.01    
1535,"MO",1904,2621,171665.8     
1536,"MO",1904,2623,68.15        
1537,"MO",1904,2624,9375.65      
1538,"MO",1904,2625,16439.22     
1539,"MO",1904,2626,3602.45      
1540,"MO",1904,2663,985.75       
1541,"MO",1904,2695,51460.39     
1542,"MO",1904,2901,1260.05      
1543,"MO",1904,2901,1390.58      
1544,"MO",1904,2901,4558.94      
1545,"MO",1904,2901,4905.78      
1546,"MO",1904,2907,25000        
1547,"MO",1904,2916,52367.86     
1548,"MO",1904,2942,1713.24      
1549,"MO",1904,2943,50           
1550,"MO",1904,2943,2659.32      
1551,"MO",1904,2944,588.68       
1552,"MO",1904,2961,271450.94    
1553,"MO",1904,2962,54975.58     
1554,"MO",1904,2963,9210.4       
1555,"MO",1904,2991,13811.8      
1556,"MO",1904,2992,3081.76      
1557,"MO",1905,1001,251949.2     
1558,"MO",1905,1001,2117065.49   
1559,"MO",1905,1221,2482.19      
1560,"MO",1905,1221,305550.61    
1561,"MO",1905,1401,134765       
1562,"MO",1905,1431,232854.39    
1563,"MO",1905,1431,232854.48    
1564,"MO",1905,1452,11605.68     
1565,"MO",1905,1830,2073.71      
1566,"MO",1905,1832,455667.14    
1567,"MO",1905,1846,48609.4      
1568,"MO",1905,1933,375072.37    
1569,"MO",1905,2002,13385        
1570,"MO",1905,2211,374.3        
1571,"MO",1905,2212,152.75       
1572,"MO",1905,2220,10           
1573,"MO",1905,2233,7853.45      
1574,"MO",1905,2236,1079         
1575,"MO",1905,2237,9880         
1576,"MO",1905,2238,36803.4      
1577,"MO",1905,2239,1000         
1578,"MO",1905,2239,1721         
1579,"MO",1905,2239,7024.15      
1580,"MO",1905,2281,7469         
1581,"MO",1905,2282,78.82        
1582,"MO",1905,2282,6070.47      
1583,"MO",1905,2293,1088.45      
1584,"MO",1905,2354,394.66       
1585,"MO",1905,2355,475198.13    
1586,"MO",1905,2431,2548.12      
1587,"MO",1905,2621,48982.28     
1588,"MO",1905,2621,135885.95    
1589,"MO",1905,2621,147002.93    
1590,"MO",1905,2621,179593.5     
1591,"MO",1905,2623,54.15        
1592,"MO",1905,2624,7722.19      
1593,"MO",1905,2625,15679.93     
1594,"MO",1905,2626,3936.86      
1595,"MO",1905,2663,1836.45      
1596,"MO",1905,2664,6            
1597,"MO",1905,2695,55247.14     
1598,"MO",1905,2901,46.8         
1599,"MO",1905,2901,66.85        
1600,"MO",1905,2901,115.37       
1601,"MO",1905,2901,2201.5       
1602,"MO",1905,2901,2957.23      
1603,"MO",1905,2901,3108.23      
1604,"MO",1905,2901,3270.35      
1605,"MO",1905,2916,76018.81     
1606,"MO",1905,2943,50           
1607,"MO",1905,2943,1005.09      
1608,"MO",1905,2944,509.7        
1609,"MO",1905,2961,256058.53    
1610,"MO",1905,2962,56601.59     
1611,"MO",1905,2963,9213.29      
1612,"MO",1905,2964,45406.14     
1613,"MO",1905,2991,18635.86     
1614,"MO",1905,2992,3142.19      
1615,"MO",1906,1001,271307.35    
1616,"MO",1906,1001,2024187.63   
1617,"MO",1906,1221,3157.27      
1618,"MO",1906,1221,213131.09    
1619,"MO",1906,1401,172830       
1620,"MO",1906,1431,247033.52    
1621,"MO",1906,1431,247033.55    
1622,"MO",1906,1452,12200.86     
1623,"MO",1906,1830,1893.33      
1624,"MO",1906,1832,446776.4     
1625,"MO",1906,1846,32134.19     
1626,"MO",1906,1933,402062.41    
1627,"MO",1906,2211,500          
1628,"MO",1906,2211,1180.05      
1629,"MO",1906,2212,553.02       
1630,"MO",1906,2233,10480.78     
1631,"MO",1906,2236,764.25       
1632,"MO",1906,2237,9940         
1633,"MO",1906,2238,47028        
1634,"MO",1906,2239,1094         
1635,"MO",1906,2239,3860         
1636,"MO",1906,2239,6519.5       
1637,"MO",1906,2272,5502.24      
1638,"MO",1906,2281,7330         
1639,"MO",1906,2282,6526.52      
1640,"MO",1906,2293,613.56       
1641,"MO",1906,2431,54.22        
1642,"MO",1906,2621,64127.37     
1643,"MO",1906,2621,129883.5     
1644,"MO",1906,2621,161719.53    
1645,"MO",1906,2621,193811.93    
1646,"MO",1906,2623,685.39       
1647,"MO",1906,2624,11718.31     
1648,"MO",1906,2625,13528.46     
1649,"MO",1906,2626,3795.13      
1650,"MO",1906,2663,2512.82      
1651,"MO",1906,2664,30           
1652,"MO",1906,2695,59627.91     
1653,"MO",1906,2901,61.23        
1654,"MO",1906,2901,76.47        
1655,"MO",1906,2901,2722.64      
1656,"MO",1906,2901,2822.25      
1657,"MO",1906,2907,47395        
1658,"MO",1906,2913,70           
1659,"MO",1906,2915,192.76       
1660,"MO",1906,2916,77266.97     
1661,"MO",1906,2943,1564.45      
1662,"MO",1906,2944,897.13       
1663,"MO",1906,2961,308746.49    
1664,"MO",1906,2962,69397.46     
1665,"MO",1906,2963,9675.19      
1666,"MO",1906,2964,47161.52     
1667,"MO",1906,2991,20219.66     
1668,"MO",1906,2992,3374.79      
1669,"MO",1907,1001,295179.75    
1670,"MO",1907,1001,2339551.52   
1671,"MO",1907,1221,248699.41    
1672,"MO",1907,1401,207795       
1673,"MO",1907,1431,259861.53    
1674,"MO",1907,1431,259861.55    
1675,"MO",1907,1452,14308.3      
1676,"MO",1907,1453,5368.46      
1677,"MO",1907,1830,13836.63     
1678,"MO",1907,1832,537628.68    
1679,"MO",1907,1846,6701.12      
1680,"MO",1907,1933,423951.79    
1681,"MO",1907,2211,1626.2       
1682,"MO",1907,2212,92.5         
1683,"MO",1907,2222,1000         
1684,"MO",1907,2233,8456.65      
1685,"MO",1907,2236,889.75       
1686,"MO",1907,2237,10800        
1687,"MO",1907,2238,44655        
1688,"MO",1907,2239,240          
1689,"MO",1907,2239,1320         
1690,"MO",1907,2239,4778         
1691,"MO",1907,2281,10743        
1692,"MO",1907,2282,6308.42      
1693,"MO",1907,2293,1729.48      
1694,"MO",1907,2294,6140         
1695,"MO",1907,2431,10617.85     
1696,"MO",1907,2511,13168        
1697,"MO",1907,2621,73133.56     
1698,"MO",1907,2621,148850       
1699,"MO",1907,2621,156433       
1700,"MO",1907,2621,199602.43    
1701,"MO",1907,2623,134          
1702,"MO",1907,2624,9525.22      
1703,"MO",1907,2625,18090.84     
1704,"MO",1907,2626,4079.14      
1705,"MO",1907,2663,1951.66      
1706,"MO",1907,2664,1            
1707,"MO",1907,2695,61732.48     
1708,"MO",1907,2901,232.25       
1709,"MO",1907,2901,339.28       
1710,"MO",1907,2901,2468.71      
1711,"MO",1907,2901,3940.21      
1712,"MO",1907,2913,147.75       
1713,"MO",1907,2915,362.27       
1714,"MO",1907,2916,80748.92     
1715,"MO",1907,2943,7.74         
1716,"MO",1907,2943,5618.7       
1717,"MO",1907,2944,810.31       
1718,"MO",1907,2961,269022.1     
1719,"MO",1907,2962,66276.89     
1720,"MO",1907,2963,12845.48     
1721,"MO",1907,2964,71405.92     
1722,"MO",1907,2991,22636.89     
1723,"MO",1907,2992,3487.67      
1724,"MO",1908,1001,310593.86    
1725,"MO",1908,1001,2327559.74   
1726,"MO",1908,1221,185965.95    
1727,"MO",1908,1401,117270       
1728,"MO",1908,1431,265918.02    
1729,"MO",1908,1431,265918.04    
1730,"MO",1908,1452,14746.01     
1731,"MO",1908,1453,6287.52      
1732,"MO",1908,1830,11582.03     
1733,"MO",1908,1832,783616.46    
1734,"MO",1908,1933,416387.23    
1735,"MO",1908,2211,1913.2       
1736,"MO",1908,2212,81.95        
1737,"MO",1908,2233,8848.65      
1738,"MO",1908,2236,980.25       
1739,"MO",1908,2237,8765         
1740,"MO",1908,2238,41661        
1741,"MO",1908,2239,320          
1742,"MO",1908,2239,1959         
1743,"MO",1908,2239,3688         
1744,"MO",1908,2281,14403        
1745,"MO",1908,2282,5372.9       
1746,"MO",1908,2293,1104.9       
1747,"MO",1908,2294,710          
1748,"MO",1908,2431,8416.25      
1749,"MO",1908,2511,11123        
1750,"MO",1908,2621,87057.54     
1751,"MO",1908,2621,164540.71    
1752,"MO",1908,2621,165344.33    
1753,"MO",1908,2621,202214.31    
1754,"MO",1908,2623,50.68        
1755,"MO",1908,2624,10246.26     
1756,"MO",1908,2625,14896.89     
1757,"MO",1908,2626,6272.97      
1758,"MO",1908,2627,10047.31     
1759,"MO",1908,2663,629.15       
1760,"MO",1908,2664,3            
1761,"MO",1908,2695,57844.19     
1762,"MO",1908,2901,3            
1763,"MO",1908,2901,18           
1764,"MO",1908,2901,38.74        
1765,"MO",1908,2901,2023.45      
1766,"MO",1908,2901,2317.23      
1767,"MO",1908,2907,2266.91      
1768,"MO",1908,2913,245          
1769,"MO",1908,2915,374.83       
1770,"MO",1908,2916,55442.79     
1771,"MO",1908,2943,5318.16      
1772,"MO",1908,2944,459.35       
1773,"MO",1908,2946,5000         
1774,"MO",1908,2961,318177.54    
1775,"MO",1908,2962,68644.59     
1776,"MO",1908,2963,17822.52     
1777,"MO",1908,2964,33107.43     
1778,"MO",1908,2991,23177.3      
1779,"MO",1908,2992,3629.44      
1780,"MO",1909,1001,329474.99    
1781,"MO",1909,1001,2602683.21   
1782,"MO",1909,1221,279920.99    
1783,"MO",1909,1401,266461       
1784,"MO",1909,1431,262630.84    
1785,"MO",1909,1431,262631       
1786,"MO",1909,1452,15491.46     
1787,"MO",1909,1453,7706.63      
1788,"MO",1909,1830,11071.19     
1789,"MO",1909,1832,800002.54    
1790,"MO",1909,1846,84864.1      
1791,"MO",1909,1933,400595.68    
1792,"MO",1909,2211,1853.7       
1793,"MO",1909,2212,57.5         
1794,"MO",1909,2222,50000        
1795,"MO",1909,2233,8460.73      
1796,"MO",1909,2236,1139.85      
1797,"MO",1909,2237,10790        
1798,"MO",1909,2238,41493        
1799,"MO",1909,2239,610          
1800,"MO",1909,2239,960          
1801,"MO",1909,2239,1104         
1802,"MO",1909,2239,4169         
1803,"MO",1909,2281,16335.8      
1804,"MO",1909,2282,4756.7       
1805,"MO",1909,2282,38833.68     
1806,"MO",1909,2283,5600         
1807,"MO",1909,2293,688.2        
1808,"MO",1909,2294,560          
1809,"MO",1909,2431,10152.98     
1810,"MO",1909,2511,20503        
1811,"MO",1909,2616,6000         
1812,"MO",1909,2621,91455.24     
1813,"MO",1909,2621,162997.65    
1814,"MO",1909,2621,179658.4     
1815,"MO",1909,2621,223068.59    
1816,"MO",1909,2623,77.12        
1817,"MO",1909,2624,9109.33      
1818,"MO",1909,2625,13796.46     
1819,"MO",1909,2626,5094.45      
1820,"MO",1909,2627,21753.66     
1821,"MO",1909,2628,375          
1822,"MO",1909,2663,861.6        
1823,"MO",1909,2695,65758.52     
1824,"MO",1909,2901,1            
1825,"MO",1909,2901,135.2        
1826,"MO",1909,2901,2073.41      
1827,"MO",1909,2901,3780.72      
1828,"MO",1909,2913,520          
1829,"MO",1909,2915,252.6        
1830,"MO",1909,2915,365.33       
1831,"MO",1909,2916,86766.09     
1832,"MO",1909,2944,537.22       
1833,"MO",1909,2961,294247.93    
1834,"MO",1909,2962,69468.38     
1835,"MO",1909,2963,22928.02     
1836,"MO",1909,2964,19156.9      
1837,"MO",1909,2991,26848.95     
1838,"MO",1909,2992,4071.97      
1839,"MO",1910,1001,313794.87    
1840,"MO",1910,1001,2404446.77   
1841,"MO",1910,1221,314288.05    
1842,"MO",1910,1401,170675       
1843,"MO",1910,1431,285329.25    
1844,"MO",1910,1431,285338.23    
1845,"MO",1910,1452,17091.68     
1846,"MO",1910,1453,7856.02      
1847,"MO",1910,1830,9665.18      
1848,"MO",1910,1832,1044058.42   
1849,"MO",1910,1846,83540.8      
1850,"MO",1910,1933,492534.62    
1851,"MO",1910,2203,25           
1852,"MO",1910,2211,2502.75      
1853,"MO",1910,2212,90.85        
1854,"MO",1910,2233,10249.97     
1855,"MO",1910,2236,5032.99      
1856,"MO",1910,2237,10995        
1857,"MO",1910,2238,41313.75     
1858,"MO",1910,2239,690          
1859,"MO",1910,2239,1540         
1860,"MO",1910,2239,3300         
1861,"MO",1910,2239,5601.1       
1862,"MO",1910,2239,7565         
1863,"MO",1910,2281,18603.5      
1864,"MO",1910,2282,92836.32     
1865,"MO",1910,2283,15829.46     
1866,"MO",1910,2293,1260.75      
1867,"MO",1910,2294,520          
1868,"MO",1910,2295,65.18        
1869,"MO",1910,2431,13080.14     
1870,"MO",1910,2511,31527.5      
1871,"MO",1910,2616,5000         
1872,"MO",1910,2621,96460.94     
1873,"MO",1910,2621,164530.46    
1874,"MO",1910,2621,198139.67    
1875,"MO",1910,2621,217154.04    
1876,"MO",1910,2623,23.6         
1877,"MO",1910,2624,10288.83     
1878,"MO",1910,2625,12843.49     
1879,"MO",1910,2626,6731.77      
1880,"MO",1910,2627,22973.7      
1881,"MO",1910,2641,26.05        
1882,"MO",1910,2651,398.85       
1883,"MO",1910,2663,129          
1884,"MO",1910,2663,10835.6      
1885,"MO",1910,2695,84482.74     
1886,"MO",1910,2901,1            
1887,"MO",1910,2901,2            
1888,"MO",1910,2901,3.1          
1889,"MO",1910,2901,5            
1890,"MO",1910,2901,12           
1891,"MO",1910,2901,26           
1892,"MO",1910,2901,266.2        
1893,"MO",1910,2901,2321.22      
1894,"MO",1910,2901,3353.1       
1895,"MO",1910,2913,520          
1896,"MO",1910,2915,9.87         
1897,"MO",1910,2915,29.22        
1898,"MO",1910,2915,425.25       
1899,"MO",1910,2916,85144.16     
1900,"MO",1910,2943,50           
1901,"MO",1910,2943,3258.92      
1902,"MO",1910,2944,552.09       
1903,"MO",1910,2961,395141.06    
1904,"MO",1910,2962,68024.33     
1905,"MO",1910,2963,17380.81     
1906,"MO",1910,2964,21099.76     
1907,"MO",1910,2991,27790        
1908,"MO",1910,2992,4443.14      
1909,"MO",1911,1001,349809.62    
1910,"MO",1911,1001,2642164.04   
1911,"MO",1911,1221,9127.93      
1912,"MO",1911,1221,480783.06    
1913,"MO",1911,1401,132450       
1914,"MO",1911,1431,298980.13    
1915,"MO",1911,1431,299031.17    
1916,"MO",1911,1452,18425.35     
1917,"MO",1911,1453,7244.05      
1918,"MO",1911,1801,55506        
1919,"MO",1911,1830,9204.45      
1920,"MO",1911,1832,1014376.29   
1921,"MO",1911,1840,25           
1922,"MO",1911,1846,72029.9      
1923,"MO",1911,1933,452416.13    
1924,"MO",1911,2203,83135.25     
1925,"MO",1911,2211,396.94       
1926,"MO",1911,2211,1343.1       
1927,"MO",1911,2212,75.45        
1928,"MO",1911,2233,7466.4       
1929,"MO",1911,2236,4317.83      
1930,"MO",1911,2237,12065        
1931,"MO",1911,2238,41871        
1932,"MO",1911,2239,620          
1933,"MO",1911,2239,1590         
1934,"MO",1911,2239,2400         
1935,"MO",1911,2239,5241.3       
1936,"MO",1911,2239,9399         
1937,"MO",1911,2281,15991        
1938,"MO",1911,2283,11847.5      
1939,"MO",1911,2284,64999.37     
1940,"MO",1911,2292,100114.68    
1941,"MO",1911,2293,1211.72      
1942,"MO",1911,2294,1310         
1943,"MO",1911,2295,602.4        
1944,"MO",1911,2431,2127.36      
1945,"MO",1911,2621,87748.68     
1946,"MO",1911,2621,187660.02    
1947,"MO",1911,2621,193145.15    
1948,"MO",1911,2621,205700.98    
1949,"MO",1911,2624,7827.3       
1950,"MO",1911,2625,14592.75     
1951,"MO",1911,2626,6307.01      
1952,"MO",1911,2627,23224.27     
1953,"MO",1911,2641,1.5          
1954,"MO",1911,2663,8955.7       
1955,"MO",1911,2695,88684.69     
1956,"MO",1911,2901,71.5         
1957,"MO",1911,2901,461.55       
1958,"MO",1911,2901,500          
1959,"MO",1911,2901,1254.75      
1960,"MO",1911,2901,3264.75      
1961,"MO",1911,2901,4115.06      
1962,"MO",1911,2913,1305         
1963,"MO",1911,2915,16.71        
1964,"MO",1911,2915,37.28        
1965,"MO",1911,2915,479.98       
1966,"MO",1911,2916,96481.06     
1967,"MO",1911,2943,790.31       
1968,"MO",1911,2944,436.1        
1969,"MO",1911,2961,314961.5     
1970,"MO",1911,2962,61880.82     
1971,"MO",1911,2963,21116.09     
1972,"MO",1911,2964,16249.5      
1973,"MO",1911,2991,36157.6      
1974,"MO",1911,2992,4941.47      
1975,"MO",1912,1001,357368       
1976,"MO",1912,1001,2732786.26   
1977,"MO",1912,1101,114266.18    
1978,"MO",1912,1221,7828.15      
1979,"MO",1912,1221,479517.35    
1980,"MO",1912,1401,138435       
1981,"MO",1912,1431,312273.45    
1982,"MO",1912,1431,312304.67    
1983,"MO",1912,1452,19472.88     
1984,"MO",1912,1453,8976.3       
1985,"MO",1912,1801,117362.25    
1986,"MO",1912,1830,8965.93      
1987,"MO",1912,1832,995162.68    
1988,"MO",1912,1840,50           
1989,"MO",1912,1846,54126.13     
1990,"MO",1912,1933,509743.2     
1991,"MO",1912,2203,24841.5      
1992,"MO",1912,2211,117.3        
1993,"MO",1912,2211,975.38       
1994,"MO",1912,2211,1884.75      
1995,"MO",1912,2212,1165.67      
1996,"MO",1912,2222,10           
1997,"MO",1912,2222,50000        
1998,"MO",1912,2233,8888.35      
1999,"MO",1912,2236,6096.35      
2000,"MO",1912,2237,10450        
2001,"MO",1912,2238,42171        
2002,"MO",1912,2239,630          
2003,"MO",1912,2239,1830         
2004,"MO",1912,2239,2200         
2005,"MO",1912,2239,5818.25      
2006,"MO",1912,2239,7153         
2007,"MO",1912,2281,16167.5      
2008,"MO",1912,2283,12779.72     
2009,"MO",1912,2284,88828.39     
2010,"MO",1912,2292,116373.24    
2011,"MO",1912,2293,1591.85      
2012,"MO",1912,2294,1030         
2013,"MO",1912,2431,5834.96      
2014,"MO",1912,2621,100787.94    
2015,"MO",1912,2621,184967.21    
2016,"MO",1912,2621,222775.9     
2017,"MO",1912,2621,251445.59    
2018,"MO",1912,2623,34.85        
2019,"MO",1912,2624,9893.08      
2020,"MO",1912,2625,15047.65     
2021,"MO",1912,2626,5746.92      
2022,"MO",1912,2627,32103.26     
2023,"MO",1912,2651,1246.97      
2024,"MO",1912,2663,3527.5       
2025,"MO",1912,2665,1280.65      
2026,"MO",1912,2695,85524.17     
2027,"MO",1912,2901,.04          
2028,"MO",1912,2901,25           
2029,"MO",1912,2901,668.97       
2030,"MO",1912,2901,1477.37      
2031,"MO",1912,2901,2239.82      
2032,"MO",1912,2901,3701.07      
2033,"MO",1912,2913,1170         
2034,"MO",1912,2915,26.69        
2035,"MO",1912,2915,37.88        
2036,"MO",1912,2915,471.4        
2037,"MO",1912,2915,2169.74      
2038,"MO",1912,2916,115649.83    
2039,"MO",1912,2931,285054.97    
2040,"MO",1912,2943,669.87       
2041,"MO",1912,2944,563.85       
2042,"MO",1912,2961,395743.12    
2043,"MO",1912,2962,70118.15     
2044,"MO",1912,2963,19165.44     
2045,"MO",1912,2964,27157.9      
2046,"MO",1912,2991,40418.4      
2047,"MO",1912,2992,5444.55      
2048,"MO",1913,1001,357283.85    
2049,"MO",1913,1001,2726609.21   
2050,"MO",1913,1101,344200.05    
2051,"MO",1913,1221,15002.14     
2052,"MO",1913,1221,412815.49    
2053,"MO",1913,1401,118290       
2054,"MO",1913,1431,325698.39    
2055,"MO",1913,1431,325701.5     
2056,"MO",1913,1452,20798.45     
2057,"MO",1913,1453,9531.82      
2058,"MO",1913,1801,173810.5     
2059,"MO",1913,1830,9384.95      
2060,"MO",1913,1832,1003561.81   
2061,"MO",1913,1846,54335.47     
2062,"MO",1913,1933,500045.49    
2063,"MO",1913,2203,26846        
2064,"MO",1913,2211,611.15       
2065,"MO",1913,2211,2047.25      
2066,"MO",1913,2212,151.06       
2067,"MO",1913,2233,8526.7       
2068,"MO",1913,2236,1964.37      
2069,"MO",1913,2236,5194.3       
2070,"MO",1913,2237,11725        
2071,"MO",1913,2238,1732         
2072,"MO",1913,2238,43251        
2073,"MO",1913,2239,550          
2074,"MO",1913,2239,1021.37      
2075,"MO",1913,2239,2120         
2076,"MO",1913,2239,5868.75      
2077,"MO",1913,2239,6178         
2078,"MO",1913,2281,17817        
2079,"MO",1913,2283,13710        
2080,"MO",1913,2284,27960.12     
2081,"MO",1913,2291,35311.35     
2082,"MO",1913,2292,50094.99     
2083,"MO",1913,2292,125692.44    
2084,"MO",1913,2293,7694.26      
2085,"MO",1913,2294,880          
2086,"MO",1913,2296,77873.59     
2087,"MO",1913,2297,1277.72      
2088,"MO",1913,2621,100464.87    
2089,"MO",1913,2621,188556.2     
2090,"MO",1913,2621,216898       
2091,"MO",1913,2621,277339.9     
2092,"MO",1913,2623,25.45        
2093,"MO",1913,2624,7667.98      
2094,"MO",1913,2625,14189.94     
2095,"MO",1913,2626,5713.07      
2096,"MO",1913,2627,53544.48     
2097,"MO",1913,2652,1368.43      
2098,"MO",1913,2663,3929.75      
2099,"MO",1913,2695,85077.29     
2100,"MO",1913,2901,48.5         
2101,"MO",1913,2901,2032.31      
2102,"MO",1913,2901,2846.58      
2103,"MO",1913,2901,5324.11      
2104,"MO",1913,2913,995          
2105,"MO",1913,2915,42.28        
2106,"MO",1913,2915,117.53       
2107,"MO",1913,2916,139754       
2108,"MO",1913,2931,1638656.02   
2109,"MO",1913,2943,235.6        
2110,"MO",1913,2944,599.95       
2111,"MO",1913,2961,346967.78    
2112,"MO",1913,2962,63187.78     
2113,"MO",1913,2963,32336.13     
2114,"MO",1913,2964,24246.39     
2115,"MO",1913,2991,36899.81     
2116,"MO",1913,2992,6090.99      
2117,"MO",1914,1001,356438.1     
2118,"MO",1914,1001,2701754.05   
2119,"MO",1914,1101,352220.4     
2120,"MO",1914,1221,17036.5      
2121,"MO",1914,1221,411160.94    
2122,"MO",1914,1401,94677.45     
2123,"MO",1914,1431,346056.41    
2124,"MO",1914,1452,35326.62     
2125,"MO",1914,1453,9687.2       
2126,"MO",1914,1801,235873.5     
2127,"MO",1914,1830,9468.59      
2128,"MO",1914,1832,1000813.71   
2129,"MO",1914,1840,25           
2130,"MO",1914,1846,61570.46     
2131,"MO",1914,1933,487824.14    
2132,"MO",1914,2203,25865.7      
2133,"MO",1914,2211,1.4          
2134,"MO",1914,2211,737.47       
2135,"MO",1914,2211,2438.45      
2136,"MO",1914,2211,25728.65     
2137,"MO",1914,2211,227000       
2138,"MO",1914,2212,152.43       
2139,"MO",1914,2222,1000         
2140,"MO",1914,2233,10611.65     
2141,"MO",1914,2235,13.05        
2142,"MO",1914,2236,4861.91      
2143,"MO",1914,2236,7811.35      
2144,"MO",1914,2237,11275        
2145,"MO",1914,2238,3965.18      
2146,"MO",1914,2238,43421.9      
2147,"MO",1914,2239,830          
2148,"MO",1914,2239,907.35       
2149,"MO",1914,2239,1830         
2150,"MO",1914,2239,6935.97      
2151,"MO",1914,2239,8089         
2152,"MO",1914,2242,27980.03     
2153,"MO",1914,2281,22549        
2154,"MO",1914,2283,13309        
2155,"MO",1914,2291,60347.8      
2156,"MO",1914,2292,115666.64    
2157,"MO",1914,2292,142676.76    
2158,"MO",1914,2293,1371.7       
2159,"MO",1914,2294,990          
2160,"MO",1914,2295,8.07         
2161,"MO",1914,2296,79141.8      
2162,"MO",1914,2297,1735         
2163,"MO",1914,2542,2.04         
2164,"MO",1914,2542,2.56         
2165,"MO",1914,2621,111531.22    
2166,"MO",1914,2621,203913.34    
2167,"MO",1914,2621,240627.12    
2168,"MO",1914,2621,286354.55    
2169,"MO",1914,2623,14.25        
2170,"MO",1914,2624,8789.57      
2171,"MO",1914,2625,2308.92      
2172,"MO",1914,2625,14203.15     
2173,"MO",1914,2626,7725.22      
2174,"MO",1914,2627,47457.89     
2175,"MO",1914,2652,5420.17      
2176,"MO",1914,2663,2065         
2177,"MO",1914,2666,34.6         
2178,"MO",1914,2695,90297.85     
2179,"MO",1914,2901,10.65        
2180,"MO",1914,2901,77.22        
2181,"MO",1914,2901,165          
2182,"MO",1914,2901,441.9        
2183,"MO",1914,2901,1055         
2184,"MO",1914,2901,1433.25      
2185,"MO",1914,2901,3565.94      
2186,"MO",1914,2908,15270.43     
2187,"MO",1914,2913,1230         
2188,"MO",1914,2915,7.19         
2189,"MO",1914,2915,49.14        
2190,"MO",1914,2916,144733.45    
2191,"MO",1914,2931,1457619.26   
2192,"MO",1914,2944,571.52       
2193,"MO",1914,2961,401079.36    
2194,"MO",1914,2962,6            
2195,"MO",1914,2962,60811.84     
2196,"MO",1914,2963,29150.43     
2197,"MO",1914,2964,34677.8      
2198,"MO",1914,2991,43326.8      
2199,"MO",1914,2992,6997.06      
2200,"MO",1915,2,151.6           
2201,"MO",1915,2,96517.19        
2202,"MO",1915,1001,327915.1     
2203,"MO",1915,1001,2776574.91   
2204,"MO",1915,1101,368994.52    
2205,"MO",1915,1221,19730.71     
2206,"MO",1915,1221,391024.47    
2207,"MO",1915,1401,101112.5     
2208,"MO",1915,1431,365411.79    
2209,"MO",1915,1431,365411.8     
2210,"MO",1915,1452,35098.18     
2211,"MO",1915,1453,10497.03     
2212,"MO",1915,1801,323292.5     
2213,"MO",1915,1830,8320.19      
2214,"MO",1915,1832,953058.22    
2215,"MO",1915,1840,25           
2216,"MO",1915,1846,56537.28     
2217,"MO",1915,1931,410468.95    
2218,"MO",1915,2203,31438        
2219,"MO",1915,2211,15.4         
2220,"MO",1915,2211,828.75       
2221,"MO",1915,2211,2196.05      
2222,"MO",1915,2211,5000         
2223,"MO",1915,2212,3137.19      
2224,"MO",1915,2233,7952.85      
2225,"MO",1915,2236,5592.42      
2226,"MO",1915,2236,5838.41      
2227,"MO",1915,2237,12035        
2228,"MO",1915,2238,3483.75      
2229,"MO",1915,2238,41037        
2230,"MO",1915,2239,600          
2231,"MO",1915,2239,760          
2232,"MO",1915,2239,2010         
2233,"MO",1915,2239,4053.52      
2234,"MO",1915,2239,6797         
2235,"MO",1915,2283,12265        
2236,"MO",1915,2291,15552.22     
2237,"MO",1915,2292,4409.45      
2238,"MO",1915,2292,101649.37    
2239,"MO",1915,2292,167320.8     
2240,"MO",1915,2294,640          
2241,"MO",1915,2296,77116.1      
2242,"MO",1915,2297,2041.3       
2243,"MO",1915,2621,108557.6     
2244,"MO",1915,2621,210937.25    
2245,"MO",1915,2621,211350.4     
2246,"MO",1915,2621,267179.57    
2247,"MO",1915,2624,8741.96      
2248,"MO",1915,2625,14825.48     
2249,"MO",1915,2626,8270.93      
2250,"MO",1915,2627,58301.68     
2251,"MO",1915,2652,299.72       
2252,"MO",1915,2652,4081.72      
2253,"MO",1915,2663,3208.67      
2254,"MO",1915,2881,20572.5      
2255,"MO",1915,2901,1            
2256,"MO",1915,2901,498.81       
2257,"MO",1915,2901,1002.12      
2258,"MO",1915,2901,1063.77      
2259,"MO",1915,2901,2404.83      
2260,"MO",1915,2901,2619.82      
2261,"MO",1915,2901,3970.09      
2262,"MO",1915,2913,1917.5       
2263,"MO",1915,2915,18.74        
2264,"MO",1915,2915,39.28        
2265,"MO",1915,2916,133821.19    
2266,"MO",1915,2931,84657.11     
2267,"MO",1915,2944,626.1        
2268,"MO",1915,2961,306658.43    
2269,"MO",1915,2962,64882.71     
2270,"MO",1915,2963,25526.46     
2271,"MO",1915,2964,682.4        
2272,"MO",1915,2991,46427.3      
2273,"MO",1915,2992,8955.67      
