"MD",1811,3,18409.65    
"MD",1812,3,45915.99    
"MD",1813,3,221449.54   
"MD",1814,3,117165.32   
"MD",1815,3,127587.02   
"MD",1819,3,185191      
"MD",1821,3,180794.16   
"MD",1822,3,193604.73   
"MD",1824,3,182818.2    
"MD",1825,3,349923.25   
"MD",1826,3,177421.16   
"MD",1827,3,331409      
"MD",1828,3,297002.31   
"MD",1829,3,182345.66   
"MD",1830,3,630817.21   
"MD",1831,3,288294.17   
"MD",1832,3,671898      
"MD",1833,3,575936      
"MD",1834,3,1009298     
"MD",1835,3,1555183     
"MD",1836,3,2242620     
"MD",1837,3,1759927.26  
"MD",1838,3,3552961.78  
"MD",1839,3,6875887.98  
"MD",1840,3,1620165.94  
"MD",1841,3,939918.03   
"MD",1842,3,575529.87   
"MD",1843,3,665969.9    
"MD",1844,3,582215.06   
"MD",1845,3,948448.84   
"MD",1846,3,985866.54   
"MD",1847,3,1194452.87  
"MD",1848,3,1013126.46  
"MD",1849,3,1146492.16  
"MD",1850,3,1467470.36  
"MD",1851,3,1225718.15  
"MD",1852,3,1360458.72  
"MD",1853,3,825147.67   
"MD",1854,3,1175581.21  
"MD",1855,3,985964.63   
"MD",1856,3,1230508.05  
"MD",1857,3,1259164.4   
"MD",1858,3,1295598.26  
"MD",1859,3,1129369.62  
"MD",1860,3,1306043.08  
"MD",1861,3,1046356.41  
"MD",1863,3,1286327.44  
"MD",1863,3,1286327.44  
"MD",1864,3,2391930.61  
"MD",1865,3,3125564.53  
"MD",1866,3,3390617.58  
"MD",1867,3,2573855.24  
"MD",1868,3,3809692.74  
"MD",1868,3,3809692.74  
"MD",1869,3,3039301.18  
"MD",1870,3,2475069.17  
"MD",1871,3,2682302.11  
"MD",1871,3,2682302.11  
"MD",1873,3,2287038.36  
"MD",1873,3,2287038.36  
"MD",1874,3,2271906.35  
"MD",1874,3,2271906.35  
"MD",1875,3,2436075.46  
"MD",1875,3,2436075.46  
"MD",1876,3,2674410.66  
"MD",1876,3,2674410.66  
"MD",1877,3,2112646.89  
"MD",1877,3,2112646.89  
"MD",1878,3,2486679.14  
"MD",1878,3,2486679.14  
"MD",1879,3,1771883.23  
"MD",1879,3,1771883.23  
"MD",1881,3,1754869.15  
"MD",1882,3,2036972.86  
"MD",1883,3,1749499.99  
"MD",1884,3,3872721.28  
"MD",1885,3,2195886.67  
"MD",1886,3,2118909.76  
"MD",1886,3,2118909.76  
"MD",1886,3,2118909.76  
"MD",1887,3,2369916.71  
"MD",1887,3,2369916.71  
"MD",1888,3,2010060.24  
"MD",1888,3,2010060.24  
"MD",1889,3,2100686.16  
"MD",1889,3,2100686.16  
"MD",1890,3,5676486.01  
"MD",1890,3,5676486.01  
"MD",1891,3,2951583.93  
"MD",1891,3,2951583.93  
"MD",1892,3,3063333.02  
"MD",1893,3,2435109.33  
"MD",1893,3,2435109.33  
"MD",1895,3,2441750.37  
"MD",1895,3,2441750.37  
"MD",1896,3,2927901.07  
"MD",1896,3,2927901.07  
"MD",1897,3,2957959.58  
"MD",1897,3,2957959.58  
"MD",1897,3,2957959.58  
"MD",1899,3,3604584.07  
"MD",1899,3,3604584.07  
"MD",1899,3,3604584.07  
"MD",1900,3,3458034.23  
"MD",1900,3,3458034.23  
"MD",1900,3,3458034.23  
"MD",1901,3,3097125.77  
"MD",1901,3,3097125.77  
"MD",1901,3,3097125.77  
"MD",1902,3,3392876.71  
"MD",1902,3,3392876.71  
"MD",1902,3,3392876.71  
"MD",1903,3,3642834.021 
"MD",1903,3,3642834.021 
"MD",1903,3,3642834.021 
"MD",1904,3,4049010.18  
"MD",1904,3,4049010.18  
"MD",1904,3,4049010.18  
"MD",1905,3,4409701.96  
"MD",1905,3,4409701.96  
"MD",1905,3,4409701.96  
"MD",1907,3,4094862.97  
"MD",1907,3,4094862.97  
"MD",1907,3,4094862.97  
"MD",1909,3,5277687.39  
"MD",1909,3,5277687.39  
"MD",1909,3,5277687.39  
"MD",1910,3,6285057.15  
"MD",1910,3,6285057.15  
"MD",1910,3,6285057.15  
"MD",1911,3,7960733.97  
"MD",1911,3,7960733.97  
"MD",1911,3,7960733.97  
"MD",1912,3,8479244.76  
"MD",1912,3,8479244.76  
"MD",1912,3,8479244.76  
"MD",1913,3,10944856.08 
"MD",1913,3,10944856.08 
"MD",1913,3,10944856.08 
"MD",1914,3,12859061.01 
"MD",1914,3,12859061.01 
"MD",1914,3,12859061.01 
                        
"MD",1811,34,2058.57    
"MD",1811,36,9219.51    
"MD",1811,39,3807.42    
"MD",1811,41,3324.15    
"MD",1812,31,3204       
"MD",1812,34,21683.07   
"MD",1812,36,13686.42   
"MD",1812,39,3948.93    
"MD",1812,41,3393.57    
"MD",1813,31,4500       
"MD",1813,34,163411.79  
"MD",1813,36,10788.91   
"MD",1813,39,4218.68    
"MD",1813,41,38530.16   
"MD",1814,31,5900       
"MD",1814,34,84880.25   
"MD",1814,36,12375.17   
"MD",1814,39,4362.72    
"MD",1814,40,5697.83    
"MD",1814,41,3949.35    
"MD",1815,31,4800       
"MD",1815,34,58132.39   
"MD",1815,36,13959.29   
"MD",1815,39,39234.72   
"MD",1815,40,7287.83    
"MD",1815,41,4172.79    
"MD",1819,31,11900      
"MD",1819,32,14630      
"MD",1819,33,0          
"MD",1819,34,21648      
"MD",1819,36,85492      
"MD",1819,39,51521      
"MD",1819,40,0          
"MD",1819,41,0          
"MD",1821,31,12200      
"MD",1821,34,29727.5    
"MD",1821,35,450        
"MD",1821,36,48153.33   
"MD",1821,39,41963.33   
"MD",1821,40,2400       
"MD",1821,41,45900      
"MD",1822,31,500        
"MD",1822,34,10900      
"MD",1822,35,450        
"MD",1822,36,87366.65   
"MD",1822,39,5630       
"MD",1822,40,10958.33   
"MD",1822,41,77799.75   
"MD",1824,31,27498.36   
"MD",1824,32,5900       
"MD",1824,33,4575       
"MD",1824,34,27007.92   
"MD",1824,35,263.62     
"MD",1824,36,49854.36   
"MD",1824,39,59786.49   
"MD",1824,40,7932.45    
"MD",1825,31,25898.34   
"MD",1825,32,5900       
"MD",1825,33,9850       
"MD",1825,34,23810.96   
"MD",1825,35,30         
"MD",1825,36,45760.84   
"MD",1825,39,75809.24   
"MD",1825,40,5063.87    
"MD",1825,41,157800     
"MD",1826,31,11933.32   
"MD",1826,33,1619.06    
"MD",1826,34,17022.77   
"MD",1826,36,90069.47   
"MD",1826,38,12571.8    
"MD",1826,39,11861.01   
"MD",1826,40,2235.4     
"MD",1826,41,30108.33   
"MD",1827,31,12200      
"MD",1827,32,15726      
"MD",1827,33,30000      
"MD",1827,34,20784      
"MD",1827,36,100266     
"MD",1827,39,109793     
"MD",1827,40,3035       
"MD",1827,41,39605      
"MD",1828,31,13699.98   
"MD",1828,33,86972.49   
"MD",1828,34,22167.92   
"MD",1828,36,99167.84   
"MD",1828,38,15370.89   
"MD",1828,39,21613.82   
"MD",1828,40,7394.37    
"MD",1828,41,30615      
"MD",1829,31,18645.23   
"MD",1829,32,742.52     
"MD",1829,33,17315.53   
"MD",1829,34,15051.09   
"MD",1829,36,100747.53  
"MD",1829,38,14998.75   
"MD",1829,39,5536.73    
"MD",1829,40,9308.28    
"MD",1830,31,19624.98   
"MD",1830,32,2310.59    
"MD",1830,33,20157.04   
"MD",1830,34,7480.66    
"MD",1830,36,131242.52  
"MD",1830,38,13502.92   
"MD",1830,39,4676.37    
"MD",1830,40,11322.13   
"MD",1830,41,420500     
"MD",1831,31,19828.96   
"MD",1831,32,2728.93    
"MD",1831,33,36235.82   
"MD",1831,34,7967.55    
"MD",1831,36,105332.44  
"MD",1831,38,14073.68   
"MD",1831,39,9743.92    
"MD",1831,40,19643.87   
"MD",1831,41,72739      
"MD",1832,31,21700      
"MD",1832,32,15352      
"MD",1832,33,147500     
"MD",1832,34,0          
"MD",1832,36,100202     
"MD",1832,39,318501     
"MD",1832,40,26173      
"MD",1832,41,42470      
"MD",1833,31,22000      
"MD",1833,32,15380      
"MD",1833,33,175000     
"MD",1833,34,0          
"MD",1833,36,100587     
"MD",1833,39,165050     
"MD",1833,40,35202      
"MD",1833,41,62717      
"MD",1834,31,23100      
"MD",1834,32,22563      
"MD",1834,33,12500      
"MD",1834,34,0          
"MD",1834,36,101566     
"MD",1834,39,78244      
"MD",1834,40,53825      
"MD",1834,41,717500     
"MD",1835,31,23600      
"MD",1835,32,16946      
"MD",1835,33,1100000    
"MD",1835,34,15000      
"MD",1835,36,107458     
"MD",1835,39,80046      
"MD",1835,40,100081     
"MD",1835,41,112052     
"MD",1836,31,24100      
"MD",1836,32,16195      
"MD",1836,33,1650000    
"MD",1836,34,5000       
"MD",1836,36,134674     
"MD",1836,39,100810     
"MD",1836,40,194975     
"MD",1836,41,116866     
"MD",1837,31,20551.16   
"MD",1837,32,7198.26    
"MD",1837,33,284136.27  
"MD",1837,34,10231.02   
"MD",1837,36,130552.45  
"MD",1837,38,15065.22   
"MD",1837,39,50036.66   
"MD",1837,40,271535.97  
"MD",1837,41,64233      
"MD",1837,51,906387.25  
"MD",1838,31,19298.42   
"MD",1838,32,7376.05    
"MD",1838,33,346570.15  
"MD",1838,34,13369.03   
"MD",1838,36,127603.56  
"MD",1838,38,13830.55   
"MD",1838,39,65912.6    
"MD",1838,40,297647.42  
"MD",1838,41,2661354    
"MD",1839,31,22265.31   
"MD",1839,32,7535.01    
"MD",1839,33,97634.6    
"MD",1839,34,14008.28   
"MD",1839,36,134325.15  
"MD",1839,38,18579.99   
"MD",1839,39,25651.53   
"MD",1839,40,291888.11  
"MD",1839,41,6264000    
"MD",1840,31,19806.67   
"MD",1840,32,6777.31    
"MD",1840,33,723121.72  
"MD",1840,34,37333.67   
"MD",1840,36,116744.32  
"MD",1840,38,13921.7    
"MD",1840,39,33928.31   
"MD",1840,40,585819.24  
"MD",1840,41,82713      
"MD",1841,31,53357.78   
"MD",1841,32,7373.47    
"MD",1841,33,62211.64   
"MD",1841,34,20752.29   
"MD",1841,36,122110.92  
"MD",1841,38,12546.86   
"MD",1841,39,22686.4    
"MD",1841,40,572452.67  
"MD",1841,41,66426      
"MD",1842,31,41247.46   
"MD",1842,32,7078.94    
"MD",1842,33,7777.24    
"MD",1842,34,20638.26   
"MD",1842,36,105869.79  
"MD",1842,38,12208.43   
"MD",1842,39,40622.84   
"MD",1842,40,49506.42   
"MD",1842,41,290580.49  
"MD",1843,31,67971.52   
"MD",1843,32,6828.43    
"MD",1843,33,10185.02   
"MD",1843,34,24857.12   
"MD",1843,36,109174.83  
"MD",1843,38,10734      
"MD",1843,39,31318.48   
"MD",1843,40,276696.99  
"MD",1843,41,128203.51  
"MD",1844,31,51619.67   
"MD",1844,32,6665.3     
"MD",1844,33,17319.7    
"MD",1844,34,9700.01    
"MD",1844,36,95145.46   
"MD",1844,38,7754.55    
"MD",1844,39,18438.53   
"MD",1844,40,364671.84  
"MD",1844,41,10900      
"MD",1845,31,53478.67   
"MD",1845,32,6392       
"MD",1845,33,19170.87   
"MD",1845,34,10624.47   
"MD",1845,36,113013.38  
"MD",1845,38,8705.54    
"MD",1845,39,26279.4    
"MD",1845,40,710784.51  
"MD",1846,31,56706.77   
"MD",1846,32,1292.52    
"MD",1846,33,18278.61   
"MD",1846,34,11382.99   
"MD",1846,36,105678.83  
"MD",1846,38,7891.7     
"MD",1846,39,35730.13   
"MD",1846,40,732289.99  
"MD",1846,41,16615      
"MD",1847,31,54219.97   
"MD",1847,32,1343.86    
"MD",1847,33,64195.79   
"MD",1847,34,11253.24   
"MD",1847,36,103952.43  
"MD",1847,38,7193.51    
"MD",1847,39,25627.33   
"MD",1847,40,926666.74  
"MD",1848,31,53983.14   
"MD",1848,32,6481.72    
"MD",1848,33,24526.59   
"MD",1848,34,29369.66   
"MD",1848,36,104835.52  
"MD",1848,38,6076.21    
"MD",1848,39,36687.69   
"MD",1848,40,751165.93  
"MD",1849,31,55135.82   
"MD",1849,32,1906.97    
"MD",1849,33,6089.19    
"MD",1849,34,26944.15   
"MD",1849,36,53116.48   
"MD",1849,38,5420.65    
"MD",1849,39,22015.14   
"MD",1849,40,975863.76  
"MD",1850,31,57155.66   
"MD",1850,32,2340.5     
"MD",1850,33,4518.94    
"MD",1850,34,52493.66   
"MD",1850,36,112591.54  
"MD",1850,38,5679.68    
"MD",1850,39,41334.93   
"MD",1850,40,690846.36  
"MD",1850,41,500509.09  
"MD",1851,31,55349.74   
"MD",1851,32,2852.27    
"MD",1851,33,8368.55    
"MD",1851,34,21981.93   
"MD",1851,36,53760.01   
"MD",1851,38,5274.89    
"MD",1851,39,148128.67  
"MD",1851,40,813790.65  
"MD",1851,41,116211.44  
"MD",1852,31,55772.68   
"MD",1852,32,2555.4     
"MD",1852,33,7712.27    
"MD",1852,34,38006.45   
"MD",1852,36,164418.3   
"MD",1852,38,4935.99    
"MD",1852,39,36712.91   
"MD",1852,40,1020544.72 
"MD",1852,41,29800      
"MD",1853,31,52423.03   
"MD",1853,32,1147.91    
"MD",1853,33,6712.5     
"MD",1853,34,21682.82   
"MD",1853,36,150725.15  
"MD",1853,38,2834.16    
"MD",1853,39,60294.29   
"MD",1853,40,431764.32  
"MD",1853,41,97563.49   
"MD",1854,31,59803.81   
"MD",1854,32,2184.36    
"MD",1854,33,29332.42   
"MD",1854,34,28389.07   
"MD",1854,36,132669.54  
"MD",1854,38,3742.32    
"MD",1854,39,44609.24   
"MD",1854,40,671628.09  
"MD",1854,41,203222.36  
"MD",1855,31,60864.66   
"MD",1855,32,2582.59    
"MD",1855,33,21170.06   
"MD",1855,34,29148.55   
"MD",1855,36,86846.3    
"MD",1855,38,3227.42    
"MD",1855,39,9392       
"MD",1855,40,673740.8   
"MD",1855,41,98992.25   
"MD",1856,31,56131.98   
"MD",1856,32,12608.72   
"MD",1856,33,7335.69    
"MD",1856,34,29251.54   
"MD",1856,36,146873.81  
"MD",1856,38,4211.49    
"MD",1856,39,61516.8    
"MD",1856,40,670269.69  
"MD",1856,41,242308.33  
"MD",1857,31,60241.73   
"MD",1857,32,22152.14   
"MD",1857,33,4649.45    
"MD",1857,34,30125.83   
"MD",1857,36,85791.14   
"MD",1857,38,2360.87    
"MD",1857,39,20480.41   
"MD",1857,40,670282.7   
"MD",1857,41,363080.13  
"MD",1858,31,223874.68  
"MD",1858,32,36864.34   
"MD",1858,33,12802.48   
"MD",1858,34,62188.65   
"MD",1858,36,175702.28  
"MD",1858,38,2246.33    
"MD",1858,39,88501.89   
"MD",1858,40,665405.12  
"MD",1858,41,28012.49   
"MD",1859,31,65703.67   
"MD",1859,32,53070.39   
"MD",1859,33,15282.52   
"MD",1859,34,58821.95   
"MD",1859,36,106170.56  
"MD",1859,38,2152.44    
"MD",1859,39,19151.31   
"MD",1859,40,667818.71  
"MD",1859,41,141198.07  
"MD",1860,31,69532.39   
"MD",1860,32,68394.71   
"MD",1860,33,56766.09   
"MD",1860,34,69410.49   
"MD",1860,36,198265.72  
"MD",1860,38,2010       
"MD",1860,39,171560.44  
"MD",1860,40,664464.95  
"MD",1860,41,5638.29    
"MD",1861,31,68485.18   
"MD",1861,32,51626.55   
"MD",1861,33,20862.03   
"MD",1861,34,74617.3    
"MD",1861,36,141598.29  
"MD",1861,38,1805       
"MD",1861,39,16029.4    
"MD",1861,40,668618.94  
"MD",1861,41,2713.72    
"MD",1863,31,55424.12   
"MD",1863,32,30987.21   
"MD",1863,33,58352.19   
"MD",1863,34,26643.52   
"MD",1863,35,6000       
"MD",1863,36,72747.59   
"MD",1863,38,1315.97    
"MD",1863,39,6036.88    
"MD",1863,40,922518.82  
"MD",1863,41,106301.14  
"MD",1864,31,63099.13   
"MD",1864,32,27480.31   
"MD",1864,33,20497.6    
"MD",1864,34,1314972.6  
"MD",1864,36,173405.46  
"MD",1864,38,1230       
"MD",1864,39,51976.73   
"MD",1864,40,736175.73  
"MD",1864,41,3093.05    
"MD",1865,31,76290.51   
"MD",1865,32,42229.21   
"MD",1865,33,94228.5    
"MD",1865,34,1815012.6  
"MD",1865,35,92.44      
"MD",1865,36,228972.79  
"MD",1865,38,1200       
"MD",1865,39,148278.26  
"MD",1865,40,718592.44  
"MD",1865,41,667.78     
"MD",1866,31,487448.53  
"MD",1866,32,73745.83   
"MD",1866,33,138996.86  
"MD",1866,34,772471.14  
"MD",1866,35,33048.81   
"MD",1866,36,193916.96  
"MD",1866,38,1160       
"MD",1866,39,54501      
"MD",1866,40,707042.94  
"MD",1866,41,928285.51  
"MD",1867,31,614515.5   
"MD",1867,32,44750      
"MD",1867,33,53439.94   
"MD",1867,34,384753.56  
"MD",1867,35,5869.87    
"MD",1867,36,278209.04  
"MD",1867,38,22620      
"MD",1867,39,305422.09  
"MD",1867,40,732129.27  
"MD",1867,41,132145.97  
"MD",1868,31,558759.34  
"MD",1868,32,190956     
"MD",1868,33,128813.7   
"MD",1868,34,1149330.8  
"MD",1868,35,28488.28   
"MD",1868,36,342957.25  
"MD",1868,38,104840     
"MD",1868,39,207258.63  
"MD",1868,40,694127.74  
"MD",1868,41,404161     
"MD",1869,31,132834.92  
"MD",1869,32,165666.66  
"MD",1869,33,189218.1   
"MD",1869,34,770445.3   
"MD",1869,35,2761.91    
"MD",1869,36,632129.81  
"MD",1869,38,118350     
"MD",1869,39,57252.7    
"MD",1869,40,822189.22  
"MD",1869,41,148452.56  
"MD",1870,31,510738.5   
"MD",1870,32,96150      
"MD",1870,33,58764.24   
"MD",1870,34,366182.13  
"MD",1870,35,4360.68    
"MD",1870,36,447862.29  
"MD",1870,38,89660      
"MD",1870,39,73494.19   
"MD",1870,40,800460.81  
"MD",1870,41,27396.33   
"MD",1871,31,129729     
"MD",1871,32,150300     
"MD",1871,33,157153.82  
"MD",1871,34,160217.44  
"MD",1871,35,15943.64   
"MD",1871,36,564620.75  
"MD",1871,38,67180      
"MD",1871,39,35419.11   
"MD",1871,40,785499.69  
"MD",1871,41,616238.66  
"MD",1873,31,568945.23  
"MD",1873,32,81050      
"MD",1873,33,153770.81  
"MD",1873,34,102246.45  
"MD",1873,35,7833.24    
"MD",1873,36,135349.61  
"MD",1873,38,49200      
"MD",1873,39,31805.96   
"MD",1873,40,701909.29  
"MD",1873,41,454927.77  
"MD",1874,31,683446.04  
"MD",1874,32,205050     
"MD",1874,33,117779.08  
"MD",1874,34,100156.63  
"MD",1874,35,13692.87   
"MD",1874,36,340291.07  
"MD",1874,38,44860      
"MD",1874,39,137886.69  
"MD",1874,40,627743.97  
"MD",1874,41,1000       
"MD",1875,31,720306.39  
"MD",1875,32,129100     
"MD",1875,33,4030.56    
"MD",1875,34,82132.09   
"MD",1875,35,21330.55   
"MD",1875,36,154017.07  
"MD",1875,38,40320      
"MD",1875,39,86341.32   
"MD",1875,40,757874.36  
"MD",1875,41,440623.12  
"MD",1876,31,699248.87  
"MD",1876,32,65550      
"MD",1876,33,21204.73   
"MD",1876,34,207451.6   
"MD",1876,35,31082.26   
"MD",1876,36,326523.88  
"MD",1876,38,36040      
"MD",1876,39,135161.23  
"MD",1876,40,593923.89  
"MD",1876,41,558224.2   
"MD",1877,31,634638.59  
"MD",1877,32,107500     
"MD",1877,33,42111.27   
"MD",1877,34,80409.25   
"MD",1877,35,28582.47   
"MD",1877,36,177906.12  
"MD",1877,38,34060      
"MD",1877,39,72291.52   
"MD",1877,40,645275.69  
"MD",1877,41,289871.98  
"MD",1878,31,672604.25  
"MD",1878,32,73650      
"MD",1878,33,12355.61   
"MD",1878,34,152557.89  
"MD",1878,35,28177.25   
"MD",1878,36,307355.02  
"MD",1878,38,21760      
"MD",1878,39,227708.53  
"MD",1878,40,671664.13  
"MD",1878,41,318846.46  
"MD",1879,31,626332.38  
"MD",1879,32,87008      
"MD",1879,33,1084.79    
"MD",1879,34,155666.02  
"MD",1879,35,32790.21   
"MD",1879,36,194661.66  
"MD",1879,38,2400       
"MD",1879,39,50244.33   
"MD",1879,40,621695.84  
"MD",1881,31,630012.25  
"MD",1881,32,129250     
"MD",1881,33,11298.11   
"MD",1881,34,73973.68   
"MD",1881,35,28423.8    
"MD",1881,36,154042.91  
"MD",1881,38,540        
"MD",1881,39,40520.63   
"MD",1881,40,643340.27  
"MD",1881,41,43467.5    
"MD",1882,31,680404.16  
"MD",1882,32,89125      
"MD",1882,33,1168.61    
"MD",1882,34,72556.09   
"MD",1882,35,28572.77   
"MD",1882,36,301973.8   
"MD",1882,38,520        
"MD",1882,39,70436.58   
"MD",1882,40,620233.34  
"MD",1882,41,171982.51  
"MD",1883,31,593370.71  
"MD",1883,32,101075     
"MD",1883,33,12088.11   
"MD",1883,34,66069.11   
"MD",1883,35,28778.41   
"MD",1883,36,208663.95  
"MD",1883,38,520        
"MD",1883,39,64332.71   
"MD",1883,40,674601.99  
"MD",1884,31,640765.42  
"MD",1884,32,95450      
"MD",1884,33,6682.91    
"MD",1884,34,59875.96   
"MD",1884,35,27645.47   
"MD",1884,36,276905.65  
"MD",1884,38,12445      
"MD",1884,39,104525.26  
"MD",1884,40,578058.95  
"MD",1884,41,2070366.66 
"MD",1885,31,630661.43  
"MD",1885,32,103100     
"MD",1885,33,6013.31    
"MD",1885,34,72091.13   
"MD",1885,35,27121.02   
"MD",1885,36,147737.78  
"MD",1885,38,3056.47    
"MD",1885,39,152273.99  
"MD",1885,40,555466.28  
"MD",1885,41,498365.26  
"MD",1886,31,603439.16  
"MD",1886,32,88031.89   
"MD",1886,33,7088.11    
"MD",1886,34,81344.07   
"MD",1886,35,35412.72   
"MD",1886,36,292756.31  
"MD",1886,38,3809.93    
"MD",1886,39,164606.38  
"MD",1886,40,565544.09  
"MD",1886,41,276877.1   
"MD",1887,31,635170.54  
"MD",1887,32,122614.98  
"MD",1887,33,5448.11    
"MD",1887,34,107213.14  
"MD",1887,35,38317.68   
"MD",1887,36,185954.69  
"MD",1887,38,3437.24    
"MD",1887,39,88353.08   
"MD",1887,40,551836.38  
"MD",1887,41,631570.87  
"MD",1888,31,639484.08  
"MD",1888,32,127299.93  
"MD",1888,33,34448.11   
"MD",1888,34,143373.63  
"MD",1888,35,35222.6    
"MD",1888,36,308508.96  
"MD",1888,38,3098.2     
"MD",1888,39,115359.23  
"MD",1888,40,472837.5   
"MD",1888,41,130428     
"MD",1889,31,666949.36  
"MD",1889,32,159707.63  
"MD",1889,33,117813.11  
"MD",1889,34,110486.52  
"MD",1889,35,32610.64   
"MD",1889,36,186148.86  
"MD",1889,38,3110.22    
"MD",1889,39,85738.14   
"MD",1889,40,465957.14  
"MD",1889,41,272164.54  
"MD",1890,31,730621.77  
"MD",1890,32,127945.38  
"MD",1890,33,49628.11   
"MD",1890,34,123407.51  
"MD",1890,35,30676.94   
"MD",1890,36,670623.55  
"MD",1890,38,2990.38    
"MD",1890,39,132664.04  
"MD",1890,40,459496.35  
"MD",1890,41,3348431.98 
"MD",1891,31,745084.65  
"MD",1891,32,144048.46  
"MD",1891,33,448.11     
"MD",1891,34,121873.9   
"MD",1891,35,31841.51   
"MD",1891,36,568142.83  
"MD",1891,38,2394.47    
"MD",1891,39,100697.45  
"MD",1891,40,375175.72  
"MD",1891,41,861876.83  
"MD",1892,31,691384.98  
"MD",1892,32,145465.96  
"MD",1892,33,2335.61    
"MD",1892,34,155718.88  
"MD",1892,35,30986.66   
"MD",1892,36,708763.76  
"MD",1892,38,2646.76    
"MD",1892,39,183494.89  
"MD",1892,40,323596.39  
"MD",1892,41,818939.13  
"MD",1893,31,741729.97  
"MD",1893,32,170963.86  
"MD",1893,33,1650.36    
"MD",1893,34,121729.99  
"MD",1893,35,34672.67   
"MD",1893,36,591101.5   
"MD",1893,38,4161.11    
"MD",1893,39,148615.9   
"MD",1893,40,280089.61  
"MD",1893,41,340394.36  
"MD",1895,31,785377.69  
"MD",1895,32,188681.31  
"MD",1895,33,2760.22    
"MD",1895,34,138853.67  
"MD",1895,35,36577.96   
"MD",1895,36,643987.16  
"MD",1895,38,1336.92    
"MD",1895,39,81877.43   
"MD",1895,40,280049.56  
"MD",1895,41,282248.45  
"MD",1896,31,890388.1   
"MD",1896,32,281418.27  
"MD",1896,33,7648.04    
"MD",1896,34,105407.96  
"MD",1896,35,35646.92   
"MD",1896,36,769824.34  
"MD",1896,38,1366.77    
"MD",1896,39,153706.31  
"MD",1896,40,280049.56  
"MD",1896,41,402444.8   
"MD",1897,31,818831.2   
"MD",1897,32,228006.51  
"MD",1897,33,13130.41   
"MD",1897,34,130928.03  
"MD",1897,35,39757.7    
"MD",1897,36,642698.44  
"MD",1897,38,1762.02    
"MD",1897,39,111359.74  
"MD",1897,40,611295.86  
"MD",1897,41,360189.67  
"MD",1899,31,1153095.88 
"MD",1899,32,226806.03  
"MD",1899,33,33625.38   
"MD",1899,34,258361.25  
"MD",1899,35,42185.72   
"MD",1899,36,628444.66  
"MD",1899,38,1664.23    
"MD",1899,39,91327.1    
"MD",1899,40,238024.68  
"MD",1899,41,931049.14  
"MD",1900,31,1214999.19 
"MD",1900,32,233910.14  
"MD",1900,33,38169.74   
"MD",1900,34,128554.87  
"MD",1900,35,52249.35   
"MD",1900,36,832857.28  
"MD",1900,38,1349.35    
"MD",1900,39,169881.44  
"MD",1900,40,178779.78  
"MD",1900,41,607283.09  
"MD",1901,31,1097049.94 
"MD",1901,32,236700.43  
"MD",1901,33,27066.48   
"MD",1901,34,151835.18  
"MD",1901,35,47515.26   
"MD",1901,36,729321.09  
"MD",1901,38,80         
"MD",1901,39,102309.77  
"MD",1901,40,192279.78  
"MD",1901,41,512967.84  
"MD",1902,31,1135426.15 
"MD",1902,32,223536.04  
"MD",1902,33,42845.73   
"MD",1902,34,157658.98  
"MD",1902,35,50903.26   
"MD",1902,36,900682.72  
"MD",1902,38,80         
"MD",1902,39,149359.42  
"MD",1902,40,198279.78  
"MD",1902,41,534104.63  
"MD",1903,31,1222101.62 
"MD",1903,32,365154.41  
"MD",1903,33,41091.5    
"MD",1903,34,168019.481 
"MD",1903,35,57905.24   
"MD",1903,36,681724.21  
"MD",1903,38,10575.58   
"MD",1903,39,115027.52  
"MD",1903,40,210279.78  
"MD",1903,41,770954.68  
"MD",1904,31,1198437.95 
"MD",1904,32,386537.41  
"MD",1904,33,36258.51   
"MD",1904,34,188192.48  
"MD",1904,35,64910.86   
"MD",1904,36,959273.67  
"MD",1904,38,11347.92   
"MD",1904,39,182261.37  
"MD",1904,40,216057.78  
"MD",1904,41,805732.23  
"MD",1905,31,1639803.05 
"MD",1905,32,323396.62  
"MD",1905,33,44386.83   
"MD",1905,34,191867.26  
"MD",1905,35,60754.33   
"MD",1905,36,729439.23  
"MD",1905,38,37798.76   
"MD",1905,39,111113.67  
"MD",1905,40,244932.78  
"MD",1905,41,1026209.43 
"MD",1907,31,1734281.87 
"MD",1907,32,412349.99  
"MD",1907,33,117953.45  
"MD",1907,34,156027.4   
"MD",1907,35,122636.62  
"MD",1907,36,759652.3   
"MD",1907,38,34642.24   
"MD",1907,39,168768.75  
"MD",1907,40,190800.28  
"MD",1907,41,397750.07  
"MD",1909,31,2057153.7  
"MD",1909,32,493553.13  
"MD",1909,33,191828.16  
"MD",1909,34,243017.54  
"MD",1909,35,276446.6   
"MD",1909,36,1281225.78 
"MD",1909,38,50700.26   
"MD",1909,39,116985.22  
"MD",1909,40,196942.78  
"MD",1909,41,369834.22  
"MD",1910,31,1940090.82 
"MD",1910,32,514725     
"MD",1910,33,262241.95  
"MD",1910,34,192048.27  
"MD",1910,35,197694.75  
"MD",1910,36,1695950.69 
"MD",1910,38,52801.83   
"MD",1910,39,134022.77  
"MD",1910,40,222352.78  
"MD",1910,41,1073128.29 
"MD",1911,31,1626999.81 
"MD",1911,32,605808.21  
"MD",1911,33,221348.15  
"MD",1911,34,155091.58  
"MD",1911,35,191207.86  
"MD",1911,36,1518557.13 
"MD",1911,38,51498.71   
"MD",1911,39,100386.11  
"MD",1911,40,305242.78  
"MD",1911,41,3184593.63 
"MD",1912,31,1860039.77 
"MD",1912,32,834508.01  
"MD",1912,33,299731.65  
"MD",1912,34,177966.31  
"MD",1912,35,221647.46  
"MD",1912,36,1730350.25 
"MD",1912,38,50649.42   
"MD",1912,39,183273.03  
"MD",1912,40,367877.82  
"MD",1912,41,2753201.04 
"MD",1913,31,2044854.25 
"MD",1913,32,874309.19  
"MD",1913,33,425715.05  
"MD",1913,34,167490.39  
"MD",1913,35,287350.37  
"MD",1913,36,1470934.46 
"MD",1913,38,52815.89   
"MD",1913,39,180959.06  
"MD",1913,40,503662.86  
"MD",1913,41,4936764.56 
"MD",1914,31,2109170.54 
"MD",1914,32,851928.5   
"MD",1914,33,591770.08  
"MD",1914,34,183409.35  
"MD",1914,35,314973.33  
"MD",1914,36,1712244.72 
"MD",1914,38,53293.78   
"MD",1914,39,255370.61  
"MD",1914,40,587704.04  
"MD",1914,41,6199196.06 
                        
"MD",1811,345,2058.57   
"MD",1811,360,9219.51   
"MD",1811,398,141.51    
"MD",1811,399,3665.91   
"MD",1811,418,3324.15   
"MD",1812,311,3204      
"MD",1812,345,21683.07  
"MD",1812,360,12986.88  
"MD",1812,367,699.54    
"MD",1812,398,93.45     
"MD",1812,399,3855.48   
"MD",1812,418,3393.57   
"MD",1813,311,4500      
"MD",1813,345,163411.79 
"MD",1813,360,9800.23   
"MD",1813,367,988.68    
"MD",1813,398,95.83     
"MD",1813,399,4122.85   
"MD",1813,415,35000     
"MD",1813,418,3530.16   
"MD",1814,311,5900      
"MD",1814,345,84880.25  
"MD",1814,360,3075.51   
"MD",1814,363,8310.98   
"MD",1814,367,988.68    
"MD",1814,398,483.33    
"MD",1814,399,3879.39   
"MD",1814,400,5697.83   
"MD",1814,418,3949.35   
"MD",1815,311,4800      
"MD",1815,345,58132.39  
"MD",1815,360,2965.26   
"MD",1815,363,10005.35  
"MD",1815,367,988.68    
"MD",1815,398,343.33    
"MD",1815,399,38891.39  
"MD",1815,400,7287.83   
"MD",1815,418,4172.79   
"MD",1819,310,11900     
"MD",1819,321,14630     
"MD",1819,330,0         
"MD",1819,343,21648     
"MD",1819,361,35542     
"MD",1819,362,14150     
"MD",1819,363,35800     
"MD",1819,395,0         
"MD",1819,398,51521     
"MD",1819,400,0         
"MD",1819,411,0         
"MD",1821,311,12200     
"MD",1821,343,9800      
"MD",1821,345,19927.5   
"MD",1821,351,450       
"MD",1821,360,12353.33  
"MD",1821,363,35800     
"MD",1821,398,130       
"MD",1821,399,41833.33  
"MD",1821,400,2400      
"MD",1821,412,5900      
"MD",1821,413,40000     
"MD",1822,311,0         
"MD",1822,313,500       
"MD",1822,343,9800      
"MD",1822,345,1100      
"MD",1822,351,450       
"MD",1822,361,40450     
"MD",1822,362,7966.65   
"MD",1822,363,35800     
"MD",1822,365,3150      
"MD",1822,398,130       
"MD",1822,399,5500      
"MD",1822,400,10958.33  
"MD",1822,412,30000     
"MD",1822,413,47799.75  
"MD",1824,311,27498.36  
"MD",1824,322,5900      
"MD",1824,335,4575      
"MD",1824,343,8480.1    
"MD",1824,345,18527.82  
"MD",1824,351,263.62    
"MD",1824,360,11645.81  
"MD",1824,361,677       
"MD",1824,363,37255.62  
"MD",1824,369,275.93    
"MD",1824,398,113.33    
"MD",1824,399,59673.16  
"MD",1824,400,7932.45   
"MD",1825,311,25898.34  
"MD",1825,322,5900      
"MD",1825,335,9850      
"MD",1825,343,7999.6    
"MD",1825,345,15811.36  
"MD",1825,351,30        
"MD",1825,360,10619.84  
"MD",1825,361,642       
"MD",1825,363,34394.5   
"MD",1825,369,104.5     
"MD",1825,398,146.66    
"MD",1825,399,75662.58  
"MD",1825,402,5063.87   
"MD",1825,415,77800     
"MD",1825,418,80000     
"MD",1826,311,11433.32  
"MD",1826,315,500       
"MD",1826,336,1619.06   
"MD",1826,343,5795.85   
"MD",1826,344,8837.5    
"MD",1826,345,2389.42   
"MD",1826,360,8672.61   
"MD",1826,361,38382.28  
"MD",1826,362,2534.94   
"MD",1826,363,37290.12  
"MD",1826,367,1289.52   
"MD",1826,369,1900      
"MD",1826,381,12571.8   
"MD",1826,398,122.5     
"MD",1826,399,11738.51  
"MD",1826,402,2235.4    
"MD",1826,415,10000     
"MD",1826,418,20108.33  
"MD",1827,310,12200     
"MD",1827,321,15726     
"MD",1827,330,30000     
"MD",1827,343,20784     
"MD",1827,361,48754     
"MD",1827,362,12972     
"MD",1827,363,38540     
"MD",1827,395,1000      
"MD",1827,398,108793    
"MD",1827,400,3035      
"MD",1827,411,1605      
"MD",1827,415,38000     
"MD",1828,311,12999.98  
"MD",1828,315,500       
"MD",1828,316,200       
"MD",1828,335,61692.81  
"MD",1828,336,279.68    
"MD",1828,337,25000     
"MD",1828,343,12295     
"MD",1828,344,7225      
"MD",1828,345,2647.92   
"MD",1828,360,11448.48  
"MD",1828,361,43303.35  
"MD",1828,362,3375.28   
"MD",1828,363,38103.76  
"MD",1828,367,2621.94   
"MD",1828,369,315.03    
"MD",1828,381,15370.89  
"MD",1828,395,1000      
"MD",1828,398,107.5     
"MD",1828,399,20506.32  
"MD",1828,400,4497.17   
"MD",1828,402,2897.2    
"MD",1828,411,615       
"MD",1828,415,30000     
"MD",1829,311,12449.98  
"MD",1829,313,5500      
"MD",1829,315,500       
"MD",1829,316,195.25    
"MD",1829,322,742.52    
"MD",1829,335,17315.53  
"MD",1829,343,6000      
"MD",1829,344,7175      
"MD",1829,345,1876.09   
"MD",1829,360,11496.44  
"MD",1829,361,44768.66  
"MD",1829,362,2197.49   
"MD",1829,363,38058.7   
"MD",1829,367,1472.07   
"MD",1829,369,2754.17   
"MD",1829,381,14998.75  
"MD",1829,395,1000      
"MD",1829,398,75        
"MD",1829,399,4461.73   
"MD",1829,400,4848.58   
"MD",1829,402,4459.7    
"MD",1830,311,14099.98  
"MD",1830,313,5000      
"MD",1830,315,500       
"MD",1830,316,25        
"MD",1830,322,2310.59   
"MD",1830,335,20157.04  
"MD",1830,344,5873.36   
"MD",1830,345,1607.3    
"MD",1830,360,11066.04  
"MD",1830,361,37263.4   
"MD",1830,362,3367.58   
"MD",1830,363,38888.77  
"MD",1830,367,1330      
"MD",1830,369,39326.73  
"MD",1830,381,13502.92  
"MD",1830,398,50        
"MD",1830,399,4626.37   
"MD",1830,400,5018.68   
"MD",1830,402,6303.45   
"MD",1830,415,420500    
"MD",1831,311,13749.98  
"MD",1831,313,5000      
"MD",1831,315,500       
"MD",1831,316,578.98    
"MD",1831,322,2728.93   
"MD",1831,334,12500     
"MD",1831,335,14924.82  
"MD",1831,337,8811      
"MD",1831,344,5993.05   
"MD",1831,345,1974.5    
"MD",1831,360,10377.93  
"MD",1831,361,33870.68  
"MD",1831,362,2972.83   
"MD",1831,363,36785.29  
"MD",1831,367,1089.45   
"MD",1831,369,20236.26  
"MD",1831,381,14073.68  
"MD",1831,398,133.32    
"MD",1831,399,9610.6    
"MD",1831,400,5014.4    
"MD",1831,402,14629.47  
"MD",1831,415,72739     
"MD",1832,310,21700     
"MD",1832,321,15352     
"MD",1832,330,147500    
"MD",1832,343,0         
"MD",1832,361,48847     
"MD",1832,362,11477     
"MD",1832,363,39878     
"MD",1832,395,5000      
"MD",1832,398,313501    
"MD",1832,400,26173     
"MD",1832,411,500       
"MD",1832,415,41970     
"MD",1833,310,22000     
"MD",1833,321,15380     
"MD",1833,330,175000    
"MD",1833,343,0         
"MD",1833,361,51171     
"MD",1833,362,11361     
"MD",1833,363,38055     
"MD",1833,395,1200      
"MD",1833,398,163850    
"MD",1833,400,35202     
"MD",1833,411,13064     
"MD",1833,415,49653     
"MD",1834,310,23100     
"MD",1834,321,22563     
"MD",1834,330,12500     
"MD",1834,343,0         
"MD",1834,361,49586     
"MD",1834,362,13706     
"MD",1834,363,38274     
"MD",1834,395,4000      
"MD",1834,398,74244     
"MD",1834,400,53825     
"MD",1834,411,0         
"MD",1834,415,717500    
"MD",1835,310,23600     
"MD",1835,321,16946     
"MD",1835,330,1100000   
"MD",1835,343,15000     
"MD",1835,361,52801     
"MD",1835,362,15266     
"MD",1835,363,39391     
"MD",1835,395,7276      
"MD",1835,398,72770     
"MD",1835,400,100081    
"MD",1835,411,66725     
"MD",1835,415,45327     
"MD",1836,310,24100     
"MD",1836,321,16195     
"MD",1836,330,1650000   
"MD",1836,343,5000      
"MD",1836,361,80113     
"MD",1836,362,15914     
"MD",1836,363,38647     
"MD",1836,395,9461      
"MD",1836,398,91349     
"MD",1836,400,194975    
"MD",1836,411,4066      
"MD",1836,415,112800    
"MD",1837,311,19071.43  
"MD",1837,313,494.06    
"MD",1837,316,985.67    
"MD",1837,322,7198.26   
"MD",1837,334,250000    
"MD",1837,335,34136.27  
"MD",1837,344,6187.5    
"MD",1837,345,4043.52   
"MD",1837,360,14545.21  
"MD",1837,361,67832.81  
"MD",1837,363,39636.49  
"MD",1837,367,8338.66   
"MD",1837,369,199.28    
"MD",1837,381,15065.22  
"MD",1837,395,17556.25  
"MD",1837,398,99.99     
"MD",1837,399,32380.42  
"MD",1837,400,271535.97 
"MD",1837,413,30000     
"MD",1837,415,14233     
"MD",1837,418,20000     
"MD",1837,510,906387.25 
"MD",1838,311,18562.57  
"MD",1838,316,735.85    
"MD",1838,322,7376.05   
"MD",1838,335,4570.15   
"MD",1838,337,342000    
"MD",1838,344,8018.39   
"MD",1838,345,5350.64   
"MD",1838,360,14397.77  
"MD",1838,361,73345.26  
"MD",1838,363,38156.11  
"MD",1838,367,1287.5    
"MD",1838,369,416.92    
"MD",1838,381,13830.55  
"MD",1838,395,10807.75  
"MD",1838,398,199.99    
"MD",1838,399,54904.86  
"MD",1838,400,297647.42 
"MD",1838,415,2641354   
"MD",1838,418,20000     
"MD",1839,311,21366     
"MD",1839,316,899.31    
"MD",1839,322,7535.01   
"MD",1839,331,1509.08   
"MD",1839,335,1125.52   
"MD",1839,337,95000     
"MD",1839,344,8845.63   
"MD",1839,345,5162.65   
"MD",1839,360,13365.57  
"MD",1839,361,76541.18  
"MD",1839,363,38723.09  
"MD",1839,367,3370.31   
"MD",1839,369,2325      
"MD",1839,381,18579.99  
"MD",1839,395,15469.75  
"MD",1839,398,116.66    
"MD",1839,399,10065.12  
"MD",1839,400,291888.11 
"MD",1839,415,6244000   
"MD",1839,418,20000     
"MD",1840,311,19100     
"MD",1840,316,706.67    
"MD",1840,322,6777.31   
"MD",1840,335,10956.49  
"MD",1840,337,712165.23 
"MD",1840,343,25000     
"MD",1840,344,9532.67   
"MD",1840,345,2801      
"MD",1840,360,14682.43  
"MD",1840,361,60632.01  
"MD",1840,363,40522.35  
"MD",1840,367,572.5     
"MD",1840,369,335.03    
"MD",1840,381,13921.7   
"MD",1840,395,10643.61  
"MD",1840,398,66.66     
"MD",1840,399,23218.04  
"MD",1840,400,585819.24 
"MD",1840,415,62713     
"MD",1840,418,20000     
"MD",1841,311,52569.36  
"MD",1841,316,788.42    
"MD",1841,322,7373.47   
"MD",1841,335,4479.54   
"MD",1841,337,57732.1   
"MD",1841,343,10000     
"MD",1841,344,7800      
"MD",1841,345,2952.29   
"MD",1841,360,15441.22  
"MD",1841,361,67369.01  
"MD",1841,363,39102.28  
"MD",1841,369,198.41    
"MD",1841,381,12546.86  
"MD",1841,395,13040.55  
"MD",1841,398,66.66     
"MD",1841,399,9579.19   
"MD",1841,400,572452.67 
"MD",1841,415,46426     
"MD",1841,418,20000     
"MD",1842,311,40542.99  
"MD",1842,316,704.47    
"MD",1842,322,7078.94   
"MD",1842,335,2371.6    
"MD",1842,337,5405.64   
"MD",1842,343,10000     
"MD",1842,344,7800      
"MD",1842,345,2838.26   
"MD",1842,360,13242.03  
"MD",1842,361,53776.56  
"MD",1842,363,38492.43  
"MD",1842,369,358.77    
"MD",1842,381,12208.43  
"MD",1842,395,11642.86  
"MD",1842,398,66.66     
"MD",1842,399,28913.32  
"MD",1842,400,49506.42  
"MD",1842,411,10195.51  
"MD",1842,413,272994.52 
"MD",1842,418,7390.46   
"MD",1843,311,67295.73  
"MD",1843,316,675.79    
"MD",1843,322,6828.43   
"MD",1843,335,5807.7    
"MD",1843,337,4377.32   
"MD",1843,343,15000     
"MD",1843,344,7800      
"MD",1843,345,2057.12   
"MD",1843,360,11794.5   
"MD",1843,361,56702.74  
"MD",1843,363,39176.42  
"MD",1843,369,1501.17   
"MD",1843,381,10734     
"MD",1843,395,11218.76  
"MD",1843,398,216.66    
"MD",1843,399,19883.06  
"MD",1843,400,276696.99 
"MD",1843,413,128203.51 
"MD",1844,311,51069.36  
"MD",1844,316,550.31    
"MD",1844,322,6665.3    
"MD",1844,335,15469.61  
"MD",1844,337,1850.09   
"MD",1844,344,8143.9    
"MD",1844,345,1556.11   
"MD",1844,360,8687.01   
"MD",1844,361,56063.71  
"MD",1844,363,28491.67  
"MD",1844,369,1903.07   
"MD",1844,381,7754.55   
"MD",1844,395,10000     
"MD",1844,398,33.33     
"MD",1844,399,8405.2    
"MD",1844,400,364671.84 
"MD",1844,411,10900     
"MD",1845,311,52969.32  
"MD",1845,316,509.35    
"MD",1845,322,6392      
"MD",1845,335,15315.66  
"MD",1845,337,3855.21   
"MD",1845,344,8836.13   
"MD",1845,345,1788.34   
"MD",1845,360,11847.19  
"MD",1845,361,51460.45  
"MD",1845,363,40767.74  
"MD",1845,367,3899.86   
"MD",1845,369,5038.14   
"MD",1845,381,8705.54   
"MD",1845,395,11370     
"MD",1845,398,66.66     
"MD",1845,399,14842.74  
"MD",1845,400,710784.51 
"MD",1846,311,55935.32  
"MD",1846,316,771.45    
"MD",1846,322,1292.52   
"MD",1846,335,9894.11   
"MD",1846,337,8384.5    
"MD",1846,344,10172.99  
"MD",1846,345,1210      
"MD",1846,360,11694.84  
"MD",1846,361,49590.84  
"MD",1846,363,38138.93  
"MD",1846,367,3694.86   
"MD",1846,369,2559.36   
"MD",1846,381,7891.7    
"MD",1846,395,11476.27  
"MD",1846,398,66.66     
"MD",1846,399,24187.2   
"MD",1846,400,732289.99 
"MD",1846,415,16615     
"MD",1847,311,53601.32  
"MD",1847,316,618.65    
"MD",1847,322,1343.86   
"MD",1847,335,59371.59  
"MD",1847,337,4824.2    
"MD",1847,344,10000     
"MD",1847,345,1253.24   
"MD",1847,360,10893.41  
"MD",1847,361,48882.03  
"MD",1847,363,38251.33  
"MD",1847,367,3503.51   
"MD",1847,369,2422.15   
"MD",1847,381,7193.51   
"MD",1847,395,10892.73  
"MD",1847,399,14734.6   
"MD",1847,400,926666.74 
"MD",1848,311,53368.32  
"MD",1848,316,614.82    
"MD",1848,322,6481.72   
"MD",1848,335,20621.75  
"MD",1848,337,3904.84   
"MD",1848,343,11250     
"MD",1848,344,16996.33  
"MD",1848,345,1123.33   
"MD",1848,360,9647.19   
"MD",1848,361,50798.79  
"MD",1848,363,37831.46  
"MD",1848,367,5217.92   
"MD",1848,369,1340.16   
"MD",1848,381,6076.21   
"MD",1848,395,10726.78  
"MD",1848,399,25960.91  
"MD",1848,400,742331.6  
"MD",1848,401,8834.33   
"MD",1849,311,54168.36  
"MD",1849,316,967.46    
"MD",1849,322,1906.97   
"MD",1849,335,2153.63   
"MD",1849,337,3935.56   
"MD",1849,343,3750      
"MD",1849,344,22110.28  
"MD",1849,345,1083.87   
"MD",1849,360,10008.47  
"MD",1849,361,3237.75   
"MD",1849,363,38313.5   
"MD",1849,367,28.62     
"MD",1849,369,1528.14   
"MD",1849,381,5420.65   
"MD",1849,395,10631.11  
"MD",1849,399,11384.03  
"MD",1849,400,975863.76 
"MD",1850,311,55968.36  
"MD",1850,316,1187.3    
"MD",1850,322,2340.5    
"MD",1850,335,568.11    
"MD",1850,337,3950.83   
"MD",1850,343,30000     
"MD",1850,344,21393.66  
"MD",1850,345,1100      
"MD",1850,360,14614.97  
"MD",1850,361,56636.01  
"MD",1850,363,38815.5   
"MD",1850,367,1071.03   
"MD",1850,369,1454.03   
"MD",1850,381,5679.68   
"MD",1850,395,10828.5   
"MD",1850,399,30506.43  
"MD",1850,400,690846.36 
"MD",1850,418,500509.09 
"MD",1851,311,54868.36  
"MD",1851,316,481.38    
"MD",1851,322,2852.27   
"MD",1851,335,1381.27   
"MD",1851,337,6987.28   
"MD",1851,344,20881.93  
"MD",1851,345,1100      
"MD",1851,360,12131.61  
"MD",1851,361,854.66    
"MD",1851,363,38952     
"MD",1851,367,561.75    
"MD",1851,369,1259.99   
"MD",1851,381,5274.89   
"MD",1851,395,10396     
"MD",1851,398,128238.37 
"MD",1851,399,9494.3    
"MD",1851,400,813790.65 
"MD",1851,411,116211.44 
"MD",1852,311,55118.36  
"MD",1852,316,654.32    
"MD",1852,322,2555.4    
"MD",1852,335,763.11    
"MD",1852,337,6949.16   
"MD",1852,343,16000     
"MD",1852,344,20989.81  
"MD",1852,345,1016.64   
"MD",1852,360,15589.28  
"MD",1852,361,82982     
"MD",1852,362,5355.38   
"MD",1852,363,37568.98  
"MD",1852,365,1147.41   
"MD",1852,367,7493.06   
"MD",1852,369,14282.19  
"MD",1852,381,4935.99   
"MD",1852,395,9000      
"MD",1852,399,27712.91  
"MD",1852,400,1020544.72
"MD",1852,418,29800     
"MD",1853,311,47396.93  
"MD",1853,316,5026.1    
"MD",1853,322,1147.91   
"MD",1853,335,3107.98   
"MD",1853,337,3604.52   
"MD",1853,343,6000      
"MD",1853,344,14774.49  
"MD",1853,345,908.33    
"MD",1853,360,12231     
"MD",1853,361,76849.29  
"MD",1853,362,2702.74   
"MD",1853,363,30411.08  
"MD",1853,365,488.18    
"MD",1853,367,2812.57   
"MD",1853,369,25230.29  
"MD",1853,381,2834.16   
"MD",1853,395,6000      
"MD",1853,399,54294.29  
"MD",1853,400,431764.32 
"MD",1853,411,42407.21  
"MD",1853,418,55156.28  
"MD",1854,311,55018.36  
"MD",1854,316,4785.45   
"MD",1854,322,2184.36   
"MD",1854,335,25558.74  
"MD",1854,337,3773.68   
"MD",1854,343,8000      
"MD",1854,344,19564.07  
"MD",1854,345,825       
"MD",1854,360,19097.72  
"MD",1854,361,39411.22  
"MD",1854,362,4612.48   
"MD",1854,363,37346.5   
"MD",1854,365,1335.31   
"MD",1854,369,30866.31  
"MD",1854,381,3742.32   
"MD",1854,395,16000     
"MD",1854,399,28609.24  
"MD",1854,400,671628.09 
"MD",1854,411,132903.45 
"MD",1854,418,70318.91  
"MD",1855,311,58286.36  
"MD",1855,316,2578.3    
"MD",1855,322,2582.59   
"MD",1855,335,13671.1   
"MD",1855,337,7498.96   
"MD",1855,343,8000      
"MD",1855,344,19998.55  
"MD",1855,345,1150      
"MD",1855,360,18790     
"MD",1855,361,1707      
"MD",1855,362,4452.1    
"MD",1855,363,37927     
"MD",1855,365,472.17    
"MD",1855,367,1200      
"MD",1855,369,22298.03  
"MD",1855,381,3227.42   
"MD",1855,395,5000      
"MD",1855,399,4392      
"MD",1855,400,673740.8  
"MD",1855,411,98617.8   
"MD",1855,418,374.45    
"MD",1856,311,55019.36  
"MD",1856,316,1112.62   
"MD",1856,321,5000      
"MD",1856,322,2608.72   
"MD",1856,323,5000      
"MD",1856,335,828.11    
"MD",1856,337,6507.58   
"MD",1856,343,8000      
"MD",1856,344,19995.99  
"MD",1856,345,1255.55   
"MD",1856,360,17886.47  
"MD",1856,361,49958.06  
"MD",1856,362,3468.48   
"MD",1856,363,38472.17  
"MD",1856,365,5531.2    
"MD",1856,367,481.83    
"MD",1856,369,31075.6   
"MD",1856,381,4211.49   
"MD",1856,395,5000      
"MD",1856,399,56516.8   
"MD",1856,400,670269.69 
"MD",1856,411,56875.02  
"MD",1856,418,185433.31 
"MD",1857,311,58019.36  
"MD",1857,316,2222.37   
"MD",1857,321,10000     
"MD",1857,322,2152.14   
"MD",1857,323,10000     
"MD",1857,335,1202.11   
"MD",1857,337,3447.34   
"MD",1857,343,8000      
"MD",1857,344,21225.83  
"MD",1857,345,900       
"MD",1857,360,19949.99  
"MD",1857,361,100       
"MD",1857,362,2954.65   
"MD",1857,363,38240.15  
"MD",1857,365,1646.99   
"MD",1857,367,1294.66   
"MD",1857,369,21604.7   
"MD",1857,381,2360.87   
"MD",1857,395,10000     
"MD",1857,399,10480.41  
"MD",1857,400,670282.7  
"MD",1857,411,126224.78 
"MD",1857,418,236855.35 
"MD",1858,311,216748.62 
"MD",1858,313,6000      
"MD",1858,316,1126.06   
"MD",1858,321,10000     
"MD",1858,322,14364.34  
"MD",1858,323,12500     
"MD",1858,335,1011.11   
"MD",1858,336,500       
"MD",1858,337,11291.37  
"MD",1858,343,38000     
"MD",1858,344,22926.99  
"MD",1858,345,1261.66   
"MD",1858,360,19106.11  
"MD",1858,361,69386.32  
"MD",1858,362,8051.67   
"MD",1858,363,42688.13  
"MD",1858,365,1974.85   
"MD",1858,367,9954.3    
"MD",1858,369,24540.9   
"MD",1858,381,2246.33   
"MD",1858,395,5000      
"MD",1858,399,83501.89  
"MD",1858,400,665405.12 
"MD",1858,411,19312.49  
"MD",1858,418,8700      
"MD",1859,311,58519.36  
"MD",1859,313,6000      
"MD",1859,316,1184.31   
"MD",1859,321,13750     
"MD",1859,322,31820.39  
"MD",1859,323,7500      
"MD",1859,335,1724.41   
"MD",1859,336,2500      
"MD",1859,337,11058.11  
"MD",1859,343,28000     
"MD",1859,344,29671.95  
"MD",1859,345,1150      
"MD",1859,360,19541.56  
"MD",1859,362,4019.57   
"MD",1859,363,36932.24  
"MD",1859,365,1995.96   
"MD",1859,367,28702.97  
"MD",1859,369,14978.26  
"MD",1859,381,2152.44   
"MD",1859,395,5000      
"MD",1859,399,14151.31  
"MD",1859,400,667818.71 
"MD",1859,411,140598.07 
"MD",1859,418,600       
"MD",1860,311,60952.36  
"MD",1860,313,6000      
"MD",1860,316,2580.03   
"MD",1860,321,12500     
"MD",1860,322,14228.04  
"MD",1860,323,41666.67  
"MD",1860,335,959.11    
"MD",1860,336,7911.11   
"MD",1860,337,47895.87  
"MD",1860,343,8000      
"MD",1860,344,28660.49  
"MD",1860,345,32750     
"MD",1860,360,19714.78  
"MD",1860,361,98574.31  
"MD",1860,362,7237.99   
"MD",1860,363,37109.32  
"MD",1860,365,2545.58   
"MD",1860,367,8941.52   
"MD",1860,369,24142.22  
"MD",1860,381,2010      
"MD",1860,399,171560.44 
"MD",1860,400,664464.95 
"MD",1860,411,5638.29   
"MD",1861,311,59819.36  
"MD",1861,313,6000      
"MD",1861,316,2665.82   
"MD",1861,321,13750     
"MD",1861,322,8709.89   
"MD",1861,323,29166.66  
"MD",1861,335,951.11    
"MD",1861,336,2539.98   
"MD",1861,337,17370.94  
"MD",1861,343,23000     
"MD",1861,344,16835.58  
"MD",1861,345,34781.72  
"MD",1861,360,19540.07  
"MD",1861,361,58060.06  
"MD",1861,362,7962.48   
"MD",1861,363,36954.44  
"MD",1861,365,1167.69   
"MD",1861,367,4196.58   
"MD",1861,369,13716.97  
"MD",1861,381,1805      
"MD",1861,395,920       
"MD",1861,399,15109.4   
"MD",1861,400,668618.94 
"MD",1861,411,2713.72   
"MD",1863,311,54069.36  
"MD",1863,316,1354.76   
"MD",1863,321,7500      
"MD",1863,322,10987.21  
"MD",1863,323,12500     
"MD",1863,335,952.36    
"MD",1863,337,57399.83  
"MD",1863,343,18000     
"MD",1863,344,6574.2    
"MD",1863,345,2069.32   
"MD",1863,351,6000      
"MD",1863,360,17801.61  
"MD",1863,362,2018.32   
"MD",1863,363,36797.38  
"MD",1863,365,1497.22   
"MD",1863,367,2129.67   
"MD",1863,369,12503.39  
"MD",1863,381,1315.97   
"MD",1863,395,560       
"MD",1863,399,5476.88   
"MD",1863,400,743563.44 
"MD",1863,401,178955.38 
"MD",1863,418,106301.14 
"MD",1864,311,54260.26  
"MD",1864,313,6656.25   
"MD",1864,316,2182.62   
"MD",1864,321,21750     
"MD",1864,322,4577.16   
"MD",1864,325,1153.15   
"MD",1864,335,952.86    
"MD",1864,337,19544.74  
"MD",1864,343,23000     
"MD",1864,344,7991.85   
"MD",1864,345,1283980.75
"MD",1864,360,16091.66  
"MD",1864,361,88517.9   
"MD",1864,362,4080.53   
"MD",1864,363,36987.12  
"MD",1864,365,6212.28   
"MD",1864,367,10612.48  
"MD",1864,369,10903.49  
"MD",1864,381,1230      
"MD",1864,395,8000      
"MD",1864,398,6070.58   
"MD",1864,399,37906.15  
"MD",1864,400,736175.73 
"MD",1864,418,3093.05   
"MD",1865,311,67332.88  
"MD",1865,313,6000      
"MD",1865,316,2957.63   
"MD",1865,321,25000     
"MD",1865,322,11966.82  
"MD",1865,325,5262.39   
"MD",1865,335,953.11    
"MD",1865,337,93275.39  
"MD",1865,343,11000     
"MD",1865,344,12444.44  
"MD",1865,345,1791568.16
"MD",1865,351,92.44     
"MD",1865,360,21659.02  
"MD",1865,361,130550.69 
"MD",1865,362,7634.53   
"MD",1865,363,49273.9   
"MD",1865,364,444       
"MD",1865,365,1240.02   
"MD",1865,367,9182.46   
"MD",1865,369,8988.17   
"MD",1865,381,1200      
"MD",1865,398,120068.1  
"MD",1865,399,28210.16  
"MD",1865,400,718592.44 
"MD",1865,418,667.78    
"MD",1866,311,450632.36 
"MD",1866,313,33000     
"MD",1866,316,3816.17   
"MD",1866,321,32000     
"MD",1866,322,40975     
"MD",1866,325,770.83    
"MD",1866,335,994.11    
"MD",1866,336,150       
"MD",1866,337,137852.75 
"MD",1866,343,18000     
"MD",1866,344,18215     
"MD",1866,345,736256.14 
"MD",1866,351,2457.16   
"MD",1866,355,30000     
"MD",1866,356,591.65    
"MD",1866,361,70704.07  
"MD",1866,362,12296.38  
"MD",1866,363,65850.91  
"MD",1866,365,13084.45  
"MD",1866,367,20039.28  
"MD",1866,369,11941.87  
"MD",1866,381,1160      
"MD",1866,395,2247.77   
"MD",1866,399,52253.23  
"MD",1866,401,171454.19 
"MD",1866,402,535588.75 
"MD",1866,412,895033.64 
"MD",1866,418,33251.87  
"MD",1867,310,296.7     
"MD",1867,311,486571.45 
"MD",1867,313,124000    
"MD",1867,316,3647.35   
"MD",1867,321,17800     
"MD",1867,322,21950     
"MD",1867,325,5000      
"MD",1867,335,1042.61   
"MD",1867,337,52397.33  
"MD",1867,343,23000     
"MD",1867,344,18902.57  
"MD",1867,345,342850.99 
"MD",1867,351,2522.93   
"MD",1867,355,2746.94   
"MD",1867,356,600       
"MD",1867,361,159355.43 
"MD",1867,362,12921.66  
"MD",1867,363,69086.62  
"MD",1867,365,12853.23  
"MD",1867,367,6212.45   
"MD",1867,369,17779.65  
"MD",1867,381,22620     
"MD",1867,395,104099.7  
"MD",1867,398,109535.33 
"MD",1867,399,91787.06  
"MD",1867,401,199579.78 
"MD",1867,402,532549.49 
"MD",1867,412,27905.52  
"MD",1867,413,101300    
"MD",1867,418,2940.45   
"MD",1868,310,633       
"MD",1868,311,520493.57 
"MD",1868,313,34663.6   
"MD",1868,316,2969.17   
"MD",1868,321,47300     
"MD",1868,322,60656     
"MD",1868,323,83000     
"MD",1868,335,5993.61   
"MD",1868,336,134.43    
"MD",1868,337,122685.66 
"MD",1868,343,38000     
"MD",1868,344,28835.35  
"MD",1868,345,1082495.45
"MD",1868,351,27327.99  
"MD",1868,355,560.29    
"MD",1868,356,600       
"MD",1868,361,156973.44 
"MD",1868,362,12986.68  
"MD",1868,363,82197.21  
"MD",1868,365,13742.87  
"MD",1868,367,60210.68  
"MD",1868,368,1171.77   
"MD",1868,369,15674.6   
"MD",1868,381,104840    
"MD",1868,395,32522.35  
"MD",1868,398,2147.85   
"MD",1868,399,172588.43 
"MD",1868,401,182988.27 
"MD",1868,402,511139.47 
"MD",1868,412,14124.08  
"MD",1868,413,379078.33 
"MD",1868,418,10958.59  
"MD",1869,310,360       
"MD",1869,311,89719.36  
"MD",1869,313,37410     
"MD",1869,316,5345.56   
"MD",1869,321,22300     
"MD",1869,322,46866.66  
"MD",1869,323,96500     
"MD",1869,335,3493.04   
"MD",1869,337,185725.06 
"MD",1869,343,33000     
"MD",1869,344,21104.24  
"MD",1869,345,716341.06 
"MD",1869,351,1666      
"MD",1869,355,495.91    
"MD",1869,356,600       
"MD",1869,361,31735.25  
"MD",1869,362,13428.68  
"MD",1869,363,100186.65 
"MD",1869,365,417987.62 
"MD",1869,367,46528.04  
"MD",1869,368,2500      
"MD",1869,369,19763.57  
"MD",1869,381,118350    
"MD",1869,395,38186.8   
"MD",1869,399,19065.9   
"MD",1869,401,318705.76 
"MD",1869,402,503483.46 
"MD",1869,412,4088.55   
"MD",1869,413,140380    
"MD",1869,418,3984.01   
"MD",1870,310,250       
"MD",1870,311,496527.01 
"MD",1870,313,10969.18  
"MD",1870,316,2992.31   
"MD",1870,321,28100     
"MD",1870,322,46550     
"MD",1870,323,21500     
"MD",1870,335,2434.86   
"MD",1870,337,56329.38  
"MD",1870,343,48000     
"MD",1870,344,23944.82  
"MD",1870,345,294237.31 
"MD",1870,351,3810.68   
"MD",1870,356,550       
"MD",1870,361,175929.6  
"MD",1870,362,12297.53  
"MD",1870,363,93144.09  
"MD",1870,365,13165.4   
"MD",1870,367,127477.78 
"MD",1870,368,2500      
"MD",1870,369,23347.89  
"MD",1870,381,89660     
"MD",1870,395,37381.79  
"MD",1870,399,36112.4   
"MD",1870,401,301953.81 
"MD",1870,402,498507    
"MD",1870,412,2263      
"MD",1870,413,25133.33  
"MD",1871,310,932.5     
"MD",1871,311,77759.36  
"MD",1871,313,41138.97  
"MD",1871,316,9898.17   
"MD",1871,321,25300     
"MD",1871,322,123500    
"MD",1871,323,1500      
"MD",1871,335,942.96    
"MD",1871,337,156210.86 
"MD",1871,343,51000     
"MD",1871,344,20798.96  
"MD",1871,345,88418.48  
"MD",1871,351,14560.33  
"MD",1871,355,733.31    
"MD",1871,356,650       
"MD",1871,361,2789      
"MD",1871,362,13664.14  
"MD",1871,363,88036.14  
"MD",1871,365,434011.59 
"MD",1871,366,68.28     
"MD",1871,367,6752.5    
"MD",1871,369,19299.1   
"MD",1871,381,67180     
"MD",1871,395,23675.29  
"MD",1871,399,11743.82  
"MD",1871,401,291909.13 
"MD",1871,402,493590.56 
"MD",1871,418,616238.66 
"MD",1873,310,822.5     
"MD",1873,311,513731.24 
"MD",1873,313,49771.92  
"MD",1873,316,4619.57   
"MD",1873,321,20550     
"MD",1873,322,58000     
"MD",1873,323,2500      
"MD",1873,335,880.11    
"MD",1873,337,152890.7  
"MD",1873,343,39000     
"MD",1873,344,22629.73  
"MD",1873,345,40616.72  
"MD",1873,351,5177.74   
"MD",1873,355,155.5     
"MD",1873,356,2500      
"MD",1873,360,1200      
"MD",1873,361,1045      
"MD",1873,362,10997.71  
"MD",1873,363,88977.42  
"MD",1873,365,16412.05  
"MD",1873,367,7598.49   
"MD",1873,369,9118.94   
"MD",1873,381,49200     
"MD",1873,395,24770.75  
"MD",1873,399,7035.21   
"MD",1873,401,305774.76 
"MD",1873,402,396134.53 
"MD",1873,412,1631.75   
"MD",1873,418,453296.02 
"MD",1874,310,963.9     
"MD",1874,311,509252.89 
"MD",1874,313,168633.25 
"MD",1874,316,4596      
"MD",1874,321,20550     
"MD",1874,322,181000    
"MD",1874,323,3500      
"MD",1874,335,6779.08   
"MD",1874,337,111000    
"MD",1874,343,26575     
"MD",1874,344,23422.86  
"MD",1874,345,50158.77  
"MD",1874,351,11026.37  
"MD",1874,355,466.5     
"MD",1874,356,2200      
"MD",1874,361,191752.67 
"MD",1874,362,15015.18  
"MD",1874,363,93583.66  
"MD",1874,365,21860.73  
"MD",1874,366,740       
"MD",1874,367,10038.17  
"MD",1874,369,7300.66   
"MD",1874,381,44860     
"MD",1874,395,36882.97  
"MD",1874,399,101003.72 
"MD",1874,401,307634    
"MD",1874,402,320109.97 
"MD",1874,418,1000      
"MD",1875,310,912.25    
"MD",1875,311,661062.89 
"MD",1875,313,53055.4   
"MD",1875,316,5275.85   
"MD",1875,321,31850     
"MD",1875,322,93750     
"MD",1875,323,3500      
"MD",1875,335,4030.56   
"MD",1875,343,24250     
"MD",1875,344,23656.3   
"MD",1875,345,34225.79  
"MD",1875,351,16807.25  
"MD",1875,355,311       
"MD",1875,356,4212.3    
"MD",1875,361,600       
"MD",1875,362,15320.3   
"MD",1875,363,92365.11  
"MD",1875,365,25914.1   
"MD",1875,366,941.81    
"MD",1875,367,8125.59   
"MD",1875,369,10750.16  
"MD",1875,381,40320     
"MD",1875,395,69484.87  
"MD",1875,399,16856.45  
"MD",1875,401,340717.32 
"MD",1875,402,417157.04 
"MD",1875,411,394148.31 
"MD",1875,412,45474.81  
"MD",1875,418,1000      
"MD",1876,310,1004      
"MD",1876,311,647642.47 
"MD",1876,313,47711.04  
"MD",1876,316,2891.36   
"MD",1876,321,17300     
"MD",1876,322,48250     
"MD",1876,335,21204.73  
"MD",1876,343,154641.8  
"MD",1876,344,32694.9   
"MD",1876,345,20114.9   
"MD",1876,351,27800.7   
"MD",1876,355,311       
"MD",1876,356,2970.56   
"MD",1876,361,120698.01 
"MD",1876,362,11116.2   
"MD",1876,363,91611.07  
"MD",1876,365,16751.19  
"MD",1876,366,33.3      
"MD",1876,367,6715.78   
"MD",1876,368,625       
"MD",1876,369,78973.33  
"MD",1876,381,36040     
"MD",1876,395,48368     
"MD",1876,399,86793.23  
"MD",1876,401,340387.54 
"MD",1876,402,253536.35 
"MD",1876,412,169662.98 
"MD",1876,418,388561.22 
"MD",1877,310,999       
"MD",1877,311,588319.84 
"MD",1877,313,40713     
"MD",1877,316,4606.75   
"MD",1877,321,15000     
"MD",1877,322,92500     
"MD",1877,334,5000      
"MD",1877,335,37111.27  
"MD",1877,343,32910     
"MD",1877,344,27493.74  
"MD",1877,345,20005.51  
"MD",1877,351,25680.38  
"MD",1877,356,2902.09   
"MD",1877,361,1797.45   
"MD",1877,362,13149.56  
"MD",1877,363,92541.75  
"MD",1877,365,16395.17  
"MD",1877,367,33219.57  
"MD",1877,369,20802.62  
"MD",1877,381,34060     
"MD",1877,395,50636.76  
"MD",1877,399,21654.76  
"MD",1877,401,324497.12 
"MD",1877,402,320778.57 
"MD",1877,412,68695.63  
"MD",1877,418,221176.35 
"MD",1878,310,931.75    
"MD",1878,311,622610.68 
"MD",1878,313,45433.44  
"MD",1878,316,3628.38   
"MD",1878,321,18525     
"MD",1878,322,42625     
"MD",1878,323,12500     
"MD",1878,335,2855.61   
"MD",1878,336,9500      
"MD",1878,342,480       
"MD",1878,343,85026.52  
"MD",1878,344,25546.64  
"MD",1878,345,41504.73  
"MD",1878,351,23923.95  
"MD",1878,355,622       
"MD",1878,356,3631.3    
"MD",1878,361,155239.54 
"MD",1878,362,15272.09  
"MD",1878,363,94468.84  
"MD",1878,364,500       
"MD",1878,365,18402.58  
"MD",1878,367,14317.65  
"MD",1878,369,9154.32   
"MD",1878,381,21760     
"MD",1878,395,41683.86  
"MD",1878,399,186024.67 
"MD",1878,401,339692.02 
"MD",1878,402,326347.11 
"MD",1878,403,5625      
"MD",1878,412,125200    
"MD",1878,418,193646.46 
"MD",1879,310,984.35    
"MD",1879,311,585459.81 
"MD",1879,313,34815.81  
"MD",1879,316,5072.41   
"MD",1879,321,13758     
"MD",1879,322,54500     
"MD",1879,323,18750     
"MD",1879,335,1084.79   
"MD",1879,343,98916.57  
"MD",1879,344,22208.8   
"MD",1879,345,34540.65  
"MD",1879,351,28178.57  
"MD",1879,355,311       
"MD",1879,356,4300.64   
"MD",1879,360,1000      
"MD",1879,361,675       
"MD",1879,362,11741.2   
"MD",1879,363,94924.45  
"MD",1879,365,20096.21  
"MD",1879,367,61774.73  
"MD",1879,369,4450.07   
"MD",1879,381,2400      
"MD",1879,395,46538.76  
"MD",1879,399,3705.57   
"MD",1879,401,321793.24 
"MD",1879,402,273652.6  
"MD",1879,403,26250     
"MD",1881,310,1220.75   
"MD",1881,311,605650.9  
"MD",1881,313,21052.42  
"MD",1881,316,2088.18   
"MD",1881,321,53250     
"MD",1881,322,61000     
"MD",1881,323,15000     
"MD",1881,334,10000     
"MD",1881,335,1298.11   
"MD",1881,343,42600     
"MD",1881,344,19295.93  
"MD",1881,345,12077.75  
"MD",1881,351,24433.92  
"MD",1881,355,500       
"MD",1881,356,3489.88   
"MD",1881,361,1600      
"MD",1881,362,10533.81  
"MD",1881,363,103425.3  
"MD",1881,365,22914.61  
"MD",1881,367,7962.49   
"MD",1881,369,7606.7    
"MD",1881,381,540       
"MD",1881,395,38403.62  
"MD",1881,399,2117.01   
"MD",1881,401,324030.47 
"MD",1881,402,289309.8  
"MD",1881,403,30000     
"MD",1881,411,19467.5   
"MD",1881,418,24000     
"MD",1882,310,855.34    
"MD",1882,311,659799.37 
"MD",1882,313,14949.15  
"MD",1882,316,4800.3    
"MD",1882,321,24750     
"MD",1882,322,53125     
"MD",1882,323,11250     
"MD",1882,334,70.5      
"MD",1882,335,1098.11   
"MD",1882,343,44402.08  
"MD",1882,344,16142.12  
"MD",1882,345,12011.89  
"MD",1882,351,21759.65  
"MD",1882,355,500       
"MD",1882,356,6313.12   
"MD",1882,361,134213.44 
"MD",1882,362,11114.5   
"MD",1882,363,92449.56  
"MD",1882,364,11123     
"MD",1882,365,19084.86  
"MD",1882,366,464.2     
"MD",1882,367,20470.01  
"MD",1882,369,13054.23  
"MD",1882,381,520       
"MD",1882,395,39070.59  
"MD",1882,398,5250.9    
"MD",1882,399,26115.09  
"MD",1882,401,327060.63 
"MD",1882,402,263172.71 
"MD",1882,403,30000     
"MD",1882,411,171982.51 
"MD",1883,310,440       
"MD",1883,311,563739.53 
"MD",1883,313,22636.33  
"MD",1883,316,4554.85   
"MD",1883,317,2000      
"MD",1883,321,25950     
"MD",1883,322,51125     
"MD",1883,323,24000     
"MD",1883,334,10000     
"MD",1883,335,2088.11   
"MD",1883,343,37190     
"MD",1883,344,15652.9   
"MD",1883,345,13226.21  
"MD",1883,351,24065.63  
"MD",1883,355,500       
"MD",1883,356,4212.78   
"MD",1883,361,650       
"MD",1883,362,14596.11  
"MD",1883,363,96042     
"MD",1883,364,44164.3   
"MD",1883,365,21910.49  
"MD",1883,367,23258.32  
"MD",1883,369,8042.73   
"MD",1883,381,520       
"MD",1883,395,54114.13  
"MD",1883,398,86.67     
"MD",1883,399,10131.91  
"MD",1883,401,334734.04 
"MD",1883,402,309867.95 
"MD",1883,403,30000     
"MD",1884,310,1157.13   
"MD",1884,311,605856.43 
"MD",1884,313,27707.01  
"MD",1884,316,5044.85   
"MD",1884,317,1000      
"MD",1884,321,28450     
"MD",1884,322,43250     
"MD",1884,323,23750     
"MD",1884,334,5000      
"MD",1884,335,448.11    
"MD",1884,336,1234.8    
"MD",1884,343,28750     
"MD",1884,344,17351.15  
"MD",1884,345,13774.81  
"MD",1884,351,22431.04  
"MD",1884,355,500       
"MD",1884,356,4714.43   
"MD",1884,361,118319.94 
"MD",1884,362,15691.69  
"MD",1884,363,94273.2   
"MD",1884,364,1516      
"MD",1884,365,23974.8   
"MD",1884,367,14591.93  
"MD",1884,368,800       
"MD",1884,369,7738.09   
"MD",1884,381,520       
"MD",1884,382,11925     
"MD",1884,395,77704.83  
"MD",1884,399,26820.43  
"MD",1884,401,289481.19 
"MD",1884,402,258577.76 
"MD",1884,403,30000     
"MD",1884,411,71280     
"MD",1884,418,1999086.66
"MD",1885,310,982.71    
"MD",1885,311,604264    
"MD",1885,313,17714.72  
"MD",1885,316,5700      
"MD",1885,317,2000      
"MD",1885,321,25350     
"MD",1885,322,51000     
"MD",1885,323,26750     
"MD",1885,334,5000      
"MD",1885,335,448.11    
"MD",1885,336,565.2     
"MD",1885,343,41250     
"MD",1885,344,15949.8   
"MD",1885,345,14891.33  
"MD",1885,351,22911.24  
"MD",1885,355,500       
"MD",1885,356,3709.78   
"MD",1885,361,750       
"MD",1885,362,12731.85  
"MD",1885,363,95294.54  
"MD",1885,364,485.5     
"MD",1885,365,21904.54  
"MD",1885,367,10093.47  
"MD",1885,368,2919      
"MD",1885,369,3558.88   
"MD",1885,381,3056.47   
"MD",1885,395,142089.56 
"MD",1885,399,10184.43  
"MD",1885,401,244478.48 
"MD",1885,402,280987.8  
"MD",1885,403,30000     
"MD",1885,411,493365.26 
"MD",1885,418,5000      
"MD",1886,310,999.94    
"MD",1886,311,578224.5  
"MD",1886,313,17714.72  
"MD",1886,316,4500      
"MD",1886,317,2000      
"MD",1886,321,24950     
"MD",1886,322,44081.89  
"MD",1886,323,19000     
"MD",1886,334,5000      
"MD",1886,335,2088.11   
"MD",1886,343,50719.53  
"MD",1886,344,15578.87  
"MD",1886,345,15045.67  
"MD",1886,351,29911.61  
"MD",1886,355,500       
"MD",1886,356,5001.11   
"MD",1886,361,127638.42 
"MD",1886,362,14638.93  
"MD",1886,363,102904.31 
"MD",1886,365,23548.29  
"MD",1886,366,532.5     
"MD",1886,367,9628.96   
"MD",1886,368,4574      
"MD",1886,369,9290.9    
"MD",1886,381,3809.93   
"MD",1886,395,121600.62 
"MD",1886,399,43005.76  
"MD",1886,401,248380.91 
"MD",1886,402,287163.18 
"MD",1886,403,30000     
"MD",1886,411,264577.1  
"MD",1886,418,12300     
"MD",1887,310,951.09    
"MD",1887,311,607392.85 
"MD",1887,313,20164.6   
"MD",1887,316,4662      
"MD",1887,317,2000      
"MD",1887,321,36600     
"MD",1887,322,49255.82  
"MD",1887,323,36759.16  
"MD",1887,334,5000      
"MD",1887,335,448.11    
"MD",1887,342,575.75    
"MD",1887,343,41000     
"MD",1887,344,15201.5   
"MD",1887,345,50435.89  
"MD",1887,351,33099.67  
"MD",1887,355,500       
"MD",1887,356,4718.01   
"MD",1887,361,600       
"MD",1887,362,14293.47  
"MD",1887,363,102131.66 
"MD",1887,365,27297.06  
"MD",1887,366,1721.75   
"MD",1887,367,30431.98  
"MD",1887,368,2320      
"MD",1887,369,7158.77   
"MD",1887,381,3437.24   
"MD",1887,395,82221.88  
"MD",1887,399,6131.2    
"MD",1887,400,18850.64  
"MD",1887,401,242033.63 
"MD",1887,402,260952.11 
"MD",1887,403,30000     
"MD",1887,411,301826.87 
"MD",1887,418,329744    
"MD",1888,310,998.9     
"MD",1888,311,609115.8  
"MD",1888,313,22894.38  
"MD",1888,316,4475      
"MD",1888,317,2000      
"MD",1888,321,51250     
"MD",1888,322,49287.29  
"MD",1888,323,26762.64  
"MD",1888,334,9000      
"MD",1888,335,448.11    
"MD",1888,337,25000     
"MD",1888,343,87822.5   
"MD",1888,344,14506.98  
"MD",1888,345,41044.15  
"MD",1888,351,29725.05  
"MD",1888,355,500       
"MD",1888,356,4997.55   
"MD",1888,361,138264.24 
"MD",1888,362,16173.68  
"MD",1888,363,81225.78  
"MD",1888,365,27796.21  
"MD",1888,367,33828.23  
"MD",1888,368,4866.28   
"MD",1888,369,6354.54   
"MD",1888,381,3098.2    
"MD",1888,395,82913.13  
"MD",1888,399,32446.1   
"MD",1888,400,56964.86  
"MD",1888,401,151115.57 
"MD",1888,402,234757.07 
"MD",1888,403,30000     
"MD",1888,418,130428    
"MD",1889,310,758.07    
"MD",1889,311,629563.14 
"MD",1889,313,32465.15  
"MD",1889,316,2163      
"MD",1889,317,2000      
"MD",1889,321,36000     
"MD",1889,322,58250     
"MD",1889,323,59457.63  
"MD",1889,325,6000      
"MD",1889,334,45000     
"MD",1889,335,2513.11   
"MD",1889,337,70300     
"MD",1889,343,47326.6   
"MD",1889,344,14449.46  
"MD",1889,345,48710.46  
"MD",1889,351,26945.61  
"MD",1889,355,500       
"MD",1889,356,5165.03   
"MD",1889,360,339.5     
"MD",1889,361,612       
"MD",1889,362,13000     
"MD",1889,363,97663.25  
"MD",1889,364,500       
"MD",1889,365,24944.59  
"MD",1889,367,29671.74  
"MD",1889,368,5001.4    
"MD",1889,369,14416.38  
"MD",1889,381,3110.22   
"MD",1889,395,78306.09  
"MD",1889,399,7432.05   
"MD",1889,400,56964.86  
"MD",1889,401,132150.22 
"MD",1889,402,246842.06 
"MD",1889,403,30000     
"MD",1889,411,265471.29 
"MD",1889,413,3043.13   
"MD",1889,418,3650.12   
"MD",1890,310,940.9     
"MD",1890,311,694830.7  
"MD",1890,313,28746.44  
"MD",1890,316,4103.73   
"MD",1890,317,2000      
"MD",1890,321,30500     
"MD",1890,322,53250     
"MD",1890,323,39195.38  
"MD",1890,325,5000      
"MD",1890,334,6000      
"MD",1890,335,448.11    
"MD",1890,336,1000      
"MD",1890,337,42180     
"MD",1890,343,69457.3   
"MD",1890,344,12710.19  
"MD",1890,345,41240.02  
"MD",1890,351,23641.72  
"MD",1890,355,500       
"MD",1890,356,6535.22   
"MD",1890,360,27371.01  
"MD",1890,361,131201.91 
"MD",1890,362,7500      
"MD",1890,363,103288.27 
"MD",1890,365,7266.09   
"MD",1890,367,25733.24  
"MD",1890,368,5645.39   
"MD",1890,369,362617.64 
"MD",1890,381,2990.38   
"MD",1890,395,85955.91  
"MD",1890,399,46708.13  
"MD",1890,400,167981.36 
"MD",1890,401,109500    
"MD",1890,402,152014.99 
"MD",1890,403,30000     
"MD",1890,411,11700.62  
"MD",1890,413,1907.77   
"MD",1890,418,3334823.59
"MD",1891,310,1376.19   
"MD",1891,311,703973.4  
"MD",1891,313,31688.79  
"MD",1891,316,6046.27   
"MD",1891,317,2000      
"MD",1891,321,40000     
"MD",1891,322,58250     
"MD",1891,323,40798.46  
"MD",1891,325,5000      
"MD",1891,335,448.11    
"MD",1891,342,286.19    
"MD",1891,343,86200     
"MD",1891,344,5298.64   
"MD",1891,345,30089.07  
"MD",1891,351,23006.75  
"MD",1891,355,500       
"MD",1891,356,8334.76   
"MD",1891,360,28659.97  
"MD",1891,362,7000      
"MD",1891,363,101655.8  
"MD",1891,365,8010.76   
"MD",1891,367,5582.87   
"MD",1891,368,5617.83   
"MD",1891,369,411615.6  
"MD",1891,381,2394.47   
"MD",1891,395,88645.81  
"MD",1891,399,12051.64  
"MD",1891,400,186615.86 
"MD",1891,401,123095.06 
"MD",1891,402,35464.8   
"MD",1891,403,30000     
"MD",1891,411,450752.56 
"MD",1891,413,1612.36   
"MD",1891,418,409511.91 
"MD",1892,310,990.35    
"MD",1892,311,656079.87 
"MD",1892,313,31635.29  
"MD",1892,316,380.82    
"MD",1892,317,2298.65   
"MD",1892,321,42750     
"MD",1892,322,59000     
"MD",1892,323,38715.96  
"MD",1892,325,5000      
"MD",1892,335,2285.61   
"MD",1892,336,50        
"MD",1892,343,101080    
"MD",1892,344,5546.8    
"MD",1892,345,49092.08  
"MD",1892,351,23504.45  
"MD",1892,355,500       
"MD",1892,356,6982.21   
"MD",1892,360,29489.92  
"MD",1892,361,141938.37 
"MD",1892,362,7500      
"MD",1892,363,105734.24 
"MD",1892,365,9782.17   
"MD",1892,367,15980.53  
"MD",1892,368,5172.7    
"MD",1892,369,393165.83 
"MD",1892,381,2646.76   
"MD",1892,395,94665.11  
"MD",1892,399,88829.78  
"MD",1892,400,187684.06 
"MD",1892,401,116922.88 
"MD",1892,402,3989.45   
"MD",1892,403,15000     
"MD",1892,411,404387.58 
"MD",1892,413,8538.85   
"MD",1892,418,406012.7  
"MD",1893,310,993.3     
"MD",1893,311,701651.22 
"MD",1893,313,34048.92  
"MD",1893,316,3036.53   
"MD",1893,317,2000      
"MD",1893,321,38000     
"MD",1893,322,60375     
"MD",1893,323,65088.86  
"MD",1893,325,7500      
"MD",1893,335,448.11    
"MD",1893,336,1202.25   
"MD",1893,343,81497.45  
"MD",1893,344,4528.5    
"MD",1893,345,35704.04  
"MD",1893,351,26139.64  
"MD",1893,355,375       
"MD",1893,356,7179.37   
"MD",1893,357,978.66    
"MD",1893,360,34575.8   
"MD",1893,361,350       
"MD",1893,362,10000     
"MD",1893,363,125405.36 
"MD",1893,365,9017.02   
"MD",1893,367,11301.67  
"MD",1893,368,5274.51   
"MD",1893,369,395177.14 
"MD",1893,381,4161.11   
"MD",1893,395,112302.03 
"MD",1893,399,36313.87  
"MD",1893,400,170549.56 
"MD",1893,401,109540.05 
"MD",1893,411,324246.35 
"MD",1893,418,16148.01  
"MD",1895,310,914.24    
"MD",1895,311,731154.38 
"MD",1895,313,46848.29  
"MD",1895,316,3460.78   
"MD",1895,317,3000      
"MD",1895,321,37500     
"MD",1895,322,64250     
"MD",1895,323,76431.31  
"MD",1895,325,10500     
"MD",1895,335,1227.32   
"MD",1895,336,1532.9    
"MD",1895,342,5510      
"MD",1895,343,80640     
"MD",1895,344,3927.54   
"MD",1895,345,48776.13  
"MD",1895,351,25259.3   
"MD",1895,355,500       
"MD",1895,356,9547.56   
"MD",1895,357,1271.1    
"MD",1895,360,36185.83  
"MD",1895,361,750       
"MD",1895,362,12100     
"MD",1895,363,136598.48 
"MD",1895,364,823.5     
"MD",1895,365,14332.26  
"MD",1895,367,21938.14  
"MD",1895,368,5073.35   
"MD",1895,369,416185.6  
"MD",1895,381,1336.92   
"MD",1895,395,78103.43  
"MD",1895,399,3774      
"MD",1895,400,170549.56 
"MD",1895,401,109500    
"MD",1895,411,282248.45 
"MD",1896,310,996.01    
"MD",1896,311,842001.35 
"MD",1896,313,42842.29  
"MD",1896,316,1724.62   
"MD",1896,317,2823.83   
"MD",1896,321,48500     
"MD",1896,322,63500     
"MD",1896,323,161918.27 
"MD",1896,325,7500      
"MD",1896,335,548.11    
"MD",1896,336,7099.93   
"MD",1896,342,7156.43   
"MD",1896,343,51980     
"MD",1896,344,3929.05   
"MD",1896,345,42342.48  
"MD",1896,351,26125.42  
"MD",1896,355,500       
"MD",1896,356,6843.04   
"MD",1896,357,2178.46   
"MD",1896,360,34939.68  
"MD",1896,361,145245.48 
"MD",1896,362,12715.72  
"MD",1896,363,140284.9  
"MD",1896,364,1996      
"MD",1896,365,8056.98   
"MD",1896,367,14178.08  
"MD",1896,368,5003.5    
"MD",1896,369,407404    
"MD",1896,381,1366.77   
"MD",1896,395,90354.19  
"MD",1896,399,63352.12  
"MD",1896,400,170549.56 
"MD",1896,401,109500    
"MD",1896,411,199635    
"MD",1896,412,201364.8  
"MD",1896,418,1445      
"MD",1897,310,991.4     
"MD",1897,311,748952.65 
"MD",1897,313,55057.29  
"MD",1897,316,365.08    
"MD",1897,317,13464.78  
"MD",1897,321,49750     
"MD",1897,322,60250     
"MD",1897,323,107506.51 
"MD",1897,325,10500     
"MD",1897,335,448.11    
"MD",1897,336,12682.3   
"MD",1897,342,5510      
"MD",1897,343,32500     
"MD",1897,344,3364.67   
"MD",1897,345,89553.36  
"MD",1897,351,28216.51  
"MD",1897,355,500       
"MD",1897,356,9098.66   
"MD",1897,357,1942.53   
"MD",1897,360,34114.88  
"MD",1897,362,15184.28  
"MD",1897,363,144566.72 
"MD",1897,364,1633.5    
"MD",1897,365,7354.19   
"MD",1897,367,15120.22  
"MD",1897,368,5167.85   
"MD",1897,369,419556.8  
"MD",1897,381,1762.02   
"MD",1897,395,78111.97  
"MD",1897,399,33247.77  
"MD",1897,400,170549.56 
"MD",1897,401,109500    
"MD",1897,403,331246.3  
"MD",1897,411,258416.77 
"MD",1897,412,101772.9  
"MD",1899,310,979.23    
"MD",1899,311,986505.15 
"MD",1899,313,153422.29 
"MD",1899,316,3078.92   
"MD",1899,317,9110.29   
"MD",1899,321,51500     
"MD",1899,322,83400     
"MD",1899,323,81406.03  
"MD",1899,325,10500     
"MD",1899,335,448.11    
"MD",1899,336,33177.27  
"MD",1899,342,5570      
"MD",1899,343,40000     
"MD",1899,344,11921.29  
"MD",1899,345,200869.96 
"MD",1899,351,28386.59  
"MD",1899,355,500       
"MD",1899,356,12062.63  
"MD",1899,357,1236.5    
"MD",1899,360,36562.9   
"MD",1899,362,14122     
"MD",1899,363,146556.07 
"MD",1899,364,1769.68   
"MD",1899,365,8834.08   
"MD",1899,367,12594.98  
"MD",1899,368,4852.96   
"MD",1899,369,403151.99 
"MD",1899,381,1664.23   
"MD",1899,395,85044.09  
"MD",1899,399,6283.01   
"MD",1899,400,162274.68 
"MD",1899,401,54750     
"MD",1899,403,21000     
"MD",1899,411,400000    
"MD",1899,413,522579.14 
"MD",1899,418,8470      
"MD",1900,310,1072.31   
"MD",1900,311,979943.34 
"MD",1900,313,231187.81 
"MD",1900,316,1795.73   
"MD",1900,317,1000      
"MD",1900,321,60750     
"MD",1900,322,79250     
"MD",1900,323,83410.14  
"MD",1900,325,10500     
"MD",1900,334,150       
"MD",1900,335,448.11    
"MD",1900,336,37571.63  
"MD",1900,342,5620      
"MD",1900,343,52356     
"MD",1900,344,14040.94  
"MD",1900,345,56537.93  
"MD",1900,351,35270.16  
"MD",1900,355,500       
"MD",1900,356,12745.22  
"MD",1900,357,3733.97   
"MD",1900,360,35936.67  
"MD",1900,361,168315.97 
"MD",1900,362,15800     
"MD",1900,363,150361.82 
"MD",1900,364,1926.03   
"MD",1900,365,9876.17   
"MD",1900,366,484.86    
"MD",1900,367,16423.49  
"MD",1900,368,4976.43   
"MD",1900,369,428755.84 
"MD",1900,381,1349.35   
"MD",1900,395,108883.87 
"MD",1900,399,60997.57  
"MD",1900,400,157779.78 
"MD",1900,403,21000     
"MD",1900,411,289643.02 
"MD",1900,412,110602.4  
"MD",1900,413,207037.67 
"MD",1901,310,996.56    
"MD",1901,311,970261.39 
"MD",1901,313,118838.29 
"MD",1901,316,3953.7    
"MD",1901,317,3000      
"MD",1901,320,2341.01   
"MD",1901,321,41000     
"MD",1901,322,114414.37 
"MD",1901,323,67445.05  
"MD",1901,325,11500     
"MD",1901,335,448.11    
"MD",1901,336,26618.37  
"MD",1901,342,5550      
"MD",1901,343,48450     
"MD",1901,344,37114.04  
"MD",1901,345,60721.14  
"MD",1901,351,33263.67  
"MD",1901,355,500       
"MD",1901,356,13539.22  
"MD",1901,357,212.37    
"MD",1901,360,35546.2   
"MD",1901,361,41051.5   
"MD",1901,362,11078     
"MD",1901,363,149797.06 
"MD",1901,364,2000      
"MD",1901,365,8590.24   
"MD",1901,366,500       
"MD",1901,367,12215.77  
"MD",1901,368,5611.98   
"MD",1901,369,462930.34 
"MD",1901,381,80        
"MD",1901,395,85868.57  
"MD",1901,399,16441.2   
"MD",1901,400,162279.78 
"MD",1901,403,30000     
"MD",1901,411,400000    
"MD",1901,412,82445.65  
"MD",1901,413,30522.19  
"MD",1902,310,997.29    
"MD",1902,311,1009225.84
"MD",1902,313,122623.3  
"MD",1902,316,579.72    
"MD",1902,317,2000      
"MD",1902,320,1919.1    
"MD",1902,321,40500     
"MD",1902,322,110530.76 
"MD",1902,323,58682.18  
"MD",1902,325,11904     
"MD",1902,334,5000      
"MD",1902,335,448.11    
"MD",1902,336,37397.62  
"MD",1902,342,5630      
"MD",1902,343,56600     
"MD",1902,344,34968.59  
"MD",1902,345,60460.39  
"MD",1902,351,33972.38  
"MD",1902,355,500       
"MD",1902,356,13534.34  
"MD",1902,357,2896.54   
"MD",1902,360,34273.33  
"MD",1902,361,178084.14 
"MD",1902,362,9000      
"MD",1902,363,148536.15 
"MD",1902,364,2000      
"MD",1902,365,11245.14  
"MD",1902,366,588.6     
"MD",1902,367,41660.25  
"MD",1902,368,7184.7    
"MD",1902,369,468110.41 
"MD",1902,381,80        
"MD",1902,395,82010.09  
"MD",1902,399,67349.33  
"MD",1902,400,162279.78 
"MD",1902,403,36000     
"MD",1902,411,236714.73 
"MD",1902,412,145629    
"MD",1902,413,151760.9  
"MD",1903,310,2965.78   
"MD",1903,311,1026259.6 
"MD",1903,313,189239.3  
"MD",1903,316,1636.94   
"MD",1903,317,2000      
"MD",1903,321,55500     
"MD",1903,322,186776.91 
"MD",1903,323,106892.5  
"MD",1903,325,15985     
"MD",1903,334,5000      
"MD",1903,335,448.11    
"MD",1903,336,32733.39  
"MD",1903,337,2910      
"MD",1903,342,5980      
"MD",1903,343,32500     
"MD",1903,344,32613.62  
"MD",1903,345,84425.861 
"MD",1903,346,12500     
"MD",1903,351,40979.12  
"MD",1903,355,500       
"MD",1903,356,15868.54  
"MD",1903,357,557.58    
"MD",1903,360,33300     
"MD",1903,361,1855.25   
"MD",1903,362,13000     
"MD",1903,363,142882.56 
"MD",1903,364,1500      
"MD",1903,365,17539.07  
"MD",1903,366,155.05    
"MD",1903,367,15858.21  
"MD",1903,368,11558.8   
"MD",1903,369,444075.27 
"MD",1903,381,10575.58  
"MD",1903,395,94657.39  
"MD",1903,399,20370.13  
"MD",1903,400,162279.78 
"MD",1903,401,12000     
"MD",1903,403,36000     
"MD",1903,411,315521.01 
"MD",1903,412,122428.75 
"MD",1903,413,325604.92 
"MD",1903,418,7400      
"MD",1904,310,996       
"MD",1904,311,1046050.55
"MD",1904,313,142584.29 
"MD",1904,316,6807.11   
"MD",1904,317,2000      
"MD",1904,320,2343.07   
"MD",1904,321,54750     
"MD",1904,322,148382.82 
"MD",1904,323,84586.52  
"MD",1904,324,80030     
"MD",1904,325,16445     
"MD",1904,334,8000      
"MD",1904,335,2072.37   
"MD",1904,336,26186.14  
"MD",1904,342,5670      
"MD",1904,343,52000     
"MD",1904,344,35770.8   
"MD",1904,345,82251.68  
"MD",1904,346,12500     
"MD",1904,351,38415.02  
"MD",1904,355,500       
"MD",1904,356,24082.08  
"MD",1904,357,1913.76   
"MD",1904,360,34755.19  
"MD",1904,361,220341.15 
"MD",1904,362,23700     
"MD",1904,363,154362.56 
"MD",1904,364,1075      
"MD",1904,365,13739.42  
"MD",1904,366,172       
"MD",1904,367,32729.46  
"MD",1904,368,12600.58  
"MD",1904,369,465798.31 
"MD",1904,381,11347.92  
"MD",1904,395,93352.85  
"MD",1904,399,88908.52  
"MD",1904,400,162057.78 
"MD",1904,401,18000     
"MD",1904,403,36000     
"MD",1904,411,225776.94 
"MD",1904,412,333869.77 
"MD",1904,413,246085.52 
"MD",1905,310,2000      
"MD",1905,311,1466998.78
"MD",1905,313,163555.65 
"MD",1905,314,1000      
"MD",1905,316,4248.62   
"MD",1905,317,2000      
"MD",1905,320,2410.79   
"MD",1905,321,62000     
"MD",1905,322,169109.86 
"MD",1905,323,74906.97  
"MD",1905,324,400       
"MD",1905,325,14569     
"MD",1905,331,6100      
"MD",1905,334,5000      
"MD",1905,335,1262.73   
"MD",1905,336,32024.1   
"MD",1905,342,5820      
"MD",1905,343,40000     
"MD",1905,344,28125.18  
"MD",1905,345,117922.08 
"MD",1905,351,35839.8   
"MD",1905,355,500       
"MD",1905,356,20683.93  
"MD",1905,357,3730.6    
"MD",1905,360,48053.87  
"MD",1905,361,10736.24  
"MD",1905,362,12000     
"MD",1905,363,159086.22 
"MD",1905,364,2500      
"MD",1905,365,20720.47  
"MD",1905,366,505.2     
"MD",1905,367,20987.08  
"MD",1905,368,11638.1   
"MD",1905,369,443212.05 
"MD",1905,381,37798.76  
"MD",1905,395,82915.22  
"MD",1905,399,28198.45  
"MD",1905,400,162057.78 
"MD",1905,401,18000     
"MD",1905,403,64875     
"MD",1905,411,415247.41 
"MD",1905,412,595723.1  
"MD",1905,413,15238.92  
"MD",1907,310,3000      
"MD",1907,311,1482226.86
"MD",1907,313,239457.15 
"MD",1907,314,5000      
"MD",1907,316,1877.86   
"MD",1907,317,2720      
"MD",1907,320,2488.27   
"MD",1907,321,35600     
"MD",1907,322,254777.7  
"MD",1907,323,106847.17 
"MD",1907,325,12636.85  
"MD",1907,331,74807.89  
"MD",1907,334,5250      
"MD",1907,335,7817.09   
"MD",1907,336,30078.47  
"MD",1907,342,6500      
"MD",1907,343,45604.21  
"MD",1907,344,18306.3   
"MD",1907,345,85616.89  
"MD",1907,351,78170.48  
"MD",1907,355,500       
"MD",1907,356,41208.55  
"MD",1907,357,2757.59   
"MD",1907,360,51257.58  
"MD",1907,361,8907.5    
"MD",1907,362,12000     
"MD",1907,363,153200.72 
"MD",1907,364,2000      
"MD",1907,365,21522.52  
"MD",1907,366,767.79    
"MD",1907,367,30515.91  
"MD",1907,368,17397.95  
"MD",1907,369,462082.33 
"MD",1907,381,34642.24  
"MD",1907,395,87898.48  
"MD",1907,399,80870.27  
"MD",1907,400,115617.78 
"MD",1907,403,75182.5   
"MD",1907,411,213163.85 
"MD",1907,412,184586.22 
"MD",1909,310,3369.64   
"MD",1909,311,1752876.81
"MD",1909,313,286307.15 
"MD",1909,314,4000      
"MD",1909,316,4150.04   
"MD",1909,317,6450.06   
"MD",1909,320,2810.02   
"MD",1909,321,49000     
"MD",1909,322,371450    
"MD",1909,323,57153.11  
"MD",1909,325,13140     
"MD",1909,331,50000     
"MD",1909,334,7750      
"MD",1909,335,101676.26 
"MD",1909,336,32401.9   
"MD",1909,342,8500      
"MD",1909,343,123477.83 
"MD",1909,344,17414.71  
"MD",1909,345,93625     
"MD",1909,351,76612     
"MD",1909,355,500       
"MD",1909,356,197831.91 
"MD",1909,357,1502.69   
"MD",1909,360,51682.34  
"MD",1909,361,3822.93   
"MD",1909,362,12000     
"MD",1909,363,165282.48 
"MD",1909,364,607.5     
"MD",1909,365,18722.55  
"MD",1909,366,459       
"MD",1909,367,34125.32  
"MD",1909,368,17500.54  
"MD",1909,369,977023.12 
"MD",1909,381,50700.26  
"MD",1909,395,92596.52  
"MD",1909,399,24388.7   
"MD",1909,400,97617.78  
"MD",1909,401,18000     
"MD",1909,403,81325     
"MD",1909,411,189914.87 
"MD",1909,412,178419.35 
"MD",1909,413,1500      
"MD",1910,310,3669.43   
"MD",1910,311,1775194.49
"MD",1910,313,149417.16 
"MD",1910,314,4000      
"MD",1910,316,4011.46   
"MD",1910,317,3798.28   
"MD",1910,320,3279.29   
"MD",1910,321,79500     
"MD",1910,322,296575    
"MD",1910,323,117370.71 
"MD",1910,324,5000      
"MD",1910,325,13000     
"MD",1910,331,74000     
"MD",1910,334,250       
"MD",1910,335,156916.12 
"MD",1910,336,31075.83  
"MD",1910,342,8250      
"MD",1910,343,76335.38  
"MD",1910,344,20687.89  
"MD",1910,345,86775     
"MD",1910,351,79184.43  
"MD",1910,355,500       
"MD",1910,356,115496.25 
"MD",1910,357,2514.07   
"MD",1910,360,50183.88  
"MD",1910,361,219802.16 
"MD",1910,362,2000      
"MD",1910,363,167843.36 
"MD",1910,364,1274      
"MD",1910,365,24203.45  
"MD",1910,366,556       
"MD",1910,367,19136.95  
"MD",1910,368,32290.28  
"MD",1910,369,1178660.61
"MD",1910,381,52801.83  
"MD",1910,395,97589.15  
"MD",1910,399,36433.62  
"MD",1910,400,115617.78 
"MD",1910,403,106735    
"MD",1910,411,127595.6  
"MD",1910,412,944298.19 
"MD",1910,413,1234.5    
"MD",1911,310,3862.5    
"MD",1911,311,1393839.5 
"MD",1911,313,219617.16 
"MD",1911,314,2000      
"MD",1911,316,4760.65   
"MD",1911,317,2920      
"MD",1911,320,3496.74   
"MD",1911,321,52825     
"MD",1911,322,378471.01 
"MD",1911,323,153745.46 
"MD",1911,325,17270     
"MD",1911,331,197445.13 
"MD",1911,334,5250      
"MD",1911,335,1548.01   
"MD",1911,336,17105.01  
"MD",1911,342,14000     
"MD",1911,343,17382.44  
"MD",1911,344,35309.14  
"MD",1911,345,88400     
"MD",1911,351,67551.63  
"MD",1911,355,500       
"MD",1911,356,123076.08 
"MD",1911,357,80.15     
"MD",1911,360,51193.21  
"MD",1911,361,5304.2    
"MD",1911,362,20000     
"MD",1911,363,167651.3  
"MD",1911,364,1845      
"MD",1911,365,22844.15  
"MD",1911,366,369.2     
"MD",1911,367,18849.05  
"MD",1911,368,89126.4   
"MD",1911,369,1141374.62
"MD",1911,381,51498.71  
"MD",1911,395,89265.61  
"MD",1911,399,11120.5   
"MD",1911,400,97617.78  
"MD",1911,401,18000     
"MD",1911,403,189625    
"MD",1911,411,233637.63 
"MD",1911,412,2950956   
"MD",1912,310,3900      
"MD",1912,311,1679346.97
"MD",1912,313,165832.16 
"MD",1912,314,6000      
"MD",1912,316,2040.64   
"MD",1912,317,2920      
"MD",1912,320,3451.47   
"MD",1912,321,57700     
"MD",1912,322,512121.93 
"MD",1912,323,229384.61 
"MD",1912,324,15000     
"MD",1912,325,16850     
"MD",1912,331,255730.17 
"MD",1912,334,20254.08  
"MD",1912,335,20260.55  
"MD",1912,336,3486.85   
"MD",1912,342,12000     
"MD",1912,343,33372.6   
"MD",1912,344,24806.36  
"MD",1912,345,107787.35 
"MD",1912,351,76846.37  
"MD",1912,355,500       
"MD",1912,356,143301.09 
"MD",1912,357,1000      
"MD",1912,360,50350.99  
"MD",1912,361,197255.87 
"MD",1912,362,9000      
"MD",1912,363,176206.71 
"MD",1912,364,1388.5    
"MD",1912,365,23194.98  
"MD",1912,366,656.05    
"MD",1912,367,31050.79  
"MD",1912,368,88611.99  
"MD",1912,369,1152634.37
"MD",1912,381,50649.42  
"MD",1912,395,126283.59 
"MD",1912,399,56989.44  
"MD",1912,400,96675.32  
"MD",1912,401,18000     
"MD",1912,403,253202.5  
"MD",1912,411,415451.84 
"MD",1912,412,1336986.1 
"MD",1912,413,1000763.1 
"MD",1913,310,3990.01   
"MD",1913,311,1819420.08
"MD",1913,313,212217.16 
"MD",1913,314,4000      
"MD",1913,316,2018.59   
"MD",1913,317,3208.41   
"MD",1913,320,3506.1    
"MD",1913,321,90250     
"MD",1913,322,751194.3  
"MD",1913,323,7158.79   
"MD",1913,325,22200     
"MD",1913,331,401902.52 
"MD",1913,334,5245.92   
"MD",1913,335,2448.11   
"MD",1913,336,16118.5   
"MD",1913,342,12000     
"MD",1913,343,11994.58  
"MD",1913,344,34099.08  
"MD",1913,345,109396.73 
"MD",1913,351,69813.3   
"MD",1913,355,125       
"MD",1913,356,217412.07 
"MD",1913,360,56220.67  
"MD",1913,361,4798.19   
"MD",1913,362,10000     
"MD",1913,363,178860.71 
"MD",1913,364,2500      
"MD",1913,365,22404.16  
"MD",1913,366,632.75    
"MD",1913,367,63694.98  
"MD",1913,368,116998.23 
"MD",1913,369,1014824.77
"MD",1913,381,52815.89  
"MD",1913,395,112458.27 
"MD",1913,399,68500.79  
"MD",1913,400,99732.86  
"MD",1913,401,108000    
"MD",1913,403,295930    
"MD",1913,411,906598.66 
"MD",1913,412,1990845.95
"MD",1913,413,2039319.95
"MD",1914,310,4000      
"MD",1914,311,1866478.74
"MD",1914,313,229339.25 
"MD",1914,314,4000      
"MD",1914,316,2152.55   
"MD",1914,317,3200      
"MD",1914,320,3493.9    
"MD",1914,321,62125     
"MD",1914,322,754545.32 
"MD",1914,323,14319.28  
"MD",1914,325,17445     
"MD",1914,331,557341.4  
"MD",1914,334,5151.21   
"MD",1914,335,629.39    
"MD",1914,336,28648.08  
"MD",1914,342,12000     
"MD",1914,343,40918.09  
"MD",1914,344,37291.26  
"MD",1914,345,93200     
"MD",1914,351,105244.39 
"MD",1914,355,17879.17  
"MD",1914,356,189703.92 
"MD",1914,357,2145.85   
"MD",1914,360,56757.51  
"MD",1914,361,229837.95 
"MD",1914,362,17000     
"MD",1914,363,190567.01 
"MD",1914,364,2000      
"MD",1914,365,42559.31  
"MD",1914,366,269.25    
"MD",1914,367,69231.45  
"MD",1914,368,103722.01 
"MD",1914,369,1000300.23
"MD",1914,381,53293.78  
"MD",1914,395,120282.19 
"MD",1914,399,135088.42 
"MD",1914,400,225024.04 
"MD",1914,401,24000     
"MD",1914,403,338680    
"MD",1914,411,1379041.42
"MD",1914,412,3904546.3 
"MD",1914,413,915608.34 
