"CT",1798,3,61737     
"CT",1799,3,77457     
"CT",1800,3,66385     
"CT",1801,3,64962     
"CT",1802,3,65914     
"CT",1803,3,66221     
"CT",1804,3,63913     
"CT",1805,3,65012     
"CT",1807,3,84738     
"CT",1808,3,90352     
"CT",1809,3,92784     
"CT",1810,3,91723     
"CT",1811,3,86512     
"CT",1812,3,95221     
"CT",1813,3,127387    
"CT",1814,3,143107    
"CT",1815,3,284553    
"CT",1816,3,142871    
"CT",1817,3,131781    
"CT",1818,3,136763    
"CT",1819,3,116683    
"CT",1820,3,86752     
"CT",1821,3,79026     
"CT",1822,3,61063     
"CT",1823,3,62060     
"CT",1824,3,63605     
"CT",1825,3,63119     
"CT",1826,3,55307     
"CT",1827,3,76544     
"CT",1828,3,73150     
"CT",1829,3,74954     
"CT",1830,3,66599     
"CT",1831,3,87680     
"CT",1832,3,73666     
"CT",1833,3,71627     
"CT",1834,3,75881     
"CT",1835,3,74015     
"CT",1836,3,74161     
"CT",1837,3,99123     
"CT",1838,3,93474     
"CT",1839,3,131386    
"CT",1840,3,85252     
"CT",1841,3,90463     
"CT",1842,3,86795     
"CT",1843,3,90881     
"CT",1844,3,80238     
"CT",1845,3,90919     
"CT",1846,3,98863     
"CT",1847,3,110623    
"CT",1848,3,112771    
"CT",1849,3,122001    
"CT",1850,3,132876    
"CT",1851,3,138983    
"CT",1852,3,136678    
"CT",1853,3,146622    
"CT",1854,3,187390    
"CT",1855,3,187404    
"CT",1856,3,257302    
"CT",1857,3,277532    
"CT",1858,3,330504    
"CT",1859,3,330284    
"CT",1860,3,282394    
"CT",1861,3,224580    
"CT",1862,3,2102618   
"CT",1863,3,2337080   
"CT",1864,3,4898567   
"CT",1865,3,5065182   
"CT",1866,3,1539266   
"CT",1867,3,1804720   
"CT",1868,3,771955    
"CT",1869,3,867106    
"CT",1870,3,820430    
"CT",1871,3,678052    
"CT",1872,3,828416    
"CT",1873,3,1175570   
"CT",1874,3,1183928   
"CT",1875,3,1441994   
"CT",1876,3,3887443   
"CT",1877,3,1385847   
"CT",1878,3,1241796   
"CT",1879,3,1244783   
"CT",1880,3,1314213   
"CT",1881,3,1217388.21
"CT",1882,3,1344110   
"CT",1883,3,1357278   
"CT",1884,3,1378187   
"CT",1885,3,1008336   
"CT",1886,3,1308811   
"CT",1887,3,1560268   
"CT",1888,3,1534339   
"CT",1889,3,1511429   
"CT",1890,3,1770966   
"CT",1891,3,1388507   
"CT",1892,3,1793212   
"CT",1893,3,2233515   
"CT",1894,3,1918677   
"CT",1895,3,2108115   
"CT",1896,3,2238055   
"CT",1897,3,2445718   
"CT",1898,3,2160579   
"CT",1899,3,2422138   
"CT",1900,3,2325488   
"CT",1901,3,2660892   
"CT",1902,3,2568209   
"CT",1903,3,2974573   
"CT",1904,3,3048736   
"CT",1905,3,3630788   
"CT",1906,3,3522953   
"CT",1907,3,3493793   
"CT",1908,3,4733915   
"CT",1909,3,5651435   
"CT",1910,3,6375147   
"CT",1911,3,6624408   
"CT",1912,3,6467481   
"CT",1913,3,8820146   
"CT",1914,3,9270706   
"CT",1915,3,7904086   
"CT",1916,3,7883357   
"CT",1917,3,9738631   
"CT",1918,3,12552723  
"CT",1919,3,10204496  
"CT",1920,3,17008111  
"CT",1798,31,11286    
"CT",1798,32,2241     
"CT",1798,34,3458     
"CT",1798,36,33284    
"CT",1798,39,11468    
"CT",1799,31,13619    
"CT",1799,32,3342     
"CT",1799,34,4063     
"CT",1799,36,36739    
"CT",1799,39,19694    
"CT",1800,31,12599    
"CT",1800,32,3188     
"CT",1800,34,3658     
"CT",1800,36,40370    
"CT",1800,39,6570     
"CT",1801,31,11560    
"CT",1801,32,3429     
"CT",1801,34,3800     
"CT",1801,36,31939    
"CT",1801,39,8108     
"CT",1801,41,6126     
"CT",1802,31,12989    
"CT",1802,32,3476     
"CT",1802,34,1311     
"CT",1802,36,38243    
"CT",1802,39,7323     
"CT",1802,41,2572     
"CT",1803,31,12114    
"CT",1803,32,3980     
"CT",1803,34,6071     
"CT",1803,36,36487    
"CT",1803,39,5940     
"CT",1803,41,1629     
"CT",1804,31,10134    
"CT",1804,32,5175     
"CT",1804,34,5572     
"CT",1804,36,36648    
"CT",1804,39,4707     
"CT",1804,41,1677     
"CT",1805,31,12566    
"CT",1805,32,5869     
"CT",1805,34,5657     
"CT",1805,36,40241    
"CT",1805,39,104      
"CT",1805,41,575      
"CT",1807,31,15802    
"CT",1807,32,8071     
"CT",1807,34,2637     
"CT",1807,35,32       
"CT",1807,36,57742    
"CT",1807,41,454      
"CT",1808,31,13917    
"CT",1808,32,7723     
"CT",1808,34,5680     
"CT",1808,35,121      
"CT",1808,36,53334    
"CT",1808,39,9202     
"CT",1808,41,375      
"CT",1809,31,12549    
"CT",1809,32,8275     
"CT",1809,34,5964     
"CT",1809,35,62       
"CT",1809,36,60232    
"CT",1809,39,5521     
"CT",1809,41,181      
"CT",1810,31,13078    
"CT",1810,32,9689     
"CT",1810,34,12951    
"CT",1810,35,83       
"CT",1810,36,47205    
"CT",1810,39,8717     
"CT",1811,31,13602    
"CT",1811,32,12194    
"CT",1811,34,7966     
"CT",1811,35,52       
"CT",1811,36,46428    
"CT",1811,39,5710     
"CT",1811,41,560      
"CT",1812,31,12647    
"CT",1812,32,12901    
"CT",1812,34,16409    
"CT",1812,35,321      
"CT",1812,36,47863    
"CT",1812,39,5019     
"CT",1812,41,61       
"CT",1813,31,13254    
"CT",1813,32,14159    
"CT",1813,34,38511    
"CT",1813,35,395      
"CT",1813,36,52068    
"CT",1813,39,8940     
"CT",1813,41,60       
"CT",1814,31,13046    
"CT",1814,32,12537    
"CT",1814,34,53230    
"CT",1814,35,276      
"CT",1814,36,57230    
"CT",1814,39,6788     
"CT",1815,31,32789    
"CT",1815,32,12964    
"CT",1815,34,155538   
"CT",1815,35,223      
"CT",1815,36,74724    
"CT",1815,39,8155     
"CT",1815,41,160      
"CT",1816,31,13641    
"CT",1816,32,13854    
"CT",1816,34,23902    
"CT",1816,35,48       
"CT",1816,36,83580    
"CT",1816,39,7805     
"CT",1816,41,41       
"CT",1817,31,20590    
"CT",1817,32,15171    
"CT",1817,34,13431    
"CT",1817,35,1        
"CT",1817,36,70365    
"CT",1817,39,12223    
"CT",1818,31,14314    
"CT",1818,32,12918    
"CT",1818,34,14010    
"CT",1818,36,66162    
"CT",1818,39,29359    
"CT",1819,31,13283    
"CT",1819,32,11736    
"CT",1819,34,12571    
"CT",1819,36,72872    
"CT",1819,39,6193     
"CT",1819,41,28       
"CT",1820,31,12645    
"CT",1820,32,10854    
"CT",1820,34,10384    
"CT",1820,36,48109    
"CT",1820,39,4760     
"CT",1821,31,970      
"CT",1821,32,9499     
"CT",1821,34,6662     
"CT",1821,36,45947    
"CT",1821,39,15948    
"CT",1822,32,5157     
"CT",1822,34,5903     
"CT",1822,36,43994    
"CT",1822,39,6009     
"CT",1823,32,4891     
"CT",1823,34,6130     
"CT",1823,36,46852    
"CT",1823,39,4187     
"CT",1824,32,3251     
"CT",1824,34,8728     
"CT",1824,36,46288    
"CT",1824,39,5338     
"CT",1825,32,2691     
"CT",1825,34,7910     
"CT",1825,36,46096    
"CT",1825,39,6422     
"CT",1826,32,2600     
"CT",1826,34,6901     
"CT",1826,36,41256    
"CT",1826,39,4407     
"CT",1826,41,143      
"CT",1827,32,2600     
"CT",1827,34,5178     
"CT",1827,36,63575    
"CT",1827,39,5191     
"CT",1828,32,2600     
"CT",1828,34,2918     
"CT",1828,36,61595    
"CT",1828,39,5919     
"CT",1828,41,118      
"CT",1829,32,2000     
"CT",1829,34,2950     
"CT",1829,36,60819    
"CT",1829,39,8830     
"CT",1829,41,355      
"CT",1830,32,2000     
"CT",1830,34,1296     
"CT",1830,36,55912    
"CT",1830,39,7391     
"CT",1831,32,2000     
"CT",1831,34,2980     
"CT",1831,36,76565    
"CT",1831,39,6135     
"CT",1832,32,2000     
"CT",1832,34,1118     
"CT",1832,36,60102    
"CT",1832,39,5221     
"CT",1832,40,225      
"CT",1832,41,5000     
"CT",1833,31,3000     
"CT",1833,32,2000     
"CT",1833,34,1127     
"CT",1833,35,53       
"CT",1833,36,60816    
"CT",1833,39,4627     
"CT",1833,41,4        
"CT",1834,31,3000     
"CT",1834,32,1800     
"CT",1834,34,3613     
"CT",1834,35,236      
"CT",1834,36,62570    
"CT",1834,39,4634     
"CT",1834,40,21       
"CT",1834,41,7        
"CT",1835,31,3000     
"CT",1835,32,1800     
"CT",1835,34,960      
"CT",1835,35,976      
"CT",1835,36,62805    
"CT",1835,39,4474     
"CT",1836,31,990      
"CT",1836,32,1800     
"CT",1836,34,1304     
"CT",1836,35,1117     
"CT",1836,36,63007    
"CT",1836,39,5891     
"CT",1836,41,52       
"CT",1837,32,1800     
"CT",1837,34,1792     
"CT",1837,35,1363     
"CT",1837,36,77608    
"CT",1837,39,16559    
"CT",1837,41,1        
"CT",1838,32,1700     
"CT",1838,34,2020     
"CT",1838,35,264      
"CT",1838,36,75526    
"CT",1838,39,13342    
"CT",1838,40,600      
"CT",1838,41,22       
"CT",1839,31,535      
"CT",1839,32,1700     
"CT",1839,34,1378     
"CT",1839,35,464      
"CT",1839,36,64504    
"CT",1839,39,37275    
"CT",1839,40,530      
"CT",1839,41,25000    
"CT",1840,31,6809     
"CT",1840,32,1700     
"CT",1840,34,1400     
"CT",1840,35,44       
"CT",1840,36,63606    
"CT",1840,39,11693    
"CT",1841,31,10613    
"CT",1841,32,1700     
"CT",1841,34,1170     
"CT",1841,35,700      
"CT",1841,36,68287    
"CT",1841,39,7993     
"CT",1842,31,4493     
"CT",1842,32,1700     
"CT",1842,34,1400     
"CT",1842,35,1018     
"CT",1842,36,69583    
"CT",1842,39,8542     
"CT",1842,40,59       
"CT",1843,31,872      
"CT",1843,32,1500     
"CT",1843,34,2128     
"CT",1843,35,1136     
"CT",1843,36,74505    
"CT",1843,39,10740    
"CT",1844,32,1580     
"CT",1844,34,1138     
"CT",1844,35,1106     
"CT",1844,36,70231    
"CT",1844,39,6183     
"CT",1845,32,1500     
"CT",1845,34,1243     
"CT",1845,35,600      
"CT",1845,36,79341    
"CT",1845,39,8235     
"CT",1846,32,1500     
"CT",1846,34,2025     
"CT",1846,35,1200     
"CT",1846,36,83184    
"CT",1846,39,10954    
"CT",1847,31,528      
"CT",1847,32,1500     
"CT",1847,34,1905     
"CT",1847,35,1000     
"CT",1847,36,88129    
"CT",1847,39,16713    
"CT",1847,40,848      
"CT",1848,31,1250     
"CT",1848,32,1100     
"CT",1848,34,2046     
"CT",1848,35,1000     
"CT",1848,36,92602    
"CT",1848,39,9576     
"CT",1848,40,1844     
"CT",1848,41,3353     
"CT",1849,31,1351     
"CT",1849,32,1100     
"CT",1849,34,2550     
"CT",1849,35,1000     
"CT",1849,36,102515   
"CT",1849,39,10905    
"CT",1849,40,2580     
"CT",1850,31,813      
"CT",1850,32,2292     
"CT",1850,34,2211     
"CT",1850,35,1000     
"CT",1850,36,107903   
"CT",1850,39,15328    
"CT",1850,40,3329     
"CT",1851,31,4161     
"CT",1851,32,2200     
"CT",1851,34,2594     
"CT",1851,35,1000     
"CT",1851,36,89706    
"CT",1851,39,10677    
"CT",1851,40,2977     
"CT",1851,41,25668    
"CT",1852,31,4917     
"CT",1852,32,2200     
"CT",1852,34,6236     
"CT",1852,35,1165     
"CT",1852,36,85206    
"CT",1852,39,10122    
"CT",1852,40,1832     
"CT",1852,41,25000    
"CT",1853,31,4759     
"CT",1853,32,1785     
"CT",1853,34,6037     
"CT",1853,35,1181     
"CT",1853,36,104833   
"CT",1853,39,20014    
"CT",1853,40,13       
"CT",1853,41,8000     
"CT",1854,31,7966     
"CT",1854,32,2200     
"CT",1854,34,5536     
"CT",1854,35,1400     
"CT",1854,36,144053   
"CT",1854,39,26235    
"CT",1855,31,14169    
"CT",1855,32,2200     
"CT",1855,34,6438     
"CT",1855,35,3900     
"CT",1855,36,133214   
"CT",1855,39,27483    
"CT",1856,31,13990    
"CT",1856,32,2200     
"CT",1856,34,28238    
"CT",1856,35,3900     
"CT",1856,36,174573   
"CT",1856,39,32477    
"CT",1856,41,1924     
"CT",1857,31,15935    
"CT",1857,32,1800     
"CT",1857,34,29381    
"CT",1857,35,4100     
"CT",1857,36,183938   
"CT",1857,39,37067    
"CT",1857,40,5311     
"CT",1858,31,12866    
"CT",1858,32,1800     
"CT",1858,34,30821    
"CT",1858,35,4100     
"CT",1858,36,191457   
"CT",1858,39,32569    
"CT",1858,40,6891     
"CT",1858,41,50000    
"CT",1859,31,9787     
"CT",1859,32,1800     
"CT",1859,34,30854    
"CT",1859,35,4100     
"CT",1859,36,169943   
"CT",1859,39,21497    
"CT",1859,40,7303     
"CT",1859,41,85000    
"CT",1860,31,8580     
"CT",1860,32,1800     
"CT",1860,34,24839    
"CT",1860,35,3600     
"CT",1860,36,149391   
"CT",1860,39,24062    
"CT",1860,40,5122     
"CT",1860,41,65000    
"CT",1861,31,9581     
"CT",1861,32,1800     
"CT",1861,34,21920    
"CT",1861,35,1160     
"CT",1861,36,157976   
"CT",1861,39,26813    
"CT",1861,40,5330     
"CT",1862,31,3232     
"CT",1862,32,111499   
"CT",1862,34,1638839  
"CT",1862,36,178547   
"CT",1862,39,170501   
"CT",1863,31,3239     
"CT",1863,32,584105   
"CT",1863,34,1502300  
"CT",1863,36,176543   
"CT",1863,39,70893    
"CT",1864,31,3261     
"CT",1864,32,728308   
"CT",1864,34,3655300  
"CT",1864,36,194660   
"CT",1864,39,317038   
"CT",1865,31,3433     
"CT",1865,32,691017   
"CT",1865,34,3598650  
"CT",1865,36,191323   
"CT",1865,39,580759   
"CT",1866,31,4236     
"CT",1866,32,305609   
"CT",1866,34,290300   
"CT",1866,36,237179   
"CT",1866,39,701942   
"CT",1867,31,2515     
"CT",1867,32,43737    
"CT",1867,34,149300   
"CT",1867,36,277876   
"CT",1867,39,1331292  
"CT",1868,31,7917     
"CT",1868,32,77497    
"CT",1868,34,100295   
"CT",1868,36,482960   
"CT",1868,39,103286   
"CT",1869,31,9254     
"CT",1869,32,117748   
"CT",1869,34,96300    
"CT",1869,36,499588   
"CT",1869,39,144216   
"CT",1870,31,8080     
"CT",1870,32,158533   
"CT",1870,34,97600    
"CT",1870,36,399657   
"CT",1870,39,156560   
"CT",1871,31,8569     
"CT",1871,32,144569   
"CT",1871,34,38600    
"CT",1871,36,383964   
"CT",1871,39,102350   
"CT",1872,31,62669    
"CT",1872,32,124544   
"CT",1872,34,69200    
"CT",1872,36,454097   
"CT",1872,39,117906   
"CT",1873,31,222095   
"CT",1873,32,196866   
"CT",1873,34,107600   
"CT",1873,36,502186   
"CT",1873,39,146823   
"CT",1874,31,222385   
"CT",1874,32,182398   
"CT",1874,34,78100    
"CT",1874,35,3500     
"CT",1874,36,624793   
"CT",1874,39,72752    
"CT",1875,31,229414   
"CT",1875,32,74586    
"CT",1875,34,87471    
"CT",1875,35,7221     
"CT",1875,36,905440   
"CT",1875,39,137862   
"CT",1876,31,493329   
"CT",1876,32,239447   
"CT",1876,34,402610   
"CT",1876,35,24559    
"CT",1876,36,2602293  
"CT",1876,39,125205   
"CT",1877,31,254680   
"CT",1877,32,155878   
"CT",1877,34,235223   
"CT",1877,35,10855    
"CT",1877,36,727592   
"CT",1877,39,1619     
"CT",1878,31,256848   
"CT",1878,32,102182   
"CT",1878,34,163442   
"CT",1878,35,15206    
"CT",1878,36,703585   
"CT",1878,39,533      
"CT",1879,31,260324   
"CT",1879,32,108752   
"CT",1879,34,244228   
"CT",1879,35,15416    
"CT",1879,36,613600   
"CT",1879,39,2463     
"CT",1880,31,274874   
"CT",1880,32,173763   
"CT",1880,34,221182   
"CT",1880,35,16722    
"CT",1880,36,618334   
"CT",1880,39,9338     
"CT",1881,31,309406   
"CT",1881,32,192606   
"CT",1881,34,244588   
"CT",1881,35,22980    
"CT",1881,36,431520.21
"CT",1881,39,16288    
"CT",1882,31,313464   
"CT",1882,32,200443   
"CT",1882,34,294480   
"CT",1882,35,60556    
"CT",1882,36,462598   
"CT",1882,39,12569    
"CT",1883,31,321112   
"CT",1883,32,153238   
"CT",1883,34,337650   
"CT",1883,35,47829    
"CT",1883,36,460766   
"CT",1883,39,36683    
"CT",1884,31,295693   
"CT",1884,32,197806   
"CT",1884,34,324382   
"CT",1884,35,39312    
"CT",1884,36,464284   
"CT",1884,39,56710    
"CT",1885,31,282328   
"CT",1885,32,125791   
"CT",1885,34,188336   
"CT",1885,35,26104    
"CT",1885,36,352449   
"CT",1885,39,33328    
"CT",1886,31,293853   
"CT",1886,32,229890   
"CT",1886,34,253515   
"CT",1886,35,42557    
"CT",1886,36,464957   
"CT",1886,39,24039    
"CT",1887,31,322590   
"CT",1887,32,217845   
"CT",1887,34,414199   
"CT",1887,35,41610    
"CT",1887,36,502123   
"CT",1887,39,61901    
"CT",1888,31,318587   
"CT",1888,32,203426   
"CT",1888,34,466813   
"CT",1888,35,56854    
"CT",1888,36,419834   
"CT",1888,39,68825    
"CT",1889,31,315570   
"CT",1889,32,280870   
"CT",1889,34,278996   
"CT",1889,35,38242    
"CT",1889,36,531136   
"CT",1889,39,66615    
"CT",1890,31,350801   
"CT",1890,32,320474   
"CT",1890,34,312273   
"CT",1890,35,59876    
"CT",1890,36,494745   
"CT",1890,39,232797   
"CT",1891,31,404360   
"CT",1891,32,233698   
"CT",1891,34,225485   
"CT",1891,35,75621    
"CT",1891,36,439635   
"CT",1891,39,9708     
"CT",1892,31,371694   
"CT",1892,32,328554   
"CT",1892,33,47249    
"CT",1892,34,465892   
"CT",1892,35,49745    
"CT",1892,36,522805   
"CT",1892,39,7273     
"CT",1893,31,402550   
"CT",1893,32,294490   
"CT",1893,33,27297    
"CT",1893,34,354045   
"CT",1893,35,68008    
"CT",1893,36,1032973  
"CT",1893,39,54152    
"CT",1894,31,507559   
"CT",1894,32,329607   
"CT",1894,33,11326    
"CT",1894,34,423005   
"CT",1894,35,65413    
"CT",1894,36,563620   
"CT",1894,39,18147    
"CT",1895,31,459394   
"CT",1895,32,351560   
"CT",1895,33,33818    
"CT",1895,34,439092   
"CT",1895,35,72783    
"CT",1895,36,729762   
"CT",1895,39,21706    
"CT",1896,31,468912   
"CT",1896,32,383520   
"CT",1896,33,84413    
"CT",1896,34,430636   
"CT",1896,35,117394   
"CT",1896,36,732033   
"CT",1896,39,21147    
"CT",1897,31,584291   
"CT",1897,32,412387   
"CT",1897,33,137343   
"CT",1897,34,472599   
"CT",1897,35,99280    
"CT",1897,36,723653   
"CT",1897,39,16165    
"CT",1898,31,572301   
"CT",1898,32,386233   
"CT",1898,33,93124    
"CT",1898,34,471091   
"CT",1898,35,62801    
"CT",1898,36,558547   
"CT",1898,39,16482    
"CT",1899,31,597981   
"CT",1899,32,425870   
"CT",1899,33,154891   
"CT",1899,34,473147   
"CT",1899,35,64996    
"CT",1899,36,687854   
"CT",1899,39,17399    
"CT",1900,31,600356   
"CT",1900,32,501699   
"CT",1900,33,101932   
"CT",1900,34,441522   
"CT",1900,35,67932    
"CT",1900,36,581926   
"CT",1900,39,30121    
"CT",1901,31,624034   
"CT",1901,32,495620   
"CT",1901,33,190315   
"CT",1901,34,467807   
"CT",1901,35,71951    
"CT",1901,36,774562   
"CT",1901,39,36603    
"CT",1902,31,626773   
"CT",1902,32,614341   
"CT",1902,33,152522   
"CT",1902,34,387510   
"CT",1902,35,74324    
"CT",1902,36,688073   
"CT",1902,39,24666    
"CT",1903,31,682631   
"CT",1903,32,554685   
"CT",1903,33,229456   
"CT",1903,34,415635   
"CT",1903,35,73702    
"CT",1903,36,975451   
"CT",1903,39,43013    
"CT",1904,31,766765   
"CT",1904,32,755230   
"CT",1904,33,210368   
"CT",1904,34,399439   
"CT",1904,35,86075    
"CT",1904,36,790942   
"CT",1904,39,39917    
"CT",1905,31,788286   
"CT",1905,32,739538   
"CT",1905,33,281130   
"CT",1905,34,445960   
"CT",1905,35,86127    
"CT",1905,36,1228933  
"CT",1905,39,60814    
"CT",1906,31,835694   
"CT",1906,32,1039594  
"CT",1906,33,199810   
"CT",1906,34,412770   
"CT",1906,35,163510   
"CT",1906,36,837954   
"CT",1906,39,33621    
"CT",1907,31,752542   
"CT",1907,32,832212   
"CT",1907,33,306519   
"CT",1907,34,444366   
"CT",1907,35,100487   
"CT",1907,36,1016873  
"CT",1907,39,40794    
"CT",1908,31,878034   
"CT",1908,32,1161095  
"CT",1908,33,380168   
"CT",1908,34,511704   
"CT",1908,35,172324   
"CT",1908,36,1474222  
"CT",1908,39,156368   
"CT",1909,31,953532   
"CT",1909,32,1057503  
"CT",1909,33,1148389  
"CT",1909,34,532720   
"CT",1909,35,147211   
"CT",1909,36,1776779  
"CT",1909,39,35301    
"CT",1910,31,999957   
"CT",1910,32,1393452  
"CT",1910,33,1432897  
"CT",1910,34,633899   
"CT",1910,35,193300   
"CT",1910,36,1676671  
"CT",1910,39,44971    
"CT",1911,31,1030473  
"CT",1911,32,1270131  
"CT",1911,33,1940083  
"CT",1911,34,731500   
"CT",1911,35,172421   
"CT",1911,36,1431028  
"CT",1911,39,48772    
"CT",1912,31,1153602  
"CT",1912,32,1490538  
"CT",1912,33,1633531  
"CT",1912,34,872864   
"CT",1912,35,182731   
"CT",1912,36,1084882  
"CT",1912,39,49333    
"CT",1913,31,1190799  
"CT",1913,32,1667582  
"CT",1913,33,3713527  
"CT",1913,34,676476   
"CT",1913,35,274768   
"CT",1913,36,1266868  
"CT",1913,39,30126    
"CT",1914,31,1216222  
"CT",1914,32,1696311  
"CT",1914,33,3794519  
"CT",1914,34,720856   
"CT",1914,35,300712   
"CT",1914,36,1098555  
"CT",1914,38,5001     
"CT",1914,39,28573    
"CT",1914,40,409957   
"CT",1915,31,1317604  
"CT",1915,32,1318734  
"CT",1915,33,2519443  
"CT",1915,34,679075   
"CT",1915,35,267503   
"CT",1915,36,1289421  
"CT",1915,38,5483     
"CT",1915,39,34996    
"CT",1915,40,471827   
"CT",1916,31,1280437  
"CT",1916,32,1592405  
"CT",1916,33,2251198  
"CT",1916,34,816605   
"CT",1916,35,269460   
"CT",1916,36,1134151  
"CT",1916,38,5372     
"CT",1916,39,2474     
"CT",1916,40,531255   
"CT",1917,31,1395837  
"CT",1917,32,1866334  
"CT",1917,33,2813023  
"CT",1917,34,1351711  
"CT",1917,35,323351   
"CT",1917,36,1459650  
"CT",1917,38,3773     
"CT",1917,39,2063     
"CT",1917,40,522889   
"CT",1918,31,1540042  
"CT",1918,32,3206663  
"CT",1918,33,3624679  
"CT",1918,34,1292023  
"CT",1918,35,454843   
"CT",1918,36,1402699  
"CT",1918,38,3299     
"CT",1918,39,2302     
"CT",1918,40,526173   
"CT",1918,41,500000   
"CT",1919,31,1535477  
"CT",1919,32,2431447  
"CT",1919,33,2392221  
"CT",1919,34,1174732  
"CT",1919,35,359051   
"CT",1919,36,1399854  
"CT",1919,38,2981     
"CT",1919,39,1668     
"CT",1919,40,407065   
"CT",1919,41,500000   
"CT",1920,31,2506296  
"CT",1920,32,3903755  
"CT",1920,33,5765047  
"CT",1920,34,1189591  
"CT",1920,35,831234   
"CT",1920,36,2280387  
"CT",1920,38,5170     
"CT",1920,39,7176     
"CT",1920,40,519455   
"CT",1798,310,11286   
"CT",1798,321,2241    
"CT",1798,343,3458    
"CT",1798,360,8137    
"CT",1798,361,15091   
"CT",1798,363,4217    
"CT",1798,365,5839    
"CT",1798,390,11468   
"CT",1799,310,13619   
"CT",1799,321,3342    
"CT",1799,343,4063    
"CT",1799,360,7911    
"CT",1799,361,15134   
"CT",1799,363,5093    
"CT",1799,365,8601    
"CT",1799,390,19694   
"CT",1800,310,12599   
"CT",1800,321,3188    
"CT",1800,343,3658    
"CT",1800,360,8200    
"CT",1800,361,15458   
"CT",1800,363,3942    
"CT",1800,365,11290   
"CT",1800,367,1480    
"CT",1800,390,6570    
"CT",1801,310,11560   
"CT",1801,321,3429    
"CT",1801,343,3800    
"CT",1801,360,7573    
"CT",1801,361,16411   
"CT",1801,363,2553    
"CT",1801,365,5402    
"CT",1801,390,8108    
"CT",1801,413,6126    
"CT",1802,310,12989   
"CT",1802,321,3476    
"CT",1802,343,1311    
"CT",1802,360,8056    
"CT",1802,361,16337   
"CT",1802,363,5377    
"CT",1802,365,8473    
"CT",1802,390,7323    
"CT",1802,413,2572    
"CT",1803,310,12114   
"CT",1803,321,3980    
"CT",1803,343,6071    
"CT",1803,360,8481    
"CT",1803,361,16446   
"CT",1803,363,5617    
"CT",1803,365,5943    
"CT",1803,390,5940    
"CT",1803,413,1629    
"CT",1804,310,10134   
"CT",1804,321,5175    
"CT",1804,343,5572    
"CT",1804,360,8130    
"CT",1804,361,17057   
"CT",1804,363,6734    
"CT",1804,365,4727    
"CT",1804,390,4707    
"CT",1804,413,1677    
"CT",1805,310,12566   
"CT",1805,321,5869    
"CT",1805,343,5657    
"CT",1805,360,9565    
"CT",1805,361,17145   
"CT",1805,363,7527    
"CT",1805,365,6004    
"CT",1805,390,104     
"CT",1805,413,575     
"CT",1807,310,15802   
"CT",1807,321,8071    
"CT",1807,343,2637    
"CT",1807,351,32      
"CT",1807,360,10251   
"CT",1807,361,16972   
"CT",1807,363,8588    
"CT",1807,365,11931   
"CT",1807,367,10000   
"CT",1807,413,454     
"CT",1808,310,13917   
"CT",1808,321,7723    
"CT",1808,343,5530    
"CT",1808,345,150     
"CT",1808,351,121     
"CT",1808,360,11566   
"CT",1808,361,16740   
"CT",1808,363,9441    
"CT",1808,365,5137    
"CT",1808,367,10450   
"CT",1808,390,9202    
"CT",1808,413,375     
"CT",1809,310,12549   
"CT",1809,321,8275    
"CT",1809,343,5889    
"CT",1809,345,75      
"CT",1809,351,62      
"CT",1809,360,11355   
"CT",1809,361,21811   
"CT",1809,363,9874    
"CT",1809,365,7192    
"CT",1809,367,10000   
"CT",1809,390,5521    
"CT",1809,413,181     
"CT",1810,310,13078   
"CT",1810,321,9689    
"CT",1810,343,7951    
"CT",1810,345,5000    
"CT",1810,351,83      
"CT",1810,360,11270   
"CT",1810,361,17607   
"CT",1810,363,9043    
"CT",1810,365,9285    
"CT",1810,390,8717    
"CT",1811,310,13602   
"CT",1811,321,12194   
"CT",1811,343,5466    
"CT",1811,345,2500    
"CT",1811,351,52      
"CT",1811,360,11838   
"CT",1811,361,16198   
"CT",1811,363,9438    
"CT",1811,365,8954    
"CT",1811,390,5710    
"CT",1811,413,560     
"CT",1812,310,12647   
"CT",1812,321,12901   
"CT",1812,343,5700    
"CT",1812,345,10709   
"CT",1812,351,321     
"CT",1812,360,11651   
"CT",1812,361,16875   
"CT",1812,363,10288   
"CT",1812,365,9049    
"CT",1812,390,5019    
"CT",1812,413,61      
"CT",1813,310,13254   
"CT",1813,321,14159   
"CT",1813,343,6158    
"CT",1813,345,32353   
"CT",1813,351,395     
"CT",1813,360,10702   
"CT",1813,361,21339   
"CT",1813,363,9247    
"CT",1813,365,10780   
"CT",1813,390,8940    
"CT",1813,413,60      
"CT",1814,310,13046   
"CT",1814,321,12537   
"CT",1814,343,4792    
"CT",1814,345,48438   
"CT",1814,351,276     
"CT",1814,360,12101   
"CT",1814,361,16876   
"CT",1814,363,10203   
"CT",1814,365,18050   
"CT",1814,390,6788    
"CT",1815,310,32789   
"CT",1815,321,12964   
"CT",1815,343,7243    
"CT",1815,345,148295  
"CT",1815,351,223     
"CT",1815,360,11201   
"CT",1815,361,35785   
"CT",1815,363,10009   
"CT",1815,365,17729   
"CT",1815,390,8155    
"CT",1815,413,160     
"CT",1816,310,13641   
"CT",1816,321,13854   
"CT",1816,343,9674    
"CT",1816,345,14228   
"CT",1816,351,48      
"CT",1816,360,13367   
"CT",1816,361,24673   
"CT",1816,363,11048   
"CT",1816,365,32080   
"CT",1816,367,2412    
"CT",1816,390,7805    
"CT",1816,413,41      
"CT",1817,310,20590   
"CT",1817,321,15171   
"CT",1817,343,12680   
"CT",1817,345,751     
"CT",1817,351,1       
"CT",1817,360,13817   
"CT",1817,361,27532   
"CT",1817,363,13867   
"CT",1817,365,9169    
"CT",1817,367,5980    
"CT",1817,390,12223   
"CT",1818,310,14314   
"CT",1818,321,12918   
"CT",1818,343,12494   
"CT",1818,345,1516    
"CT",1818,360,13817   
"CT",1818,361,28009   
"CT",1818,363,15151   
"CT",1818,365,9185    
"CT",1818,390,29359   
"CT",1819,310,13283   
"CT",1819,321,11736   
"CT",1819,343,11404   
"CT",1819,345,1167    
"CT",1819,360,13877   
"CT",1819,361,38375   
"CT",1819,363,11700   
"CT",1819,365,8920    
"CT",1819,390,6193    
"CT",1819,413,28      
"CT",1820,310,12645   
"CT",1820,321,10854   
"CT",1820,343,9704    
"CT",1820,345,680     
"CT",1820,360,9617    
"CT",1820,361,17341   
"CT",1820,363,12441   
"CT",1820,365,8710    
"CT",1820,390,4760    
"CT",1821,310,970     
"CT",1821,321,9499    
"CT",1821,343,6000    
"CT",1821,345,662     
"CT",1821,360,7193    
"CT",1821,361,17532   
"CT",1821,363,13494   
"CT",1821,365,7728    
"CT",1821,390,15948   
"CT",1822,321,5157    
"CT",1822,343,5263    
"CT",1822,345,640     
"CT",1822,360,13101   
"CT",1822,361,14008   
"CT",1822,363,11399   
"CT",1822,365,5486    
"CT",1822,390,6009    
"CT",1823,321,4891    
"CT",1823,343,5500    
"CT",1823,345,630     
"CT",1823,360,9384    
"CT",1823,361,13104   
"CT",1823,363,18274   
"CT",1823,365,6090    
"CT",1823,390,4187    
"CT",1824,321,3251    
"CT",1824,343,8003    
"CT",1824,345,725     
"CT",1824,360,8959    
"CT",1824,361,11833   
"CT",1824,363,14279   
"CT",1824,365,6217    
"CT",1824,367,5000    
"CT",1824,390,5338    
"CT",1825,321,2691    
"CT",1825,343,7285    
"CT",1825,345,625     
"CT",1825,360,9259    
"CT",1825,361,13938   
"CT",1825,363,16714   
"CT",1825,365,6185    
"CT",1825,390,6422    
"CT",1826,321,2600    
"CT",1826,343,6301    
"CT",1826,345,600     
"CT",1826,360,8159    
"CT",1826,361,13457   
"CT",1826,363,13432   
"CT",1826,365,6208    
"CT",1826,390,4407    
"CT",1826,413,143     
"CT",1827,321,2600    
"CT",1827,343,4815    
"CT",1827,345,363     
"CT",1827,360,8984    
"CT",1827,361,14177   
"CT",1827,363,15085   
"CT",1827,365,6329    
"CT",1827,367,19000   
"CT",1827,390,5191    
"CT",1828,321,2600    
"CT",1828,343,2280    
"CT",1828,345,638     
"CT",1828,360,9034    
"CT",1828,361,14010   
"CT",1828,363,17571   
"CT",1828,365,5980    
"CT",1828,367,15000   
"CT",1828,390,5919    
"CT",1828,413,118     
"CT",1829,321,2000    
"CT",1829,343,2202    
"CT",1829,345,748     
"CT",1829,360,9034    
"CT",1829,361,13485   
"CT",1829,363,23209   
"CT",1829,365,5890    
"CT",1829,367,9201    
"CT",1829,390,8830    
"CT",1829,413,355     
"CT",1830,321,2000    
"CT",1830,343,383     
"CT",1830,345,913     
"CT",1830,360,9034    
"CT",1830,361,13965   
"CT",1830,363,22870   
"CT",1830,365,6176    
"CT",1830,367,3867    
"CT",1830,390,7391    
"CT",1831,321,2000    
"CT",1831,343,300     
"CT",1831,345,2680    
"CT",1831,360,8484    
"CT",1831,361,15679   
"CT",1831,363,24106   
"CT",1831,365,6154    
"CT",1831,367,22142   
"CT",1831,390,6135    
"CT",1832,321,2000    
"CT",1832,343,300     
"CT",1832,345,818     
"CT",1832,360,9095    
"CT",1832,361,14254   
"CT",1832,363,25712   
"CT",1832,365,6137    
"CT",1832,367,4904    
"CT",1832,390,5221    
"CT",1832,400,225     
"CT",1832,413,5000    
"CT",1833,310,3000    
"CT",1833,321,2000    
"CT",1833,343,300     
"CT",1833,345,827     
"CT",1833,351,53      
"CT",1833,360,9034    
"CT",1833,361,15924   
"CT",1833,363,21845   
"CT",1833,365,6238    
"CT",1833,367,7775    
"CT",1833,390,4627    
"CT",1833,413,4       
"CT",1834,310,3000    
"CT",1834,321,1800    
"CT",1834,343,2909    
"CT",1834,345,704     
"CT",1834,351,236     
"CT",1834,360,9388    
"CT",1834,361,16880   
"CT",1834,363,27410   
"CT",1834,365,6272    
"CT",1834,367,2620    
"CT",1834,390,4634    
"CT",1834,400,21      
"CT",1834,413,7       
"CT",1835,310,3000    
"CT",1835,321,1800    
"CT",1835,343,300     
"CT",1835,345,660     
"CT",1835,351,976     
"CT",1835,360,9494    
"CT",1835,361,15597   
"CT",1835,363,29008   
"CT",1835,365,6308    
"CT",1835,367,2398    
"CT",1835,390,4474    
"CT",1836,310,990     
"CT",1836,321,1800    
"CT",1836,343,300     
"CT",1836,345,1004    
"CT",1836,351,1117    
"CT",1836,360,9367    
"CT",1836,361,14937   
"CT",1836,363,29962   
"CT",1836,365,6591    
"CT",1836,367,2150    
"CT",1836,390,5891    
"CT",1836,413,52      
"CT",1837,321,1800    
"CT",1837,343,300     
"CT",1837,345,1492    
"CT",1837,351,1363    
"CT",1837,360,9034    
"CT",1837,361,26717   
"CT",1837,363,32220   
"CT",1837,365,6737    
"CT",1837,367,2900    
"CT",1837,390,16559   
"CT",1837,413,1       
"CT",1838,321,1700    
"CT",1838,343,300     
"CT",1838,345,1720    
"CT",1838,351,264     
"CT",1838,360,9234    
"CT",1838,361,21729   
"CT",1838,363,34115   
"CT",1838,365,6689    
"CT",1838,367,3759    
"CT",1838,390,13342   
"CT",1838,400,600     
"CT",1838,413,22      
"CT",1839,310,535     
"CT",1839,321,1700    
"CT",1839,343,300     
"CT",1839,345,1078    
"CT",1839,351,464     
"CT",1839,360,9234    
"CT",1839,361,15065   
"CT",1839,363,28483   
"CT",1839,365,6995    
"CT",1839,367,4727    
"CT",1839,390,37275   
"CT",1839,400,530     
"CT",1839,412,25000   
"CT",1840,310,6809    
"CT",1840,321,1700    
"CT",1840,343,300     
"CT",1840,345,1100    
"CT",1840,351,44      
"CT",1840,360,9034    
"CT",1840,361,17601   
"CT",1840,363,27544   
"CT",1840,365,6909    
"CT",1840,367,2518    
"CT",1840,390,11693   
"CT",1841,310,10613   
"CT",1841,321,1700    
"CT",1841,343,300     
"CT",1841,345,870     
"CT",1841,351,700     
"CT",1841,360,9034    
"CT",1841,361,17287   
"CT",1841,363,32479   
"CT",1841,365,7271    
"CT",1841,367,2216    
"CT",1841,390,7993    
"CT",1842,310,4493    
"CT",1842,321,1700    
"CT",1842,343,300     
"CT",1842,345,1100    
"CT",1842,351,1018    
"CT",1842,360,11434   
"CT",1842,361,16891   
"CT",1842,363,29432   
"CT",1842,365,7109    
"CT",1842,367,4717    
"CT",1842,390,8542    
"CT",1842,400,59      
"CT",1843,310,872     
"CT",1843,321,1500    
"CT",1843,343,1300    
"CT",1843,345,828     
"CT",1843,351,1136    
"CT",1843,360,11434   
"CT",1843,361,21930   
"CT",1843,363,31336   
"CT",1843,365,7154    
"CT",1843,367,2651    
"CT",1843,390,10740   
"CT",1844,321,1580    
"CT",1844,343,300     
"CT",1844,345,838     
"CT",1844,351,1106    
"CT",1844,360,11434   
"CT",1844,361,16253   
"CT",1844,363,31021   
"CT",1844,365,7222    
"CT",1844,367,4301    
"CT",1844,390,6183    
"CT",1845,321,1500    
"CT",1845,343,300     
"CT",1845,345,943     
"CT",1845,351,600     
"CT",1845,360,11434   
"CT",1845,361,17642   
"CT",1845,363,31776   
"CT",1845,365,6515    
"CT",1845,367,11974   
"CT",1845,390,8235    
"CT",1846,321,1500    
"CT",1846,343,300     
"CT",1846,345,1725    
"CT",1846,351,1200    
"CT",1846,360,11934   
"CT",1846,361,18451   
"CT",1846,363,33911   
"CT",1846,365,6642    
"CT",1846,367,12246   
"CT",1846,390,10954   
"CT",1847,310,528     
"CT",1847,321,1500    
"CT",1847,343,1300    
"CT",1847,345,605     
"CT",1847,351,1000    
"CT",1847,360,12597   
"CT",1847,361,23850   
"CT",1847,363,34761   
"CT",1847,365,6809    
"CT",1847,367,10112   
"CT",1847,390,16713   
"CT",1847,400,848     
"CT",1848,310,1250    
"CT",1848,321,1100    
"CT",1848,343,300     
"CT",1848,345,1746    
"CT",1848,351,1000    
"CT",1848,360,11934   
"CT",1848,361,25118   
"CT",1848,363,36781   
"CT",1848,365,10233   
"CT",1848,367,8536    
"CT",1848,390,9576    
"CT",1848,400,1844    
"CT",1848,412,3353    
"CT",1849,310,1351    
"CT",1849,321,1100    
"CT",1849,343,300     
"CT",1849,345,2250    
"CT",1849,351,1000    
"CT",1849,360,13725   
"CT",1849,361,28354   
"CT",1849,363,41375   
"CT",1849,365,10674   
"CT",1849,367,8387    
"CT",1849,390,10905   
"CT",1849,400,2580    
"CT",1850,310,813     
"CT",1850,321,2292    
"CT",1850,343,300     
"CT",1850,345,1911    
"CT",1850,351,1000    
"CT",1850,360,14150   
"CT",1850,361,25986   
"CT",1850,363,49002   
"CT",1850,365,11155   
"CT",1850,367,7610    
"CT",1850,390,15328   
"CT",1850,400,3329    
"CT",1851,310,4161    
"CT",1851,321,2200    
"CT",1851,343,300     
"CT",1851,345,2294    
"CT",1851,351,1000    
"CT",1851,360,13430   
"CT",1851,361,27874   
"CT",1851,363,39460   
"CT",1851,367,8942    
"CT",1851,390,10677   
"CT",1851,400,2977    
"CT",1851,412,25668   
"CT",1852,310,4917    
"CT",1852,321,2200    
"CT",1852,343,300     
"CT",1852,345,5936    
"CT",1852,351,1165    
"CT",1852,360,13750   
"CT",1852,361,31210   
"CT",1852,363,31494   
"CT",1852,367,8752    
"CT",1852,390,10122   
"CT",1852,400,1832    
"CT",1852,412,25000   
"CT",1853,310,4759    
"CT",1853,321,1785    
"CT",1853,343,1300    
"CT",1853,345,4737    
"CT",1853,351,1181    
"CT",1853,360,14000   
"CT",1853,361,30282   
"CT",1853,363,36059   
"CT",1853,367,24492   
"CT",1853,390,20014   
"CT",1853,400,13      
"CT",1853,412,8000    
"CT",1854,310,7966    
"CT",1854,321,2200    
"CT",1854,343,300     
"CT",1854,345,5236    
"CT",1854,351,1400    
"CT",1854,360,13500   
"CT",1854,361,32509   
"CT",1854,363,44036   
"CT",1854,367,54008   
"CT",1854,390,26235   
"CT",1855,310,14169   
"CT",1855,321,2200    
"CT",1855,343,300     
"CT",1855,345,6138    
"CT",1855,351,3900    
"CT",1855,360,14058   
"CT",1855,361,33261   
"CT",1855,363,54329   
"CT",1855,367,31566   
"CT",1855,390,27483   
"CT",1856,310,13990   
"CT",1856,321,2200    
"CT",1856,343,3300    
"CT",1856,345,24938   
"CT",1856,351,3900    
"CT",1856,360,22863   
"CT",1856,361,36328   
"CT",1856,363,67188   
"CT",1856,367,48194   
"CT",1856,390,32477   
"CT",1856,412,1924    
"CT",1857,310,15935   
"CT",1857,321,1800    
"CT",1857,343,300     
"CT",1857,345,29081   
"CT",1857,351,4100    
"CT",1857,360,23194   
"CT",1857,361,43331   
"CT",1857,363,77889   
"CT",1857,367,39524   
"CT",1857,390,37067   
"CT",1857,400,5311    
"CT",1858,310,12866   
"CT",1858,321,1800    
"CT",1858,343,300     
"CT",1858,345,30521   
"CT",1858,351,4100    
"CT",1858,360,23050   
"CT",1858,361,35954   
"CT",1858,363,86262   
"CT",1858,367,46191   
"CT",1858,390,32569   
"CT",1858,400,6891    
"CT",1858,412,50000   
"CT",1859,310,9787    
"CT",1859,321,1800    
"CT",1859,343,1500    
"CT",1859,345,29354   
"CT",1859,351,4100    
"CT",1859,360,24180   
"CT",1859,361,34451   
"CT",1859,363,83481   
"CT",1859,367,27831   
"CT",1859,390,21497   
"CT",1859,400,7303    
"CT",1859,412,85000   
"CT",1860,310,8580    
"CT",1860,321,1800    
"CT",1860,343,8300    
"CT",1860,345,16539   
"CT",1860,351,3600    
"CT",1860,360,23600   
"CT",1860,361,31107   
"CT",1860,363,73126   
"CT",1860,367,21558   
"CT",1860,390,24062   
"CT",1860,400,5122    
"CT",1860,412,65000   
"CT",1861,310,9581    
"CT",1861,321,1800    
"CT",1861,343,300     
"CT",1861,345,21620   
"CT",1861,351,1160    
"CT",1861,360,23900   
"CT",1861,361,35978   
"CT",1861,363,73132   
"CT",1861,367,24966   
"CT",1861,390,26813   
"CT",1861,400,5330    
"CT",1862,310,3232    
"CT",1862,321,1400    
"CT",1862,325,110099  
"CT",1862,343,300     
"CT",1862,345,1638539 
"CT",1862,360,23900   
"CT",1862,361,47203   
"CT",1862,363,85419   
"CT",1862,367,22025   
"CT",1862,390,170501  
"CT",1863,310,3239    
"CT",1863,321,1400    
"CT",1863,325,582705  
"CT",1863,343,300     
"CT",1863,345,1502000 
"CT",1863,360,25709   
"CT",1863,361,50869   
"CT",1863,363,71961   
"CT",1863,367,28004   
"CT",1863,390,70893   
"CT",1864,310,3261    
"CT",1864,321,1400    
"CT",1864,325,726908  
"CT",1864,343,300     
"CT",1864,345,3655000 
"CT",1864,360,25000   
"CT",1864,361,54601   
"CT",1864,363,77048   
"CT",1864,367,38011   
"CT",1864,390,317038  
"CT",1865,310,3433    
"CT",1865,321,1500    
"CT",1865,325,689517  
"CT",1865,343,300     
"CT",1865,345,3598350 
"CT",1865,360,24255   
"CT",1865,361,54232   
"CT",1865,363,84206   
"CT",1865,367,28630   
"CT",1865,390,580759  
"CT",1866,310,4236    
"CT",1866,321,1500    
"CT",1866,325,304109  
"CT",1866,343,300     
"CT",1866,345,290000  
"CT",1866,360,23681   
"CT",1866,361,61585   
"CT",1866,363,101293  
"CT",1866,367,50620   
"CT",1866,390,701942  
"CT",1867,310,2515    
"CT",1867,321,1578    
"CT",1867,325,42159   
"CT",1867,343,300     
"CT",1867,345,149000  
"CT",1867,360,28352   
"CT",1867,361,59658   
"CT",1867,363,123966  
"CT",1867,367,65900   
"CT",1867,390,1331292 
"CT",1868,310,7917    
"CT",1868,321,300     
"CT",1868,325,77197   
"CT",1868,343,300     
"CT",1868,345,99995   
"CT",1868,360,30624   
"CT",1868,361,104835  
"CT",1868,363,144396  
"CT",1868,367,203105  
"CT",1868,390,103286  
"CT",1869,310,9254    
"CT",1869,321,596     
"CT",1869,325,117152  
"CT",1869,343,300     
"CT",1869,345,96000   
"CT",1869,360,39907   
"CT",1869,361,112428  
"CT",1869,363,146003  
"CT",1869,367,201250  
"CT",1869,390,144216  
"CT",1870,310,8080    
"CT",1870,321,965     
"CT",1870,325,157568  
"CT",1870,343,600     
"CT",1870,345,97000   
"CT",1870,360,47020   
"CT",1870,361,77194   
"CT",1870,363,212378  
"CT",1870,367,63065   
"CT",1870,390,156560  
"CT",1871,310,8569    
"CT",1871,321,1852    
"CT",1871,325,142717  
"CT",1871,343,600     
"CT",1871,345,38000   
"CT",1871,360,59800   
"CT",1871,361,89022   
"CT",1871,363,170653  
"CT",1871,367,64489   
"CT",1871,390,102350  
"CT",1872,310,7119    
"CT",1872,311,55550   
"CT",1872,321,1425    
"CT",1872,325,123119  
"CT",1872,343,800     
"CT",1872,345,68400   
"CT",1872,360,59950   
"CT",1872,361,102836  
"CT",1872,362,14141   
"CT",1872,363,199212  
"CT",1872,367,77958   
"CT",1872,390,117906  
"CT",1873,310,8936    
"CT",1873,311,201159  
"CT",1873,313,12000   
"CT",1873,321,3417    
"CT",1873,323,85000   
"CT",1873,325,108449  
"CT",1873,343,600     
"CT",1873,345,107000  
"CT",1873,360,65650   
"CT",1873,361,123902  
"CT",1873,362,17642   
"CT",1873,363,185874  
"CT",1873,367,109118  
"CT",1873,390,146823  
"CT",1874,310,11587   
"CT",1874,311,198798  
"CT",1874,313,12000   
"CT",1874,321,2766    
"CT",1874,323,90000   
"CT",1874,325,89632   
"CT",1874,343,600     
"CT",1874,345,77500   
"CT",1874,351,3500    
"CT",1874,360,61588   
"CT",1874,361,114338  
"CT",1874,362,18697   
"CT",1874,363,229975  
"CT",1874,367,200195  
"CT",1874,390,72752   
"CT",1875,310,7535    
"CT",1875,311,209879  
"CT",1875,313,12000   
"CT",1875,321,3567    
"CT",1875,325,71019   
"CT",1875,343,700     
"CT",1875,345,86771   
"CT",1875,351,7221    
"CT",1875,360,65393   
"CT",1875,361,102025  
"CT",1875,362,25689   
"CT",1875,363,255980  
"CT",1875,367,428406  
"CT",1875,369,27947   
"CT",1875,390,137862  
"CT",1876,310,41672   
"CT",1876,311,411912  
"CT",1876,313,32850   
"CT",1876,316,6895    
"CT",1876,320,128437  
"CT",1876,321,15043   
"CT",1876,325,95967   
"CT",1876,343,164645  
"CT",1876,345,237965  
"CT",1876,351,24559   
"CT",1876,360,146549  
"CT",1876,361,301942  
"CT",1876,362,99117   
"CT",1876,363,629806  
"CT",1876,365,513     
"CT",1876,367,1309848 
"CT",1876,369,114518  
"CT",1876,390,125205  
"CT",1877,310,27680   
"CT",1877,311,207505  
"CT",1877,313,12600   
"CT",1877,316,6895    
"CT",1877,320,128437  
"CT",1877,321,6794    
"CT",1877,325,20647   
"CT",1877,343,152758  
"CT",1877,345,82465   
"CT",1877,351,10855   
"CT",1877,360,20223   
"CT",1877,361,96814   
"CT",1877,362,34704   
"CT",1877,363,182420  
"CT",1877,365,513     
"CT",1877,367,356619  
"CT",1877,369,36299   
"CT",1877,390,1619    
"CT",1878,310,29410   
"CT",1878,311,211746  
"CT",1878,313,11200   
"CT",1878,316,4492    
"CT",1878,320,81727   
"CT",1878,321,4965    
"CT",1878,322,750     
"CT",1878,325,14740   
"CT",1878,343,97481   
"CT",1878,345,65961   
"CT",1878,351,15206   
"CT",1878,360,18969   
"CT",1878,361,88865   
"CT",1878,362,26700   
"CT",1878,363,182956  
"CT",1878,365,360     
"CT",1878,367,351356  
"CT",1878,369,34379   
"CT",1878,390,533     
"CT",1879,310,30920   
"CT",1879,311,210682  
"CT",1879,313,11000   
"CT",1879,316,7722    
"CT",1879,320,89851   
"CT",1879,321,3954    
"CT",1879,322,3000    
"CT",1879,325,11947   
"CT",1879,343,94028   
"CT",1879,345,150200  
"CT",1879,351,15416   
"CT",1879,360,21163   
"CT",1879,361,97183   
"CT",1879,362,30646   
"CT",1879,363,223682  
"CT",1879,365,26058   
"CT",1879,367,194324  
"CT",1879,369,20544   
"CT",1879,390,2463    
"CT",1880,310,44461   
"CT",1880,311,213421  
"CT",1880,313,12700   
"CT",1880,316,4292    
"CT",1880,320,157705  
"CT",1880,321,4055    
"CT",1880,322,3000    
"CT",1880,325,9003    
"CT",1880,343,108085  
"CT",1880,345,113097  
"CT",1880,351,16722   
"CT",1880,360,23443   
"CT",1880,361,104896  
"CT",1880,362,30790   
"CT",1880,363,256599  
"CT",1880,365,43      
"CT",1880,367,173804  
"CT",1880,369,28759   
"CT",1880,390,9338    
"CT",1881,310,57021   
"CT",1881,311,219852  
"CT",1881,313,26300   
"CT",1881,316,6233    
"CT",1881,320,177680  
"CT",1881,321,4139    
"CT",1881,322,3000    
"CT",1881,325,7787    
"CT",1881,343,119736  
"CT",1881,345,124852  
"CT",1881,351,22980   
"CT",1881,360,24881   
"CT",1881,361,105488  
"CT",1881,362,29984   
"CT",1881,363,201805  
"CT",1881,365,279.21  
"CT",1881,367,37052   
"CT",1881,369,32031   
"CT",1881,390,16288   
"CT",1882,310,38344   
"CT",1882,311,222773  
"CT",1882,313,49500   
"CT",1882,316,2847    
"CT",1882,320,184925  
"CT",1882,321,4711    
"CT",1882,322,3000    
"CT",1882,325,7807    
"CT",1882,343,131158  
"CT",1882,345,163322  
"CT",1882,351,60556   
"CT",1882,360,21774   
"CT",1882,361,106442  
"CT",1882,362,30819   
"CT",1882,363,233208  
"CT",1882,365,115     
"CT",1882,367,40855   
"CT",1882,369,29385   
"CT",1882,390,12569   
"CT",1883,310,40885   
"CT",1883,311,227283  
"CT",1883,313,47547   
"CT",1883,316,5397    
"CT",1883,320,120125  
"CT",1883,321,5024    
"CT",1883,322,3014    
"CT",1883,325,25075   
"CT",1883,343,159860  
"CT",1883,345,177790  
"CT",1883,351,47829   
"CT",1883,360,29024   
"CT",1883,361,112478  
"CT",1883,362,30750   
"CT",1883,363,226848  
"CT",1883,365,45      
"CT",1883,367,33789   
"CT",1883,369,27832   
"CT",1883,390,36683   
"CT",1884,310,49429   
"CT",1884,311,228927  
"CT",1884,313,14528   
"CT",1884,316,2809    
"CT",1884,320,162347  
"CT",1884,321,5963    
"CT",1884,322,3028    
"CT",1884,325,26468   
"CT",1884,343,166343  
"CT",1884,345,158039  
"CT",1884,351,39312   
"CT",1884,360,25659   
"CT",1884,361,108284  
"CT",1884,362,33570   
"CT",1884,363,239897  
"CT",1884,365,898     
"CT",1884,367,29005   
"CT",1884,369,26971   
"CT",1884,390,56710   
"CT",1885,310,37329   
"CT",1885,311,229904  
"CT",1885,313,13289   
"CT",1885,316,1806    
"CT",1885,320,100137  
"CT",1885,321,3680    
"CT",1885,322,1528    
"CT",1885,325,20446   
"CT",1885,343,82943   
"CT",1885,345,105393  
"CT",1885,351,26104   
"CT",1885,360,27145   
"CT",1885,361,108249  
"CT",1885,362,20412   
"CT",1885,363,165952  
"CT",1885,365,29      
"CT",1885,367,15214   
"CT",1885,369,15448   
"CT",1885,390,33328   
"CT",1886,310,43703   
"CT",1886,311,232671  
"CT",1886,313,14626   
"CT",1886,316,2853    
"CT",1886,320,173906  
"CT",1886,321,7127    
"CT",1886,322,4969    
"CT",1886,325,43888   
"CT",1886,343,149170  
"CT",1886,345,104345  
"CT",1886,351,42557   
"CT",1886,360,24952   
"CT",1886,361,106006  
"CT",1886,362,36991   
"CT",1886,363,241838  
"CT",1886,365,346     
"CT",1886,367,26488   
"CT",1886,369,28336   
"CT",1886,390,24039   
"CT",1887,310,59143   
"CT",1887,311,236323  
"CT",1887,313,24177   
"CT",1887,316,2947    
"CT",1887,320,140617  
"CT",1887,321,6108    
"CT",1887,322,5000    
"CT",1887,325,66120   
"CT",1887,343,239060  
"CT",1887,345,175139  
"CT",1887,351,41610   
"CT",1887,360,25973   
"CT",1887,361,110129  
"CT",1887,362,35717   
"CT",1887,363,262955  
"CT",1887,365,248     
"CT",1887,367,33334   
"CT",1887,369,33767   
"CT",1887,390,61901   
"CT",1888,310,60232   
"CT",1888,311,237225  
"CT",1888,313,18341   
"CT",1888,316,2789    
"CT",1888,320,143253  
"CT",1888,321,5890    
"CT",1888,322,5400    
"CT",1888,325,48883   
"CT",1888,343,303094  
"CT",1888,345,163719  
"CT",1888,351,56854   
"CT",1888,360,25435   
"CT",1888,361,427     
"CT",1888,362,42617   
"CT",1888,363,280540  
"CT",1888,365,70      
"CT",1888,367,29974   
"CT",1888,369,40771   
"CT",1888,390,68825   
"CT",1889,310,51697   
"CT",1889,311,242544  
"CT",1889,313,18659   
"CT",1889,316,2670    
"CT",1889,320,177896  
"CT",1889,321,8883    
"CT",1889,322,6500    
"CT",1889,325,87591   
"CT",1889,343,156579  
"CT",1889,344,2982    
"CT",1889,345,119435  
"CT",1889,351,38242   
"CT",1889,360,24775   
"CT",1889,361,114815  
"CT",1889,362,42923   
"CT",1889,363,278175  
"CT",1889,367,32227   
"CT",1889,369,38221   
"CT",1889,390,66615   
"CT",1890,310,52271   
"CT",1890,311,260149  
"CT",1890,313,34780   
"CT",1890,316,3601    
"CT",1890,320,157637  
"CT",1890,321,7829    
"CT",1890,322,7000    
"CT",1890,325,148008  
"CT",1890,343,195399  
"CT",1890,344,2490    
"CT",1890,345,114384  
"CT",1890,351,59876   
"CT",1890,360,27507   
"CT",1890,361,5182    
"CT",1890,362,48845   
"CT",1890,363,301329  
"CT",1890,365,256     
"CT",1890,367,34898   
"CT",1890,369,76728   
"CT",1890,390,232797  
"CT",1891,310,53077   
"CT",1891,311,248433  
"CT",1891,313,100220  
"CT",1891,316,2630    
"CT",1891,320,155906  
"CT",1891,321,7255    
"CT",1891,322,8150    
"CT",1891,325,62387   
"CT",1891,343,98595   
"CT",1891,344,2735    
"CT",1891,345,124155  
"CT",1891,351,75621   
"CT",1891,360,28327   
"CT",1891,361,4646    
"CT",1891,362,43560   
"CT",1891,363,282615  
"CT",1891,365,240     
"CT",1891,367,27213   
"CT",1891,369,53034   
"CT",1891,390,9708    
"CT",1892,310,68906   
"CT",1892,311,253494  
"CT",1892,313,46738   
"CT",1892,316,2556    
"CT",1892,320,216245  
"CT",1892,321,9107    
"CT",1892,322,4151    
"CT",1892,325,99051   
"CT",1892,330,47249   
"CT",1892,343,226453  
"CT",1892,344,3700    
"CT",1892,345,235739  
"CT",1892,351,49745   
"CT",1892,360,24691   
"CT",1892,361,24478   
"CT",1892,362,44755   
"CT",1892,363,356821  
"CT",1892,365,408     
"CT",1892,367,43225   
"CT",1892,369,28427   
"CT",1892,390,7273    
"CT",1893,310,61005   
"CT",1893,311,285533  
"CT",1893,313,53173   
"CT",1893,316,2839    
"CT",1893,320,218609  
"CT",1893,321,5210    
"CT",1893,322,5500    
"CT",1893,325,65171   
"CT",1893,330,26029   
"CT",1893,334,1268    
"CT",1893,343,203265  
"CT",1893,344,2988    
"CT",1893,345,147792  
"CT",1893,351,68008   
"CT",1893,360,63084   
"CT",1893,361,351038  
"CT",1893,362,53985   
"CT",1893,363,339064  
"CT",1893,365,2326    
"CT",1893,367,40028   
"CT",1893,369,183448  
"CT",1893,390,54152   
"CT",1894,310,83706   
"CT",1894,311,282198  
"CT",1894,313,138722  
"CT",1894,316,2933    
"CT",1894,320,210067  
"CT",1894,321,10277   
"CT",1894,322,14500   
"CT",1894,325,94763   
"CT",1894,330,6218    
"CT",1894,334,5108    
"CT",1894,343,227290  
"CT",1894,344,5303    
"CT",1894,345,190412  
"CT",1894,351,65413   
"CT",1894,360,26939   
"CT",1894,361,3600    
"CT",1894,362,54814   
"CT",1894,363,382691  
"CT",1894,365,735     
"CT",1894,367,37557   
"CT",1894,369,57284   
"CT",1894,390,18147   
"CT",1895,310,68330   
"CT",1895,311,279231  
"CT",1895,313,108801  
"CT",1895,316,3032    
"CT",1895,320,236630  
"CT",1895,321,7404    
"CT",1895,322,15899   
"CT",1895,325,91627   
"CT",1895,330,21934   
"CT",1895,331,1984    
"CT",1895,334,9900    
"CT",1895,343,225718  
"CT",1895,344,4997    
"CT",1895,345,208377  
"CT",1895,351,72783   
"CT",1895,360,44154   
"CT",1895,361,161840  
"CT",1895,362,53901   
"CT",1895,363,369363  
"CT",1895,365,54      
"CT",1895,367,36700   
"CT",1895,369,63750   
"CT",1895,390,21706   
"CT",1896,310,72101   
"CT",1896,311,300148  
"CT",1896,313,93181   
"CT",1896,316,3482    
"CT",1896,320,267575  
"CT",1896,321,8205    
"CT",1896,322,16157   
"CT",1896,325,91583   
"CT",1896,331,43546   
"CT",1896,334,40867   
"CT",1896,343,272482  
"CT",1896,344,4888    
"CT",1896,345,153266  
"CT",1896,351,117394  
"CT",1896,360,34436   
"CT",1896,361,846     
"CT",1896,362,60841   
"CT",1896,363,366766  
"CT",1896,365,428     
"CT",1896,367,38226   
"CT",1896,369,230490  
"CT",1896,390,21147   
"CT",1897,310,70368   
"CT",1897,311,427089  
"CT",1897,313,84091   
"CT",1897,316,2743    
"CT",1897,320,304193  
"CT",1897,321,8450    
"CT",1897,322,15552   
"CT",1897,325,84192   
"CT",1897,331,122343  
"CT",1897,334,15000   
"CT",1897,343,299174  
"CT",1897,344,4962    
"CT",1897,345,168463  
"CT",1897,351,99280   
"CT",1897,360,34312   
"CT",1897,361,143877  
"CT",1897,362,64610   
"CT",1897,363,369115  
"CT",1897,365,2376    
"CT",1897,367,39056   
"CT",1897,369,70307   
"CT",1897,390,16165   
"CT",1898,310,67198   
"CT",1898,311,438120  
"CT",1898,313,64116   
"CT",1898,316,2867    
"CT",1898,320,266386  
"CT",1898,321,10010   
"CT",1898,322,16568   
"CT",1898,325,93269   
"CT",1898,331,78722   
"CT",1898,334,14402   
"CT",1898,343,253017  
"CT",1898,344,4664    
"CT",1898,345,213410  
"CT",1898,351,62801   
"CT",1898,360,27850   
"CT",1898,361,444     
"CT",1898,362,63879   
"CT",1898,363,372322  
"CT",1898,365,527     
"CT",1898,367,39802   
"CT",1898,369,53723   
"CT",1898,390,16482   
"CT",1899,310,72107   
"CT",1899,311,453556  
"CT",1899,313,68748   
"CT",1899,316,3570    
"CT",1899,320,314944  
"CT",1899,321,8561    
"CT",1899,322,13828   
"CT",1899,325,88537   
"CT",1899,330,20737   
"CT",1899,331,117974  
"CT",1899,334,16180   
"CT",1899,343,245795  
"CT",1899,344,4338    
"CT",1899,345,223014  
"CT",1899,351,64996   
"CT",1899,360,38417   
"CT",1899,361,148355  
"CT",1899,362,58611   
"CT",1899,363,339425  
"CT",1899,365,2450    
"CT",1899,367,45294   
"CT",1899,369,55302   
"CT",1899,390,17399   
"CT",1900,310,74096   
"CT",1900,311,454653  
"CT",1900,313,18124   
"CT",1900,316,53483   
"CT",1900,320,4500    
"CT",1900,321,370955  
"CT",1900,322,11076   
"CT",1900,323,7124    
"CT",1900,325,108044  
"CT",1900,330,2646    
"CT",1900,331,123     
"CT",1900,334,99163   
"CT",1900,341,17537   
"CT",1900,343,168918  
"CT",1900,344,89320   
"CT",1900,345,165747  
"CT",1900,351,48882   
"CT",1900,352,19050   
"CT",1900,361,35015   
"CT",1900,362,41375   
"CT",1900,363,11851   
"CT",1900,365,364628  
"CT",1900,367,61686   
"CT",1900,369,67371   
"CT",1900,390,30121   
"CT",1901,310,79996   
"CT",1901,311,468852  
"CT",1901,313,8566    
"CT",1901,316,66620   
"CT",1901,320,4737    
"CT",1901,321,369147  
"CT",1901,322,12200   
"CT",1901,323,6930    
"CT",1901,325,102606  
"CT",1901,330,2176    
"CT",1901,334,188139  
"CT",1901,343,177365  
"CT",1901,344,125851  
"CT",1901,345,164591  
"CT",1901,351,53779   
"CT",1901,352,18172   
"CT",1901,361,204982  
"CT",1901,362,44170   
"CT",1901,363,11972   
"CT",1901,365,353730  
"CT",1901,367,59520   
"CT",1901,369,100188  
"CT",1901,390,36603   
"CT",1902,310,76540   
"CT",1902,311,483624  
"CT",1902,313,8744    
"CT",1902,316,57865   
"CT",1902,320,8208    
"CT",1902,321,477879  
"CT",1902,322,12022   
"CT",1902,323,9256    
"CT",1902,325,106976  
"CT",1902,330,1683    
"CT",1902,334,150839  
"CT",1902,343,167718  
"CT",1902,344,61634   
"CT",1902,345,158158  
"CT",1902,351,58590   
"CT",1902,352,15734   
"CT",1902,361,64687   
"CT",1902,362,53863   
"CT",1902,363,12739   
"CT",1902,365,406068  
"CT",1902,367,64408   
"CT",1902,369,86308   
"CT",1902,390,24666   
"CT",1903,310,77737   
"CT",1903,311,497301  
"CT",1903,313,8141    
"CT",1903,316,99452   
"CT",1903,320,10033   
"CT",1903,321,405262  
"CT",1903,322,10943   
"CT",1903,323,7669    
"CT",1903,325,120778  
"CT",1903,330,1398    
"CT",1903,334,228058  
"CT",1903,342,800     
"CT",1903,343,171770  
"CT",1903,344,47480   
"CT",1903,345,195585  
"CT",1903,351,59483   
"CT",1903,352,14219   
"CT",1903,361,271234  
"CT",1903,362,51700   
"CT",1903,363,12924   
"CT",1903,365,422477  
"CT",1903,367,77311   
"CT",1903,369,139805  
"CT",1903,390,43013   
"CT",1904,310,81614   
"CT",1904,311,554796  
"CT",1904,313,8826    
"CT",1904,316,121529  
"CT",1904,320,13389   
"CT",1904,321,574479  
"CT",1904,322,13438   
"CT",1904,323,9137    
"CT",1904,325,144787  
"CT",1904,330,1270    
"CT",1904,334,209098  
"CT",1904,342,16482   
"CT",1904,343,183265  
"CT",1904,344,37735   
"CT",1904,345,161957  
"CT",1904,351,67871   
"CT",1904,352,18204   
"CT",1904,361,45768   
"CT",1904,362,56696   
"CT",1904,363,12858   
"CT",1904,365,465183  
"CT",1904,367,65849   
"CT",1904,369,144588  
"CT",1904,390,39917   
"CT",1905,310,89829   
"CT",1905,311,542122  
"CT",1905,313,12834   
"CT",1905,316,143501  
"CT",1905,320,10155   
"CT",1905,321,564614  
"CT",1905,322,13574   
"CT",1905,323,6778    
"CT",1905,325,144417  
"CT",1905,330,1057    
"CT",1905,334,280073  
"CT",1905,342,20980   
"CT",1905,343,195582  
"CT",1905,344,41525   
"CT",1905,345,187873  
"CT",1905,351,67684   
"CT",1905,352,18443   
"CT",1905,361,239878  
"CT",1905,362,51717   
"CT",1905,363,12864   
"CT",1905,365,448914  
"CT",1905,367,60645   
"CT",1905,369,414915  
"CT",1905,390,60814   
"CT",1906,310,95081   
"CT",1906,311,622799  
"CT",1906,313,8957    
"CT",1906,316,108857  
"CT",1906,320,13813   
"CT",1906,321,839149  
"CT",1906,322,16294   
"CT",1906,323,8590    
"CT",1906,325,161748  
"CT",1906,330,784     
"CT",1906,334,199026  
"CT",1906,342,24318   
"CT",1906,343,179063  
"CT",1906,344,38086   
"CT",1906,345,171303  
"CT",1906,351,137431  
"CT",1906,352,26079   
"CT",1906,361,66449   
"CT",1906,362,51279   
"CT",1906,363,13073   
"CT",1906,365,538479  
"CT",1906,367,56686   
"CT",1906,369,111988  
"CT",1906,390,33621   
"CT",1907,310,91671   
"CT",1907,311,563087  
"CT",1907,313,7630    
"CT",1907,316,90154   
"CT",1907,320,13382   
"CT",1907,321,612001  
"CT",1907,322,15121   
"CT",1907,323,7101    
"CT",1907,325,184607  
"CT",1907,330,755     
"CT",1907,334,305764  
"CT",1907,342,24254   
"CT",1907,343,175541  
"CT",1907,344,42385   
"CT",1907,345,202186  
"CT",1907,351,81066   
"CT",1907,352,19421   
"CT",1907,361,202883  
"CT",1907,362,56712   
"CT",1907,363,12611   
"CT",1907,365,509242  
"CT",1907,367,59003   
"CT",1907,369,176422  
"CT",1907,390,40794   
"CT",1908,310,102437  
"CT",1908,311,675973  
"CT",1908,313,6955    
"CT",1908,316,92669   
"CT",1908,320,19207   
"CT",1908,321,938070  
"CT",1908,322,18198   
"CT",1908,323,9589    
"CT",1908,325,176031  
"CT",1908,330,633     
"CT",1908,334,379535  
"CT",1908,342,26136   
"CT",1908,343,198764  
"CT",1908,344,38046   
"CT",1908,345,248758  
"CT",1908,351,136363  
"CT",1908,352,35961   
"CT",1908,361,105885  
"CT",1908,362,59431   
"CT",1908,363,12771   
"CT",1908,365,637576  
"CT",1908,367,48243   
"CT",1908,369,610316  
"CT",1908,390,156368  
"CT",1909,310,100358  
"CT",1909,311,698868  
"CT",1909,313,9430    
"CT",1909,316,144876  
"CT",1909,320,14506   
"CT",1909,321,840404  
"CT",1909,322,17576   
"CT",1909,323,7212    
"CT",1909,325,177805  
"CT",1909,330,293     
"CT",1909,334,1148096 
"CT",1909,342,27490   
"CT",1909,343,184476  
"CT",1909,344,37233   
"CT",1909,345,283521  
"CT",1909,351,96906   
"CT",1909,352,50305   
"CT",1909,361,235389  
"CT",1909,362,53375   
"CT",1909,363,12697   
"CT",1909,365,595970  
"CT",1909,367,54683   
"CT",1909,369,824665  
"CT",1909,390,35301   
"CT",1910,310,106339  
"CT",1910,311,743429  
"CT",1910,313,6678    
"CT",1910,316,143511  
"CT",1910,320,19882   
"CT",1910,321,967292  
"CT",1910,322,215665  
"CT",1910,323,9311    
"CT",1910,325,181302  
"CT",1910,330,150     
"CT",1910,334,1432747 
"CT",1910,342,31576   
"CT",1910,343,263513  
"CT",1910,344,39449   
"CT",1910,345,299361  
"CT",1910,351,151877  
"CT",1910,352,41423   
"CT",1910,361,115593  
"CT",1910,362,59661   
"CT",1910,363,12848   
"CT",1910,365,628417  
"CT",1910,367,55870   
"CT",1910,369,804282  
"CT",1910,390,44971   
"CT",1911,310,97725   
"CT",1911,311,839776  
"CT",1911,313,6683    
"CT",1911,316,86289   
"CT",1911,320,39531   
"CT",1911,321,885337  
"CT",1911,322,174087  
"CT",1911,323,7244    
"CT",1911,325,163932  
"CT",1911,330,150     
"CT",1911,334,1939933 
"CT",1911,342,28718   
"CT",1911,343,413382  
"CT",1911,344,45153   
"CT",1911,345,244247  
"CT",1911,351,134064  
"CT",1911,352,38357   
"CT",1911,361,257058  
"CT",1911,362,59874   
"CT",1911,363,12645   
"CT",1911,365,590800  
"CT",1911,367,86648   
"CT",1911,369,424003  
"CT",1911,390,48772   
"CT",1912,310,122866  
"CT",1912,311,909882  
"CT",1912,313,6966    
"CT",1912,316,113888  
"CT",1912,320,54479   
"CT",1912,321,869790  
"CT",1912,322,363379  
"CT",1912,323,9527    
"CT",1912,325,193363  
"CT",1912,330,81      
"CT",1912,334,1633450 
"CT",1912,342,32188   
"CT",1912,343,426656  
"CT",1912,344,32134   
"CT",1912,345,381886  
"CT",1912,351,142426  
"CT",1912,352,40305   
"CT",1912,361,139851  
"CT",1912,362,61328   
"CT",1912,363,224     
"CT",1912,365,644744  
"CT",1912,367,72636   
"CT",1912,369,166099  
"CT",1912,390,49333   
"CT",1913,310,118263  
"CT",1913,311,963400  
"CT",1913,313,6609    
"CT",1913,316,102527  
"CT",1913,320,55978   
"CT",1913,321,1086865 
"CT",1913,322,341623  
"CT",1913,323,8104    
"CT",1913,325,175012  
"CT",1913,330,72      
"CT",1913,334,3713455 
"CT",1913,342,39029   
"CT",1913,343,365223  
"CT",1913,344,50300   
"CT",1913,345,221924  
"CT",1913,351,223591  
"CT",1913,352,51177   
"CT",1913,361,263367  
"CT",1913,362,60059   
"CT",1913,365,649035  
"CT",1913,367,67003   
"CT",1913,369,227404  
"CT",1913,390,30126   
"CT",1914,310,126080  
"CT",1914,311,973548  
"CT",1914,313,6736    
"CT",1914,316,109858  
"CT",1914,320,66151   
"CT",1914,321,1020668 
"CT",1914,322,431593  
"CT",1914,323,9987    
"CT",1914,325,167912  
"CT",1914,330,36      
"CT",1914,334,3794483 
"CT",1914,342,45173   
"CT",1914,343,327666  
"CT",1914,344,73830   
"CT",1914,345,274187  
"CT",1914,351,242083  
"CT",1914,352,58629   
"CT",1914,361,126991  
"CT",1914,362,71818   
"CT",1914,365,681040  
"CT",1914,367,56054   
"CT",1914,369,162652  
"CT",1914,381,5001    
"CT",1914,390,28573   
"CT",1914,400,409957  
"CT",1915,310,119097  
"CT",1915,311,1066361 
"CT",1915,313,6995    
"CT",1915,316,125151  
"CT",1915,320,54417   
"CT",1915,321,861064  
"CT",1915,322,210166  
"CT",1915,323,7780    
"CT",1915,325,185307  
"CT",1915,330,126     
"CT",1915,334,2519317 
"CT",1915,342,48060   
"CT",1915,343,326147  
"CT",1915,344,56383   
"CT",1915,345,248485  
"CT",1915,351,203986  
"CT",1915,352,63517   
"CT",1915,361,287611  
"CT",1915,362,70158   
"CT",1915,365,673454  
"CT",1915,367,65375   
"CT",1915,369,192823  
"CT",1915,381,5483    
"CT",1915,390,34996   
"CT",1915,400,471827  
"CT",1916,310,129097  
"CT",1916,311,1028512 
"CT",1916,313,7100    
"CT",1916,316,115728  
"CT",1916,320,60928   
"CT",1916,321,1050431 
"CT",1916,322,277270  
"CT",1916,323,8637    
"CT",1916,325,195139  
"CT",1916,330,72      
"CT",1916,334,2251126 
"CT",1916,342,47811   
"CT",1916,343,302110  
"CT",1916,344,79454   
"CT",1916,345,387230  
"CT",1916,351,215980  
"CT",1916,352,53480   
"CT",1916,360,4306    
"CT",1916,361,146245  
"CT",1916,362,79109   
"CT",1916,365,685600  
"CT",1916,367,70880   
"CT",1916,369,148011  
"CT",1916,381,5372    
"CT",1916,390,2474    
"CT",1916,400,531255  
"CT",1917,310,139900  
"CT",1917,311,1104139 
"CT",1917,313,7140    
"CT",1917,316,144658  
"CT",1917,320,62425   
"CT",1917,321,1290314 
"CT",1917,322,297883  
"CT",1917,323,9353    
"CT",1917,325,206359  
"CT",1917,330,72      
"CT",1917,334,2812951 
"CT",1917,342,51223   
"CT",1917,343,397792  
"CT",1917,344,45962   
"CT",1917,345,856734  
"CT",1917,351,264301  
"CT",1917,352,59050   
"CT",1917,360,23691   
"CT",1917,361,318991  
"CT",1917,362,64074   
"CT",1917,365,727523  
"CT",1917,367,95284   
"CT",1917,369,230087  
"CT",1917,381,3773    
"CT",1917,390,2063    
"CT",1917,400,522889  
"CT",1918,310,205196  
"CT",1918,311,1157474 
"CT",1918,313,7169    
"CT",1918,316,170203  
"CT",1918,320,67690   
"CT",1918,321,2358406 
"CT",1918,322,525356  
"CT",1918,323,11398   
"CT",1918,325,243813  
"CT",1918,334,3624679 
"CT",1918,342,51160   
"CT",1918,343,408093  
"CT",1918,344,147841  
"CT",1918,345,684929  
"CT",1918,351,399503  
"CT",1918,352,55340   
"CT",1918,360,15878   
"CT",1918,361,90220   
"CT",1918,362,79379   
"CT",1918,365,772366  
"CT",1918,367,91956   
"CT",1918,369,352900  
"CT",1918,381,3299    
"CT",1918,390,2302    
"CT",1918,400,526173  
"CT",1918,412,500000  
"CT",1919,310,220605  
"CT",1919,311,1197936 
"CT",1919,313,5568    
"CT",1919,316,111368  
"CT",1919,320,67195   
"CT",1919,321,1772832 
"CT",1919,322,407681  
"CT",1919,323,8030    
"CT",1919,325,175709  
"CT",1919,330,90      
"CT",1919,334,2392131 
"CT",1919,342,41442   
"CT",1919,343,393965  
"CT",1919,344,182287  
"CT",1919,345,557038  
"CT",1919,351,315791  
"CT",1919,352,43260   
"CT",1919,360,13177   
"CT",1919,361,266190  
"CT",1919,362,66535   
"CT",1919,365,641450  
"CT",1919,367,82975   
"CT",1919,369,329527  
"CT",1919,381,2981    
"CT",1919,390,1668    
"CT",1919,400,407065  
"CT",1919,412,500000  
"CT",1920,310,328553  
"CT",1920,311,1785938 
"CT",1920,313,7397    
"CT",1920,316,384408  
"CT",1920,320,100408  
"CT",1920,321,2720010 
"CT",1920,322,769003  
"CT",1920,323,11996   
"CT",1920,325,302338  
"CT",1920,330,54      
"CT",1920,334,5764993 
"CT",1920,342,64634   
"CT",1920,343,549369  
"CT",1920,344,120346  
"CT",1920,345,455242  
"CT",1920,351,722618  
"CT",1920,352,108616  
"CT",1920,360,258832  
"CT",1920,361,108121  
"CT",1920,362,96125   
"CT",1920,365,942052  
"CT",1920,367,104695  
"CT",1920,369,770562  
"CT",1920,381,5170    
"CT",1920,390,7176    
"CT",1920,400,519455  
