"NC",1816,1,166740    
"NC",1817,1,133434    
"NC",1818,1,200689    
"NC",1819,1,128409    
"NC",1820,1,114124    
"NC",1821,1,150917    
"NC",1822,1,127064    
"NC",1823,1,114615    
"NC",1824,1,114639    
"NC",1825,1,112230    
"NC",1826,1,235240    
"NC",1827,1,116883    
"NC",1828,1,251284    
"NC",1829,1,101821    
"NC",1830,1,111105    
"NC",1831,1,95197     
"NC",1832,1,94501     
"NC",1833,1,188820    
"NC",1834,1,220315    
"NC",1835,1,131923    
"NC",1851,1,569467    
"NC",1852,1,713458    
"NC",1853,1,3520334   
"NC",1854,1,2638768   
"NC",1855,1,5051029   
"NC",1856,1,2931025   
"NC",1857,1,4636075   
"NC",1858,1,3277322   
"NC",1859,1,4842916   
"NC",1860,1,6762748   
"NC",1861,1,7227266   
"NC",1862,1,13563184  
"NC",1863,1,34613292  
"NC",1864,1,15229560  
"NC",1866,1,3924765   
"NC",1867,1,4467256   
"NC",1868,1,3872696   
"NC",1869,1,17271627  
"NC",1870,1,6999571   
"NC",1871,1,1276216   
"NC",1872,1,1354953   
"NC",1873,1,1004156   
"NC",1874,1,1378615   
"NC",1875,1,1060312   
"NC",1876,1,1090316   
"NC",1877,1,1101032   
"NC",1878,1,1079213   
"NC",1879,1,1111951   
"NC",1880,1,1100221   
"NC",1881,1,1314855   
"NC",1882,1,1524477   
"NC",1883,1,1960175   
"NC",1884,1,2908654   
"NC",1885,1,764951    
"NC",1886,1,1678468   
"NC",1887,1,1740339   
"NC",1888,1,1465235   
"NC",1889,1,1966823   
"NC",1890,1,2391049   
"NC",1891,1,2385778   
"NC",1892,1,2434829   
"NC",1893,1,2455411   
"NC",1894,1,2447648   
"NC",1895,1,2292698   
"NC",1896,1,2520471   
"NC",1897,1,2608140   
"NC",1898,1,2678770   
"NC",1899,1,3101999   
"NC",1900,1,3247903   
"NC",1901,1,1620299   
"NC",1902,1,1924130   
"NC",1903,1,2389613   
"NC",1904,1,2149688   
"NC",1905,1,2509899   
"NC",1906,1,2353828   
"NC",1907,1,2652526   
"NC",1908,1,2922128   
"NC",1909,1,3202019   
"NC",1910,1,6374740   
"NC",1911,1,4014146   
"NC",1912,1,3406071   
"NC",1913,1,3878427   
"NC",1914,1,4712434   
                      
"NC",1816,11,33599    
"NC",1816,13,3810     
"NC",1816,14,13500    
"NC",1816,16,2734     
"NC",1816,17,39084    
"NC",1816,19,38140    
"NC",1816,29,35873    
"NC",1817,11,33088    
"NC",1817,13,5065     
"NC",1817,14,13500    
"NC",1817,16,4244     
"NC",1817,17,31880    
"NC",1817,19,6764     
"NC",1817,29,38893    
"NC",1818,11,50790    
"NC",1818,13,5532     
"NC",1818,16,2866     
"NC",1818,17,32028    
"NC",1818,19,25452    
"NC",1818,29,84021    
"NC",1819,11,42661    
"NC",1819,13,5542     
"NC",1819,16,5875     
"NC",1819,17,25313    
"NC",1819,19,12519    
"NC",1819,29,36499    
"NC",1820,11,45716    
"NC",1820,13,4879     
"NC",1820,16,4148     
"NC",1820,17,25303    
"NC",1820,19,7563     
"NC",1820,29,26515    
"NC",1821,11,28330    
"NC",1821,13,4804     
"NC",1821,14,13500    
"NC",1821,16,2663     
"NC",1821,17,24570    
"NC",1821,19,7106     
"NC",1821,22,150      
"NC",1821,29,69794    
"NC",1822,11,27930    
"NC",1822,13,9395     
"NC",1822,14,13338    
"NC",1822,16,2406     
"NC",1822,17,24731    
"NC",1822,19,9482     
"NC",1822,29,39782    
"NC",1823,11,28109    
"NC",1823,13,5574     
"NC",1823,14,13338    
"NC",1823,16,2245     
"NC",1823,17,25411    
"NC",1823,19,9677     
"NC",1823,29,30261    
"NC",1824,11,28230    
"NC",1824,13,6619     
"NC",1824,14,13338    
"NC",1824,16,2902     
"NC",1824,17,26141    
"NC",1824,19,7715     
"NC",1824,29,29694    
"NC",1825,11,27647    
"NC",1825,13,6178     
"NC",1825,14,13425    
"NC",1825,16,4744     
"NC",1825,17,26665    
"NC",1825,19,6611     
"NC",1825,29,26960    
"NC",1826,11,27491    
"NC",1826,13,7742     
"NC",1826,14,13468    
"NC",1826,16,2364     
"NC",1826,17,27123    
"NC",1826,19,5994     
"NC",1826,22,400      
"NC",1826,29,150658   
"NC",1827,11,26961    
"NC",1827,13,7191     
"NC",1827,14,12651    
"NC",1827,16,3035     
"NC",1827,17,26995    
"NC",1827,19,7113     
"NC",1827,22,600      
"NC",1827,29,32337    
"NC",1828,11,100263   
"NC",1828,13,6272     
"NC",1828,14,12110    
"NC",1828,16,2381     
"NC",1828,17,26932    
"NC",1828,19,4335     
"NC",1828,22,1200     
"NC",1828,29,97791    
"NC",1829,11,26686    
"NC",1829,13,6197     
"NC",1829,14,12110    
"NC",1829,16,2872     
"NC",1829,17,27447    
"NC",1829,19,1834     
"NC",1829,22,1600     
"NC",1829,29,23075    
"NC",1830,10,68261    
"NC",1830,14,10456    
"NC",1830,16,656      
"NC",1830,19,893      
"NC",1830,27,75       
"NC",1830,29,30764    
"NC",1831,10,66735    
"NC",1831,14,9572     
"NC",1831,27,10       
"NC",1831,29,18880    
"NC",1832,10,70506    
"NC",1832,14,7643     
"NC",1832,16,696      
"NC",1832,27,10       
"NC",1832,29,15646    
"NC",1833,10,68120    
"NC",1833,14,6428     
"NC",1833,29,114272   
"NC",1834,11,67979    
"NC",1834,14,4342     
"NC",1834,16,219      
"NC",1834,18,675      
"NC",1834,29,147100   
"NC",1835,11,24792    
"NC",1835,13,9352     
"NC",1835,14,2250     
"NC",1835,16,5395     
"NC",1835,17,28285    
"NC",1835,19,4339     
"NC",1835,27,10       
"NC",1835,29,57500    
"NC",1851,11,39039    
"NC",1851,13,42200    
"NC",1851,14,20       
"NC",1851,16,36661    
"NC",1851,17,36133    
"NC",1851,18,390      
"NC",1851,19,4500     
"NC",1851,20,285155   
"NC",1851,22,600      
"NC",1851,29,124769   
"NC",1852,10,171210   
"NC",1852,11,361      
"NC",1852,14,7915     
"NC",1852,18,580      
"NC",1852,19,1054     
"NC",1852,20,366729   
"NC",1852,29,165609   
"NC",1853,11,178166   
"NC",1853,14,7995     
"NC",1853,18,590      
"NC",1853,19,545      
"NC",1853,20,1760128  
"NC",1853,23,12724    
"NC",1853,29,1560186  
"NC",1854,11,188240   
"NC",1854,14,9973     
"NC",1854,18,550      
"NC",1854,19,661      
"NC",1854,20,1221339  
"NC",1854,26,196090   
"NC",1854,29,1021915  
"NC",1855,11,279256   
"NC",1855,14,7973     
"NC",1855,18,566      
"NC",1855,20,2452137  
"NC",1855,26,146753   
"NC",1855,29,2164344  
"NC",1856,11,341834   
"NC",1856,14,14182    
"NC",1856,18,536      
"NC",1856,20,1373976  
"NC",1856,21,1101     
"NC",1856,26,183073   
"NC",1856,29,1016323  
"NC",1857,11,467478   
"NC",1857,14,32939    
"NC",1857,18,832      
"NC",1857,20,2178653  
"NC",1857,26,278768   
"NC",1857,27,6531     
"NC",1857,29,1670874  
"NC",1858,11,467884   
"NC",1858,14,34289    
"NC",1858,16,7110     
"NC",1858,18,1058     
"NC",1858,20,1541941  
"NC",1858,26,164188   
"NC",1858,27,9940     
"NC",1858,28,323      
"NC",1858,29,1050589  
"NC",1859,11,600226   
"NC",1859,13,150      
"NC",1859,14,12369    
"NC",1859,16,12082    
"NC",1859,18,1647     
"NC",1859,20,2295722  
"NC",1859,26,158442   
"NC",1859,27,33782    
"NC",1859,29,1728496  
"NC",1860,11,667709   
"NC",1860,13,75       
"NC",1860,14,18277    
"NC",1860,16,15450    
"NC",1860,18,1397     
"NC",1860,20,2813017  
"NC",1860,29,3246823  
"NC",1861,11,697823   
"NC",1861,13,250      
"NC",1861,14,17986    
"NC",1861,16,12620    
"NC",1861,18,684      
"NC",1861,20,3523981  
"NC",1861,21,61040    
"NC",1861,26,154839   
"NC",1861,29,2758043  
"NC",1862,20,13297974 
"NC",1862,26,126610   
"NC",1862,29,138600   
"NC",1863,11,1785599  
"NC",1863,13,175      
"NC",1863,14,40924    
"NC",1863,16,23312    
"NC",1863,18,59       
"NC",1863,20,16208441 
"NC",1863,21,5004557  
"NC",1863,26,495869   
"NC",1863,29,11054356 
"NC",1864,11,1880497  
"NC",1864,13,75       
"NC",1864,14,25708    
"NC",1864,16,18019    
"NC",1864,18,122      
"NC",1864,20,6936972  
"NC",1864,21,2149969  
"NC",1864,27,11800    
"NC",1864,29,4206398  
"NC",1866,10,279481   
"NC",1866,13,225      
"NC",1866,16,305      
"NC",1866,20,1956994  
"NC",1866,26,776      
"NC",1866,29,1686984  
"NC",1867,11,484222   
"NC",1867,13,1339     
"NC",1867,14,1140     
"NC",1867,16,19901    
"NC",1867,18,3577     
"NC",1867,20,2214232  
"NC",1867,22,5545     
"NC",1867,26,39754    
"NC",1867,29,1697546  
"NC",1868,10,165484   
"NC",1868,13,2954     
"NC",1868,14,448      
"NC",1868,16,44377    
"NC",1868,18,1739     
"NC",1868,19,308      
"NC",1868,20,1925565  
"NC",1868,26,21639    
"NC",1868,27,9891     
"NC",1868,29,1700291  
"NC",1869,11,192870   
"NC",1869,13,5426     
"NC",1869,16,50707    
"NC",1869,18,242      
"NC",1869,19,227      
"NC",1869,20,8550878  
"NC",1869,26,169870   
"NC",1869,27,680      
"NC",1869,29,8300727  
"NC",1870,11,483196   
"NC",1870,13,276      
"NC",1870,14,72511    
"NC",1870,16,31795    
"NC",1870,18,266      
"NC",1870,19,28       
"NC",1870,20,3557867  
"NC",1870,26,333974   
"NC",1870,29,2519533  
"NC",1870,36,125      
"NC",1871,11,215102   
"NC",1871,13,14727    
"NC",1871,14,25609    
"NC",1871,16,74567    
"NC",1871,18,3250     
"NC",1871,19,367      
"NC",1871,20,558147   
"NC",1871,26,230003   
"NC",1871,29,154444   
"NC",1872,11,282643   
"NC",1872,14,13351    
"NC",1872,16,229035   
"NC",1872,18,5184     
"NC",1872,19,668      
"NC",1872,20,654976   
"NC",1872,26,46035    
"NC",1872,29,123061   
"NC",1873,11,264916   
"NC",1873,14,21016    
"NC",1873,16,184252   
"NC",1873,18,3700     
"NC",1873,19,707      
"NC",1873,20,481225   
"NC",1873,26,41705    
"NC",1873,27,471      
"NC",1873,29,6164     
"NC",1874,10,333526   
"NC",1874,14,32836    
"NC",1874,16,201854   
"NC",1874,18,2500     
"NC",1874,19,447      
"NC",1874,20,667114   
"NC",1874,26,44384    
"NC",1874,27,325      
"NC",1874,29,95629    
"NC",1875,11,267165   
"NC",1875,14,23496    
"NC",1875,16,200137   
"NC",1875,18,9750     
"NC",1875,19,880      
"NC",1875,20,508318   
"NC",1875,26,43677    
"NC",1875,27,3063     
"NC",1875,29,3826     
"NC",1876,10,274009   
"NC",1876,14,21497    
"NC",1876,16,215712   
"NC",1876,18,8150     
"NC",1876,19,794      
"NC",1876,20,524039   
"NC",1876,26,42236    
"NC",1876,27,39       
"NC",1876,29,3840     
"NC",1877,11,263933   
"NC",1877,14,34030    
"NC",1877,16,216406   
"NC",1877,18,11500    
"NC",1877,19,636      
"NC",1877,20,533636   
"NC",1877,26,33784    
"NC",1877,27,1139     
"NC",1877,29,5968     
"NC",1878,11,270960   
"NC",1878,14,35481    
"NC",1878,16,206849   
"NC",1878,18,13800    
"NC",1878,19,542      
"NC",1878,20,533322   
"NC",1878,26,12698    
"NC",1878,27,1229     
"NC",1878,29,4332     
"NC",1879,10,272715   
"NC",1879,14,37093    
"NC",1879,16,205946   
"NC",1879,18,27400    
"NC",1879,19,573      
"NC",1879,20,553340   
"NC",1879,26,5295     
"NC",1879,27,1409     
"NC",1879,29,8179     
"NC",1879,36,1        
"NC",1880,11,208221   
"NC",1880,13,2602     
"NC",1880,14,59096    
"NC",1880,16,201830   
"NC",1880,18,42300    
"NC",1880,19,553      
"NC",1880,20,546996   
"NC",1880,26,7290     
"NC",1880,27,11774    
"NC",1880,29,19559    
"NC",1881,11,203297   
"NC",1881,13,2257     
"NC",1881,14,84479    
"NC",1881,16,110323   
"NC",1881,18,51800    
"NC",1881,19,677      
"NC",1881,20,645743   
"NC",1881,22,6695     
"NC",1881,26,114501   
"NC",1881,27,1670     
"NC",1881,29,93313    
"NC",1881,293014,100  
"NC",1882,11,528887   
"NC",1882,14,65100    
"NC",1882,16,2400     
"NC",1882,18,55200    
"NC",1882,19,736      
"NC",1882,20,755881   
"NC",1882,22,6154     
"NC",1882,26,12712    
"NC",1882,27,1990     
"NC",1882,29,95417    
"NC",1883,11,552490   
"NC",1883,14,82090    
"NC",1883,16,2600     
"NC",1883,18,70275    
"NC",1883,19,894      
"NC",1883,20,965107   
"NC",1883,22,6796     
"NC",1883,26,29879    
"NC",1883,27,2108     
"NC",1883,29,247936   
"NC",1884,11,570309   
"NC",1884,14,52841    
"NC",1884,16,2200     
"NC",1884,18,63666    
"NC",1884,19,796      
"NC",1884,20,1436776  
"NC",1884,22,4272     
"NC",1884,26,35200    
"NC",1884,27,2703     
"NC",1884,29,739891   
"NC",1885,11,85871    
"NC",1885,13,7927     
"NC",1885,14,61335    
"NC",1885,16,2400     
"NC",1885,18,86800    
"NC",1885,19,728      
"NC",1885,20,378958   
"NC",1885,22,3127     
"NC",1885,26,7177     
"NC",1885,27,1481     
"NC",1885,29,129135   
"NC",1885,36,12       
"NC",1886,11,501274   
"NC",1886,13,8888     
"NC",1886,14,143691   
"NC",1886,16,27613    
"NC",1886,19,908      
"NC",1886,20,835421   
"NC",1886,22,3252     
"NC",1886,26,7626     
"NC",1886,29,147901   
"NC",1886,727,1894    
"NC",1887,11,509964   
"NC",1887,13,4419     
"NC",1887,14,84893    
"NC",1887,16,38604    
"NC",1887,18,35275    
"NC",1887,19,19005    
"NC",1887,20,866709   
"NC",1887,22,6557     
"NC",1887,26,6920     
"NC",1887,27,1551     
"NC",1887,29,166442   
"NC",1888,11,418026   
"NC",1888,14,81541    
"NC",1888,16,29001    
"NC",1888,18,400      
"NC",1888,19,17168    
"NC",1888,20,726916   
"NC",1888,22,3405     
"NC",1888,26,11403    
"NC",1888,27,2412     
"NC",1888,29,174963   
"NC",1889,11,420333   
"NC",1889,12,28010    
"NC",1889,14,73342    
"NC",1889,16,29120    
"NC",1889,19,3383     
"NC",1889,20,979308   
"NC",1889,22,4349     
"NC",1889,26,12266    
"NC",1889,27,2150     
"NC",1889,29,414562   
"NC",1890,11,529458   
"NC",1890,14,130405   
"NC",1890,16,114088   
"NC",1890,19,3461     
"NC",1890,20,1183650  
"NC",1890,22,4343     
"NC",1890,26,23758    
"NC",1890,27,3048     
"NC",1890,29,398838   
"NC",1891,11,539341   
"NC",1891,14,138859   
"NC",1891,16,112156   
"NC",1891,19,1468     
"NC",1891,20,1182094  
"NC",1891,22,11095    
"NC",1891,26,21590    
"NC",1891,27,2760     
"NC",1891,29,376415   
"NC",1892,11,606979   
"NC",1892,14,144448   
"NC",1892,16,125577   
"NC",1892,19,1037     
"NC",1892,20,1209663  
"NC",1892,22,11513    
"NC",1892,26,15500    
"NC",1892,27,195      
"NC",1892,29,319917   
"NC",1893,11,588957   
"NC",1893,13,2150     
"NC",1893,14,179016   
"NC",1893,16,132948   
"NC",1893,19,934      
"NC",1893,20,1212162  
"NC",1893,22,12842    
"NC",1893,26,31087    
"NC",1893,27,1066     
"NC",1893,29,294246   
"NC",1893,36,3        
"NC",1894,11,525798   
"NC",1894,14,149475   
"NC",1894,16,135369   
"NC",1894,19,651      
"NC",1894,20,1214285  
"NC",1894,22,11860    
"NC",1894,26,19076    
"NC",1894,27,430      
"NC",1894,29,390673   
"NC",1894,34,31       
"NC",1895,11,517448   
"NC",1895,14,145203   
"NC",1895,16,128979   
"NC",1895,18,1300     
"NC",1895,19,633      
"NC",1895,20,1125519  
"NC",1895,22,10911    
"NC",1895,23,28500    
"NC",1895,26,41660    
"NC",1895,27,2347     
"NC",1895,29,290198   
"NC",1896,11,525551   
"NC",1896,14,177999   
"NC",1896,16,105021   
"NC",1896,18,963      
"NC",1896,19,845      
"NC",1896,20,1259458  
"NC",1896,22,13716    
"NC",1896,23,37000    
"NC",1896,26,1555     
"NC",1896,27,3752     
"NC",1896,29,394611   
"NC",1897,11,542855   
"NC",1897,14,429930   
"NC",1897,16,99654    
"NC",1897,17,858      
"NC",1897,19,1011     
"NC",1897,20,1292548  
"NC",1897,22,1465     
"NC",1897,23,38000    
"NC",1897,26,23044    
"NC",1897,27,3458     
"NC",1897,29,40801    
"NC",1897,34,134516   
"NC",1898,10,605351   
"NC",1898,11,315      
"NC",1898,14,243505   
"NC",1898,16,116823   
"NC",1898,18,659      
"NC",1898,19,964      
"NC",1898,20,1334082  
"NC",1898,22,1549     
"NC",1898,23,39000    
"NC",1898,26,10608    
"NC",1898,27,2826     
"NC",1898,29,323088   
"NC",1899,10,587817   
"NC",1899,11,24       
"NC",1899,14,238592   
"NC",1899,16,4935     
"NC",1899,18,81       
"NC",1899,19,1170     
"NC",1899,20,1545718  
"NC",1899,22,9058     
"NC",1899,23,59705    
"NC",1899,26,10558    
"NC",1899,27,4840     
"NC",1899,29,639501   
"NC",1900,10,633423   
"NC",1900,14,233553   
"NC",1900,16,4751     
"NC",1900,19,1176     
"NC",1900,20,1618104  
"NC",1900,22,7743     
"NC",1900,23,40000    
"NC",1900,26,11694    
"NC",1900,27,3544     
"NC",1900,29,693915   
"NC",1901,11,645176   
"NC",1901,14,172757   
"NC",1901,15,82259    
"NC",1901,18,34664    
"NC",1901,19,3321     
"NC",1901,22,17097    
"NC",1901,23,40000    
"NC",1901,24,132168   
"NC",1901,26,267663   
"NC",1901,29,225194   
"NC",1902,11,695831   
"NC",1902,13,2079     
"NC",1902,14,148917   
"NC",1902,15,104427   
"NC",1902,18,36706    
"NC",1902,19,8597     
"NC",1902,22,18584    
"NC",1902,23,40000    
"NC",1902,24,157983   
"NC",1902,26,267573   
"NC",1902,29,443433   
"NC",1903,29,2389613  
"NC",1904,11,855349   
"NC",1904,14,239719   
"NC",1904,15,142660   
"NC",1904,18,53092    
"NC",1904,19,29736    
"NC",1904,22,17404    
"NC",1904,23,40000    
"NC",1904,24,194217   
"NC",1904,26,305098   
"NC",1904,29,272413   
"NC",1905,11,858775   
"NC",1905,14,415020   
"NC",1905,15,29226    
"NC",1905,18,54806    
"NC",1905,19,10023    
"NC",1905,22,19722    
"NC",1905,23,40000    
"NC",1905,24,198267   
"NC",1905,26,300435   
"NC",1905,29,583625   
"NC",1906,11,913196   
"NC",1906,14,276380   
"NC",1906,15,35837    
"NC",1906,18,55331    
"NC",1906,19,166074   
"NC",1906,22,24894    
"NC",1906,23,46750    
"NC",1906,24,212376   
"NC",1906,26,254534   
"NC",1906,29,368456   
"NC",1907,11,894095   
"NC",1907,14,504012   
"NC",1907,15,15983    
"NC",1907,18,52493    
"NC",1907,19,10749    
"NC",1907,22,24468    
"NC",1907,23,54750    
"NC",1907,24,219526   
"NC",1907,26,555426   
"NC",1907,29,321024   
"NC",1908,11,1113290  
"NC",1908,12,5534     
"NC",1908,14,379897   
"NC",1908,15,184651   
"NC",1908,18,50480    
"NC",1908,19,219832   
"NC",1908,22,30952    
"NC",1908,23,6155     
"NC",1908,26,343432   
"NC",1908,29,587905   
"NC",1909,11,1052859  
"NC",1909,14,376081   
"NC",1909,15,204159   
"NC",1909,18,56836    
"NC",1909,19,29671    
"NC",1909,22,34635    
"NC",1909,23,67000    
"NC",1909,24,209434   
"NC",1909,26,179985   
"NC",1909,29,991359   
"NC",1910,11,1100891  
"NC",1910,14,566438   
"NC",1910,15,33810    
"NC",1910,18,49989    
"NC",1910,19,8812     
"NC",1910,22,33853    
"NC",1910,24,219016   
"NC",1910,26,543252   
"NC",1910,29,3818679  
"NC",1911,11,1138285  
"NC",1911,14,599501   
"NC",1911,15,23587    
"NC",1911,18,109329   
"NC",1911,19,14280    
"NC",1911,22,38647    
"NC",1911,24,226112   
"NC",1911,26,591295   
"NC",1911,29,1273110  
"NC",1912,11,1330781  
"NC",1912,14,635030   
"NC",1912,15,24366    
"NC",1912,18,112215   
"NC",1912,19,7306     
"NC",1912,22,39506    
"NC",1912,24,264738   
"NC",1912,26,528918   
"NC",1912,29,463211   
"NC",1913,11,8536     
"NC",1913,13,20426    
"NC",1913,14,831223   
"NC",1913,15,19947    
"NC",1913,18,65138    
"NC",1913,19,20248    
"NC",1913,22,41305    
"NC",1913,26,607569   
"NC",1913,29,2264035  
"NC",1914,11,1441508  
"NC",1914,14,1070899  
"NC",1914,15,23591    
"NC",1914,18,218592   
"NC",1914,19,120480   
"NC",1914,22,44772    
"NC",1914,24,255135   
"NC",1914,26,613517   
"NC",1914,29,923940   
                      
"NC",1816,110,33599   
"NC",1816,132,3810    
"NC",1816,142,13500   
"NC",1816,160,2734    
"NC",1816,170,39084   
"NC",1816,191,32224   
"NC",1816,192,5916    
"NC",1816,292,30395   
"NC",1816,294,5478    
"NC",1817,110,33088   
"NC",1817,132,5065    
"NC",1817,142,13500   
"NC",1817,160,4244    
"NC",1817,170,31880   
"NC",1817,191,1958    
"NC",1817,192,4806    
"NC",1817,292,32540   
"NC",1817,294,6353    
"NC",1818,110,50790   
"NC",1818,132,5532    
"NC",1818,160,2866    
"NC",1818,170,32028   
"NC",1818,191,18481   
"NC",1818,192,6971    
"NC",1818,292,77340   
"NC",1818,294,6681    
"NC",1819,110,42661   
"NC",1819,132,5542    
"NC",1819,160,5875    
"NC",1819,170,25313   
"NC",1819,191,4192    
"NC",1819,192,8327    
"NC",1819,292,28411   
"NC",1819,294,8088    
"NC",1820,110,45716   
"NC",1820,132,4879    
"NC",1820,160,4148    
"NC",1820,170,25303   
"NC",1820,191,1271    
"NC",1820,192,6292    
"NC",1820,292,18125   
"NC",1820,294,8390    
"NC",1821,110,28330   
"NC",1821,132,4804    
"NC",1821,142,13500   
"NC",1821,160,2663    
"NC",1821,170,24570   
"NC",1821,191,1048    
"NC",1821,192,6058    
"NC",1821,222,150     
"NC",1821,292,60605   
"NC",1821,294,9189    
"NC",1822,110,27930   
"NC",1822,132,9395    
"NC",1822,142,13338   
"NC",1822,160,2406    
"NC",1822,170,24731   
"NC",1822,191,4511    
"NC",1822,192,4971    
"NC",1822,292,32545   
"NC",1822,294,7237    
"NC",1823,110,28109   
"NC",1823,132,5574    
"NC",1823,142,13338   
"NC",1823,160,2245    
"NC",1823,170,25411   
"NC",1823,191,3643    
"NC",1823,192,6034    
"NC",1823,292,21376   
"NC",1823,294,8885    
"NC",1824,110,28230   
"NC",1824,132,6619    
"NC",1824,142,13338   
"NC",1824,160,2902    
"NC",1824,170,26141   
"NC",1824,191,1380    
"NC",1824,192,6335    
"NC",1824,292,21376   
"NC",1824,294,8318    
"NC",1825,110,27647   
"NC",1825,132,6178    
"NC",1825,142,13237   
"NC",1825,146,188     
"NC",1825,160,4744    
"NC",1825,170,26665   
"NC",1825,191,1823    
"NC",1825,192,4788    
"NC",1825,292,22930   
"NC",1825,294,4030    
"NC",1826,110,27491   
"NC",1826,132,7742    
"NC",1826,142,12716   
"NC",1826,146,752     
"NC",1826,160,2364    
"NC",1826,170,27123   
"NC",1826,192,5994    
"NC",1826,220,400     
"NC",1826,290,21043   
"NC",1826,292,24384   
"NC",1826,293,100000  
"NC",1826,294,5231    
"NC",1827,110,26961   
"NC",1827,132,7191    
"NC",1827,142,12275   
"NC",1827,146,376     
"NC",1827,160,3035    
"NC",1827,170,26995   
"NC",1827,191,1140    
"NC",1827,192,5973    
"NC",1827,220,600     
"NC",1827,292,28037   
"NC",1827,294,4300    
"NC",1828,110,100263  
"NC",1828,132,6272    
"NC",1828,142,12110   
"NC",1828,160,2381    
"NC",1828,170,26932   
"NC",1828,191,2450    
"NC",1828,192,1885    
"NC",1828,220,1200    
"NC",1828,290,11387   
"NC",1828,292,8616    
"NC",1828,294,1997    
"NC",1828,299,75791   
"NC",1829,110,26686   
"NC",1829,132,6197    
"NC",1829,142,12110   
"NC",1829,160,2872    
"NC",1829,170,27447   
"NC",1829,192,1834    
"NC",1829,220,1600    
"NC",1829,290,1999    
"NC",1829,292,7570    
"NC",1829,293,2000    
"NC",1829,294,11506   
"NC",1830,100,68261   
"NC",1830,142,10456   
"NC",1830,160,656     
"NC",1830,191,893     
"NC",1830,273,75      
"NC",1830,290,1454    
"NC",1830,291,40      
"NC",1830,292,13840   
"NC",1830,293,4254    
"NC",1830,294,11176   
"NC",1831,100,66735   
"NC",1831,142,9572    
"NC",1831,273,10      
"NC",1831,290,2003    
"NC",1831,292,11336   
"NC",1831,293,378     
"NC",1831,294,5163    
"NC",1832,100,70506   
"NC",1832,142,7643    
"NC",1832,160,696     
"NC",1832,273,10      
"NC",1832,292,11181   
"NC",1832,294,4465    
"NC",1833,100,68120   
"NC",1833,142,6428    
"NC",1833,290,5263    
"NC",1833,292,106022  
"NC",1833,293,1544    
"NC",1833,294,1443    
"NC",1834,110,67979   
"NC",1834,142,4342    
"NC",1834,160,219     
"NC",1834,180,675     
"NC",1834,290,3040    
"NC",1834,292,143146  
"NC",1834,293,914     
"NC",1835,110,24792   
"NC",1835,132,9352    
"NC",1835,142,2250    
"NC",1835,160,5395    
"NC",1835,170,28285   
"NC",1835,192,4339    
"NC",1835,273,10      
"NC",1835,291,621     
"NC",1835,292,56445   
"NC",1835,293,434     
"NC",1851,110,39039   
"NC",1851,130,29377   
"NC",1851,132,12823   
"NC",1851,140,20      
"NC",1851,160,36661   
"NC",1851,170,36133   
"NC",1851,180,390     
"NC",1851,192,4500    
"NC",1851,200,285155  
"NC",1851,220,600     
"NC",1851,290,257     
"NC",1851,291,3323    
"NC",1851,292,4576    
"NC",1851,293,116613  
"NC",1852,100,171210  
"NC",1852,110,361     
"NC",1852,142,7915    
"NC",1852,180,580     
"NC",1852,191,1054    
"NC",1852,200,366729  
"NC",1852,291,4047    
"NC",1852,292,9106    
"NC",1852,293,152456  
"NC",1853,110,178166  
"NC",1853,142,7995    
"NC",1853,180,590     
"NC",1853,192,545     
"NC",1853,200,1760128 
"NC",1853,235,12724   
"NC",1853,290,80      
"NC",1853,291,19446   
"NC",1853,292,5776    
"NC",1853,293,1534884 
"NC",1854,110,188240  
"NC",1854,142,9973    
"NC",1854,180,550     
"NC",1854,191,661     
"NC",1854,200,1221339 
"NC",1854,261,196090  
"NC",1854,290,3       
"NC",1854,291,11354   
"NC",1854,292,23308   
"NC",1854,293,987250  
"NC",1855,110,279256  
"NC",1855,142,7973    
"NC",1855,180,566     
"NC",1855,200,2452137 
"NC",1855,261,146753  
"NC",1855,291,3000    
"NC",1855,292,35513   
"NC",1855,293,2125831 
"NC",1856,110,341834  
"NC",1856,142,14182   
"NC",1856,180,536     
"NC",1856,200,1373976 
"NC",1856,210,1101    
"NC",1856,261,183073  
"NC",1856,290,25549   
"NC",1856,291,672910  
"NC",1856,292,34050   
"NC",1856,293,283814  
"NC",1857,110,467478  
"NC",1857,142,32939   
"NC",1857,180,832     
"NC",1857,200,2178653 
"NC",1857,261,278768  
"NC",1857,276,6531    
"NC",1857,290,66246   
"NC",1857,291,8586    
"NC",1857,292,1468    
"NC",1857,293,1594574 
"NC",1858,110,467884  
"NC",1858,142,34289   
"NC",1858,160,7110    
"NC",1858,180,1058    
"NC",1858,200,1541941 
"NC",1858,261,164188  
"NC",1858,276,9940    
"NC",1858,281,323     
"NC",1858,290,1278    
"NC",1858,291,1708    
"NC",1858,292,336     
"NC",1858,293,1018017 
"NC",1858,298,29250   
"NC",1859,110,600226  
"NC",1859,132,150     
"NC",1859,142,12369   
"NC",1859,160,12082   
"NC",1859,180,1647    
"NC",1859,200,2295722 
"NC",1859,261,158442  
"NC",1859,276,33782   
"NC",1859,290,3198    
"NC",1859,291,12557   
"NC",1859,292,146     
"NC",1859,293,1619565 
"NC",1859,298,93030   
"NC",1860,110,667709  
"NC",1860,132,75      
"NC",1860,142,18277   
"NC",1860,160,15450   
"NC",1860,180,1397    
"NC",1860,200,2813017 
"NC",1860,290,1507    
"NC",1860,291,18000   
"NC",1860,292,100     
"NC",1860,293,2090501 
"NC",1860,298,1136715 
"NC",1861,110,697823  
"NC",1861,132,250     
"NC",1861,142,17986   
"NC",1861,160,12620   
"NC",1861,180,684     
"NC",1861,200,3523981 
"NC",1861,210,61040   
"NC",1861,261,154839  
"NC",1861,290,3584    
"NC",1861,291,24646   
"NC",1861,293,2705348 
"NC",1861,298,24465   
"NC",1862,200,13297974
"NC",1862,261,126610  
"NC",1862,298,138600  
"NC",1863,110,1785599 
"NC",1863,132,175     
"NC",1863,142,40924   
"NC",1863,160,23312   
"NC",1863,180,59      
"NC",1863,200,16208441
"NC",1863,210,5004557 
"NC",1863,261,495869  
"NC",1863,290,5072    
"NC",1863,291,264753  
"NC",1863,293,9083621 
"NC",1863,298,1700910 
"NC",1864,110,1880497 
"NC",1864,132,75      
"NC",1864,142,25708   
"NC",1864,160,18019   
"NC",1864,180,122     
"NC",1864,200,6936972 
"NC",1864,210,2149969 
"NC",1864,276,11800   
"NC",1864,290,321954  
"NC",1864,291,26933   
"NC",1864,293,2499652 
"NC",1864,298,1357859 
"NC",1866,100,279481  
"NC",1866,132,225     
"NC",1866,160,305     
"NC",1866,200,1956994 
"NC",1866,261,776     
"NC",1866,290,61683   
"NC",1866,291,140001  
"NC",1866,293,1485300 
"NC",1867,110,484222  
"NC",1867,132,1339    
"NC",1867,142,1140    
"NC",1867,160,19901   
"NC",1867,180,3577    
"NC",1867,200,2214232 
"NC",1867,226,5545    
"NC",1867,261,39754   
"NC",1867,290,4553    
"NC",1867,291,48351   
"NC",1867,293,1644642 
"NC",1868,100,165484  
"NC",1868,132,2954    
"NC",1868,142,448     
"NC",1868,160,44377   
"NC",1868,180,1739    
"NC",1868,192,308     
"NC",1868,200,1925565 
"NC",1868,260,74      
"NC",1868,261,21565   
"NC",1868,276,9891    
"NC",1868,290,867     
"NC",1868,291,43597   
"NC",1868,292,327     
"NC",1868,293,1655500 
"NC",1869,110,192870  
"NC",1869,130,701     
"NC",1869,132,4725    
"NC",1869,160,50707   
"NC",1869,180,242     
"NC",1869,192,227     
"NC",1869,200,8550878 
"NC",1869,261,169870  
"NC",1869,276,680     
"NC",1869,290,4004799 
"NC",1869,291,13638   
"NC",1869,292,300     
"NC",1869,293,4281990 
"NC",1870,110,483196  
"NC",1870,132,276     
"NC",1870,141,57628   
"NC",1870,146,14883   
"NC",1870,160,31795   
"NC",1870,180,266     
"NC",1870,192,28      
"NC",1870,200,3557867 
"NC",1870,261,333974  
"NC",1870,290,68283   
"NC",1870,292,180000  
"NC",1870,293,2271250 
"NC",1870,361,125     
"NC",1871,110,215102  
"NC",1871,132,14727   
"NC",1871,141,25224   
"NC",1871,146,385     
"NC",1871,160,74567   
"NC",1871,180,3250    
"NC",1871,192,367     
"NC",1871,200,558147  
"NC",1871,260,12      
"NC",1871,261,229991  
"NC",1871,290,3559    
"NC",1871,293,150000  
"NC",1871,294,885     
"NC",1872,110,282643  
"NC",1872,146,13351   
"NC",1872,160,229035  
"NC",1872,180,5184    
"NC",1872,192,668     
"NC",1872,200,654476  
"NC",1872,205,500     
"NC",1872,260,34      
"NC",1872,261,46001   
"NC",1872,290,6466    
"NC",1872,292,399     
"NC",1872,293,115274  
"NC",1872,294,922     
"NC",1873,110,264916  
"NC",1873,141,325     
"NC",1873,142,2806    
"NC",1873,146,17885   
"NC",1873,160,184252  
"NC",1873,180,3700    
"NC",1873,192,707     
"NC",1873,200,481225  
"NC",1873,261,41705   
"NC",1873,273,237     
"NC",1873,276,234     
"NC",1873,290,987     
"NC",1873,293,4117    
"NC",1873,294,1060    
"NC",1874,100,333526  
"NC",1874,141,7027    
"NC",1874,142,1453    
"NC",1874,146,24356   
"NC",1874,160,201854  
"NC",1874,180,2500    
"NC",1874,192,447     
"NC",1874,200,667114  
"NC",1874,261,44384   
"NC",1874,273,16      
"NC",1874,276,309     
"NC",1874,290,3386    
"NC",1874,292,150     
"NC",1874,293,91660   
"NC",1874,294,433     
"NC",1875,110,267165  
"NC",1875,141,350     
"NC",1875,142,1414    
"NC",1875,146,21732   
"NC",1875,160,200137  
"NC",1875,180,9750    
"NC",1875,192,880     
"NC",1875,200,508318  
"NC",1875,261,43677   
"NC",1875,273,3063    
"NC",1875,290,2049    
"NC",1875,293,1467    
"NC",1875,294,310     
"NC",1876,100,274009  
"NC",1876,142,295     
"NC",1876,146,21202   
"NC",1876,160,215712  
"NC",1876,180,8150    
"NC",1876,192,794     
"NC",1876,200,524039  
"NC",1876,261,42236   
"NC",1876,273,39      
"NC",1876,290,3138    
"NC",1876,294,702     
"NC",1877,110,263933  
"NC",1877,141,900     
"NC",1877,142,995     
"NC",1877,146,32135   
"NC",1877,160,216406  
"NC",1877,180,11500   
"NC",1877,192,636     
"NC",1877,200,533636  
"NC",1877,261,33784   
"NC",1877,273,1139    
"NC",1877,290,5400    
"NC",1877,294,568     
"NC",1878,110,270960  
"NC",1878,142,250     
"NC",1878,146,35231   
"NC",1878,160,206849  
"NC",1878,180,13800   
"NC",1878,192,542     
"NC",1878,200,533322  
"NC",1878,260,106     
"NC",1878,261,12592   
"NC",1878,273,1229    
"NC",1878,290,3451    
"NC",1878,294,881     
"NC",1879,100,272715  
"NC",1879,141,500     
"NC",1879,142,100     
"NC",1879,146,36493   
"NC",1879,160,205946  
"NC",1879,180,27400   
"NC",1879,192,573     
"NC",1879,200,553340  
"NC",1879,260,25      
"NC",1879,261,5270    
"NC",1879,273,1409    
"NC",1879,290,5564    
"NC",1879,292,100     
"NC",1879,293,1346    
"NC",1879,294,1169    
"NC",1879,361,1       
"NC",1880,110,208221  
"NC",1880,130,2602    
"NC",1880,142,150     
"NC",1880,146,58946   
"NC",1880,160,201830  
"NC",1880,180,42300   
"NC",1880,192,553     
"NC",1880,200,546996  
"NC",1880,260,1057    
"NC",1880,261,6233    
"NC",1880,273,11774   
"NC",1880,290,13482   
"NC",1880,291,4958    
"NC",1880,294,1119    
"NC",1881,110,203297  
"NC",1881,130,2257    
"NC",1881,141,9231    
"NC",1881,142,3631    
"NC",1881,146,71617   
"NC",1881,160,110323  
"NC",1881,180,51800   
"NC",1881,192,677     
"NC",1881,200,645743  
"NC",1881,220,6695    
"NC",1881,261,114501  
"NC",1881,273,1670    
"NC",1881,290,3644    
"NC",1881,291,61950   
"NC",1881,294,1239    
"NC",1881,296,26480   
"NC",1881,2930142,100 
"NC",1882,110,528887  
"NC",1882,142,8285    
"NC",1882,146,56815   
"NC",1882,160,2400    
"NC",1882,180,55200   
"NC",1882,192,736     
"NC",1882,200,755881  
"NC",1882,220,6154    
"NC",1882,261,12712   
"NC",1882,273,1990    
"NC",1882,290,3563    
"NC",1882,291,59500   
"NC",1882,292,29460   
"NC",1882,293,2528    
"NC",1882,294,366     
"NC",1883,110,552490  
"NC",1883,141,9484    
"NC",1883,142,9758    
"NC",1883,146,62848   
"NC",1883,160,2600    
"NC",1883,180,70275   
"NC",1883,192,894     
"NC",1883,200,965107  
"NC",1883,220,6796    
"NC",1883,261,29879   
"NC",1883,273,2108    
"NC",1883,290,93589   
"NC",1883,291,29750   
"NC",1883,292,124320  
"NC",1883,294,277     
"NC",1884,110,570309  
"NC",1884,141,500     
"NC",1884,142,895     
"NC",1884,146,51446   
"NC",1884,160,2200    
"NC",1884,180,63666   
"NC",1884,192,796     
"NC",1884,200,1436776 
"NC",1884,220,4272    
"NC",1884,261,35200   
"NC",1884,273,2703    
"NC",1884,290,616465  
"NC",1884,292,123120  
"NC",1884,294,306     
"NC",1885,110,85871   
"NC",1885,132,7927    
"NC",1885,141,500     
"NC",1885,142,5859    
"NC",1885,146,54976   
"NC",1885,160,2400    
"NC",1885,180,86800   
"NC",1885,192,728     
"NC",1885,200,378958  
"NC",1885,220,3127    
"NC",1885,261,7177    
"NC",1885,273,1481    
"NC",1885,290,3439    
"NC",1885,292,125646  
"NC",1885,294,50      
"NC",1885,362,12      
"NC",1886,110,501274  
"NC",1886,132,8888    
"NC",1886,141,500     
"NC",1886,142,6206    
"NC",1886,146,136985  
"NC",1886,160,27613   
"NC",1886,192,908     
"NC",1886,200,835421  
"NC",1886,220,3252    
"NC",1886,261,7626    
"NC",1886,290,4023    
"NC",1886,292,143832  
"NC",1886,298,46      
"NC",1886,7273,1894   
"NC",1887,110,509964  
"NC",1887,132,4419    
"NC",1887,141,16390   
"NC",1887,142,9047    
"NC",1887,146,59456   
"NC",1887,160,38604   
"NC",1887,180,35275   
"NC",1887,191,18845   
"NC",1887,192,160     
"NC",1887,200,866709  
"NC",1887,220,6557    
"NC",1887,261,6920    
"NC",1887,273,1551    
"NC",1887,290,5054    
"NC",1887,292,154674  
"NC",1887,294,6714    
"NC",1888,110,418026  
"NC",1888,141,16420   
"NC",1888,142,7716    
"NC",1888,146,57405   
"NC",1888,160,29001   
"NC",1888,180,400     
"NC",1888,191,16532   
"NC",1888,192,636     
"NC",1888,200,726916  
"NC",1888,220,2445    
"NC",1888,222,960     
"NC",1888,261,11403   
"NC",1888,273,2412    
"NC",1888,290,7724    
"NC",1888,291,852     
"NC",1888,292,165972  
"NC",1888,294,415     
"NC",1889,110,420333  
"NC",1889,121,28010   
"NC",1889,141,8903    
"NC",1889,142,10820   
"NC",1889,146,53619   
"NC",1889,160,29120   
"NC",1889,191,2420    
"NC",1889,192,963     
"NC",1889,200,979308  
"NC",1889,220,4349    
"NC",1889,261,12266   
"NC",1889,273,2150    
"NC",1889,290,2223    
"NC",1889,291,1122    
"NC",1889,292,162012  
"NC",1889,293,100592  
"NC",1889,294,1158    
"NC",1889,296,147455  
"NC",1890,110,529458  
"NC",1890,141,60477   
"NC",1890,142,12211   
"NC",1890,146,57717   
"NC",1890,160,114088  
"NC",1890,191,2517    
"NC",1890,192,944     
"NC",1890,200,1183650 
"NC",1890,220,4343    
"NC",1890,261,23758   
"NC",1890,273,2054    
"NC",1890,276,994     
"NC",1890,290,7213    
"NC",1890,291,1296    
"NC",1890,292,171012  
"NC",1890,294,408     
"NC",1890,296,218909  
"NC",1891,110,539341  
"NC",1891,141,66009   
"NC",1891,142,11956   
"NC",1891,146,60894   
"NC",1891,160,112156  
"NC",1891,192,1468    
"NC",1891,200,1182094 
"NC",1891,220,11095   
"NC",1891,261,21590   
"NC",1891,273,2760    
"NC",1891,290,1187    
"NC",1891,291,1000    
"NC",1891,292,163206  
"NC",1891,294,1132    
"NC",1891,296,209890  
"NC",1892,110,606979  
"NC",1892,141,71659   
"NC",1892,142,16226   
"NC",1892,146,56563   
"NC",1892,160,125577  
"NC",1892,192,1037    
"NC",1892,200,1209663 
"NC",1892,220,11513   
"NC",1892,261,15500   
"NC",1892,273,195     
"NC",1892,290,1366    
"NC",1892,292,188544  
"NC",1892,294,312     
"NC",1892,296,129695  
"NC",1893,110,588957  
"NC",1893,132,2150    
"NC",1893,141,88925   
"NC",1893,142,12662   
"NC",1893,145,1253    
"NC",1893,146,76176   
"NC",1893,160,132948  
"NC",1893,192,934     
"NC",1893,200,1212162 
"NC",1893,220,12842   
"NC",1893,261,31087   
"NC",1893,273,1066    
"NC",1893,290,1484    
"NC",1893,291,1000    
"NC",1893,292,205344  
"NC",1893,296,86418   
"NC",1893,361,3       
"NC",1894,110,525798  
"NC",1894,141,53919   
"NC",1894,142,17556   
"NC",1894,146,78000   
"NC",1894,160,135369  
"NC",1894,192,651     
"NC",1894,200,1214285 
"NC",1894,220,11860   
"NC",1894,261,19076   
"NC",1894,273,430     
"NC",1894,290,2985    
"NC",1894,291,6060    
"NC",1894,292,238944  
"NC",1894,293,30800   
"NC",1894,296,111884  
"NC",1894,343,31      
"NC",1895,110,517448  
"NC",1895,141,53142   
"NC",1895,142,16623   
"NC",1895,146,75438   
"NC",1895,160,128979  
"NC",1895,180,1300    
"NC",1895,192,633     
"NC",1895,200,1125519 
"NC",1895,220,10911   
"NC",1895,230,28500   
"NC",1895,261,41660   
"NC",1895,273,2347    
"NC",1895,290,2458    
"NC",1895,291,4719    
"NC",1895,292,186901  
"NC",1895,296,96120   
"NC",1896,110,525551  
"NC",1896,141,56511   
"NC",1896,142,17171   
"NC",1896,146,104317  
"NC",1896,160,105021  
"NC",1896,180,963     
"NC",1896,192,845     
"NC",1896,200,1259458 
"NC",1896,220,13716   
"NC",1896,230,37000   
"NC",1896,261,1555    
"NC",1896,273,3752    
"NC",1896,290,3206    
"NC",1896,291,28610   
"NC",1896,292,220345  
"NC",1896,293,1525    
"NC",1896,296,140925  
"NC",1897,110,542855  
"NC",1897,141,256554  
"NC",1897,142,17408   
"NC",1897,146,155968  
"NC",1897,160,99654   
"NC",1897,170,858     
"NC",1897,192,1011    
"NC",1897,200,1292548 
"NC",1897,222,1465    
"NC",1897,230,38000   
"NC",1897,261,23044   
"NC",1897,273,3458    
"NC",1897,290,14469   
"NC",1897,292,25332   
"NC",1897,293,1000    
"NC",1897,343,134516  
"NC",1898,100,605351  
"NC",1898,110,315     
"NC",1898,141,70599   
"NC",1898,142,18015   
"NC",1898,146,154891  
"NC",1898,160,116823  
"NC",1898,180,659     
"NC",1898,192,964     
"NC",1898,200,1334082 
"NC",1898,220,1549    
"NC",1898,230,39000   
"NC",1898,261,10608   
"NC",1898,273,2826    
"NC",1898,290,10114   
"NC",1898,291,9353    
"NC",1898,292,207679  
"NC",1898,293,1000    
"NC",1898,296,94942   
"NC",1899,100,587817  
"NC",1899,110,24      
"NC",1899,141,72937   
"NC",1899,142,15252   
"NC",1899,146,150403  
"NC",1899,160,4935    
"NC",1899,180,81      
"NC",1899,192,1170    
"NC",1899,200,1545718 
"NC",1899,220,9058    
"NC",1899,230,59705   
"NC",1899,261,10558   
"NC",1899,273,4840    
"NC",1899,290,15711   
"NC",1899,291,5626    
"NC",1899,292,233011  
"NC",1899,293,66250   
"NC",1899,296,204910  
"NC",1899,298,113993  
"NC",1900,100,633423  
"NC",1900,141,73190   
"NC",1900,142,16664   
"NC",1900,146,143699  
"NC",1900,160,4751    
"NC",1900,192,1176    
"NC",1900,200,1618104 
"NC",1900,222,7743    
"NC",1900,230,40000   
"NC",1900,261,11694   
"NC",1900,273,3544    
"NC",1900,290,36662   
"NC",1900,291,6197    
"NC",1900,292,195013  
"NC",1900,293,145800  
"NC",1900,296,196078  
"NC",1900,298,114165  
"NC",1901,110,645176  
"NC",1901,140,31538   
"NC",1901,141,139207  
"NC",1901,145,414     
"NC",1901,146,1598    
"NC",1901,150,82259   
"NC",1901,180,34664   
"NC",1901,190,1225    
"NC",1901,192,1859    
"NC",1901,193,237     
"NC",1901,223,17097   
"NC",1901,235,40000   
"NC",1901,242,132168  
"NC",1901,261,10407   
"NC",1901,264,182579  
"NC",1901,265,67988   
"NC",1901,266,6637    
"NC",1901,267,2       
"NC",1901,268,12      
"NC",1901,269,38      
"NC",1901,290,7046    
"NC",1901,291,11531   
"NC",1901,292,195013  
"NC",1901,294,3044    
"NC",1901,298,8560    
"NC",1902,110,695831  
"NC",1902,132,2079    
"NC",1902,140,35071   
"NC",1902,141,112091  
"NC",1902,145,520     
"NC",1902,146,1235    
"NC",1902,150,104427  
"NC",1902,180,36706   
"NC",1902,190,2589    
"NC",1902,192,1767    
"NC",1902,193,4241    
"NC",1902,223,18584   
"NC",1902,235,40000   
"NC",1902,242,157983  
"NC",1902,261,12782   
"NC",1902,264,175711  
"NC",1902,265,66143   
"NC",1902,266,12910   
"NC",1902,269,27      
"NC",1902,290,895     
"NC",1902,291,9290    
"NC",1902,292,210014  
"NC",1902,293,200000  
"NC",1902,294,3866    
"NC",1902,298,19328   
"NC",1902,299,40      
"NC",1903,294,2389613 
"NC",1904,110,855349  
"NC",1904,140,77361   
"NC",1904,141,160190  
"NC",1904,145,468     
"NC",1904,146,1700    
"NC",1904,150,142660  
"NC",1904,180,53092   
"NC",1904,190,11565   
"NC",1904,192,2171    
"NC",1904,193,16000   
"NC",1904,223,17404   
"NC",1904,235,40000   
"NC",1904,242,194217  
"NC",1904,261,11824   
"NC",1904,264,152396  
"NC",1904,265,97800   
"NC",1904,266,5920    
"NC",1904,268,4390    
"NC",1904,269,32768   
"NC",1904,290,270     
"NC",1904,291,7180    
"NC",1904,292,210014  
"NC",1904,293,23226   
"NC",1904,294,6690    
"NC",1904,298,25033   
"NC",1905,110,858775  
"NC",1905,140,251329  
"NC",1905,141,161674  
"NC",1905,145,376     
"NC",1905,146,1641    
"NC",1905,150,29226   
"NC",1905,180,54806   
"NC",1905,190,1838    
"NC",1905,192,2861    
"NC",1905,193,5324    
"NC",1905,223,19722   
"NC",1905,235,40000   
"NC",1905,242,198267  
"NC",1905,261,16011   
"NC",1905,264,161379  
"NC",1905,265,96523   
"NC",1905,266,17722   
"NC",1905,268,8800    
"NC",1905,290,806     
"NC",1905,291,6290    
"NC",1905,292,241679  
"NC",1905,293,310233  
"NC",1905,294,4624    
"NC",1905,298,19993   
"NC",1906,110,913196  
"NC",1906,140,102427  
"NC",1906,141,162588  
"NC",1906,145,9433    
"NC",1906,146,1932    
"NC",1906,150,35837   
"NC",1906,180,55331   
"NC",1906,190,158972  
"NC",1906,192,2429    
"NC",1906,193,4673    
"NC",1906,223,24894   
"NC",1906,235,46750   
"NC",1906,242,212376  
"NC",1906,261,11337   
"NC",1906,264,114455  
"NC",1906,265,109612  
"NC",1906,266,19130   
"NC",1906,290,419     
"NC",1906,291,4775    
"NC",1906,292,241679  
"NC",1906,293,107607  
"NC",1906,298,13976   
"NC",1907,110,894095  
"NC",1907,140,312616  
"NC",1907,141,188171  
"NC",1907,145,259     
"NC",1907,146,2966    
"NC",1907,150,15983   
"NC",1907,180,52493   
"NC",1907,190,56      
"NC",1907,192,2901    
"NC",1907,193,7792    
"NC",1907,222,950     
"NC",1907,223,23518   
"NC",1907,235,54750   
"NC",1907,242,219526  
"NC",1907,261,11948   
"NC",1907,264,407748  
"NC",1907,265,108719  
"NC",1907,266,16455   
"NC",1907,268,10556   
"NC",1907,290,701     
"NC",1907,291,2400    
"NC",1907,292,291288  
"NC",1907,293,9075    
"NC",1907,294,9193    
"NC",1907,298,7851    
"NC",1907,299,516     
"NC",1908,110,1113290 
"NC",1908,123,5534    
"NC",1908,140,142915  
"NC",1908,141,233337  
"NC",1908,145,520     
"NC",1908,146,3125    
"NC",1908,150,184651  
"NC",1908,180,50480   
"NC",1908,190,217295  
"NC",1908,192,2537    
"NC",1908,223,30952   
"NC",1908,231,6155    
"NC",1908,261,66809   
"NC",1908,264,135369  
"NC",1908,266,12573   
"NC",1908,268,6100    
"NC",1908,269,122581  
"NC",1908,290,18755   
"NC",1908,291,1200    
"NC",1908,292,254024  
"NC",1908,293,294076  
"NC",1908,294,7207    
"NC",1908,298,12643   
"NC",1909,110,1052859 
"NC",1909,140,140881  
"NC",1909,141,231067  
"NC",1909,145,593     
"NC",1909,146,3540    
"NC",1909,150,204159  
"NC",1909,180,56836   
"NC",1909,190,12480   
"NC",1909,192,2395    
"NC",1909,193,14796   
"NC",1909,223,34589   
"NC",1909,227,46      
"NC",1909,235,67000   
"NC",1909,242,209434  
"NC",1909,261,13106   
"NC",1909,264,143726  
"NC",1909,266,10684   
"NC",1909,269,12469   
"NC",1909,290,136734  
"NC",1909,292,210039  
"NC",1909,293,572395  
"NC",1909,294,5707    
"NC",1909,298,66484   
"NC",1910,110,1100891 
"NC",1910,140,330799  
"NC",1910,141,230622  
"NC",1910,145,537     
"NC",1910,146,4480    
"NC",1910,150,33810   
"NC",1910,180,49989   
"NC",1910,190,1359    
"NC",1910,192,1293    
"NC",1910,193,6160    
"NC",1910,223,33853   
"NC",1910,242,219016  
"NC",1910,261,53758   
"NC",1910,264,271896  
"NC",1910,266,20170   
"NC",1910,268,42      
"NC",1910,269,197386  
"NC",1910,290,892     
"NC",1910,292,248012  
"NC",1910,293,3490869 
"NC",1910,294,4287    
"NC",1910,298,74611   
"NC",1910,299,8       
"NC",1911,110,1138285 
"NC",1911,140,291336  
"NC",1911,141,301098  
"NC",1911,145,482     
"NC",1911,146,6585    
"NC",1911,150,23587   
"NC",1911,180,109329  
"NC",1911,190,2517    
"NC",1911,192,1941    
"NC",1911,193,9822    
"NC",1911,223,38647   
"NC",1911,242,226112  
"NC",1911,261,149016  
"NC",1911,264,186477  
"NC",1911,265,217058  
"NC",1911,266,36110   
"NC",1911,268,97      
"NC",1911,269,2537    
"NC",1911,290,1117    
"NC",1911,292,248012  
"NC",1911,293,668833  
"NC",1911,294,6196    
"NC",1911,298,98852   
"NC",1911,299,250100  
"NC",1912,110,1330781 
"NC",1912,140,325431  
"NC",1912,141,303049  
"NC",1912,145,132     
"NC",1912,146,6418    
"NC",1912,150,24366   
"NC",1912,180,112215  
"NC",1912,190,571     
"NC",1912,192,1470    
"NC",1912,193,5265    
"NC",1912,223,39506   
"NC",1912,242,264738  
"NC",1912,261,91016   
"NC",1912,264,202311  
"NC",1912,265,218910  
"NC",1912,266,16618   
"NC",1912,269,63      
"NC",1912,290,912     
"NC",1912,292,263013  
"NC",1912,294,77020   
"NC",1912,298,119886  
"NC",1912,299,2380    
"NC",1913,110,8536    
"NC",1913,132,20426   
"NC",1913,140,456596  
"NC",1913,141,364197  
"NC",1913,145,385     
"NC",1913,146,10045   
"NC",1913,150,19947   
"NC",1913,180,65138   
"NC",1913,190,461     
"NC",1913,192,3115    
"NC",1913,193,16672   
"NC",1913,223,41305   
"NC",1913,261,86612   
"NC",1913,263,251403  
"NC",1913,264,243739  
"NC",1913,265,378     
"NC",1913,266,22423   
"NC",1913,269,3014    
"NC",1913,290,5987    
"NC",1913,292,244846  
"NC",1913,293,1807923 
"NC",1913,294,4909    
"NC",1913,298,200370  
"NC",1914,110,1441508 
"NC",1914,140,681126  
"NC",1914,141,365075  
"NC",1914,145,748     
"NC",1914,146,23950   
"NC",1914,150,23591   
"NC",1914,180,218592  
"NC",1914,190,43      
"NC",1914,192,2996    
"NC",1914,193,117441  
"NC",1914,222,64      
"NC",1914,223,44708   
"NC",1914,242,255135  
"NC",1914,261,113445  
"NC",1914,264,198914  
"NC",1914,265,258704  
"NC",1914,266,36355   
"NC",1914,268,3034    
"NC",1914,269,3065    
"NC",1914,290,558     
"NC",1914,292,248012  
"NC",1914,293,451285  
"NC",1914,294,5524    
"NC",1914,298,218561  
