"AK",1933,30,1415281.23  
"AK",1933,31,3946371.88  
"AK",1933,32,2405833.86  
"AK",1933,33,875855.3    
"AK",1933,34,222548.9    
"AK",1933,35,171180.13   
"AK",1933,36,236427.85   
"AK",1933,38,38384.31    
"AK",1933,39,1148018.86  
"AK",1933,41,4574253.3   
"AK",1934,30,864715.54   
"AK",1934,31,3328913.13  
"AK",1934,32,3837776.88  
"AK",1934,33,3262905.24  
"AK",1934,34,126378.48   
"AK",1934,35,253747.85   
"AK",1934,36,444958.73   
"AK",1934,37,10400.13    
"AK",1934,38,34876.69    
"AK",1934,39,3010256.07  
"AK",1934,41,1949219.69  
"AK",1935,30,816874.78   
"AK",1935,31,3494698.1   
"AK",1935,32,1202991.01  
"AK",1935,33,8516907.49  
"AK",1935,34,160861.78   
"AK",1935,35,381193.98   
"AK",1935,36,1102027.71  
"AK",1935,37,16255.1     
"AK",1935,38,45393.82    
"AK",1935,39,1442794.32  
"AK",1935,41,1939917.59  
"AK",1936,30,886566.67   
"AK",1936,31,5567471.38  
"AK",1936,32,1734503.25  
"AK",1936,33,8260838.73  
"AK",1936,34,221413.98   
"AK",1936,35,358394.18   
"AK",1936,36,1092459.78  
"AK",1936,37,99775.97    
"AK",1936,38,98988.7     
"AK",1936,39,2294645.1   
"AK",1936,41,6406008.69  
"AK",1937,30,961253.77   
"AK",1937,31,6308630.02  
"AK",1937,32,5134987.19  
"AK",1937,33,6347311.96  
"AK",1937,34,340093.65   
"AK",1937,35,332254.06   
"AK",1937,36,642996.16   
"AK",1937,37,93910.43    
"AK",1937,38,1473461.41  
"AK",1937,39,2905998.13  
"AK",1937,41,5746658.73  
"AL",1933,31,4236052.81  
"AL",1933,32,802363.82   
"AL",1933,33,10420460.82 
"AL",1933,34,2348803.57  
"AL",1933,35,421043.57   
"AL",1933,36,1724728.77  
"AL",1933,37,83094.22    
"AL",1933,38,1311845.51  
"AL",1933,39,9642117.18  
"AL",1933,40,2816592.62  
"AL",1933,41,1490419.94  
"AL",1934,31,5278782.63  
"AL",1934,32,797873.38   
"AL",1934,33,13650427.3  
"AL",1934,34,2279706.39  
"AL",1934,35,495545.75   
"AL",1934,36,1378796.63  
"AL",1934,37,72967.32    
"AL",1934,38,1208596.28  
"AL",1934,39,9114485.41  
"AL",1934,40,1962085.7   
"AL",1934,41,3430419.58  
"AL",1935,31,4778269.11  
"AL",1935,32,854242.04   
"AL",1935,33,11276564.62 
"AL",1935,34,2646395.51  
"AL",1935,35,586291.15   
"AL",1935,36,1770192.34  
"AL",1935,37,79120.68    
"AL",1935,38,1045806.72  
"AL",1935,39,9451773.93  
"AL",1935,40,1933680.01  
"AL",1935,41,6132783.05  
"AL",1936,31,6068007.81  
"AL",1936,32,2441532.41  
"AL",1936,33,11306251.01 
"AL",1936,34,2874794.29  
"AL",1936,35,708644.55   
"AL",1936,36,2272549.8   
"AL",1936,37,75363.06    
"AL",1936,38,1002413.43  
"AL",1936,39,12519714.45 
"AL",1936,40,1493310.84  
"AL",1936,41,6254037.49  
"AL",1937,31,10445480.01 
"AL",1937,32,10682694.88 
"AL",1937,33,6167574.91  
"AL",1937,34,3298655.31  
"AL",1937,35,953889.49   
"AL",1937,36,2636629.37  
"AL",1937,37,2939166.22  
"AL",1937,38,909493.42   
"AL",1937,39,12374312.6  
"AL",1937,40,2740313.92  
"AL",1937,41,12894333.27 
"AZ",1933,31,4093629.64  
"AZ",1933,32,274996.75   
"AZ",1933,33,5514852.34  
"AZ",1933,34,350297.6    
"AZ",1933,35,639260.55   
"AZ",1933,36,637248.97   
"AZ",1933,37,9421.71     
"AZ",1933,38,117694.81   
"AZ",1933,39,204314.55   
"AZ",1933,40,175419.31   
"AZ",1933,41,52000       
"AZ",1934,31,1497864.07  
"AZ",1934,32,1093506.56  
"AZ",1934,33,3627395.78  
"AZ",1934,34,304774.73   
"AZ",1934,35,492841.72   
"AZ",1934,36,594420.43   
"AZ",1934,37,24033.28    
"AZ",1934,38,321784.56   
"AZ",1934,39,1960146.05  
"AZ",1934,40,263703.84   
"AZ",1934,41,20000       
"AZ",1935,31,3181502.85  
"AZ",1935,32,1611498.45  
"AZ",1935,33,2982867.78  
"AZ",1935,34,292865.85   
"AZ",1935,35,466233.46   
"AZ",1935,36,725645.85   
"AZ",1935,37,12305.63    
"AZ",1935,38,440133.19   
"AZ",1935,39,355996.64   
"AZ",1935,40,158484.39   
"AZ",1935,41,387133.37   
"AZ",1936,31,3696062.65  
"AZ",1936,32,1062530.55  
"AZ",1936,33,5064400.88  
"AZ",1936,34,340931.18   
"AZ",1936,35,578615.12   
"AZ",1936,36,655690.75   
"AZ",1936,37,15044.35    
"AZ",1936,38,468821.13   
"AZ",1936,39,158482.31   
"AZ",1936,40,216740.44   
"AZ",1936,41,769000      
"AZ",1937,31,2473889.08  
"AZ",1937,32,1966944.12  
"AZ",1937,33,6128879.04  
"AZ",1937,34,405823.22   
"AZ",1937,35,935870.48   
"AZ",1937,36,1341777.5   
"AZ",1937,37,21348.96    
"AZ",1937,38,526676.55   
"AZ",1937,39,2914769.18  
"AZ",1937,40,68423.89    
"AZ",1937,41,53179.5     
"NB",1933,31,5078129.34  
"NB",1933,32,2446711.3   
"NB",1933,33,10486032.65 
"NB",1933,36,2649388.9   
"NB",1933,39,2417141.62  
"NB",1933,41,1079810.32  
"NB",1934,31,4535007.54  
"NB",1934,32,2067769.37  
"NB",1934,33,12707504.62 
"NB",1934,36,1973539.96  
"NB",1934,39,2929698.48  
"NB",1934,41,946763.26   
"NB",1935,31,4914701.57  
"NB",1935,32,2320150.65  
"NB",1935,33,11410228.45 
"NB",1935,34,3696.04     
"NB",1935,36,2145216.01  
"NB",1935,39,3300851.08  
"NB",1935,41,2549770.42  
"NB",1936,31,5583540.52  
"NB",1936,32,4594164.33  
"NB",1936,33,11195895.08 
"NB",1936,34,181489.64   
"NB",1936,36,2081994.84  
"NB",1936,39,3535299.72  
"NB",1936,41,2636862.54  
"NB",1937,31,5891250.64  
"NB",1937,32,9373146.51  
"NB",1937,33,13506955.84 
"NB",1937,34,145085.68   
"NB",1937,36,2118339.49  
"NB",1937,39,3660891.98  
"NB",1937,41,1965598.41  
"NC",1933,31,22768714.33 
"NC",1933,32,8497226.76  
"NC",1933,33,20842857.41 
"NC",1933,34,1096663.37  
"NC",1933,35,899779.97   
"NC",1933,36,1581281.37  
"NC",1933,37,209239.68   
"NC",1933,38,1406.25     
"NC",1933,39,425189.27   
"NC",1933,41,11419113.32 
"NC",1934,31,21221169.39 
"NC",1934,32,10595269.19 
"NC",1934,33,24956250.11 
"NC",1934,34,511061.53   
"NC",1934,35,907845.31   
"NC",1934,36,1599729.24  
"NC",1934,37,125038.38   
"NC",1934,38,719358.13   
"NC",1934,39,256268.45   
"NC",1934,41,4493677.92  
"NC",1935,31,24331422.36 
"NC",1935,32,24255211.04 
"NC",1935,33,20679548.83 
"NC",1935,34,608582.35   
"NC",1935,35,983539.75   
"NC",1935,36,1739944.29  
"NC",1935,37,107407.76   
"NC",1935,38,595         
"NC",1935,39,12363070.46 
"NC",1935,41,2866444.53  
"NC",1936,31,29387794.25 
"NC",1936,32,9555937.9   
"NC",1936,33,22971655.56 
"NC",1936,34,565072.23   
"NC",1936,35,1313526.28  
"NC",1936,36,2351023.83  
"NC",1936,37,218764.72   
"NC",1936,38,1500        
"NC",1936,39,194492.6    
"NC",1936,41,4934337.2   
"NC",1937,31,32107721.24 
"NC",1937,32,10143062.06 
"NC",1937,33,28860938    
"NC",1937,34,482811.06   
"NC",1937,35,1438694.89  
"NC",1937,36,2904057.66  
"NC",1937,37,41586.95    
"NC",1937,38,1500        
"NC",1937,39,328759.12   
"NC",1937,41,2160884.91  
"ND",1933,31,3665430.84  
"ND",1933,32,376187.83   
"ND",1933,33,5044745.4   
"ND",1933,34,597121.1    
"ND",1933,35,295357.46   
"ND",1933,36,2766171.81  
"ND",1933,38,773736.23   
"ND",1933,39,3050024.72  
"ND",1933,40,2096519.24  
"ND",1933,41,524887.5    
"ND",1934,31,3252361.47  
"ND",1934,32,298616.39   
"ND",1934,33,5695873.8   
"ND",1934,34,648032.36   
"ND",1934,35,204739.33   
"ND",1934,36,1857819.95  
"ND",1934,37,71599.45    
"ND",1934,38,1463502.13  
"ND",1934,39,2692780.05  
"ND",1934,40,2075589.29  
"ND",1934,41,3889449.02  
"ND",1935,31,3641966.44  
"ND",1935,32,254152.45   
"ND",1935,33,6715743.38  
"ND",1935,34,800338.87   
"ND",1935,35,182431.66   
"ND",1935,36,1173848.63  
"ND",1935,37,85737.39    
"ND",1935,38,2119784.94  
"ND",1935,39,2838541.67  
"ND",1935,40,1902468.64  
"ND",1935,41,7593586.22  
"ND",1936,31,4703088.91  
"ND",1936,32,1111204.51  
"ND",1936,33,5696110.53  
"ND",1936,34,964036.37   
"ND",1936,35,194594.7    
"ND",1936,36,1534682.69  
"ND",1936,37,713334.56   
"ND",1936,38,3027205.9   
"ND",1936,39,5675088.71  
"ND",1936,41,7008480.69  
"ND",1937,31,4846423.9   
"ND",1937,32,1068114.01  
"ND",1937,33,9096307.15  
"ND",1937,34,726818.6    
"ND",1937,35,489988.76   
"ND",1937,36,1133253.74  
"ND",1937,37,857101.02   
"ND",1937,38,1641665.87  
"ND",1937,39,6436233.28  
"ND",1937,41,4690085.76  
"NV",1933,31,1023707.13  
"NV",1933,32,1896.25     
"NV",1933,33,3785611.79  
"NV",1933,35,119689.72   
"NV",1933,36,56493.95    
"NV",1933,38,17652.88    
"NV",1933,39,760718.6    
"NV",1933,40,4390.72     
"NV",1933,41,231295.93   
"NV",1934,31,950665.36   
"NV",1934,32,93423.38    
"NV",1934,33,311943.21   
"NV",1934,35,2959880.75  
"NV",1934,36,55383.58    
"NV",1934,38,17995.96    
"NV",1934,39,665974.2    
"NV",1934,40,12018.2     
"NV",1934,41,106911.56   
"NV",1935,31,1041993     
"NV",1935,32,52229.57    
"NV",1935,33,215478.03   
"NV",1935,35,1639520.07  
"NV",1935,36,63470.73    
"NV",1935,38,20399.88    
"NV",1935,39,736689.47   
"NV",1935,40,73394.02    
"NV",1935,41,87846.25    
"NV",1936,31,1284870.99  
"NV",1936,32,260214.8    
"NV",1936,33,88673.11    
"NV",1936,35,2752911.09  
"NV",1936,36,55057.41    
"NV",1936,38,3167.46     
"NV",1936,39,742665.39   
"NV",1936,40,52469.01    
"NV",1936,41,91465.98    
"NV",1937,31,965510.58   
"NV",1937,32,86882.58    
"NV",1937,33,112321.22   
"NV",1937,35,3909144.91  
"NV",1937,36,55168.53    
"NV",1937,39,818302.63   
"NV",1937,40,15764.76    
"NV",1937,41,85744.55    
"OH",1933,31,16287860.22 
"OH",1933,32,11445570.28 
"OH",1933,33,20545321.01 
"OH",1933,34,1502282.22  
"OH",1933,35,2044607.94  
"OH",1933,36,7067184.83  
"OH",1933,37,133531.23   
"OH",1933,39,32450777.72 
"OH",1933,40,325120.88   
"OH",1933,41,21794.92    
"OH",1934,31,24143779.84 
"OH",1934,32,17083841.84 
"OH",1934,33,34554991.22 
"OH",1934,34,1877844.21  
"OH",1934,35,2198198.36  
"OH",1934,36,6419302.25  
"OH",1934,39,52058368.22 
"OH",1934,40,342376.6    
"OH",1934,41,1129.92     
"PA",1933,31,40400676.68 
"PA",1933,32,65935776.13 
"PA",1933,33,55316308.63 
"PA",1933,34,3217814.24  
"PA",1933,35,8352274.12  
"PA",1933,36,21546636.72 
"PA",1933,38,3920808.98  
"PA",1933,39,5962105.38  
"PA",1933,40,172352.6    
"PA",1933,41,22582500.43 
"PA",1934,31,42117726.01 
"PA",1934,32,153955873.04
"PA",1934,33,53179852.76 
"PA",1934,34,5409948.48  
"PA",1934,35,7323194.19  
"PA",1934,36,13781073.05 
"PA",1934,37,12914656.5  
"PA",1934,38,4413186.98  
"PA",1934,39,7908298.29  
"PA",1934,40,204444.63   
"PA",1934,41,31168614.7  
"PA",1935,31,36162096.11 
"PA",1935,32,210679386.22
"PA",1935,33,79126286.21 
"PA",1935,34,3518120.23  
"PA",1935,35,6517341.56  
"PA",1935,36,14039840.56 
"PA",1935,37,47293999.38 
"PA",1935,38,5306295.36  
"PA",1935,39,3377314.57  
"PA",1935,40,1726312.2   
"PA",1935,41,28171144.1  
"PA",1936,31,44413390.26 
"PA",1936,32,183993749.78
"PA",1936,33,45343215.17 
"PA",1936,34,3483068.33  
"PA",1936,35,6396082.04  
"PA",1936,36,13675940.78 
"PA",1936,37,58736337.31 
"PA",1936,38,6605065.49  
"PA",1936,39,16547027.27 
"PA",1936,40,1708978.05  
"PA",1936,41,34682009.97 
"PA",1937,31,46820721.56 
"PA",1937,32,104325175.19
"PA",1937,33,74054782.8  
"PA",1937,34,3654133     
"PA",1937,35,7241387.72  
"PA",1937,36,16411799.45 
"PA",1937,37,62277197.26 
"PA",1937,38,6537951.97  
"PA",1937,39,23142883.31 
"PA",1937,40,2005400.02  
"PA",1937,41,147034990.38
"SC",1933,31,4287941.2   
"SC",1933,32,1602681.22  
"SC",1933,33,6530869.34  
"SC",1933,34,239122.22   
"SC",1933,35,311453.62   
"SC",1933,36,602900.28   
"SC",1933,39,584400.99   
"SC",1933,40,1973848.86  
"SC",1933,41,9811794.23  
"SC",1934,31,4267880.34  
"SC",1934,32,4586567.43  
"SC",1934,33,12469666.54 
"SC",1934,34,478283.81   
"SC",1934,35,651851.78   
"SC",1934,36,1258140.42  
"SC",1934,39,2174205.6   
"SC",1934,40,2605774.6   
"SC",1934,41,6498711.74  
"SC",1935,31,7177966.24  
"SC",1935,32,5192001.63  
"SC",1935,33,20270352.89 
"SC",1935,34,778319.35   
"SC",1935,35,595196.17   
"SC",1935,36,1660568.17  
"SC",1935,37,6209.44     
"SC",1935,39,2764240.64  
"SC",1935,40,7222988.79  
"SC",1935,41,8723364.56  
"SC",1936,31,9816303.16  
"SC",1936,32,4336690.33  
"SC",1936,33,9621537.35  
"SC",1936,34,926862.24   
"SC",1936,35,807881.7    
"SC",1936,36,3219921.03  
"SC",1936,37,131138.73   
"SC",1936,39,2624930.67  
"SC",1936,40,2430039.67  
"SC",1936,41,13297791.11 
"SC",1937,31,7088729.14  
"SC",1937,32,6066430.56  
"SC",1937,33,9690717.42  
"SC",1937,34,901201.25   
"SC",1937,35,1005555.81  
"SC",1937,36,1356639.7   
"SC",1937,37,176092.09   
"SC",1937,39,4264284.44  
"SC",1937,40,2842518.58  
"SC",1937,41,4180987.8   
"SD",1933,31,1573407.19  
"SD",1933,32,28456.31    
"SD",1933,33,5388999.87  
"SD",1933,34,45854.61    
"SD",1933,35,275709.88   
"SD",1933,36,1882411.11  
"SD",1933,38,113040.96   
"SD",1933,39,11065123.08 
"SD",1933,41,1103781.25  
"SD",1934,31,1962917.78  
"SD",1934,32,30597.99    
"SD",1934,33,5158108.66  
"SD",1934,34,41597.32    
"SD",1934,35,202401.14   
"SD",1934,36,483454.99   
"SD",1934,38,250542.67   
"SD",1934,39,5674042.35  
"SD",1934,41,6903043.96  
"SD",1935,31,2803727.45  
"SD",1935,32,33448.85    
"SD",1935,33,6896493.51  
"SD",1935,34,48979.14    
"SD",1935,35,185921.28   
"SD",1935,36,535105.18   
"SD",1935,38,71739.7     
"SD",1935,39,5046247.34  
"SD",1935,41,4976303.98  
"SD",1936,31,2899288.54  
"SD",1936,32,295003.55   
"SD",1936,33,7382370.48  
"SD",1936,34,218922.95   
"SD",1936,35,223850.01   
"SD",1936,36,690389.39   
"SD",1936,37,5836.57     
"SD",1936,38,30776.97    
"SD",1936,39,5611546.21  
"SD",1936,41,19136390.95 
"SD",1937,31,4944951.01  
"SD",1937,32,1945744.65  
"SD",1937,33,8348484.02  
"SD",1937,34,223048.23   
"SD",1937,35,326051.21   
"SD",1937,36,444771.82   
"SD",1937,37,9757.47     
"SD",1937,38,10802.72    
"SD",1937,39,5684673.83  
"SD",1937,41,5372875     
"UT",1933,31,4770527.51  
"UT",1933,32,642761.35   
"UT",1933,33,5442981.23  
"UT",1933,34,282817.82   
"UT",1933,35,220504.51   
"UT",1933,36,1097146.51  
"UT",1933,37,29108.02    
"UT",1933,39,116769.22   
"UT",1933,40,510965.24   
"UT",1933,41,2005596.09  
"UT",1934,31,4994914.9   
"UT",1934,32,4064545.86  
"UT",1934,33,6971427.57  
"UT",1934,34,263731.86   
"UT",1934,35,191476.95   
"UT",1934,36,927762.12   
"UT",1934,37,16528.78    
"UT",1934,39,209311.93   
"UT",1934,40,463347.78   
"UT",1934,41,2582351.37  
"UT",1935,31,6023571.65  
"UT",1935,32,15935774.8  
"UT",1935,33,7904860.26  
"UT",1935,34,204966.99   
"UT",1935,35,242531.24   
"UT",1935,36,1016917.36  
"UT",1935,37,2727.8      
"UT",1935,39,171239.8    
"UT",1935,40,600040.65   
"UT",1935,41,7327273.87  
"UT",1936,31,5801993.42  
"UT",1936,32,6401276.03  
"UT",1936,33,7029841.75  
"UT",1936,34,228733.24   
"UT",1936,35,326704.432  
"UT",1936,36,1366130.48  
"UT",1936,37,5283.24     
"UT",1936,39,154213.23   
"UT",1936,40,467168.34   
"UT",1936,41,1646585.81  
"UT",1937,31,6519410.43  
"UT",1937,32,4456433.66  
"UT",1937,33,7719849.13  
"UT",1937,34,270770.65   
"UT",1937,35,328493.09   
"UT",1937,36,1479305.97  
"UT",1937,37,3272.24     
"UT",1937,38,3448.17     
"UT",1937,39,199865.97   
"UT",1937,40,467915.5    
"UT",1937,41,4598657.52  
"VA",1933,31,13335836.41 
"VA",1933,32,3281946.12  
"VA",1933,33,18829158.59 
"VA",1933,34,2595719.27  
"VA",1933,35,1047602.63  
"VA",1933,36,2445877.38  
"VA",1933,38,83060.45    
"VA",1933,39,569135.23   
"VA",1933,40,805726.09   
"VA",1933,41,235761.9    
"VA",1934,31,11945727.07 
"VA",1934,32,3098648.8   
"VA",1934,33,18919407.18 
"VA",1934,34,2375958.22  
"VA",1934,35,2696261.24  
"VA",1934,36,2522282.78  
"VA",1934,37,1105807.59  
"VA",1934,38,79500.14    
"VA",1934,39,570191.03   
"VA",1934,40,830527.71   
"VA",1934,41,526908      
"VA",1935,31,14260346.23 
"VA",1935,32,3422367     
"VA",1935,33,20796762.07 
"VA",1935,34,2949797.79  
"VA",1935,35,1209065.63  
"VA",1935,36,2527792.68  
"VA",1935,37,9374258.26  
"VA",1935,38,82014.12    
"VA",1935,39,629184.08   
"VA",1935,40,815499.25   
"VA",1935,41,469814.8    
"VA",1936,31,15251532.32 
"VA",1936,32,3525186.75  
"VA",1936,33,21378549.08 
"VA",1936,34,3036835.14  
"VA",1936,35,1212905.65  
"VA",1936,36,2780930.92  
"VA",1936,37,9953105.48  
"VA",1936,38,87366.89    
"VA",1936,39,1538137.4   
"VA",1936,40,743326.18   
"VA",1936,41,672621.19   
"VA",1937,31,16904510.59 
"VA",1937,32,5365489.96  
"VA",1937,33,25269445.53 
"VA",1937,34,3302016.98  
"VA",1937,35,13608544.46 
"VA",1937,36,3087494.52  
"VA",1937,38,88865.47    
"VA",1937,39,1856881.16  
"VA",1937,40,716066.22   
"VA",1937,41,690494.84   
"VT",1933,31,1022946.64  
"VT",1933,32,963943.01   
"VT",1933,33,5070243.16  
"VT",1933,34,786862.83   
"VT",1933,35,628157.37   
"VT",1933,36,939110.25   
"VT",1933,37,1228.16     
"VT",1933,38,2120        
"VT",1933,39,235507.25   
"VT",1933,40,391283.27   
"VT",1933,41,2890000     
"VT",1934,31,950688.54   
"VT",1934,32,688309.08   
"VT",1934,33,4741631.05  
"VT",1934,34,627311.064  
"VT",1934,35,902883.49   
"VT",1934,36,725397.98   
"VT",1934,37,12191.95    
"VT",1934,38,1491.75     
"VT",1934,39,1208087.22  
"VT",1934,40,431026.01   
"VT",1934,41,5345442.75  
"VT",1935,31,850024.53   
"VT",1935,32,736348.13   
"VT",1935,33,5911365.7   
"VT",1935,34,618556.75   
"VT",1935,35,508679.72   
"VT",1935,36,915291.19   
"VT",1935,37,5814.32     
"VT",1935,38,2195.12     
"VT",1935,39,3560156.21  
"VT",1935,40,254425.42   
"VT",1935,41,3663208.94  
"VT",1936,31,1230345.77  
"VT",1936,32,1157574.31  
"VT",1936,33,5271442.32  
"VT",1936,34,665220.26   
"VT",1936,35,465231.37   
"VT",1936,36,791097.92   
"VT",1936,37,1274204.94  
"VT",1936,38,1600        
"VT",1936,39,667476.81   
"VT",1936,40,295800.42   
"VT",1936,41,6468125     
"VT",1937,31,1270591.3   
"VT",1937,32,1535387.48  
"VT",1937,33,5905219.45  
"VT",1937,34,741516.42   
"VT",1937,35,498770.28   
"VT",1937,36,934522.1    
"VT",1937,37,1522660.17  
"VT",1937,38,1600        
"VT",1937,39,175090.82   
"VT",1937,40,295649.53   
"VT",1937,41,2567233.11  
"ID",1933,30,4033228.45  
"ID",1933,31,5120425.63  
"ID",1933,32,536771.5    
"ID",1933,33,8854367.69  
"ID",1933,34,1173857.23  
"ID",1933,35,1127369.34  
"ID",1933,36,2011983.54  
"ID",1933,37,11630.98    
"ID",1933,38,812002.16   
"ID",1933,39,3611930.84  
"ID",1933,41,4853496.57  
"ID",1935,30,5680667.25  
"ID",1935,31,5048602.62  
"ID",1935,32,654221.94   
"ID",1935,33,10355265.57 
"ID",1935,34,1162605.6   
"ID",1935,35,1610999.6   
"ID",1935,36,616978.02   
"ID",1935,37,4794348.02  
"ID",1935,38,3200262.68  
"ID",1935,39,11613158.78 
"ID",1935,41,2011843.17  
"ID",1937,30,8702652.87  
"ID",1937,31,5157386.63  
"ID",1937,32,4294336.55  
"ID",1937,33,14537881.55 
"ID",1937,34,1949176.83  
"ID",1937,35,1808468.49  
"ID",1937,36,1007085.58  
"ID",1937,37,9145820.07  
"ID",1937,38,3113206.34  
"ID",1937,39,11106964.72 
"ID",1937,41,1240165.63  
"IL",1933,30,79191036.16 
"IL",1933,31,7530249.03  
"IL",1933,32,41907169.08 
"IL",1933,33,71649142.98 
"IL",1933,34,191794.71   
"IL",1933,35,1716881.84  
"IL",1933,38,1849916.4   
"IL",1933,39,43331701.55 
"IL",1933,41,59002304.9  
"IL",1935,30,73112733.07 
"IL",1935,31,8683221.63  
"IL",1935,32,57641830.1  
"IL",1935,33,76370589.66 
"IL",1935,34,153026.08   
"IL",1935,35,1639225.61  
"IL",1935,38,2127945.76  
"IL",1935,39,63409494.75 
"IL",1935,41,70997893.01 
"IL",1937,30,102114147.54
"IL",1937,31,9619717.87  
"IL",1937,32,109523101.45
"IL",1937,33,86773944.83 
"IL",1937,34,238607.69   
"IL",1937,35,2902941.28  
"IL",1937,38,2984757.96  
"IL",1937,39,70247130.29 
"IL",1937,41,39331264.73 
