"MD",1811,1,0           
"MD",1812,1,42300.81    
"MD",1813,1,521325.9    
"MD",1814,1,247477.94   
"MD",1815,1,128373.29   
"MD",1816,1,136673      
"MD",1817,1,131145      
"MD",1818,1,154298      
"MD",1819,1,139103      
"MD",1820,1,213314      
"MD",1821,1,179627      
"MD",1822,1,237860      
"MD",1823,1,148904      
"MD",1824,1,215753.51   
"MD",1825,1,384716.31   
"MD",1826,1,194036      
"MD",1827,1,266418      
"MD",1828,1,221036.65   
"MD",1829,1,206072.5    
"MD",1830,1,630870.89   
"MD",1831,1,311364.68   
"MD",1832,1,648048      
"MD",1833,1,565128      
"MD",1834,1,1011305     
"MD",1835,1,1582981     
"MD",1836,1,2208480     
"MD",1837,1,1795360.16  
"MD",1838,1,3517302.94  
"MD",1839,1,6987462.03  
"MD",1840,1,1617115.57  
"MD",1841,1,927555.5    
"MD",1842,1,542909.77   
"MD",1843,1,753044.42   
"MD",1844,1,766006.18   
"MD",1845,1,966589      
"MD",1846,1,917887.79   
"MD",1847,1,1374903.92  
"MD",1848,1,1000572.29  
"MD",1849,1,1315439.8   
"MD",1850,1,1227986.21  
"MD",1851,1,1231267.03  
"MD",1852,1,1279945.28  
"MD",1853,1,1000053.19  
"MD",1854,1,1208347.39  
"MD",1855,1,1200762.58  
"MD",1856,1,1230522.33  
"MD",1857,1,1384705.37  
"MD",1858,1,1019228.95  
"MD",1859,1,1200552.74  
"MD",1860,1,1048339.67  
"MD",1861,1,960813.08   
"MD",1863,1,1870105.72  
"MD",1864,1,2238302.2   
"MD",1865,1,2681575.65  
"MD",1866,1,3325501.825 
"MD",1867,1,2362877.18  
"MD",1868,1,4121791.26  
"MD",1869,1,3002090.31  
"MD",1870,1,2522479.5   
"MD",1871,1,2672998.78  
"MD",1873,1,2432677.45  
"MD",1874,1,2357202.52  
"MD",1875,1,2906288.17  
"MD",1876,1,2040133.62  
"MD",1877,1,2109193.82  
"MD",1878,1,2295263.89  
"MD",1879,1,2126326.37  
"MD",1880,1,3729275.64  
"MD",1881,1,1996641.08  
"MD",1882,1,1924481.47  
"MD",1883,1,2097376.85  
"MD",1884,1,3729576.15  
"MD",1885,1,2112407.71  
"MD",1886,1,1994278.77  
"MD",1887,1,2440165.53  
"MD",1888,1,1859908.49  
"MD",1889,1,2067343.71  
"MD",1890,1,5860604.94  
"MD",1891,1,2827568.29  
"MD",1892,1,3006551.18  
"MD",1893,1,2533611.48  
"MD",1895,1,2609243.79  
"MD",1896,1,3156875.64  
"MD",1897,1,2771961.34  
"MD",1899,1,3791298.77  
"MD",1900,1,3622493.42  
"MD",1901,1,3235301.52  
"MD",1902,1,3631259.54  
"MD",1903,1,3636449.04  
"MD",1904,1,4416828.26  
"MD",1905,1,4493354.37  
"MD",1907,1,3975231.18  
"MD",1909,1,5400104.69  
"MD",1910,1,5875598.61  
"MD",1911,1,8706493.44  
"MD",1912,1,8908454.16  
"MD",1913,1,10720082.91 
"MD",1914,1,12600556.59 
                        
"MD",1811,11,0          
"MD",1811,18,0          
"MD",1811,19,0          
"MD",1811,22,0          
"MD",1811,23,0          
"MD",1811,29,0          
"MD",1812,11,0          
"MD",1812,18,0          
"MD",1812,19,0          
"MD",1812,22,2937       
"MD",1812,23,0          
"MD",1812,29,39363.81   
"MD",1812,50,0          
"MD",1813,11,7937.65    
"MD",1813,18,21258.51   
"MD",1813,19,678.05     
"MD",1813,22,3703.4     
"MD",1813,29,412913.91  
"MD",1813,50,74834.38   
"MD",1814,11,8803.64    
"MD",1814,18,18290.22   
"MD",1814,19,1553.3     
"MD",1814,22,8523.05    
"MD",1814,29,210307.73  
"MD",1815,11,6883.48    
"MD",1815,18,14371.31   
"MD",1815,19,949.21     
"MD",1815,22,8862.41    
"MD",1815,29,97306.88   
"MD",1816,18,21742      
"MD",1816,29,114931     
"MD",1817,18,25083      
"MD",1817,29,106062     
"MD",1818,18,21326      
"MD",1818,29,132972     
"MD",1819,18,24766      
"MD",1819,19,5075       
"MD",1819,29,109262     
"MD",1820,18,33895      
"MD",1820,19,17550      
"MD",1820,29,161869     
"MD",1821,12,0          
"MD",1821,14,0          
"MD",1821,18,30710      
"MD",1821,19,2664       
"MD",1821,27,0          
"MD",1821,29,146253     
"MD",1822,12,2544       
"MD",1822,18,37068      
"MD",1822,29,198248     
"MD",1823,12,9138       
"MD",1823,18,40516      
"MD",1823,19,691        
"MD",1823,27,7406       
"MD",1823,29,91153      
"MD",1824,11,19459.76   
"MD",1824,14,15298.36   
"MD",1824,18,35587.1    
"MD",1824,19,53932.47   
"MD",1824,22,3969.92    
"MD",1824,26,2025.8     
"MD",1824,27,23001.6    
"MD",1824,29,62478.5    
"MD",1825,11,30459.64   
"MD",1825,14,15298.36   
"MD",1825,16,188        
"MD",1825,18,53494.17   
"MD",1825,19,42994.29   
"MD",1825,22,4084.31    
"MD",1825,26,1500       
"MD",1825,27,29753.27   
"MD",1825,29,73226.44   
"MD",1825,50,133717.83  
"MD",1826,12,33358      
"MD",1826,14,0          
"MD",1826,18,43914      
"MD",1826,19,7538       
"MD",1826,27,25582      
"MD",1826,29,83644      
"MD",1827,12,23129      
"MD",1827,14,0          
"MD",1827,18,51613      
"MD",1827,19,735        
"MD",1827,27,26249      
"MD",1827,29,164692     
"MD",1828,11,17234.07   
"MD",1828,14,2390.17    
"MD",1828,18,47795      
"MD",1828,19,5042.85    
"MD",1828,22,2026.95    
"MD",1828,26,2041.4     
"MD",1828,27,3500       
"MD",1828,29,105553.13  
"MD",1828,50,35453.08   
"MD",1829,11,14558      
"MD",1829,14,32437.09   
"MD",1829,18,61116.65   
"MD",1829,19,5933.85    
"MD",1829,22,4003.68    
"MD",1829,26,3315.12    
"MD",1829,27,6483.37    
"MD",1829,29,67071.66   
"MD",1829,50,11153.08   
"MD",1830,11,12470.89   
"MD",1830,14,27284.35   
"MD",1830,18,61262.91   
"MD",1830,19,6372.76    
"MD",1830,22,4426.16    
"MD",1830,26,2686.8     
"MD",1830,27,14739.22   
"MD",1830,29,490764.72  
"MD",1830,50,10863.08   
"MD",1831,11,12926.17   
"MD",1831,14,29360.91   
"MD",1831,18,61162.9    
"MD",1831,19,5791       
"MD",1831,22,2580.44    
"MD",1831,26,3379.61    
"MD",1831,27,6928.2     
"MD",1831,29,154741.37  
"MD",1831,50,34494.08   
"MD",1832,12,277        
"MD",1832,14,0          
"MD",1832,18,71487      
"MD",1832,19,24692      
"MD",1832,27,14177      
"MD",1832,29,537415     
"MD",1833,12,109        
"MD",1833,14,0          
"MD",1833,18,72006      
"MD",1833,19,36047      
"MD",1833,27,17292      
"MD",1833,29,439674     
"MD",1834,12,724        
"MD",1834,14,5000       
"MD",1834,18,69881      
"MD",1834,19,28820      
"MD",1834,27,21987      
"MD",1834,29,884893     
"MD",1835,14,25000      
"MD",1835,18,72726      
"MD",1835,19,45866      
"MD",1835,27,45120      
"MD",1835,29,1394269    
"MD",1836,12,515        
"MD",1836,14,108749     
"MD",1836,18,79215      
"MD",1836,19,43057      
"MD",1836,27,16715      
"MD",1836,29,1960229    
"MD",1837,11,12957.68   
"MD",1837,14,67944.36   
"MD",1837,18,70596.24   
"MD",1837,19,12508.73   
"MD",1837,22,7692.89    
"MD",1837,23,955838.25  
"MD",1837,26,342.52     
"MD",1837,27,13953.12   
"MD",1837,29,403266.37  
"MD",1837,50,250260     
"MD",1838,11,13741.9    
"MD",1838,14,86697.53   
"MD",1838,18,75151.73   
"MD",1838,19,10934.7    
"MD",1838,22,4127.36    
"MD",1838,26,200        
"MD",1838,27,18225.44   
"MD",1838,29,3056224.28 
"MD",1838,50,252000     
"MD",1839,11,14981.82   
"MD",1839,14,85917.7    
"MD",1839,18,83196.48   
"MD",1839,19,10845.5    
"MD",1839,22,8511.06    
"MD",1839,23,1509.08    
"MD",1839,26,1045       
"MD",1839,27,10914.09   
"MD",1839,29,6770541.3  
"MD",1840,11,15866.46   
"MD",1840,14,83689.09   
"MD",1840,18,87200.88   
"MD",1840,19,12355.71   
"MD",1840,22,5231.5     
"MD",1840,26,421.31     
"MD",1840,27,10907.15   
"MD",1840,29,689278.24  
"MD",1840,50,712165.23  
"MD",1841,11,12318.38   
"MD",1841,14,80702.75   
"MD",1841,18,87302.74   
"MD",1841,19,12413.69   
"MD",1841,22,3777.6     
"MD",1841,26,499.84     
"MD",1841,27,10366.88   
"MD",1841,29,662441.52  
"MD",1841,50,57732.1    
"MD",1842,11,20984.03   
"MD",1842,14,61122.15   
"MD",1842,18,81246.44   
"MD",1842,19,265454.3   
"MD",1842,22,5967.67    
"MD",1842,25,512        
"MD",1842,26,622.71     
"MD",1842,27,4171.52    
"MD",1842,29,97935.31   
"MD",1842,50,4893.64    
"MD",1843,11,8859.31    
"MD",1843,14,87803.77   
"MD",1843,18,95375.92   
"MD",1843,19,391802.12  
"MD",1843,22,6537.46    
"MD",1843,26,575.95     
"MD",1843,29,162089.89  
"MD",1844,14,43453.68   
"MD",1844,18,91531.54   
"MD",1844,19,351611.07  
"MD",1844,22,7598.57    
"MD",1844,26,603.09     
"MD",1844,29,271208.23  
"MD",1845,12,503.12     
"MD",1845,13,412.43     
"MD",1845,14,58646.7    
"MD",1845,18,117737.5   
"MD",1845,19,554488.52  
"MD",1845,22,15225.65   
"MD",1845,25,74800      
"MD",1845,26,446.04     
"MD",1845,29,137586.76  
"MD",1845,50,6742.28    
"MD",1846,12,583.67     
"MD",1846,13,3895.57    
"MD",1846,14,68416.8    
"MD",1846,18,125928.06  
"MD",1846,19,592587.87  
"MD",1846,22,12333.67   
"MD",1846,25,3300       
"MD",1846,26,518.65     
"MD",1846,27,17971.87   
"MD",1846,29,92351.63   
"MD",1847,12,5971.65    
"MD",1847,13,18626.98   
"MD",1847,14,73622.44   
"MD",1847,18,149518.84  
"MD",1847,19,845818.88  
"MD",1847,22,13322.11   
"MD",1847,25,775.16     
"MD",1847,26,588.28     
"MD",1847,27,17302.16   
"MD",1847,29,249357.42  
"MD",1848,12,11734.88   
"MD",1848,13,24115.08   
"MD",1848,14,97770.92   
"MD",1848,18,150102.85  
"MD",1848,19,492681.57  
"MD",1848,22,15229.65   
"MD",1848,25,148.43     
"MD",1848,26,599.25     
"MD",1848,27,27053.61   
"MD",1848,29,181136.05  
"MD",1849,12,12132.34   
"MD",1849,13,26323.87   
"MD",1849,14,105577.71  
"MD",1849,18,164234.5   
"MD",1849,19,652082.69  
"MD",1849,22,20473.54   
"MD",1849,26,323.66     
"MD",1849,27,35650.16   
"MD",1849,29,298641.33  
"MD",1850,12,23060.73   
"MD",1850,13,31455.52   
"MD",1850,14,109718.87  
"MD",1850,18,156185.02  
"MD",1850,19,573932.18  
"MD",1850,22,20905.89   
"MD",1850,26,555.6      
"MD",1850,27,20133.82   
"MD",1850,29,292038.58  
"MD",1851,12,27926.21   
"MD",1851,13,36831.47   
"MD",1851,14,117861.81  
"MD",1851,18,175311.45  
"MD",1851,19,522796.05  
"MD",1851,22,37657.44   
"MD",1851,25,119.45     
"MD",1851,26,736.3      
"MD",1851,27,38652.55   
"MD",1851,29,273374.3   
"MD",1852,12,20399.61   
"MD",1852,13,30650.78   
"MD",1852,14,117732.14  
"MD",1852,18,172682.8   
"MD",1852,19,613954.06  
"MD",1852,22,16348.77   
"MD",1852,26,1189.83    
"MD",1852,27,35058.34   
"MD",1852,29,271928.95  
"MD",1853,12,22602.56   
"MD",1853,13,25443.42   
"MD",1853,14,108320.21  
"MD",1853,18,143255.91  
"MD",1853,19,485032.98  
"MD",1853,22,16109.29   
"MD",1853,25,58550      
"MD",1853,26,505.43     
"MD",1853,27,38250      
"MD",1853,29,101983.39  
"MD",1854,12,34523.27   
"MD",1854,13,51034.51   
"MD",1854,14,111396.72  
"MD",1854,18,166053.02  
"MD",1854,19,508469.37  
"MD",1854,22,20096.84   
"MD",1854,25,66906.1    
"MD",1854,26,2661.26    
"MD",1854,27,51000      
"MD",1854,29,196206.3   
"MD",1855,12,24390.41   
"MD",1855,13,45658.91   
"MD",1855,14,123270.75  
"MD",1855,18,183466.08  
"MD",1855,19,488708.98  
"MD",1855,22,23307.45   
"MD",1855,25,115812.2   
"MD",1855,26,3821.31    
"MD",1855,27,51000      
"MD",1855,29,141326.49  
"MD",1856,12,27154.81   
"MD",1856,13,45166.81   
"MD",1856,14,111162.01  
"MD",1856,18,248585.18  
"MD",1856,19,401217.6   
"MD",1856,22,17780.36   
"MD",1856,25,160812.2   
"MD",1856,26,4002.47    
"MD",1856,27,51000      
"MD",1856,29,163640.89  
"MD",1857,12,31572.08   
"MD",1857,13,43658.88   
"MD",1857,14,106656.23  
"MD",1857,18,252273.31  
"MD",1857,19,264055.4   
"MD",1857,22,17052.4    
"MD",1857,25,90000      
"MD",1857,26,53196.44   
"MD",1857,27,51000      
"MD",1857,29,475240.63  
"MD",1858,12,15059.48   
"MD",1858,13,43992.5    
"MD",1858,14,66069.75   
"MD",1858,18,279985.06  
"MD",1858,19,283769.87  
"MD",1858,22,13344.99   
"MD",1858,25,90000      
"MD",1858,26,30822.67   
"MD",1858,27,51000      
"MD",1858,29,145184.63  
"MD",1859,12,25804.28   
"MD",1859,13,41925.86   
"MD",1859,14,148839.31  
"MD",1859,18,299270.5   
"MD",1859,19,288879.1   
"MD",1859,22,23310.14   
"MD",1859,25,90000      
"MD",1859,26,4082.72    
"MD",1859,27,25500      
"MD",1859,29,252940.83  
"MD",1860,12,27535.9    
"MD",1860,13,43357.54   
"MD",1860,14,105296.48  
"MD",1860,18,286785.77  
"MD",1860,19,285072.48  
"MD",1860,22,24119.83   
"MD",1860,26,3372.24    
"MD",1860,29,272799.43  
"MD",1861,12,24519.32   
"MD",1861,13,44682.57   
"MD",1861,14,124487.53  
"MD",1861,18,239386.64  
"MD",1861,19,246270.72  
"MD",1861,22,11874.39   
"MD",1861,25,58000      
"MD",1861,26,2324.8     
"MD",1861,29,209267.11  
"MD",1863,12,24205.04   
"MD",1863,13,42440.69   
"MD",1863,14,368935.31  
"MD",1863,18,298666.9   
"MD",1863,19,754668.24  
"MD",1863,22,29214.22   
"MD",1863,25,104416.67  
"MD",1863,26,1786.37    
"MD",1863,29,245772.28  
"MD",1864,12,21352.28   
"MD",1864,13,37271.7    
"MD",1864,14,355479.68  
"MD",1864,18,324548.72  
"MD",1864,19,589266.56  
"MD",1864,22,18820.61   
"MD",1864,25,70000      
"MD",1864,26,2374.17    
"MD",1864,29,819188.48  
"MD",1865,12,24037      
"MD",1865,13,36539      
"MD",1865,14,372415.27  
"MD",1865,18,365651.74  
"MD",1865,19,662979.97  
"MD",1865,22,32909.37   
"MD",1865,25,60000      
"MD",1865,26,2804       
"MD",1865,29,1124239.3  
"MD",1866,12,12757.91   
"MD",1866,13,47730.8    
"MD",1866,14,623110.43  
"MD",1866,18,462136.65  
"MD",1866,19,796212.23  
"MD",1866,22,18238.42   
"MD",1866,25,60000      
"MD",1866,26,2194       
"MD",1866,29,869907.385 
"MD",1866,50,433214     
"MD",1867,12,28031.02   
"MD",1867,13,43870.89   
"MD",1867,14,341422.77  
"MD",1867,18,428486.28  
"MD",1867,19,608433.58  
"MD",1867,22,20744.67   
"MD",1867,25,60000      
"MD",1867,26,123856.3   
"MD",1867,29,698031.67  
"MD",1867,50,10000      
"MD",1868,12,36415.02   
"MD",1868,13,66465.62   
"MD",1868,14,191714.82  
"MD",1868,18,500275.42  
"MD",1868,19,630328.31  
"MD",1868,22,51376.88   
"MD",1868,23,7161.52    
"MD",1868,25,35625      
"MD",1868,26,2819.75    
"MD",1868,29,2599608.92 
"MD",1869,12,23674.57   
"MD",1869,13,54862.88   
"MD",1869,14,206687.64  
"MD",1869,18,503561.65  
"MD",1869,19,704823.48  
"MD",1869,22,42616.28   
"MD",1869,25,60000      
"MD",1869,26,4867.84    
"MD",1869,29,1400995.97 
"MD",1870,12,46503.74   
"MD",1870,13,55155.48   
"MD",1870,14,159524.82  
"MD",1870,18,498711.32  
"MD",1870,19,763025.94  
"MD",1870,22,44475.68   
"MD",1870,25,48450      
"MD",1870,26,5686.89    
"MD",1870,29,900945.63  
"MD",1871,12,22375.91   
"MD",1871,13,52542.76   
"MD",1871,14,154388.4   
"MD",1871,18,506447.56  
"MD",1871,19,751377.55  
"MD",1871,22,26432.46   
"MD",1871,25,60000      
"MD",1871,26,5467.66    
"MD",1871,29,416365.48  
"MD",1871,50,677601     
"MD",1873,12,39817.61   
"MD",1873,13,65732.29   
"MD",1873,14,167868.47  
"MD",1873,18,540263.5   
"MD",1873,19,725825.51  
"MD",1873,22,39478.73   
"MD",1873,23,4141.71    
"MD",1873,25,40000      
"MD",1873,26,6459.41    
"MD",1873,29,703090.22  
"MD",1873,50,100000     
"MD",1874,12,124625.11  
"MD",1874,13,73890.31   
"MD",1874,14,206905.82  
"MD",1874,18,494557.01  
"MD",1874,19,774049.38  
"MD",1874,22,25176.99   
"MD",1874,25,75000      
"MD",1874,26,18561.84   
"MD",1874,29,564436.06  
"MD",1875,12,32988.45   
"MD",1875,13,102985.99  
"MD",1875,14,650397.36  
"MD",1875,18,508719.24  
"MD",1875,19,841756.57  
"MD",1875,22,37668.5    
"MD",1875,25,75000      
"MD",1875,26,72319.26   
"MD",1875,29,584452.8   
"MD",1876,12,66051.4    
"MD",1876,13,77815.56   
"MD",1876,14,185776.72  
"MD",1876,18,473046.7   
"MD",1876,19,804020.69  
"MD",1876,22,43726.13   
"MD",1876,23,66924.84   
"MD",1876,25,71550      
"MD",1876,26,13161.69   
"MD",1876,29,238059.89  
"MD",1877,12,44704.27   
"MD",1877,13,79661.49   
"MD",1877,14,163320.51  
"MD",1877,18,488185.94  
"MD",1877,19,866272.6   
"MD",1877,22,48815.1    
"MD",1877,23,51362.64   
"MD",1877,25,30000      
"MD",1877,26,10958.15   
"MD",1877,29,325913.12  
"MD",1878,12,31747.05   
"MD",1878,13,170803.87  
"MD",1878,14,167012.68  
"MD",1878,18,469435.18  
"MD",1878,19,750668.6   
"MD",1878,22,39630.78   
"MD",1878,26,7687.69    
"MD",1878,29,658278.04  
"MD",1879,12,64134.6    
"MD",1879,13,62178.41   
"MD",1879,14,179274.49  
"MD",1879,18,474769.02  
"MD",1879,19,861242.91  
"MD",1879,22,39201.51   
"MD",1879,26,11524.75   
"MD",1879,29,434000.68  
"MD",1880,29,3729275.64 
"MD",1881,12,50392.96   
"MD",1881,13,119551.43  
"MD",1881,14,162468.95  
"MD",1881,18,505672.92  
"MD",1881,19,948399.42  
"MD",1881,22,27107.89   
"MD",1881,26,12002.79   
"MD",1881,29,171044.72  
"MD",1882,12,67134.48   
"MD",1882,13,133143.96  
"MD",1882,14,153336.41  
"MD",1882,18,517354.69  
"MD",1882,19,842572.22  
"MD",1882,22,29368.38   
"MD",1882,26,12001.61   
"MD",1882,29,169569.72  
"MD",1883,12,103311.23  
"MD",1883,13,137145.66  
"MD",1883,14,63811.07   
"MD",1883,18,517361.82  
"MD",1883,19,907576.54  
"MD",1883,22,57967.83   
"MD",1883,25,36476.05   
"MD",1883,26,8634.61    
"MD",1883,29,265092.04  
"MD",1884,12,86218.46   
"MD",1884,13,155875.02  
"MD",1884,14,155210.39  
"MD",1884,18,547598.78  
"MD",1884,19,875171.87  
"MD",1884,22,43551.92   
"MD",1884,26,11817.57   
"MD",1884,28,11250      
"MD",1884,29,1842882.14 
"MD",1885,12,146966.75  
"MD",1885,13,85834.69   
"MD",1885,14,162315.23  
"MD",1885,15,2745.92    
"MD",1885,18,568412.7   
"MD",1885,19,946267.73  
"MD",1885,22,38025.08   
"MD",1885,26,11756.67   
"MD",1885,29,150082.94  
"MD",1886,12,52164.26   
"MD",1886,13,125167.62  
"MD",1886,14,159962.22  
"MD",1886,15,3074.77    
"MD",1886,18,552732.77  
"MD",1886,19,912258.16  
"MD",1886,22,42206.36   
"MD",1886,26,11026.11   
"MD",1886,29,135686.5   
"MD",1887,12,45597.14   
"MD",1887,13,103288.2   
"MD",1887,14,205586.36  
"MD",1887,15,2909.76    
"MD",1887,18,521113.17  
"MD",1887,19,917534.4   
"MD",1887,22,29005.64   
"MD",1887,26,10723.42   
"MD",1887,29,604407.44  
"MD",1888,12,57767.49   
"MD",1888,13,97815.23   
"MD",1888,14,163553.98  
"MD",1888,15,2591.4     
"MD",1888,18,507773.97  
"MD",1888,19,858418.56  
"MD",1888,22,22114.65   
"MD",1888,23,289.53     
"MD",1888,26,12451.1    
"MD",1888,29,137132.58  
"MD",1889,12,56392.08   
"MD",1889,13,100047.98  
"MD",1889,14,175795.68  
"MD",1889,15,2570.22    
"MD",1889,18,544733.77  
"MD",1889,19,847503.24  
"MD",1889,22,24719.66   
"MD",1889,23,2851.12    
"MD",1889,26,14492.35   
"MD",1889,29,298237.61  
"MD",1890,12,83656.03   
"MD",1890,13,117836.51  
"MD",1890,14,175539.84  
"MD",1890,15,2490.38    
"MD",1890,18,923883.97  
"MD",1890,19,896774.7   
"MD",1890,22,45835.95   
"MD",1890,26,12239.07   
"MD",1890,29,3602348.49 
"MD",1891,12,67738.93   
"MD",1891,13,161618.86  
"MD",1891,14,181088.47  
"MD",1891,15,1854.57    
"MD",1891,16,8400       
"MD",1891,18,942057.05  
"MD",1891,19,884812.11  
"MD",1891,22,44173.95   
"MD",1891,26,9609.51    
"MD",1891,29,526214.84  
"MD",1892,12,114009.21  
"MD",1892,13,191468.74  
"MD",1892,14,191274.37  
"MD",1892,15,2396.76    
"MD",1892,18,975862.04  
"MD",1892,19,843130.21  
"MD",1892,22,48770.54   
"MD",1892,23,371299.83  
"MD",1892,26,10444.92   
"MD",1892,29,257894.56  
"MD",1893,12,70693.2    
"MD",1893,13,164059.26  
"MD",1893,14,107102.43  
"MD",1893,15,4001.11    
"MD",1893,18,999158.84  
"MD",1893,19,897858.86  
"MD",1893,22,60538.54   
"MD",1893,26,37223.44   
"MD",1893,29,192975.8   
"MD",1895,12,83105.57   
"MD",1895,13,170231.02  
"MD",1895,14,194011.78  
"MD",1895,15,1256.92    
"MD",1895,18,1007811.42 
"MD",1895,19,956892.08  
"MD",1895,22,62279.36   
"MD",1895,25,110        
"MD",1895,26,38418.6    
"MD",1895,29,95127.04   
"MD",1896,12,76896.56   
"MD",1896,13,159833.67  
"MD",1896,14,201615.08  
"MD",1896,15,1286.77    
"MD",1896,18,1011551.29 
"MD",1896,19,895342.77  
"MD",1896,22,66481.96   
"MD",1896,26,30957.26   
"MD",1896,29,712910.28  
"MD",1897,12,60276.64   
"MD",1897,13,211614.79  
"MD",1897,14,200392.43  
"MD",1897,15,1682.02    
"MD",1897,18,1054193.67 
"MD",1897,19,1072361.32 
"MD",1897,22,60815.01   
"MD",1897,25,440        
"MD",1897,26,25726.75   
"MD",1897,29,84458.71   
"MD",1899,12,58541.66   
"MD",1899,13,302711.12  
"MD",1899,14,209983.22  
"MD",1899,15,1584.23    
"MD",1899,18,1025184.64 
"MD",1899,19,1243927.4  
"MD",1899,22,143080.43  
"MD",1899,23,78153.65   
"MD",1899,25,18372.5    
"MD",1899,26,28805.83   
"MD",1899,29,680954.09  
"MD",1900,12,54544.18   
"MD",1900,13,315912.24  
"MD",1900,14,212700.41  
"MD",1900,15,1269.35    
"MD",1900,18,1030511.07 
"MD",1900,19,1112886.31 
"MD",1900,22,69397.78   
"MD",1900,23,33267.86   
"MD",1900,25,110        
"MD",1900,26,117025.21  
"MD",1900,29,674869.01  
"MD",1901,12,90687.55   
"MD",1901,13,413136.56  
"MD",1901,14,135590.93  
"MD",1901,15,194        
"MD",1901,18,1040613.45 
"MD",1901,19,1116542.73 
"MD",1901,22,102110.55  
"MD",1901,23,2773.69    
"MD",1901,26,21223.48   
"MD",1901,29,312428.58  
"MD",1902,12,83780.25   
"MD",1902,13,341101.54  
"MD",1902,14,336136.87  
"MD",1902,18,1119967.43 
"MD",1902,19,1109783.84 
"MD",1902,22,99082.21   
"MD",1902,23,6578.32    
"MD",1902,25,192.5      
"MD",1902,26,21769.82   
"MD",1902,29,512866.76  
"MD",1903,12,67115.34   
"MD",1903,13,608829.53  
"MD",1903,14,230807.32  
"MD",1903,18,1140302.16 
"MD",1903,19,1141274.48 
"MD",1903,22,117033.4   
"MD",1903,25,110        
"MD",1903,26,11129.37   
"MD",1903,29,319847.44  
"MD",1904,12,91558.67   
"MD",1904,13,474831.09  
"MD",1904,14,254981.56  
"MD",1904,18,1115875.76 
"MD",1904,19,1358798.61 
"MD",1904,22,100048.63  
"MD",1904,25,303.5      
"MD",1904,26,71301.69   
"MD",1904,29,949128.75  
"MD",1905,12,76665.17   
"MD",1905,13,524971.26  
"MD",1905,14,261017.88  
"MD",1905,18,1185047.57 
"MD",1905,19,1598111.44 
"MD",1905,22,116240.34  
"MD",1905,26,14877.13   
"MD",1905,29,716423.58  
"MD",1907,12,133228.74  
"MD",1907,13,729235     
"MD",1907,14,232293.04  
"MD",1907,18,1204040.27 
"MD",1907,19,1327341.13 
"MD",1907,22,167385.06  
"MD",1907,25,110        
"MD",1907,26,17102.66   
"MD",1907,29,164495.28  
"MD",1909,12,257089.17  
"MD",1909,13,702228.42  
"MD",1909,14,259058.8   
"MD",1909,18,1937977.75 
"MD",1909,19,1300591.16 
"MD",1909,22,176606.71  
"MD",1909,26,8025.8     
"MD",1909,29,758526.88  
"MD",1910,12,293993.77  
"MD",1910,13,752187.87  
"MD",1910,14,291673.27  
"MD",1910,18,2194223.12 
"MD",1910,19,1280521.42 
"MD",1910,22,155691.31  
"MD",1910,25,275        
"MD",1910,26,5556.8     
"MD",1910,29,901476.05  
"MD",1911,12,310943.21  
"MD",1911,13,819594.5   
"MD",1911,14,327143.72  
"MD",1911,18,2237222.48 
"MD",1911,19,1844346.64 
"MD",1911,22,159254.79  
"MD",1911,25,2035       
"MD",1911,26,7255.98    
"MD",1911,29,2998697.12 
"MD",1912,12,289605.89  
"MD",1912,13,843809.43  
"MD",1912,14,338192.5   
"MD",1912,18,2104117.24 
"MD",1912,19,2144831.99 
"MD",1912,22,194961.25  
"MD",1912,25,233.75     
"MD",1912,26,182222.26  
"MD",1912,29,2810479.85 
"MD",1913,12,376540.16  
"MD",1913,13,899894.49  
"MD",1913,14,428774.56  
"MD",1913,18,2090791.32 
"MD",1913,19,2882677.09 
"MD",1913,22,186075.22  
"MD",1913,26,217658.15  
"MD",1913,29,3637671.92 
"MD",1914,12,276131.18  
"MD",1914,13,923225.79  
"MD",1914,14,424291.97  
"MD",1914,18,2192761.44 
"MD",1914,19,2923332.88 
"MD",1914,22,189293.22  
"MD",1914,26,232374.83  
"MD",1914,29,5439145.28 
                        
"MD",1811,110,0         
"MD",1811,180,0         
"MD",1811,185,0         
"MD",1811,190,0         
"MD",1811,222,0         
"MD",1811,235,0         
"MD",1811,290,0         
"MD",1811,292,0         
"MD",1811,293,0         
"MD",1811,294,0         
"MD",1812,110,0         
"MD",1812,180,0         
"MD",1812,185,0         
"MD",1812,190,0         
"MD",1812,222,2937      
"MD",1812,235,0         
"MD",1812,290,7518.72   
"MD",1812,292,31845.09  
"MD",1812,293,0         
"MD",1812,294,0         
"MD",1812,501,0         
"MD",1813,110,7937.65   
"MD",1813,180,16766.11  
"MD",1813,185,4492.4    
"MD",1813,190,678.05    
"MD",1813,222,3703.4    
"MD",1813,290,72003.93  
"MD",1813,292,92913.12  
"MD",1813,293,242160    
"MD",1813,294,5836.86   
"MD",1813,501,74834.38  
"MD",1814,110,8803.64   
"MD",1814,180,14960.57  
"MD",1814,185,3329.65   
"MD",1814,190,1553.3    
"MD",1814,222,8523.05   
"MD",1814,292,90805.12  
"MD",1814,293,114160    
"MD",1814,294,5342.61   
"MD",1815,110,6883.48   
"MD",1815,180,10937.09  
"MD",1815,185,3434.22   
"MD",1815,190,949.21    
"MD",1815,222,8862.41   
"MD",1815,290,1420      
"MD",1815,292,85835.12  
"MD",1815,293,1950      
"MD",1815,294,8101.76   
"MD",1816,180,21742     
"MD",1816,290,18648     
"MD",1816,292,96283     
"MD",1817,180,25083     
"MD",1817,290,33840     
"MD",1817,292,72222     
"MD",1818,180,21326     
"MD",1818,290,68115     
"MD",1818,292,64857     
"MD",1819,180,24766     
"MD",1819,190,5075      
"MD",1819,290,62352     
"MD",1819,292,46910     
"MD",1820,180,33895     
"MD",1820,190,17550     
"MD",1820,290,119002    
"MD",1820,292,42867     
"MD",1821,121,0         
"MD",1821,140,0         
"MD",1821,180,30710     
"MD",1821,190,2664      
"MD",1821,277,0         
"MD",1821,290,101913    
"MD",1821,292,44340     
"MD",1821,293,0         
"MD",1822,121,2544      
"MD",1822,180,37068     
"MD",1822,290,23713     
"MD",1822,292,44535     
"MD",1822,293,130000    
"MD",1823,121,9138      
"MD",1823,180,40516     
"MD",1823,190,691       
"MD",1823,277,7406      
"MD",1823,290,19421     
"MD",1823,292,43785     
"MD",1823,293,27947     
"MD",1824,110,19459.76  
"MD",1824,142,15298.36  
"MD",1824,180,29401.03  
"MD",1824,185,6186.07   
"MD",1824,190,53174.74  
"MD",1824,193,757.73    
"MD",1824,222,3969.92   
"MD",1824,261,1500      
"MD",1824,266,525.8     
"MD",1824,277,23001.6   
"MD",1824,291,1586.56   
"MD",1824,292,42460.12  
"MD",1824,293,160       
"MD",1824,294,465.18    
"MD",1824,295,16209.28  
"MD",1824,296,1397.36   
"MD",1824,297,200       
"MD",1825,110,30459.64  
"MD",1825,142,15298.36  
"MD",1825,160,188       
"MD",1825,180,45688.29  
"MD",1825,185,7805.88   
"MD",1825,190,40806.9   
"MD",1825,192,1050.94   
"MD",1825,193,1136.45   
"MD",1825,222,4084.31   
"MD",1825,261,1500      
"MD",1825,277,29753.27  
"MD",1825,290,266.97    
"MD",1825,291,991.21    
"MD",1825,292,38639.84  
"MD",1825,293,1960      
"MD",1825,294,1317.67   
"MD",1825,295,28653.39  
"MD",1825,296,1397.36   
"MD",1825,501,133717.83 
"MD",1826,121,33358     
"MD",1826,140,0         
"MD",1826,180,43914     
"MD",1826,190,7538      
"MD",1826,277,25582     
"MD",1826,290,44113     
"MD",1826,292,39531     
"MD",1826,293,0         
"MD",1827,121,23129     
"MD",1827,140,0         
"MD",1827,180,51613     
"MD",1827,190,735       
"MD",1827,277,26249     
"MD",1827,290,57461     
"MD",1827,292,39231     
"MD",1827,293,68000     
"MD",1828,110,17234.07  
"MD",1828,147,2390.17   
"MD",1828,180,43430.82  
"MD",1828,185,4364.18   
"MD",1828,190,2789.46   
"MD",1828,192,934.78    
"MD",1828,193,1318.61   
"MD",1828,222,2026.95   
"MD",1828,261,1553.56   
"MD",1828,263,487.84    
"MD",1828,277,3500      
"MD",1828,290,164.29    
"MD",1828,291,1110.5    
"MD",1828,292,30665.84  
"MD",1828,293,30000     
"MD",1828,294,3814.92   
"MD",1828,295,27275.22  
"MD",1828,296,2522.36   
"MD",1828,299,10000     
"MD",1828,501,35453.08  
"MD",1829,110,14558     
"MD",1829,147,32437.09  
"MD",1829,180,52634.09  
"MD",1829,185,8482.56   
"MD",1829,190,1522.68   
"MD",1829,192,1069.87   
"MD",1829,193,3341.3    
"MD",1829,222,4003.68   
"MD",1829,261,1500      
"MD",1829,263,1636.65   
"MD",1829,264,178.47    
"MD",1829,277,6483.37   
"MD",1829,290,100.62    
"MD",1829,291,1928.23   
"MD",1829,292,30388.34  
"MD",1829,293,1720      
"MD",1829,294,3403.96   
"MD",1829,295,26633.15  
"MD",1829,296,2897.36   
"MD",1829,501,11153.08  
"MD",1830,110,12470.89  
"MD",1830,147,27284.35  
"MD",1830,180,54196.03  
"MD",1830,185,7066.88   
"MD",1830,190,1279      
"MD",1830,192,897.27    
"MD",1830,193,4196.49   
"MD",1830,222,4426.16   
"MD",1830,261,1125      
"MD",1830,263,1561.8    
"MD",1830,277,14739.22  
"MD",1830,290,170.95    
"MD",1830,291,1640.73   
"MD",1830,292,31283.34  
"MD",1830,293,420500    
"MD",1830,294,6670.5    
"MD",1830,295,27601.84  
"MD",1830,296,2897.36   
"MD",1830,501,10863.08  
"MD",1831,110,12926.17  
"MD",1831,147,29360.91  
"MD",1831,180,54384.72  
"MD",1831,185,6778.18   
"MD",1831,190,301.01    
"MD",1831,192,1309.78   
"MD",1831,193,4180.21   
"MD",1831,222,2580.44   
"MD",1831,261,1500      
"MD",1831,263,1879.61   
"MD",1831,277,6928.2    
"MD",1831,290,388.87    
"MD",1831,291,2373.27   
"MD",1831,292,31978.34  
"MD",1831,293,72738.78  
"MD",1831,294,2677.39   
"MD",1831,295,41687.36  
"MD",1831,296,2897.36   
"MD",1831,501,34494.08  
"MD",1832,121,277       
"MD",1832,140,0         
"MD",1832,180,71487     
"MD",1832,190,24692     
"MD",1832,277,14177     
"MD",1832,290,297833    
"MD",1832,292,50112     
"MD",1832,293,189470    
"MD",1833,121,109       
"MD",1833,140,0         
"MD",1833,180,72006     
"MD",1833,190,36047     
"MD",1833,277,17292     
"MD",1833,290,174704    
"MD",1833,292,40317     
"MD",1833,293,224653    
"MD",1834,121,724       
"MD",1834,140,5000      
"MD",1834,180,69881     
"MD",1834,190,28820     
"MD",1834,277,21987     
"MD",1834,290,114902    
"MD",1834,292,39991     
"MD",1834,293,730000    
"MD",1835,140,25000     
"MD",1835,180,72726     
"MD",1835,190,45866     
"MD",1835,277,45120     
"MD",1835,290,191528    
"MD",1835,292,57414     
"MD",1835,293,1145327   
"MD",1836,121,515       
"MD",1836,140,108749    
"MD",1836,180,79215     
"MD",1836,190,43057     
"MD",1836,277,16715     
"MD",1836,290,52840     
"MD",1836,292,144589    
"MD",1836,293,1762800   
"MD",1837,110,12957.68  
"MD",1837,141,33248.43  
"MD",1837,147,34695.93  
"MD",1837,180,62851.69  
"MD",1837,185,7744.55   
"MD",1837,192,169.23    
"MD",1837,193,12339.5   
"MD",1837,222,7692.89   
"MD",1837,235,955838.25 
"MD",1837,261,163.07    
"MD",1837,264,179.45    
"MD",1837,277,13953.12  
"MD",1837,290,8.77      
"MD",1837,291,185904.66 
"MD",1837,292,34636     
"MD",1837,293,30000     
"MD",1837,294,5126.25   
"MD",1837,295,16456.14  
"MD",1837,296,4397.36   
"MD",1837,299,126737.19 
"MD",1837,501,250260    
"MD",1838,110,13741.9   
"MD",1838,141,38537.09  
"MD",1838,147,48160.44  
"MD",1838,180,67152.74  
"MD",1838,185,7998.99   
"MD",1838,192,169.16    
"MD",1838,193,10765.54  
"MD",1838,222,4127.36   
"MD",1838,261,200       
"MD",1838,277,18225.44  
"MD",1838,290,594.72    
"MD",1838,291,291089.3  
"MD",1838,292,34103.66  
"MD",1838,293,2641354   
"MD",1838,294,6848.64   
"MD",1838,295,13387.37  
"MD",1838,296,974.34    
"MD",1838,299,67872.25  
"MD",1838,501,252000    
"MD",1839,110,14981.82  
"MD",1839,141,37368.91  
"MD",1839,147,48548.79  
"MD",1839,180,75392.14  
"MD",1839,185,7804.34   
"MD",1839,190,829.68    
"MD",1839,192,310.51    
"MD",1839,193,9705.31   
"MD",1839,222,6316.41   
"MD",1839,223,2194.65   
"MD",1839,235,1509.08   
"MD",1839,263,1045      
"MD",1839,277,10914.09  
"MD",1839,290,295.16    
"MD",1839,291,106520.55 
"MD",1839,292,80562.16  
"MD",1839,293,6338814   
"MD",1839,294,4126.1    
"MD",1839,295,15626.46  
"MD",1839,299,224596.87 
"MD",1840,110,15866.46  
"MD",1840,141,40296.64  
"MD",1840,147,43392.45  
"MD",1840,180,87200.88  
"MD",1840,190,200       
"MD",1840,192,273.29    
"MD",1840,193,11882.42  
"MD",1840,222,2115.2    
"MD",1840,223,3116.3    
"MD",1840,263,421.31    
"MD",1840,277,10907.15  
"MD",1840,290,21.9      
"MD",1840,291,23905.17  
"MD",1840,292,67399.66  
"MD",1840,293,62713     
"MD",1840,294,5037.15   
"MD",1840,295,24916.03  
"MD",1840,299,505285.33 
"MD",1840,501,712165.23 
"MD",1841,110,12318.38  
"MD",1841,141,43407.21  
"MD",1841,143,1063.51   
"MD",1841,147,36232.03  
"MD",1841,180,87302.74  
"MD",1841,192,165.13    
"MD",1841,193,12248.56  
"MD",1841,222,984.06    
"MD",1841,223,2793.54   
"MD",1841,263,499.84    
"MD",1841,277,10366.88  
"MD",1841,290,42.71     
"MD",1841,291,11295.48  
"MD",1841,292,73470.66  
"MD",1841,293,401198.03 
"MD",1841,294,1691.98   
"MD",1841,295,25675.24  
"MD",1841,299,149067.42 
"MD",1841,501,57732.1   
"MD",1842,110,20984.03  
"MD",1842,141,20500.26  
"MD",1842,143,433.88    
"MD",1842,147,40188.01  
"MD",1842,180,81246.44  
"MD",1842,190,254352.82 
"MD",1842,192,412.2     
"MD",1842,193,10689.28  
"MD",1842,222,3092.77   
"MD",1842,223,2874.9    
"MD",1842,254,512       
"MD",1842,263,622.71    
"MD",1842,277,4171.52   
"MD",1842,290,365.86    
"MD",1842,291,11835.77  
"MD",1842,292,54269.16  
"MD",1842,294,1376.27   
"MD",1842,295,30088.25  
"MD",1842,501,4893.64   
"MD",1843,110,8859.31   
"MD",1843,141,56496.73  
"MD",1843,143,2137.21   
"MD",1843,147,29169.83  
"MD",1843,180,95375.92  
"MD",1843,190,367232.51 
"MD",1843,192,181.23    
"MD",1843,193,24388.38  
"MD",1843,222,1987.43   
"MD",1843,223,4550.03   
"MD",1843,263,575.95    
"MD",1843,290,72714.19  
"MD",1843,291,2979.58   
"MD",1843,292,63842.5   
"MD",1843,294,774.41    
"MD",1843,295,21151.96  
"MD",1843,299,627.25    
"MD",1844,141,22851.1   
"MD",1844,143,480.52    
"MD",1844,147,20122.06  
"MD",1844,180,91531.54  
"MD",1844,190,329843.59 
"MD",1844,192,593.36    
"MD",1844,193,21174.12  
"MD",1844,222,3787.91   
"MD",1844,223,3810.66   
"MD",1844,263,603.09    
"MD",1844,290,111479.66 
"MD",1844,291,32624.04  
"MD",1844,292,69193.75  
"MD",1844,293,30000     
"MD",1844,294,2405.91   
"MD",1844,295,25504.87  
"MD",1845,122,503.12    
"MD",1845,132,412.43    
"MD",1845,141,38699.43  
"MD",1845,143,1889.04   
"MD",1845,147,18058.23  
"MD",1845,180,117737.5  
"MD",1845,192,12867.67  
"MD",1845,193,541620.85 
"MD",1845,222,3599.28   
"MD",1845,223,11626.37  
"MD",1845,253,74800     
"MD",1845,263,446.04    
"MD",1845,290,123.63    
"MD",1845,291,22147.24  
"MD",1845,292,80581.33  
"MD",1845,294,760.95    
"MD",1845,295,33973.61  
"MD",1845,501,6742.28   
"MD",1846,122,583.67    
"MD",1846,132,3895.57   
"MD",1846,141,42402.6   
"MD",1846,143,8424.78   
"MD",1846,147,17589.42  
"MD",1846,180,125928.06 
"MD",1846,190,523049.75 
"MD",1846,192,49118.29  
"MD",1846,193,20419.83  
"MD",1846,222,2715.18   
"MD",1846,223,9618.49   
"MD",1846,254,3300      
"MD",1846,263,518.65    
"MD",1846,277,17971.87  
"MD",1846,290,369.18    
"MD",1846,291,20869.73  
"MD",1846,292,62609.66  
"MD",1846,294,501.65    
"MD",1846,295,8001.41   
"MD",1847,122,5971.65   
"MD",1847,132,18626.98  
"MD",1847,141,42823.55  
"MD",1847,143,8939.63   
"MD",1847,147,21859.26  
"MD",1847,180,149518.84 
"MD",1847,190,769821.88 
"MD",1847,192,53814.75  
"MD",1847,193,22182.25  
"MD",1847,222,2421.4    
"MD",1847,223,10900.71  
"MD",1847,254,775.16    
"MD",1847,263,519.65    
"MD",1847,266,68.63     
"MD",1847,277,17302.16  
"MD",1847,290,61.29     
"MD",1847,291,101348.07 
"MD",1847,292,76611.32  
"MD",1847,293,59700     
"MD",1847,294,1146.4    
"MD",1847,295,10490.34  
"MD",1848,122,11734.88  
"MD",1848,132,24115.08  
"MD",1848,140,22498.3   
"MD",1848,141,50038.5   
"MD",1848,143,9103.54   
"MD",1848,147,16130.58  
"MD",1848,180,150102.85 
"MD",1848,190,318625.26 
"MD",1848,192,52375.22  
"MD",1848,193,121681.09 
"MD",1848,222,1333.08   
"MD",1848,223,13896.57  
"MD",1848,254,148.43    
"MD",1848,263,593.06    
"MD",1848,266,6.19      
"MD",1848,277,27053.61  
"MD",1848,290,86.77     
"MD",1848,291,93723.67  
"MD",1848,292,62089.32  
"MD",1848,293,12306.05  
"MD",1848,294,1315.94   
"MD",1848,295,10989.3   
"MD",1848,299,625       
"MD",1849,122,12132.34  
"MD",1849,132,26323.87  
"MD",1849,140,26416.02  
"MD",1849,141,52019.77  
"MD",1849,143,11092.44  
"MD",1849,147,16049.48  
"MD",1849,180,164234.5  
"MD",1849,190,531598.37 
"MD",1849,192,44347.48  
"MD",1849,193,76136.84  
"MD",1849,222,3083.38   
"MD",1849,223,17390.16  
"MD",1849,263,303.13    
"MD",1849,266,20.53     
"MD",1849,277,35650.16  
"MD",1849,290,935.3     
"MD",1849,291,188029.13 
"MD",1849,292,68538.82  
"MD",1849,293,1705.52   
"MD",1849,294,1216.78   
"MD",1849,295,37590.78  
"MD",1849,299,625       
"MD",1850,122,23060.73  
"MD",1850,132,31455.52  
"MD",1850,140,25870.59  
"MD",1850,141,52521.97  
"MD",1850,143,13540.87  
"MD",1850,147,17785.44  
"MD",1850,180,156185.02 
"MD",1850,190,438036.38 
"MD",1850,192,52929.45  
"MD",1850,193,82966.35  
"MD",1850,222,5032.36   
"MD",1850,223,15873.53  
"MD",1850,263,551.69    
"MD",1850,266,3.91      
"MD",1850,277,20133.82  
"MD",1850,290,48.19     
"MD",1850,291,151956.17 
"MD",1850,292,86446.06  
"MD",1850,294,1677.23   
"MD",1850,295,51510.93  
"MD",1850,299,400       
"MD",1851,122,27926.21  
"MD",1851,132,36831.47  
"MD",1851,140,26663.65  
"MD",1851,141,57223.73  
"MD",1851,143,11054.6   
"MD",1851,147,22919.83  
"MD",1851,180,175311.45 
"MD",1851,190,399576.64 
"MD",1851,192,53833.96  
"MD",1851,193,69385.45  
"MD",1851,222,22081.26  
"MD",1851,223,15576.18  
"MD",1851,254,119.45    
"MD",1851,263,735.83    
"MD",1851,266,.47       
"MD",1851,277,38652.55  
"MD",1851,290,609.91    
"MD",1851,291,160441.04 
"MD",1851,292,84721.66  
"MD",1851,294,1304.09   
"MD",1851,295,25397.6   
"MD",1851,299,900       
"MD",1852,122,20399.61  
"MD",1852,132,30650.78  
"MD",1852,140,28704.45  
"MD",1852,141,59826.69  
"MD",1852,143,10651.61  
"MD",1852,147,18549.39  
"MD",1852,180,158086.44 
"MD",1852,185,14596.36  
"MD",1852,190,472135.65 
"MD",1852,192,60374.1   
"MD",1852,193,81444.31  
"MD",1852,222,1510.58   
"MD",1852,223,14838.19  
"MD",1852,261,427.51    
"MD",1852,263,762.32    
"MD",1852,277,35058.34  
"MD",1852,290,179.46    
"MD",1852,291,150415.54 
"MD",1852,292,45459.2   
"MD",1852,294,153.04    
"MD",1852,295,38394.05  
"MD",1852,299,37327.66  
"MD",1853,122,22602.56  
"MD",1853,132,25443.42  
"MD",1853,140,14967.45  
"MD",1853,141,70426.38  
"MD",1853,143,8599.55   
"MD",1853,147,14326.83  
"MD",1853,180,131611.87 
"MD",1853,181,2600      
"MD",1853,185,9044.04   
"MD",1853,190,380993.73 
"MD",1853,192,56279.95  
"MD",1853,193,47759.3   
"MD",1853,222,2414.66   
"MD",1853,223,13694.63  
"MD",1853,253,33550     
"MD",1853,254,25000     
"MD",1853,263,505.43    
"MD",1853,277,38250     
"MD",1853,290,34        
"MD",1853,291,18812.92  
"MD",1853,292,61506.83  
"MD",1853,294,737.8     
"MD",1853,295,20118.34  
"MD",1853,299,773.5     
"MD",1854,122,34523.27  
"MD",1854,132,51034.51  
"MD",1854,140,21627.88  
"MD",1854,141,62877.53  
"MD",1854,143,8258.64   
"MD",1854,147,18632.67  
"MD",1854,180,153940.1  
"MD",1854,185,12112.92  
"MD",1854,190,393679.11 
"MD",1854,192,71067.87  
"MD",1854,193,43722.39  
"MD",1854,222,3144.85   
"MD",1854,223,16951.99  
"MD",1854,253,66906.1   
"MD",1854,263,2661.26   
"MD",1854,277,51000     
"MD",1854,290,3190.07   
"MD",1854,291,23289.84  
"MD",1854,292,88144.91  
"MD",1854,295,31210.73  
"MD",1854,299,50370.75  
"MD",1855,122,24390.41  
"MD",1855,132,45658.91  
"MD",1855,140,29410.3   
"MD",1855,141,67972.39  
"MD",1855,143,7688.67   
"MD",1855,147,18199.39  
"MD",1855,180,168013.8  
"MD",1855,185,15452.28  
"MD",1855,190,365837.88 
"MD",1855,192,72809.37  
"MD",1855,193,50061.73  
"MD",1855,222,3125.64   
"MD",1855,223,20181.81  
"MD",1855,253,70812.2   
"MD",1855,254,45000     
"MD",1855,263,3821.31   
"MD",1855,277,51000     
"MD",1855,290,315.3     
"MD",1855,291,25978.65  
"MD",1855,292,74595.96  
"MD",1855,294,659.39    
"MD",1855,295,37822.03  
"MD",1855,299,1955.16   
"MD",1856,122,27154.81  
"MD",1856,132,45166.81  
"MD",1856,140,16996.12  
"MD",1856,141,73059.08  
"MD",1856,143,4220.08   
"MD",1856,147,16886.73  
"MD",1856,180,234046.06 
"MD",1856,185,14539.12  
"MD",1856,190,330594.38 
"MD",1856,192,40638.45  
"MD",1856,193,29984.77  
"MD",1856,222,3632.07   
"MD",1856,223,14148.29  
"MD",1856,253,70812.2   
"MD",1856,254,90000     
"MD",1856,263,4002.47   
"MD",1856,277,51000     
"MD",1856,290,1773.39   
"MD",1856,291,26381.26  
"MD",1856,292,106119.46 
"MD",1856,294,507.99    
"MD",1856,295,28858.79  
"MD",1857,122,31572.08  
"MD",1857,132,43658.88  
"MD",1857,140,13168.86  
"MD",1857,141,76038.16  
"MD",1857,143,1216.37   
"MD",1857,147,16232.84  
"MD",1857,180,252273.31 
"MD",1857,190,233303.02 
"MD",1857,192,344.6     
"MD",1857,193,30407.78  
"MD",1857,222,4126.19   
"MD",1857,223,12926.21  
"MD",1857,254,90000     
"MD",1857,263,53196.44  
"MD",1857,277,51000     
"MD",1857,290,2.85      
"MD",1857,291,343743.38 
"MD",1857,292,131051.36 
"MD",1857,294,443.04    
"MD",1858,122,15059.48  
"MD",1858,132,43992.5   
"MD",1858,140,17369.33  
"MD",1858,141,34396.02  
"MD",1858,143,182.67    
"MD",1858,147,14121.73  
"MD",1858,180,279985.06 
"MD",1858,190,245215.99 
"MD",1858,192,179.8     
"MD",1858,193,38374.08  
"MD",1858,222,3447.84   
"MD",1858,223,9897.15   
"MD",1858,254,90000     
"MD",1858,263,30822.67  
"MD",1858,277,51000     
"MD",1858,290,5091.68   
"MD",1858,291,48477.5   
"MD",1858,292,88001.36  
"MD",1858,294,1199.87   
"MD",1858,295,2414.22   
"MD",1859,122,25804.28  
"MD",1859,132,41925.86  
"MD",1859,140,14111.76  
"MD",1859,141,119923.11 
"MD",1859,143,11        
"MD",1859,147,14793.44  
"MD",1859,180,299270.5  
"MD",1859,190,247863.17 
"MD",1859,192,5.94      
"MD",1859,193,41009.99  
"MD",1859,222,2597.83   
"MD",1859,223,20712.31  
"MD",1859,254,90000     
"MD",1859,263,4082.72   
"MD",1859,277,25500     
"MD",1859,290,158.29    
"MD",1859,291,105410.82 
"MD",1859,292,115003.36 
"MD",1859,294,2077.22   
"MD",1859,295,30291.14  
"MD",1860,122,27535.9   
"MD",1860,132,43357.54  
"MD",1860,140,14332.45  
"MD",1860,141,77821.95  
"MD",1860,143,13        
"MD",1860,147,13129.08  
"MD",1860,180,286785.77 
"MD",1860,190,249792.09 
"MD",1860,193,35280.39  
"MD",1860,222,1969.21   
"MD",1860,223,22150.62  
"MD",1860,263,3372.24   
"MD",1860,290,2070.04   
"MD",1860,291,98102.26  
"MD",1860,292,136080.36 
"MD",1860,294,851.23    
"MD",1860,295,35695.54  
"MD",1861,122,24519.32  
"MD",1861,132,44682.57  
"MD",1861,140,20379.16  
"MD",1861,141,99223.44  
"MD",1861,147,4884.93   
"MD",1861,180,225963.27 
"MD",1861,185,13423.37  
"MD",1861,190,219638.97 
"MD",1861,193,26631.75  
"MD",1861,222,255.63    
"MD",1861,223,11618.76  
"MD",1861,253,58000     
"MD",1861,263,2324.8    
"MD",1861,291,69172.1   
"MD",1861,292,127734.64 
"MD",1861,294,745.58    
"MD",1861,295,11614.79  
"MD",1863,122,24205.04  
"MD",1863,132,42440.69  
"MD",1863,140,33571.47  
"MD",1863,141,329243.84 
"MD",1863,143,10        
"MD",1863,147,6110      
"MD",1863,180,271220.84 
"MD",1863,181,11400     
"MD",1863,185,16046.06  
"MD",1863,190,710111.54 
"MD",1863,192,354.55    
"MD",1863,193,44202.15  
"MD",1863,222,6718.32   
"MD",1863,223,22495.9   
"MD",1863,253,90000     
"MD",1863,254,14416.67  
"MD",1863,263,1786.37   
"MD",1863,290,30        
"MD",1863,291,73375.23  
"MD",1863,292,136416.76 
"MD",1863,294,327.05    
"MD",1863,295,35623.24  
"MD",1864,122,21352.28  
"MD",1864,132,37271.7   
"MD",1864,140,38915.58  
"MD",1864,141,308554.61 
"MD",1864,143,17        
"MD",1864,147,7992.49   
"MD",1864,180,307378.96 
"MD",1864,185,17169.76  
"MD",1864,190,532767.15 
"MD",1864,192,8.47      
"MD",1864,193,56490.94  
"MD",1864,222,3381.78   
"MD",1864,223,15438.83  
"MD",1864,253,70000     
"MD",1864,263,2374.17   
"MD",1864,290,1157      
"MD",1864,291,88251.02  
"MD",1864,292,178582.37 
"MD",1864,293,526185    
"MD",1864,294,1394.48   
"MD",1864,295,23618.61  
"MD",1865,122,24037     
"MD",1865,132,36539     
"MD",1865,140,52947.46  
"MD",1865,141,309765.32 
"MD",1865,143,19        
"MD",1865,147,9683.49   
"MD",1865,180,347637.1  
"MD",1865,185,18014.64  
"MD",1865,190,612699    
"MD",1865,192,53        
"MD",1865,193,50227.97  
"MD",1865,222,9568.94   
"MD",1865,223,23340.43  
"MD",1865,253,60000     
"MD",1865,263,2804      
"MD",1865,290,19270.41  
"MD",1865,291,55324.92  
"MD",1865,292,190049.93 
"MD",1865,293,830745.81 
"MD",1865,294,784.23    
"MD",1865,295,28064     
"MD",1866,122,12757.91  
"MD",1866,132,47730.8   
"MD",1866,140,60065.43  
"MD",1866,141,549368.5  
"MD",1866,143,33        
"MD",1866,147,13643.5   
"MD",1866,180,416073.89 
"MD",1866,181,21400     
"MD",1866,185,24662.76  
"MD",1866,190,740194.21 
"MD",1866,192,57.33     
"MD",1866,193,55960.69  
"MD",1866,222,4797.81   
"MD",1866,223,13440.61  
"MD",1866,253,60000     
"MD",1866,263,2194      
"MD",1866,290,15288.76  
"MD",1866,291,186259.27 
"MD",1866,292,185007.49 
"MD",1866,293,44400     
"MD",1866,294,1881.8    
"MD",1866,295,29589.065 
"MD",1866,299,407481    
"MD",1866,501,433214    
"MD",1867,122,28031.02  
"MD",1867,132,43870.89  
"MD",1867,140,34579.21  
"MD",1867,141,294821.28 
"MD",1867,143,36        
"MD",1867,147,11986.28  
"MD",1867,180,389628.89 
"MD",1867,181,15600     
"MD",1867,185,23257.39  
"MD",1867,190,569153.14 
"MD",1867,193,39280.44  
"MD",1867,222,5119.51   
"MD",1867,223,15625.16  
"MD",1867,253,60000     
"MD",1867,261,112504    
"MD",1867,263,2352.3    
"MD",1867,264,9000      
"MD",1867,290,104661.9  
"MD",1867,291,183258.35 
"MD",1867,292,101444.54 
"MD",1867,293,100000    
"MD",1867,294,2155.12   
"MD",1867,295,61047.34  
"MD",1867,298,100079.92 
"MD",1867,299,45384.5   
"MD",1867,501,10000     
"MD",1868,122,36415.02  
"MD",1868,132,66465.62  
"MD",1868,140,23419.53  
"MD",1868,141,168240.29 
"MD",1868,143,55        
"MD",1868,180,451117.98 
"MD",1868,181,18800     
"MD",1868,185,30357.44  
"MD",1868,190,583617.94 
"MD",1868,193,46710.37  
"MD",1868,222,7670.57   
"MD",1868,223,43706.31  
"MD",1868,235,7161.52   
"MD",1868,253,35625     
"MD",1868,263,2819.75   
"MD",1868,290,23967.27  
"MD",1868,291,130920.2  
"MD",1868,292,99301.1   
"MD",1868,293,2297379.22
"MD",1868,294,1618.52   
"MD",1868,295,45912.61  
"MD",1868,299,510       
"MD",1869,122,23674.57  
"MD",1869,132,54862.88  
"MD",1869,140,35379.47  
"MD",1869,141,159577.25 
"MD",1869,143,260       
"MD",1869,147,11470.92  
"MD",1869,180,450555.37 
"MD",1869,181,26800     
"MD",1869,185,26206.28  
"MD",1869,190,692293.18 
"MD",1869,193,12530.3   
"MD",1869,222,17363.12  
"MD",1869,223,25253.16  
"MD",1869,253,60000     
"MD",1869,263,4867.84   
"MD",1869,290,21240.58  
"MD",1869,291,130633.56 
"MD",1869,292,104047.58 
"MD",1869,293,1124712.4 
"MD",1869,294,1339.51   
"MD",1869,295,19022.34  
"MD",1870,122,46503.74  
"MD",1870,132,55155.48  
"MD",1870,140,57378.51  
"MD",1870,141,90000     
"MD",1870,143,270       
"MD",1870,147,11876.31  
"MD",1870,180,440299.24 
"MD",1870,181,33900     
"MD",1870,185,24512.08  
"MD",1870,190,693905.17 
"MD",1870,193,69120.77  
"MD",1870,222,7561.42   
"MD",1870,223,36914.26  
"MD",1870,253,48450     
"MD",1870,263,5686.89   
"MD",1870,290,910.86    
"MD",1870,291,131526.14 
"MD",1870,292,104610.08 
"MD",1870,293,649536.81 
"MD",1870,294,1575.08   
"MD",1870,295,12786.66  
"MD",1871,122,22375.91  
"MD",1871,132,52542.76  
"MD",1871,140,51530.14  
"MD",1871,141,90000     
"MD",1871,143,80        
"MD",1871,147,12778.26  
"MD",1871,180,450404.12 
"MD",1871,181,33445.68  
"MD",1871,185,22597.76  
"MD",1871,190,737049.72 
"MD",1871,193,14327.83  
"MD",1871,222,8009.78   
"MD",1871,223,18422.68  
"MD",1871,253,60000     
"MD",1871,263,5292.8    
"MD",1871,266,174.86    
"MD",1871,290,5629.37   
"MD",1871,291,117493.53 
"MD",1871,292,102027.99 
"MD",1871,293,169367.06 
"MD",1871,294,1455.72   
"MD",1871,295,20391.81  
"MD",1871,501,677601    
"MD",1873,122,39817.61  
"MD",1873,132,65732.29  
"MD",1873,140,77868.47  
"MD",1873,141,90000     
"MD",1873,180,441634.08 
"MD",1873,181,72034.35  
"MD",1873,185,26595.07  
"MD",1873,190,715664.81 
"MD",1873,193,10160.7   
"MD",1873,222,14349.33  
"MD",1873,223,25129.4   
"MD",1873,235,4141.71   
"MD",1873,253,40000     
"MD",1873,263,6459.41   
"MD",1873,290,5090.65   
"MD",1873,291,21506.67  
"MD",1873,292,135698.67 
"MD",1873,293,518328.52 
"MD",1873,294,2332.01   
"MD",1873,295,20133.7   
"MD",1873,501,100000    
"MD",1874,122,124625.11 
"MD",1874,132,73890.31  
"MD",1874,140,116905.82 
"MD",1874,141,90000     
"MD",1874,180,406487.69 
"MD",1874,181,63048.72  
"MD",1874,185,25020.6   
"MD",1874,190,684403.85 
"MD",1874,193,89645.53  
"MD",1874,222,7258.33   
"MD",1874,223,17918.66  
"MD",1874,253,75000     
"MD",1874,261,4239      
"MD",1874,263,14322.84  
"MD",1874,290,421.5     
"MD",1874,291,12545.44  
"MD",1874,292,135269.03 
"MD",1874,293,393697.2  
"MD",1874,294,1193.55   
"MD",1874,295,15420.92  
"MD",1874,296,5638.42   
"MD",1874,298,250       
"MD",1875,122,32988.45  
"MD",1875,132,102985.99 
"MD",1875,140,209106.36 
"MD",1875,141,441291    
"MD",1875,180,411416.24 
"MD",1875,181,72991     
"MD",1875,185,24312     
"MD",1875,190,783778.53 
"MD",1875,193,57978.04  
"MD",1875,222,9086.35   
"MD",1875,223,28582.15  
"MD",1875,253,75000     
"MD",1875,261,7053      
"MD",1875,263,65266.26  
"MD",1875,290,460       
"MD",1875,291,87866     
"MD",1875,292,128092    
"MD",1875,293,360019.5  
"MD",1875,294,1168      
"MD",1875,295,6847.3    
"MD",1876,122,66051.4   
"MD",1876,132,77815.56  
"MD",1876,140,95776.72  
"MD",1876,141,90000     
"MD",1876,180,424749.25 
"MD",1876,181,24911.49  
"MD",1876,185,23385.96  
"MD",1876,190,745916.36 
"MD",1876,193,58104.33  
"MD",1876,222,9159.66   
"MD",1876,223,34566.47  
"MD",1876,235,66924.84  
"MD",1876,253,71550     
"MD",1876,261,6903      
"MD",1876,263,5435.63   
"MD",1876,266,823.06    
"MD",1876,290,447.68    
"MD",1876,291,11534.42  
"MD",1876,292,70462.69  
"MD",1876,293,139660.25 
"MD",1876,294,1350.52   
"MD",1876,295,13186.37  
"MD",1876,296,1417.96   
"MD",1877,122,44704.27  
"MD",1877,132,79661.49  
"MD",1877,140,73320.51  
"MD",1877,141,90000     
"MD",1877,180,432420.58 
"MD",1877,181,32058.6   
"MD",1877,185,23706.76  
"MD",1877,190,810414.85 
"MD",1877,193,55857.75  
"MD",1877,222,9098.71   
"MD",1877,223,39716.39  
"MD",1877,235,51362.64  
"MD",1877,253,30000     
"MD",1877,261,6903      
"MD",1877,263,4055.15   
"MD",1877,290,566.26    
"MD",1877,291,23757.79  
"MD",1877,292,64402.54  
"MD",1877,293,219315    
"MD",1877,294,1705.95   
"MD",1877,295,15740.21  
"MD",1877,296,425.37    
"MD",1878,122,31747.05  
"MD",1878,132,170803.87 
"MD",1878,140,76642.12  
"MD",1878,141,90370.56  
"MD",1878,180,413030.53 
"MD",1878,181,32731.85  
"MD",1878,185,23672.8   
"MD",1878,190,695535.94 
"MD",1878,193,55132.66  
"MD",1878,222,4568.54   
"MD",1878,223,35062.24  
"MD",1878,261,7053.44   
"MD",1878,266,634.25    
"MD",1878,291,22480.1   
"MD",1878,292,61031.97  
"MD",1878,293,571080    
"MD",1878,294,940.87    
"MD",1878,295,1607.25   
"MD",1878,296,998.05    
"MD",1878,298,139.8     
"MD",1879,122,64134.6   
"MD",1879,132,62178.41  
"MD",1879,140,64476.81  
"MD",1879,141,114797.68 
"MD",1879,180,406403.2  
"MD",1879,181,43667.02  
"MD",1879,185,24698.8   
"MD",1879,190,809513.85 
"MD",1879,193,51729.06  
"MD",1879,222,6681.62   
"MD",1879,223,32519.89  
"MD",1879,261,7015.82   
"MD",1879,263,4508.93   
"MD",1879,291,38894.73  
"MD",1879,292,115905.14 
"MD",1879,293,268750    
"MD",1879,294,1052.84   
"MD",1879,295,3035.67   
"MD",1879,296,6356.36   
"MD",1879,298,5.94      
"MD",1880,299,3729275.64
"MD",1881,122,50392.96  
"MD",1881,132,119551.43 
"MD",1881,140,72468.95  
"MD",1881,141,90000     
"MD",1881,180,425500.54 
"MD",1881,181,53293.3   
"MD",1881,185,26879.08  
"MD",1881,190,898139.55 
"MD",1881,193,50259.87  
"MD",1881,222,6954.37   
"MD",1881,223,20153.52  
"MD",1881,261,6978.21   
"MD",1881,263,5024.58   
"MD",1881,291,38169.45  
"MD",1881,292,117863.55 
"MD",1881,294,1517.17   
"MD",1881,295,5713.21   
"MD",1881,296,7326.43   
"MD",1881,298,454.91    
"MD",1882,122,67134.48  
"MD",1882,132,133143.96 
"MD",1882,140,63336.41  
"MD",1882,141,90000     
"MD",1882,180,438885.99 
"MD",1882,181,49763.62  
"MD",1882,185,28705.08  
"MD",1882,190,789128.15 
"MD",1882,193,53444.07  
"MD",1882,222,7868.62   
"MD",1882,223,21499.76  
"MD",1882,261,7015.82   
"MD",1882,263,4985.79   
"MD",1882,290,1348.99   
"MD",1882,291,36952.65  
"MD",1882,292,119018.85 
"MD",1882,294,1542.75   
"MD",1882,295,8062.77   
"MD",1882,296,1993.04   
"MD",1882,298,650.67    
"MD",1883,122,103311.23 
"MD",1883,132,137145.66 
"MD",1883,140,63811.07  
"MD",1883,180,439863.67 
"MD",1883,181,49922.91  
"MD",1883,185,27575.24  
"MD",1883,190,892322.84 
"MD",1883,193,15253.7   
"MD",1883,222,13865.66  
"MD",1883,223,44102.17  
"MD",1883,251,476.05    
"MD",1883,253,36000     
"MD",1883,261,6903      
"MD",1883,263,1731.61   
"MD",1883,290,311.06    
"MD",1883,291,127388.79 
"MD",1883,292,118634.54 
"MD",1883,293,78.74     
"MD",1883,294,1496.17   
"MD",1883,295,15772.28  
"MD",1883,296,1229.96   
"MD",1883,298,180.5     
"MD",1884,122,86218.46  
"MD",1884,132,155875.02 
"MD",1884,140,65210.39  
"MD",1884,141,90000     
"MD",1884,180,471483.2  
"MD",1884,181,46202.14  
"MD",1884,185,29913.44  
"MD",1884,190,817936.51 
"MD",1884,193,57235.36  
"MD",1884,222,9737.41   
"MD",1884,223,33814.51  
"MD",1884,261,6659.52   
"MD",1884,263,5158.05   
"MD",1884,281,11250     
"MD",1884,290,3028.29   
"MD",1884,291,20652.92  
"MD",1884,292,118634.54 
"MD",1884,293,1686496.22
"MD",1884,294,1818.71   
"MD",1884,295,6854.89   
"MD",1884,296,4585.81   
"MD",1884,298,810.76    
"MD",1885,122,146966.75 
"MD",1885,132,85834.69  
"MD",1885,140,72028.28  
"MD",1885,141,90000     
"MD",1885,144,286.95    
"MD",1885,150,2745.92   
"MD",1885,180,498961.53 
"MD",1885,181,41393.85  
"MD",1885,185,28057.32  
"MD",1885,190,856491.21 
"MD",1885,193,89776.52  
"MD",1885,222,10255.74  
"MD",1885,223,27769.34  
"MD",1885,261,6881.4    
"MD",1885,263,4840.22   
"MD",1885,266,35.05     
"MD",1885,291,9015.12   
"MD",1885,292,118934.54 
"MD",1885,293,7550      
"MD",1885,294,1700.96   
"MD",1885,295,5367.17   
"MD",1885,296,7515.15   
"MD",1886,122,52164.26  
"MD",1886,132,125167.62 
"MD",1886,140,69962.22  
"MD",1886,141,90000     
"MD",1886,150,3074.77   
"MD",1886,180,483153.93 
"MD",1886,181,45351.86  
"MD",1886,185,24226.98  
"MD",1886,190,840482.41 
"MD",1886,193,71775.75  
"MD",1886,222,8350.66   
"MD",1886,223,33855.7   
"MD",1886,261,6881.4    
"MD",1886,263,4144.71   
"MD",1886,290,10        
"MD",1886,291,8045.55   
"MD",1886,292,118934.54 
"MD",1886,294,662.79    
"MD",1886,295,4497.14   
"MD",1886,296,3536.48   
"MD",1887,122,45597.14  
"MD",1887,132,103288.2  
"MD",1887,140,70586.36  
"MD",1887,141,135000    
"MD",1887,150,2909.76   
"MD",1887,180,473301.03 
"MD",1887,181,43320.28  
"MD",1887,185,4491.86   
"MD",1887,190,864742.93 
"MD",1887,193,52791.47  
"MD",1887,222,14811.53  
"MD",1887,223,14194.11  
"MD",1887,261,6431.4    
"MD",1887,263,4277.02   
"MD",1887,266,15        
"MD",1887,290,887.85    
"MD",1887,291,12137.74  
"MD",1887,292,118934.54 
"MD",1887,293,463373    
"MD",1887,294,2224.18   
"MD",1887,295,2502.46   
"MD",1887,296,4347.67   
"MD",1888,122,57767.49  
"MD",1888,132,97815.23  
"MD",1888,140,73553.98  
"MD",1888,141,90000     
"MD",1888,150,2591.4    
"MD",1888,180,461097.57 
"MD",1888,181,42481.12  
"MD",1888,185,4195.28   
"MD",1888,190,803264.14 
"MD",1888,193,55154.42  
"MD",1888,222,8875.31   
"MD",1888,223,13239.34  
"MD",1888,235,289.53    
"MD",1888,261,6142.3    
"MD",1888,263,2736.8    
"MD",1888,266,3572      
"MD",1888,290,87.5      
"MD",1888,291,6016.8    
"MD",1888,292,116175.74 
"MD",1888,294,961.5     
"MD",1888,295,13219.28  
"MD",1888,296,661.76    
"MD",1888,298,10        
"MD",1889,122,56392.08  
"MD",1889,132,100047.98 
"MD",1889,140,85795.68  
"MD",1889,141,90000     
"MD",1889,150,2570.22   
"MD",1889,180,497573.91 
"MD",1889,181,45936.63  
"MD",1889,185,1223.23   
"MD",1889,190,801827    
"MD",1889,193,45676.24  
"MD",1889,222,11617.53  
"MD",1889,223,13102.13  
"MD",1889,235,2851.12   
"MD",1889,261,6142.3    
"MD",1889,263,3720.05   
"MD",1889,266,4630      
"MD",1889,290,1000      
"MD",1889,291,170216.17 
"MD",1889,292,123055.84 
"MD",1889,294,1105.05   
"MD",1889,295,1735.55   
"MD",1889,298,1125      
"MD",1890,122,83656.03  
"MD",1890,132,117836.51 
"MD",1890,140,85539.84  
"MD",1890,141,90000     
"MD",1890,150,2490.38   
"MD",1890,180,858559.7  
"MD",1890,181,65324.27  
"MD",1890,190,854588.07 
"MD",1890,193,42186.63  
"MD",1890,222,40690.85  
"MD",1890,223,3463.53   
"MD",1890,226,1681.57   
"MD",1890,261,7474.3    
"MD",1890,263,3294.32   
"MD",1890,266,1470.45   
"MD",1890,291,102838.41 
"MD",1890,292,90108.42  
"MD",1890,293,3399772.18
"MD",1890,295,8269.48   
"MD",1890,298,1360      
"MD",1891,122,67738.93  
"MD",1891,132,161618.86 
"MD",1891,140,91088.47  
"MD",1891,141,90000     
"MD",1891,150,1854.57   
"MD",1891,162,8400      
"MD",1891,180,857516.18 
"MD",1891,181,84540.87  
"MD",1891,190,853722.34 
"MD",1891,193,31089.77  
"MD",1891,222,10915.93  
"MD",1891,223,26912.57  
"MD",1891,225,64.04     
"MD",1891,226,6281.41   
"MD",1891,261,6142.3    
"MD",1891,263,2777.21   
"MD",1891,266,690       
"MD",1891,290,376.19    
"MD",1891,291,31619.67  
"MD",1891,292,61447.3   
"MD",1891,293,413141.18 
"MD",1891,294,1361.17   
"MD",1891,295,14771.19  
"MD",1891,296,1991.64   
"MD",1891,298,1506.5    
"MD",1892,122,114009.21 
"MD",1892,132,191468.74 
"MD",1892,140,101274.37 
"MD",1892,141,90000     
"MD",1892,150,2396.76   
"MD",1892,180,862260.21 
"MD",1892,181,113601.83 
"MD",1892,190,801495.75 
"MD",1892,193,41634.46  
"MD",1892,222,13241.55  
"MD",1892,223,26370.9   
"MD",1892,225,284.81    
"MD",1892,226,8873.28   
"MD",1892,235,371299.83 
"MD",1892,261,4810.3    
"MD",1892,263,5089.62   
"MD",1892,266,545       
"MD",1892,290,47084.36  
"MD",1892,291,30911.3   
"MD",1892,292,61514.65  
"MD",1892,293,100000    
"MD",1892,294,4773.05   
"MD",1892,295,8612.76   
"MD",1892,296,3022.35   
"MD",1892,298,1976.09   
"MD",1893,122,70693.2   
"MD",1893,132,164059.26 
"MD",1893,140,107102.43 
"MD",1893,150,4001.11   
"MD",1893,180,880295.97 
"MD",1893,181,118862.87 
"MD",1893,190,892310.16 
"MD",1893,193,5548.7    
"MD",1893,222,11854.54  
"MD",1893,223,28537.24  
"MD",1893,225,142.43    
"MD",1893,226,20004.33  
"MD",1893,261,6142.3    
"MD",1893,263,14365.14  
"MD",1893,266,16716     
"MD",1893,290,858.91    
"MD",1893,291,111834.95 
"MD",1893,292,60899.95  
"MD",1893,294,2301.33   
"MD",1893,295,11058.79  
"MD",1893,296,3696.87   
"MD",1893,298,2325      
"MD",1895,122,83105.57  
"MD",1895,132,170231.02 
"MD",1895,140,104011.78 
"MD",1895,141,90000     
"MD",1895,150,1256.92   
"MD",1895,180,883410.24 
"MD",1895,181,124401.18 
"MD",1895,190,908411.18 
"MD",1895,193,48480.9   
"MD",1895,222,13316.29  
"MD",1895,223,39135.7   
"MD",1895,225,136.85    
"MD",1895,226,9690.52   
"MD",1895,251,110       
"MD",1895,261,6142.3    
"MD",1895,262,18825.56  
"MD",1895,263,13070.74  
"MD",1895,266,380       
"MD",1895,291,16198.7   
"MD",1895,292,57788.2   
"MD",1895,294,1408.87   
"MD",1895,295,6586.03   
"MD",1895,296,11345.24  
"MD",1895,298,1800      
"MD",1896,122,76896.56  
"MD",1896,132,159833.67 
"MD",1896,140,111615.08 
"MD",1896,141,90000     
"MD",1896,150,1286.77   
"MD",1896,180,880686.18 
"MD",1896,181,130865.11 
"MD",1896,190,844620.35 
"MD",1896,193,50722.42  
"MD",1896,222,9136.99   
"MD",1896,223,50768.13  
"MD",1896,225,137.04    
"MD",1896,226,6439.8    
"MD",1896,261,6142.3    
"MD",1896,262,13622.9   
"MD",1896,263,9493.54   
"MD",1896,265,843.52    
"MD",1896,266,855       
"MD",1896,290,30.78     
"MD",1896,291,14245.1   
"MD",1896,292,58485.25  
"MD",1896,293,612784    
"MD",1896,294,1388.84   
"MD",1896,295,8685.27   
"MD",1896,296,15216.04  
"MD",1896,298,2075      
"MD",1897,122,60276.64  
"MD",1897,132,211614.79 
"MD",1897,140,110392.43 
"MD",1897,141,90000     
"MD",1897,150,1682.02   
"MD",1897,180,915123.85 
"MD",1897,181,139069.82 
"MD",1897,190,1019631.76
"MD",1897,193,52729.56  
"MD",1897,222,8694.34   
"MD",1897,223,46373.43  
"MD",1897,225,360.08    
"MD",1897,226,5387.16   
"MD",1897,251,440       
"MD",1897,261,6142.3    
"MD",1897,262,12587.55  
"MD",1897,263,6439.9    
"MD",1897,266,557       
"MD",1897,290,5000.8    
"MD",1897,291,24491.2   
"MD",1897,292,30055.85  
"MD",1897,294,1786.97   
"MD",1897,295,3499.46   
"MD",1897,296,17724.43  
"MD",1897,298,1900      
"MD",1899,122,58541.66  
"MD",1899,132,302711.12 
"MD",1899,140,119983.22 
"MD",1899,141,90000     
"MD",1899,150,1584.23   
"MD",1899,180,877163.87 
"MD",1899,181,148020.77 
"MD",1899,190,1172596.59
"MD",1899,193,71330.81  
"MD",1899,222,12545.79  
"MD",1899,223,87286.54  
"MD",1899,225,364.09    
"MD",1899,226,42884.01  
"MD",1899,236,78153.65  
"MD",1899,251,522.5     
"MD",1899,254,17850     
"MD",1899,261,6142.3    
"MD",1899,262,13169.03  
"MD",1899,263,8996      
"MD",1899,265,.5        
"MD",1899,266,498       
"MD",1899,290,19        
"MD",1899,291,22567.07  
"MD",1899,292,4588.2    
"MD",1899,293,600000    
"MD",1899,294,1339.25   
"MD",1899,295,21285.23  
"MD",1899,296,29180.71  
"MD",1899,298,1974.63   
"MD",1900,122,54544.18  
"MD",1900,132,315912.24 
"MD",1900,140,145200.41 
"MD",1900,141,67500     
"MD",1900,150,1269.35   
"MD",1900,180,873801.32 
"MD",1900,181,156709.75 
"MD",1900,190,1033429.97
"MD",1900,193,79456.34  
"MD",1900,222,12007.84  
"MD",1900,223,45477.73  
"MD",1900,225,351.91    
"MD",1900,226,11560.3   
"MD",1900,236,33267.86  
"MD",1900,254,110       
"MD",1900,261,94631.5   
"MD",1900,262,7545.22   
"MD",1900,263,13761.42  
"MD",1900,265,175.76    
"MD",1900,266,911.31    
"MD",1900,290,25        
"MD",1900,291,19975.15  
"MD",1900,292,5285.25   
"MD",1900,293,600000    
"MD",1900,294,2371.39   
"MD",1900,295,10126.88  
"MD",1900,296,35185.34  
"MD",1900,298,1900      
"MD",1901,122,90687.55  
"MD",1901,132,413136.56 
"MD",1901,140,135590.93 
"MD",1901,150,194       
"MD",1901,180,879652.32 
"MD",1901,181,160961.13 
"MD",1901,190,1041813.07
"MD",1901,193,74729.66  
"MD",1901,222,16600.77  
"MD",1901,223,73776.23  
"MD",1901,225,239.55    
"MD",1901,226,11494     
"MD",1901,236,2773.69   
"MD",1901,261,3478.3    
"MD",1901,262,5857.07   
"MD",1901,263,11380.11  
"MD",1901,266,508       
"MD",1901,290,410.11    
"MD",1901,291,21375.83  
"MD",1901,292,5517.6    
"MD",1901,293,200000    
"MD",1901,294,2117.81   
"MD",1901,295,47205.17  
"MD",1901,296,33902.06  
"MD",1901,298,1900      
"MD",1902,122,83780.25  
"MD",1902,132,341101.54 
"MD",1902,140,133636.87 
"MD",1902,141,202500    
"MD",1902,180,946882.97 
"MD",1902,181,173084.46 
"MD",1902,190,1077214.7 
"MD",1902,193,32569.14  
"MD",1902,222,19771     
"MD",1902,223,66677.02  
"MD",1902,225,255.72    
"MD",1902,226,12378.47  
"MD",1902,236,6578.32   
"MD",1902,251,192.5     
"MD",1902,261,3478.3    
"MD",1902,262,5143.52   
"MD",1902,263,12668.5   
"MD",1902,266,479.5     
"MD",1902,290,105.13    
"MD",1902,291,36597.1   
"MD",1902,292,5817.6    
"MD",1902,293,400000    
"MD",1902,294,1963.7    
"MD",1902,295,37234.23  
"MD",1902,296,29199     
"MD",1902,298,1950      
"MD",1903,122,67115.34  
"MD",1903,132,608829.53 
"MD",1903,140,140807.32 
"MD",1903,141,90000     
"MD",1903,180,959468.92 
"MD",1903,181,180833.24 
"MD",1903,190,1069686.02
"MD",1903,193,71588.46  
"MD",1903,222,20152.72  
"MD",1903,223,74040.29  
"MD",1903,225,8802.02   
"MD",1903,226,14038.37  
"MD",1903,251,110       
"MD",1903,261,3478.3    
"MD",1903,262,5114      
"MD",1903,263,2300.38   
"MD",1903,266,236.69    
"MD",1903,291,54953.78  
"MD",1903,292,5517.6    
"MD",1903,293,200000    
"MD",1903,294,2553.15   
"MD",1903,295,35385.86  
"MD",1903,296,19537.05  
"MD",1903,298,1900      
"MD",1904,122,91558.67  
"MD",1904,132,474831.09 
"MD",1904,140,164231.56 
"MD",1904,141,90750     
"MD",1904,180,913343.18 
"MD",1904,181,202532.58 
"MD",1904,190,1298288.38
"MD",1904,193,60510.23  
"MD",1904,222,16437.86  
"MD",1904,223,69747.51  
"MD",1904,225,457       
"MD",1904,226,13406.26  
"MD",1904,251,220       
"MD",1904,254,83.5      
"MD",1904,261,3478.3    
"MD",1904,262,5742.06   
"MD",1904,263,61492.58  
"MD",1904,265,55.07     
"MD",1904,266,533.68    
"MD",1904,290,8705.5    
"MD",1904,291,20035.94  
"MD",1904,292,5517.6    
"MD",1904,293,854078.75 
"MD",1904,294,2430.88   
"MD",1904,295,33378.31  
"MD",1904,296,23078.67  
"MD",1904,298,1903.1    
"MD",1905,122,76665.17  
"MD",1905,132,524971.26 
"MD",1905,140,171017.88 
"MD",1905,141,90000     
"MD",1905,180,954327.68 
"MD",1905,181,230719.89 
"MD",1905,190,1564975.71
"MD",1905,193,33135.73  
"MD",1905,222,14768.22  
"MD",1905,223,67178.65  
"MD",1905,225,401.06    
"MD",1905,226,33892.41  
"MD",1905,261,3478.3    
"MD",1905,262,4109.86   
"MD",1905,263,6905.32   
"MD",1905,265,12.03     
"MD",1905,266,371.62    
"MD",1905,290,17137.11  
"MD",1905,291,30437.66  
"MD",1905,292,5517.6    
"MD",1905,293,600000    
"MD",1905,294,1896.26   
"MD",1905,295,31959.26  
"MD",1905,296,27570.69  
"MD",1905,298,1905      
"MD",1907,122,133228.74 
"MD",1907,132,729235    
"MD",1907,140,142293.04 
"MD",1907,141,90000     
"MD",1907,180,955286.4  
"MD",1907,181,248753.87 
"MD",1907,190,1289953.01
"MD",1907,193,37388.12  
"MD",1907,222,21721.21  
"MD",1907,223,106136.31 
"MD",1907,225,1407.55   
"MD",1907,226,38119.99  
"MD",1907,251,110       
"MD",1907,261,3478.3    
"MD",1907,262,2850      
"MD",1907,263,10666.66  
"MD",1907,266,107.7     
"MD",1907,290,1359.75   
"MD",1907,291,30690.1   
"MD",1907,292,5982.3    
"MD",1907,293,59000     
"MD",1907,294,2081.44   
"MD",1907,295,19065.63  
"MD",1907,296,44001.14  
"MD",1907,298,2314.92   
"MD",1909,122,257089.17 
"MD",1909,132,702228.42 
"MD",1909,140,169058.8  
"MD",1909,141,90000     
"MD",1909,180,1937977.75
"MD",1909,190,1255359.89
"MD",1909,193,45231.27  
"MD",1909,222,20051.51  
"MD",1909,223,119852.33 
"MD",1909,225,231.35    
"MD",1909,226,36471.52  
"MD",1909,261,3478.3    
"MD",1909,262,450       
"MD",1909,263,2000      
"MD",1909,266,2097.5    
"MD",1909,290,1668.18   
"MD",1909,291,27440.61  
"MD",1909,292,5982.3    
"MD",1909,293,640830    
"MD",1909,294,3354.01   
"MD",1909,295,39912.44  
"MD",1909,296,37156.84  
"MD",1909,298,2182.5    
"MD",1910,122,293993.77 
"MD",1910,132,752187.87 
"MD",1910,140,201673.27 
"MD",1910,141,90000     
"MD",1910,180,2194223.12
"MD",1910,190,1223999.99
"MD",1910,193,56521.43  
"MD",1910,222,15459.75  
"MD",1910,223,116723.88 
"MD",1910,225,511.82    
"MD",1910,226,22995.86  
"MD",1910,251,275       
"MD",1910,261,3478.3    
"MD",1910,263,2000      
"MD",1910,266,78.5      
"MD",1910,290,423.32    
"MD",1910,291,22967.76  
"MD",1910,292,5982.3    
"MD",1910,293,776904    
"MD",1910,294,3089.34   
"MD",1910,295,43671.94  
"MD",1910,296,44124.36  
"MD",1910,298,2218.03   
"MD",1910,299,2095      
"MD",1911,122,310943.21 
"MD",1911,132,819594.5  
"MD",1911,140,237143.72 
"MD",1911,141,90000     
"MD",1911,180,2237222.48
"MD",1911,190,1779251.22
"MD",1911,193,65095.42  
"MD",1911,222,13012.56  
"MD",1911,223,121975.29 
"MD",1911,225,239.05    
"MD",1911,226,24027.89  
"MD",1911,251,2035      
"MD",1911,261,3478.3    
"MD",1911,262,1600.98   
"MD",1911,263,2000      
"MD",1911,266,176.7     
"MD",1911,290,6293.1    
"MD",1911,291,38399.22  
"MD",1911,292,6214.65   
"MD",1911,293,2791335.97
"MD",1911,294,2029.26   
"MD",1911,295,40531.27  
"MD",1911,296,80151.84  
"MD",1911,298,27521.81  
"MD",1911,299,6220      
"MD",1912,122,289605.89 
"MD",1912,132,843809.43 
"MD",1912,140,248192.5  
"MD",1912,141,90000     
"MD",1912,180,2104117.24
"MD",1912,190,2066067.15
"MD",1912,193,78764.84  
"MD",1912,222,13842.58  
"MD",1912,223,153764.17 
"MD",1912,225,799.66    
"MD",1912,226,26554.84  
"MD",1912,251,233.75    
"MD",1912,261,3478.3    
"MD",1912,262,176646.46 
"MD",1912,263,2000      
"MD",1912,266,97.5      
"MD",1912,290,4596.92   
"MD",1912,291,32450.73  
"MD",1912,292,3223.5    
"MD",1912,293,2684988.29
"MD",1912,294,1581.28   
"MD",1912,295,48424.69  
"MD",1912,296,25667.68  
"MD",1912,298,2161.76   
"MD",1912,299,7385      
"MD",1913,122,376540.16 
"MD",1913,132,899894.49 
"MD",1913,140,338774.56 
"MD",1913,141,90000     
"MD",1913,180,2090791.32
"MD",1913,190,2784439.94
"MD",1913,193,98237.15  
"MD",1913,222,17412.13  
"MD",1913,223,117456.63 
"MD",1913,225,128.83    
"MD",1913,226,51077.63  
"MD",1913,261,3478.3    
"MD",1913,262,212033.35 
"MD",1913,263,2000      
"MD",1913,266,146.5     
"MD",1913,290,3342.81   
"MD",1913,291,48901.62  
"MD",1913,293,3535463.12
"MD",1913,294,1465.79   
"MD",1913,295,37128.58  
"MD",1913,298,2010      
"MD",1913,299,9360      
"MD",1914,122,276131.18 
"MD",1914,132,923225.79 
"MD",1914,140,334291.97 
"MD",1914,141,90000     
"MD",1914,180,2192761.44
"MD",1914,190,2911123.14
"MD",1914,193,12209.74  
"MD",1914,222,19795.37  
"MD",1914,223,150810.45 
"MD",1914,225,259.16    
"MD",1914,226,18428.24  
"MD",1914,261,3614.02   
"MD",1914,262,226443.31 
"MD",1914,263,2000      
"MD",1914,266,317.5     
"MD",1914,290,3157.13   
"MD",1914,291,50821.01  
"MD",1914,293,5326042.69
"MD",1914,294,1850.76   
"MD",1914,295,43470.22  
"MD",1914,296,3841.99   
"MD",1914,298,1906.48   
"MD",1914,299,8055      
