"NV",1867,3,855257.94  
"NV",1868,3,319258.27  
"NV",1869,3,400766.77  
"NV",1870,3,365847.14  
"NV",1871,3,472147.41  
"NV",1872,3,1048718.5  
"NV",1873,3,445837.43  
"NV",1874,3,570905.16  
"NV",1875,3,770463.31  
"NV",1876,3,458298.61  
"NV",1877,3,605800.86  
"NV",1878,3,333881.34  
"NV",1879,3,1312734.86 
"NV",1880,3,317172.02  
"NV",1881,3,699025.4   
"NV",1882,3,464709.23  
"NV",1883,3,572865.39  
"NV",1884,3,399959.71  
"NV",1885,3,550126.68  
"NV",1886,3,342236.69  
"NV",1887,3,519820.51  
"NV",1888,3,356408.51  
"NV",1889,3,579254.32  
"NV",1890,3,644383.97  
"NV",1891,3,529703.25  
"NV",1892,3,399056.23  
"NV",1893,3,457424.11  
"NV",1894,3,533509.74  
"NV",1895,3,506214.34  
"NV",1896,3,429081.41  
"NV",1897,3,465635.25  
"NV",1898,3,393577.06  
"NV",1899,3,378809.44  
"NV",1900,3,515388.97  
"NV",1901,3,500434.85  
"NV",1902,3,482730.75  
"NV",1903,3,458567.59  
"NV",1904,3,476029.41  
"NV",1905,3,721742.18  
"NV",1906,3,594456.99  
"NV",1907,3,797132.77  
"NV",1908,3,868455.98  
"NV",1909,3,1321845.34 
"NV",1910,3,1003929.9  
"NV",1911,3,1107602.31 
"NV",1912,3,1194931.78 
"NV",1913,3,1738913.44 
"NV",1914,3,1053282.21 
"NV",1915,3,1284537.71 
"NV",1916,3,1481512.15 
"NV",1917,3,1742507.5  
                       
"NV",1867,31,8388.45   
"NV",1867,32,3336.53   
"NV",1867,34,121243.39 
"NV",1867,36,223405.61 
"NV",1867,39,58167.87  
"NV",1867,40,76384.77  
"NV",1867,41,364331.32 
"NV",1868,31,16598.92  
"NV",1868,32,10350.41  
"NV",1868,33,2522.35   
"NV",1868,34,41566.64  
"NV",1868,35,1635.17   
"NV",1868,36,78507.73  
"NV",1868,39,47926.28  
"NV",1868,40,83557.32  
"NV",1868,41,36593.45  
"NV",1869,31,19454.86  
"NV",1869,32,11804.39  
"NV",1869,33,4650.28   
"NV",1869,34,42639.04  
"NV",1869,35,10099.23  
"NV",1869,36,172851.29 
"NV",1869,39,4760.5    
"NV",1869,40,86218.11  
"NV",1869,41,48289.07  
"NV",1870,31,23339.87  
"NV",1870,32,27541.82  
"NV",1870,34,40099.99  
"NV",1870,35,4491.83   
"NV",1870,36,139365.79 
"NV",1870,39,65        
"NV",1870,40,75655.99  
"NV",1870,41,55286.85  
"NV",1871,31,31012.6   
"NV",1871,32,37702.77  
"NV",1871,34,58702.4   
"NV",1871,35,5173.08   
"NV",1871,36,242553.94 
"NV",1871,39,13975.62  
"NV",1871,40,82975     
"NV",1871,41,52        
"NV",1872,31,29056.62  
"NV",1872,32,46250.31  
"NV",1872,33,194       
"NV",1872,34,88694.52  
"NV",1872,35,9236.06   
"NV",1872,36,173243.77 
"NV",1872,39,21478.8   
"NV",1872,40,75459.1   
"NV",1872,41,605105.32 
"NV",1873,31,30386.88  
"NV",1873,32,32223.67  
"NV",1873,33,2086.51   
"NV",1873,34,39288.69  
"NV",1873,35,6786.25   
"NV",1873,36,248677.4  
"NV",1873,39,16548.79  
"NV",1873,40,66399.24  
"NV",1873,41,3440      
"NV",1874,31,35302.85  
"NV",1874,32,32892.96  
"NV",1874,34,95563.22  
"NV",1874,35,21130.83  
"NV",1874,36,60585.37  
"NV",1874,39,3225.85   
"NV",1874,40,50420.31  
"NV",1874,41,271783.77 
"NV",1875,31,99846.66  
"NV",1875,32,45944.53  
"NV",1875,34,114603.41 
"NV",1875,35,19614.77  
"NV",1875,36,225552.42 
"NV",1875,39,27874.31  
"NV",1875,40,52901.5   
"NV",1875,41,184125.71 
"NV",1876,31,11897.7   
"NV",1876,32,46937.46  
"NV",1876,34,101700.75 
"NV",1876,35,14759.52  
"NV",1876,36,90604.12  
"NV",1876,39,17897.21  
"NV",1876,40,58305.78  
"NV",1876,41,116196.07 
"NV",1877,31,53283.71  
"NV",1877,32,58765.21  
"NV",1877,34,107999.04 
"NV",1877,35,14706.17  
"NV",1877,36,230205.61 
"NV",1877,39,21675.12  
"NV",1877,40,67873.74  
"NV",1877,41,51292.26  
"NV",1878,31,64131.12  
"NV",1878,32,51815.91  
"NV",1878,34,76028.31  
"NV",1878,35,8567.66   
"NV",1878,36,83922.6   
"NV",1878,39,5066.24   
"NV",1878,40,44349.5   
"NV",1879,31,58348.57  
"NV",1879,32,80786.29  
"NV",1879,34,91477.67  
"NV",1879,35,15515.64  
"NV",1879,36,221907.32 
"NV",1879,39,25320.49  
"NV",1879,40,37648     
"NV",1879,41,781730.88 
"NV",1880,31,55054.28  
"NV",1880,32,53899.12  
"NV",1880,34,78955.44  
"NV",1880,35,9300.24   
"NV",1880,36,88547.06  
"NV",1880,39,4577.77   
"NV",1880,40,26838.11  
"NV",1881,31,51713.8   
"NV",1881,32,138127.14 
"NV",1881,34,74558.94  
"NV",1881,35,6528.91   
"NV",1881,36,165546.86 
"NV",1881,39,12117.26  
"NV",1881,40,25032.49  
"NV",1881,41,225400    
"NV",1882,31,64515.68  
"NV",1882,32,97046.22  
"NV",1882,34,77133.32  
"NV",1882,35,7327.46   
"NV",1882,36,81767.82  
"NV",1882,39,2670.15   
"NV",1882,40,24144.33  
"NV",1882,41,110104.25 
"NV",1883,31,57319.45  
"NV",1883,32,65904.78  
"NV",1883,34,72353.66  
"NV",1883,35,8302.84   
"NV",1883,36,135031.38 
"NV",1883,39,27433.83  
"NV",1883,40,25120     
"NV",1883,41,181399.45 
"NV",1884,31,61048.21  
"NV",1884,32,53771.65  
"NV",1884,34,57882.27  
"NV",1884,35,2571.07   
"NV",1884,36,106991.78 
"NV",1884,39,3108.23   
"NV",1884,40,24880     
"NV",1884,41,89706.5   
"NV",1885,31,68658.46  
"NV",1885,32,50793.12  
"NV",1885,34,49020.5   
"NV",1885,35,2409.73   
"NV",1885,36,177462.9  
"NV",1885,39,7262.67   
"NV",1885,40,24340     
"NV",1885,41,170179.3  
"NV",1886,31,71782.9   
"NV",1886,32,60511.35  
"NV",1886,34,49638.41  
"NV",1886,35,3089.21   
"NV",1886,36,101549.52 
"NV",1886,39,4871.97   
"NV",1886,40,23793.33  
"NV",1886,41,27000     
"NV",1887,31,78337.09  
"NV",1887,32,65093.61  
"NV",1887,33,1757.5    
"NV",1887,34,49905.4   
"NV",1887,35,18092.51  
"NV",1887,36,148838.65 
"NV",1887,39,26793.08  
"NV",1887,40,23002.67  
"NV",1887,41,108000    
"NV",1888,31,69615.82  
"NV",1888,32,46321.11  
"NV",1888,34,43656.52  
"NV",1888,35,11379.62  
"NV",1888,36,125724.67 
"NV",1888,39,4390.77   
"NV",1888,40,24320     
"NV",1888,41,31000     
"NV",1889,31,84021.24  
"NV",1889,32,58597.44  
"NV",1889,34,42884.57  
"NV",1889,35,28000.34  
"NV",1889,36,207098.55 
"NV",1889,39,30818.85  
"NV",1889,40,23833.33  
"NV",1889,41,104000    
"NV",1890,31,89040.6   
"NV",1890,32,51993.6   
"NV",1890,34,42185.48  
"NV",1890,35,8367.62   
"NV",1890,36,131324.16 
"NV",1890,39,2791.45   
"NV",1890,40,25228.88  
"NV",1890,41,293452.18 
"NV",1891,31,122091.17 
"NV",1891,32,63285.84  
"NV",1891,34,36434.45  
"NV",1891,35,13259.46  
"NV",1891,36,189457.6  
"NV",1891,39,6444.73   
"NV",1891,40,25730     
"NV",1891,41,73000     
"NV",1892,31,108314.69 
"NV",1892,32,52573.17  
"NV",1892,34,44347.24  
"NV",1892,35,11537.9   
"NV",1892,36,128716.26 
"NV",1892,39,3216.97   
"NV",1892,40,26350     
"NV",1892,41,24000     
"NV",1893,31,126922.93 
"NV",1893,32,51528.1   
"NV",1893,34,31490.27  
"NV",1893,35,10683.33  
"NV",1893,36,134004.47 
"NV",1893,39,22945.01  
"NV",1893,40,25850     
"NV",1893,41,54000     
"NV",1894,31,136245.74 
"NV",1894,32,53634.59  
"NV",1894,34,35597.24  
"NV",1894,35,5794.45   
"NV",1894,36,94509.56  
"NV",1894,39,2050.24   
"NV",1894,40,38677.92  
"NV",1894,41,167000    
"NV",1895,31,155959.97 
"NV",1895,32,63938.49  
"NV",1895,34,30780.43  
"NV",1895,35,10806.74  
"NV",1895,36,110849.14 
"NV",1895,39,20952.91  
"NV",1895,40,12926.66  
"NV",1895,41,100000    
"NV",1896,31,141314.47 
"NV",1896,32,58699.73  
"NV",1896,34,34851.92  
"NV",1896,35,4652.69   
"NV",1896,36,68692.61  
"NV",1896,39,1833.26   
"NV",1896,40,43036.66  
"NV",1896,41,76000.07  
"NV",1897,31,170994.24 
"NV",1897,32,58713.16  
"NV",1897,34,34508.41  
"NV",1897,35,6522.07   
"NV",1897,36,115779.1  
"NV",1897,39,11351.42  
"NV",1897,40,14166.85  
"NV",1897,41,53600     
"NV",1898,31,139532.65 
"NV",1898,32,48769.6   
"NV",1898,34,27857.08  
"NV",1898,35,2934.07   
"NV",1898,36,67176.16  
"NV",1898,39,2108.36   
"NV",1898,40,30264.51  
"NV",1898,41,74934.63  
"NV",1899,31,134662.27 
"NV",1899,32,55611.22  
"NV",1899,34,35490.35  
"NV",1899,35,6093.44   
"NV",1899,36,112320.25 
"NV",1899,39,4137.35   
"NV",1899,40,30494.56  
"NV",1900,31,152926.28 
"NV",1900,32,52380.26  
"NV",1900,34,32752.27  
"NV",1900,35,5419.78   
"NV",1900,36,76324.01  
"NV",1900,39,1710.43   
"NV",1900,40,19000     
"NV",1900,41,174875.94 
"NV",1901,31,147040.32 
"NV",1901,32,68679.08  
"NV",1901,34,27411.61  
"NV",1901,35,12000.82  
"NV",1901,36,120571.88 
"NV",1901,39,8815.64   
"NV",1901,40,19000     
"NV",1901,41,96915.5   
"NV",1902,31,168761.38 
"NV",1902,32,60795.86  
"NV",1902,34,27455.49  
"NV",1902,35,7111.85   
"NV",1902,36,68420.6   
"NV",1902,39,1198.67   
"NV",1902,40,19465     
"NV",1902,41,129521.9  
"NV",1903,31,153018.09 
"NV",1903,32,78955.9   
"NV",1903,34,34283.42  
"NV",1903,35,7991.46   
"NV",1903,36,126106.44 
"NV",1903,39,16780.38  
"NV",1903,40,31431.9   
"NV",1903,41,10000     
"NV",1904,31,171034.94 
"NV",1904,32,83768.22  
"NV",1904,34,34496.91  
"NV",1904,35,15771.98  
"NV",1904,36,78552.75  
"NV",1904,39,15937.28  
"NV",1904,40,26223.33  
"NV",1904,41,50244     
"NV",1905,31,186478.15 
"NV",1905,32,83261.94  
"NV",1905,34,63723.97  
"NV",1905,35,26920.58  
"NV",1905,36,137856.64 
"NV",1905,39,19632.01  
"NV",1905,40,29162     
"NV",1905,41,174706.89 
"NV",1906,31,209990.2  
"NV",1906,32,57941.25  
"NV",1906,34,71803.43  
"NV",1906,35,23999.27  
"NV",1906,36,90833.75  
"NV",1906,39,1631.51   
"NV",1906,40,29074.66  
"NV",1906,41,109182.92 
"NV",1907,31,260450.17 
"NV",1907,32,81141.22  
"NV",1907,33,10150.71  
"NV",1907,34,56867.55  
"NV",1907,35,41698.62  
"NV",1907,36,171424.9  
"NV",1907,39,28229.6   
"NV",1907,40,28320     
"NV",1907,41,118850    
"NV",1908,31,315090.26 
"NV",1908,32,78235.69  
"NV",1908,33,17514.5   
"NV",1908,34,123209.4  
"NV",1908,35,57865.82  
"NV",1908,36,145729.09 
"NV",1908,39,7260.72   
"NV",1908,40,27041     
"NV",1908,41,96509.5   
"NV",1909,31,456615.79 
"NV",1909,32,148628.34 
"NV",1909,33,18204.98  
"NV",1909,34,40852.97  
"NV",1909,35,60835.35  
"NV",1909,36,298331.63 
"NV",1909,39,35418.63  
"NV",1909,40,25090     
"NV",1909,41,237867.65 
"NV",1910,31,320588.43 
"NV",1910,32,97344.79  
"NV",1910,33,18408.04  
"NV",1910,34,126290.78 
"NV",1910,35,59638.18  
"NV",1910,36,188200.89 
"NV",1910,39,8338.7    
"NV",1910,40,25120     
"NV",1910,41,160000.09 
"NV",1911,31,343811.99 
"NV",1911,32,97497.32  
"NV",1911,33,58380.94  
"NV",1911,34,128696.39 
"NV",1911,35,61994.38  
"NV",1911,36,288169.41 
"NV",1911,39,14771.88  
"NV",1911,40,25280     
"NV",1911,41,89000     
"NV",1912,31,395815.06 
"NV",1912,32,78735.17  
"NV",1912,33,53774.48  
"NV",1912,34,114126.73 
"NV",1912,35,53993.47  
"NV",1912,36,219527.57 
"NV",1912,39,5482.65   
"NV",1912,40,24476.65  
"NV",1912,41,249000    
"NV",1913,31,354457.61 
"NV",1913,32,80733.75  
"NV",1913,33,52089.79  
"NV",1913,34,106208.53 
"NV",1913,35,66799.44  
"NV",1913,36,295697.52 
"NV",1913,39,13159.51  
"NV",1913,40,19000     
"NV",1913,41,750767.29 
"NV",1914,31,394324.3  
"NV",1914,32,69171.07  
"NV",1914,33,42348.88  
"NV",1914,34,100634.74 
"NV",1914,35,53480.89  
"NV",1914,36,225404.63 
"NV",1914,39,35224.37  
"NV",1914,40,34000     
"NV",1914,41,98693.33  
"NV",1915,31,448712.52 
"NV",1915,32,77779.03  
"NV",1915,33,51782.73  
"NV",1915,34,106506.71 
"NV",1915,35,63600.85  
"NV",1915,36,338430.12 
"NV",1915,38,9250.01   
"NV",1915,39,115701.31 
"NV",1915,40,34000     
"NV",1915,41,23000     
"NV",1915,42,15774.43  
"NV",1916,31,471559.65 
"NV",1916,32,80483.01  
"NV",1916,33,61405.49  
"NV",1916,34,95496.52  
"NV",1916,35,69674.56  
"NV",1916,36,213651.04 
"NV",1916,38,12693.85  
"NV",1916,39,17369.75  
"NV",1916,40,51000     
"NV",1916,41,390621.47 
"NV",1916,42,17556.81  
"NV",1917,31,518051.39 
"NV",1917,32,92850.76  
"NV",1917,33,108429.12 
"NV",1917,34,122515.87 
"NV",1917,35,150600.94 
"NV",1917,36,242973.66 
"NV",1917,38,11622.14  
"NV",1917,39,11737.65  
"NV",1917,40,17340.13  
"NV",1917,41,446118.76 
"NV",1917,42,20267.08  
                       
"NV",1867,311,7580.33  
"NV",1867,316,808.12   
"NV",1867,323,3336.53  
"NV",1867,343,48538.7  
"NV",1867,345,72704.69 
"NV",1867,360,4450     
"NV",1867,361,78589.1  
"NV",1867,362,74791.59 
"NV",1867,363,23040.18 
"NV",1867,366,632.65   
"NV",1867,369,41902.09 
"NV",1867,398,58161.87 
"NV",1867,399,6        
"NV",1867,401,76384.77 
"NV",1867,412,346763.32
"NV",1867,415,17568    
"NV",1868,311,14233.13 
"NV",1868,316,2365.79  
"NV",1868,323,10350.41 
"NV",1868,336,2522.35  
"NV",1868,341,1000     
"NV",1868,343,40011.81 
"NV",1868,345,554.83   
"NV",1868,351,1635.17  
"NV",1868,361,64       
"NV",1868,362,52649.25 
"NV",1868,363,21655.2  
"NV",1868,366,847.53   
"NV",1868,369,3291.75  
"NV",1868,398,47316.28 
"NV",1868,399,610      
"NV",1868,401,83557.32 
"NV",1868,412,22174.45 
"NV",1868,415,14419    
"NV",1869,311,18530.79 
"NV",1869,316,924.07   
"NV",1869,323,11804.39 
"NV",1869,336,4650.28  
"NV",1869,343,42270.04 
"NV",1869,345,369      
"NV",1869,351,10099.23 
"NV",1869,361,65806.67 
"NV",1869,362,19899.81 
"NV",1869,363,29266.94 
"NV",1869,365,19079.32 
"NV",1869,366,1000     
"NV",1869,367,3415.42  
"NV",1869,369,34383.13 
"NV",1869,395,500      
"NV",1869,398,4260.5   
"NV",1869,401,86218.11 
"NV",1869,412,33030.86 
"NV",1869,415,15258.21 
"NV",1870,310,2497.05  
"NV",1870,311,17124.41 
"NV",1870,316,3718.41  
"NV",1870,321,27541.82 
"NV",1870,343,40017.99 
"NV",1870,345,82       
"NV",1870,351,4491.83  
"NV",1870,362,17734.94 
"NV",1870,363,29481.72 
"NV",1870,365,15752.17 
"NV",1870,367,63919.75 
"NV",1870,369,12477.21 
"NV",1870,398,65       
"NV",1870,401,75655.99 
"NV",1870,412,27578.6  
"NV",1870,415,27708.25 
"NV",1871,311,29299.85 
"NV",1871,316,1712.75  
"NV",1871,321,12464.38 
"NV",1871,322,1658.25  
"NV",1871,323,23580.14 
"NV",1871,343,58532.91 
"NV",1871,345,169.49   
"NV",1871,351,5173.08  
"NV",1871,361,73230.2  
"NV",1871,362,22039.54 
"NV",1871,363,29013.22 
"NV",1871,365,17835.47 
"NV",1871,366,3732.3   
"NV",1871,367,76548.61 
"NV",1871,369,20154.6  
"NV",1871,398,9146.68  
"NV",1871,399,4828.94  
"NV",1871,401,82975    
"NV",1871,411,52       
"NV",1872,311,26384.62 
"NV",1872,316,2672     
"NV",1872,321,19691.02 
"NV",1872,323,26559.29 
"NV",1872,336,194      
"NV",1872,343,88533.19 
"NV",1872,345,161.33   
"NV",1872,351,9236.06  
"NV",1872,362,30310.16 
"NV",1872,363,19962.98 
"NV",1872,365,24026.88 
"NV",1872,366,744      
"NV",1872,367,67967    
"NV",1872,369,30232.75 
"NV",1872,390,21078.8  
"NV",1872,392,400      
"NV",1872,401,75459.1  
"NV",1872,412,500000   
"NV",1872,415,105105.32
"NV",1873,311,28637.4  
"NV",1873,316,1749.48  
"NV",1873,321,9184.34  
"NV",1873,322,782      
"NV",1873,323,22257.33 
"NV",1873,336,2086.51  
"NV",1873,341,1274.5   
"NV",1873,343,38012.19 
"NV",1873,345,2        
"NV",1873,351,6786.25  
"NV",1873,361,79276.91 
"NV",1873,362,26102.15 
"NV",1873,363,30155.84 
"NV",1873,365,16846.42 
"NV",1873,366,327.21   
"NV",1873,367,34910.86 
"NV",1873,369,61058.01 
"NV",1873,398,16548.79 
"NV",1873,401,66399.24 
"NV",1873,413,800      
"NV",1873,415,2640     
"NV",1874,311,31720.24 
"NV",1874,313,735.5    
"NV",1874,316,2847.11  
"NV",1874,321,10234.31 
"NV",1874,322,927.65   
"NV",1874,323,21731    
"NV",1874,341,800      
"NV",1874,343,94509.71 
"NV",1874,345,253.51   
"NV",1874,351,21130.83 
"NV",1874,362,15268.25 
"NV",1874,363,18805    
"NV",1874,365,12671    
"NV",1874,367,4903.45  
"NV",1874,369,8937.67  
"NV",1874,390,3225.85  
"NV",1874,400,645.31   
"NV",1874,401,49775    
"NV",1874,415,271783.77
"NV",1875,311,84505.87 
"NV",1875,313,7664.61  
"NV",1875,316,7676.18  
"NV",1875,321,14641.52 
"NV",1875,322,1064.25  
"NV",1875,323,30238.76 
"NV",1875,341,12       
"NV",1875,343,114387.41
"NV",1875,345,204      
"NV",1875,351,19614.77 
"NV",1875,361,80686.6  
"NV",1875,362,24115.22 
"NV",1875,363,31788.98 
"NV",1875,365,20394.5  
"NV",1875,367,27353.26 
"NV",1875,369,41213.86 
"NV",1875,390,6539.48  
"NV",1875,395,5860     
"NV",1875,398,15474.83 
"NV",1875,400,749.79   
"NV",1875,401,52151.71 
"NV",1875,412,119500   
"NV",1875,415,54645.71 
"NV",1875,416,9980     
"NV",1876,311,2863.69  
"NV",1876,313,9034.01  
"NV",1876,321,12687.61 
"NV",1876,322,1637.1   
"NV",1876,323,32612.75 
"NV",1876,341,500      
"NV",1876,343,100816.85
"NV",1876,345,383.9    
"NV",1876,351,14759.52 
"NV",1876,362,19341.9  
"NV",1876,363,28656    
"NV",1876,365,15509    
"NV",1876,367,8182.2   
"NV",1876,369,18915.02 
"NV",1876,390,3757.21  
"NV",1876,395,14140    
"NV",1876,400,745.78   
"NV",1876,401,57560    
"NV",1876,412,100      
"NV",1876,415,100000   
"NV",1876,416,15050.17 
"NV",1876,417,1045.9   
"NV",1877,311,43458.45 
"NV",1877,313,7054.6   
"NV",1877,316,2770.66  
"NV",1877,321,18473.46 
"NV",1877,322,1193.8   
"NV",1877,323,39097.95 
"NV",1877,341,500      
"NV",1877,343,90661.73 
"NV",1877,345,16837.31 
"NV",1877,351,14706.17 
"NV",1877,361,87569.23 
"NV",1877,362,20734.25 
"NV",1877,363,28712    
"NV",1877,365,16858.5  
"NV",1877,367,17105.31 
"NV",1877,369,59226.32 
"NV",1877,390,5442.41  
"NV",1877,398,16232.71 
"NV",1877,400,508.74   
"NV",1877,401,67365    
"NV",1877,415,50116.26 
"NV",1877,416,1176     
"NV",1878,311,52827.38 
"NV",1878,313,3673.39  
"NV",1878,316,7630.35  
"NV",1878,321,11632.51 
"NV",1878,322,1291.5   
"NV",1878,323,38891.9  
"NV",1878,343,75723.73 
"NV",1878,345,304.58   
"NV",1878,351,8567.66  
"NV",1878,362,17556.5  
"NV",1878,363,26218.01 
"NV",1878,365,14365.5  
"NV",1878,366,7913.85  
"NV",1878,367,5361.64  
"NV",1878,369,12507.1  
"NV",1878,390,5056.24  
"NV",1878,398,10       
"NV",1878,400,384.5    
"NV",1878,401,43965    
"NV",1879,311,48299.85 
"NV",1879,313,6941.29  
"NV",1879,316,3107.43  
"NV",1879,321,3632.13  
"NV",1879,322,1711.5   
"NV",1879,323,75442.66 
"NV",1879,341,1000     
"NV",1879,343,86813.41 
"NV",1879,345,3664.26  
"NV",1879,350,2270.06  
"NV",1879,351,13245.58 
"NV",1879,361,77865.52 
"NV",1879,362,22934    
"NV",1879,363,33364.01 
"NV",1879,365,24000.77 
"NV",1879,367,27192.43 
"NV",1879,369,36550.59 
"NV",1879,390,6476.84  
"NV",1879,398,15343.65 
"NV",1879,399,3500     
"NV",1879,400,222.18   
"NV",1879,401,37425.82 
"NV",1879,412,104200   
"NV",1879,415,560003.95
"NV",1879,416,117526.93
"NV",1880,311,41566.46 
"NV",1880,313,5848.68  
"NV",1880,316,7639.14  
"NV",1880,321,12225.42 
"NV",1880,322,1288.5   
"NV",1880,323,40385.2  
"NV",1880,341,1600     
"NV",1880,343,77355.44 
"NV",1880,350,2424.4   
"NV",1880,351,6875.84  
"NV",1880,362,19821    
"NV",1880,363,27873.26 
"NV",1880,365,14591.92 
"NV",1880,367,1542.06  
"NV",1880,369,24718.82 
"NV",1880,390,2951.17  
"NV",1880,399,1626.6   
"NV",1880,400,63.11    
"NV",1880,401,26775    
"NV",1881,311,45036.68 
"NV",1881,313,2287.5   
"NV",1881,316,4389.62  
"NV",1881,321,17151.22 
"NV",1881,322,819.75   
"NV",1881,323,120156.17
"NV",1881,343,74029.94 
"NV",1881,345,529      
"NV",1881,350,11.25    
"NV",1881,351,6517.66  
"NV",1881,361,73469.6  
"NV",1881,362,19200    
"NV",1881,363,29239.34 
"NV",1881,365,13243.2  
"NV",1881,367,2317.45  
"NV",1881,369,28077.27 
"NV",1881,390,3040.41  
"NV",1881,398,8776.85  
"NV",1881,399,300      
"NV",1881,400,129.16   
"NV",1881,401,24903.33 
"NV",1881,413,56400    
"NV",1881,415,169000   
"NV",1882,311,57980.63 
"NV",1882,313,3737.55  
"NV",1882,316,2797.5   
"NV",1882,321,13975.59 
"NV",1882,322,666.65   
"NV",1882,323,82403.98 
"NV",1882,341,1520     
"NV",1882,343,75613.32 
"NV",1882,350,294.29   
"NV",1882,351,7033.17  
"NV",1882,362,18900    
"NV",1882,363,26443.98 
"NV",1882,365,13704.32 
"NV",1882,367,4503.49  
"NV",1882,369,18216.03 
"NV",1882,390,2670.15  
"NV",1882,401,24144.33 
"NV",1882,412,26000    
"NV",1882,415,83000    
"NV",1882,416,1104.25  
"NV",1883,311,1166.62  
"NV",1883,313,7203.69  
"NV",1883,314,47650.6  
"NV",1883,316,1298.54  
"NV",1883,321,11988.61 
"NV",1883,322,267.75   
"NV",1883,323,53648.42 
"NV",1883,341,1884.75  
"NV",1883,343,70163.91 
"NV",1883,345,305      
"NV",1883,351,8302.84  
"NV",1883,361,53378.58 
"NV",1883,362,14383.26 
"NV",1883,363,28960.02 
"NV",1883,365,10050    
"NV",1883,366,1250     
"NV",1883,367,1340.26  
"NV",1883,369,25669.26 
"NV",1883,390,3757.35  
"NV",1883,398,22300.68 
"NV",1883,399,1375.8   
"NV",1883,401,25120    
"NV",1883,412,26000    
"NV",1883,415,155399.45
"NV",1884,311,55555.86 
"NV",1884,313,4467.46  
"NV",1884,316,1024.89  
"NV",1884,321,12720.82 
"NV",1884,322,830.13   
"NV",1884,323,40220.7  
"NV",1884,341,100      
"NV",1884,343,57732.27 
"NV",1884,345,50       
"NV",1884,351,2571.07  
"NV",1884,362,14700    
"NV",1884,363,26980    
"NV",1884,365,41673.38 
"NV",1884,367,11590.44 
"NV",1884,369,12047.96 
"NV",1884,390,2716.38  
"NV",1884,398,391.85   
"NV",1884,401,24880    
"NV",1884,412,28000    
"NV",1884,415,61706.5  
"NV",1885,311,65702.64 
"NV",1885,313,1867.7   
"NV",1885,316,1088.12  
"NV",1885,321,11765.71 
"NV",1885,322,1045.63  
"NV",1885,323,37981.78 
"NV",1885,341,1550     
"NV",1885,343,47275.6  
"NV",1885,345,194.9    
"NV",1885,351,2409.73  
"NV",1885,361,53131.07 
"NV",1885,362,14200    
"NV",1885,363,25210    
"NV",1885,365,35654.92 
"NV",1885,367,13472.38 
"NV",1885,369,35794.53 
"NV",1885,390,2359.61  
"NV",1885,398,4903.06  
"NV",1885,401,24340    
"NV",1885,412,27000    
"NV",1885,415,143179.3 
"NV",1886,311,62624.31 
"NV",1886,313,7473.23  
"NV",1886,316,1685.36  
"NV",1886,321,13234.29 
"NV",1886,322,454.37   
"NV",1886,323,46822.69 
"NV",1886,341,100      
"NV",1886,343,49538.41 
"NV",1886,351,3089.21  
"NV",1886,362,12000    
"NV",1886,363,25156    
"NV",1886,365,36651.35 
"NV",1886,367,13176.47 
"NV",1886,369,14565.7  
"NV",1886,390,3640.39  
"NV",1886,398,1231.58  
"NV",1886,401,23793.33 
"NV",1886,412,27000    
"NV",1887,311,2127.5   
"NV",1887,313,24684.69 
"NV",1887,314,49912.36 
"NV",1887,316,1612.54  
"NV",1887,321,13061.69 
"NV",1887,322,729.95   
"NV",1887,323,51301.97 
"NV",1887,337,1757.5   
"NV",1887,343,49894.07 
"NV",1887,345,11.33    
"NV",1887,350,829.68   
"NV",1887,351,17262.83 
"NV",1887,361,52487.84 
"NV",1887,362,13891.52 
"NV",1887,363,43538.72 
"NV",1887,365,8504.5   
"NV",1887,366,488.87   
"NV",1887,367,3643.26  
"NV",1887,369,26283.94 
"NV",1887,390,2644.25  
"NV",1887,398,24148.83 
"NV",1887,401,23002.67 
"NV",1887,412,27000    
"NV",1887,415,81000    
"NV",1888,311,58226.84 
"NV",1888,313,9930.45  
"NV",1888,316,1458.53  
"NV",1888,321,11977.1  
"NV",1888,322,277.45   
"NV",1888,323,34066.56 
"NV",1888,343,43656.52 
"NV",1888,350,793.06   
"NV",1888,351,10586.56 
"NV",1888,362,14700    
"NV",1888,363,44112.73 
"NV",1888,365,36864.4  
"NV",1888,367,11913.22 
"NV",1888,369,18134.32 
"NV",1888,390,3738.26  
"NV",1888,398,652.51   
"NV",1888,401,24320    
"NV",1888,415,31000    
"NV",1889,311,59955.18 
"NV",1889,313,21849.22 
"NV",1889,316,2216.84  
"NV",1889,321,11462.55 
"NV",1889,322,423.7    
"NV",1889,323,46711.19 
"NV",1889,341,450      
"NV",1889,343,41691.32 
"NV",1889,345,743.25   
"NV",1889,350,1760.67  
"NV",1889,351,26239.67 
"NV",1889,361,51674.15 
"NV",1889,362,14672.5  
"NV",1889,363,48463.1  
"NV",1889,364,14160.66 
"NV",1889,365,35793.64 
"NV",1889,367,13178.33 
"NV",1889,369,29156.17 
"NV",1889,390,2394.51  
"NV",1889,398,28424.34 
"NV",1889,401,23833.33 
"NV",1889,412,28000    
"NV",1889,415,76000    
"NV",1890,311,62245.63 
"NV",1890,313,26150.78 
"NV",1890,316,644.19   
"NV",1890,321,13536.99 
"NV",1890,322,412.7    
"NV",1890,323,38043.91 
"NV",1890,343,41942.23 
"NV",1890,345,243.25   
"NV",1890,350,738.81   
"NV",1890,351,7628.81  
"NV",1890,362,13294.92 
"NV",1890,363,49144.31 
"NV",1890,364,1569.65  
"NV",1890,365,33897.29 
"NV",1890,367,12504.39 
"NV",1890,369,20913.6  
"NV",1890,390,2454.4   
"NV",1890,398,337.05   
"NV",1890,401,25228.88 
"NV",1890,412,25000    
"NV",1890,415,268452.18
"NV",1891,311,102417.15
"NV",1891,313,18887.05 
"NV",1891,316,786.97   
"NV",1891,321,15562.86 
"NV",1891,322,400.2    
"NV",1891,323,47322.78 
"NV",1891,343,36434.45 
"NV",1891,350,632.8    
"NV",1891,351,12626.66 
"NV",1891,361,49553.04 
"NV",1891,362,15811.21 
"NV",1891,363,49316.11 
"NV",1891,364,3283.87  
"NV",1891,365,31941.21 
"NV",1891,367,14578.77 
"NV",1891,369,24973.39 
"NV",1891,390,2173.6   
"NV",1891,395,1000     
"NV",1891,398,3271.13  
"NV",1891,401,25730    
"NV",1891,412,23000    
"NV",1891,415,50000    
"NV",1892,311,97704.8  
"NV",1892,313,9089.19  
"NV",1892,316,1520.7   
"NV",1892,321,14433.64 
"NV",1892,322,599.8    
"NV",1892,323,37539.73 
"NV",1892,343,39673.42 
"NV",1892,345,4673.82  
"NV",1892,350,762.95   
"NV",1892,351,10440.82 
"NV",1892,353,334.13   
"NV",1892,362,14700    
"NV",1892,363,49336.8  
"NV",1892,365,30355.93 
"NV",1892,367,14810.91 
"NV",1892,369,19512.62 
"NV",1892,390,2898.55  
"NV",1892,398,318.42   
"NV",1892,401,26350    
"NV",1892,412,24000    
"NV",1893,311,2062.15  
"NV",1893,313,18438.65 
"NV",1893,314,105308.37
"NV",1893,316,1113.76  
"NV",1893,321,14629.98 
"NV",1893,322,1103.35  
"NV",1893,323,35727.27 
"NV",1893,324,67.5     
"NV",1893,341,250      
"NV",1893,343,31023.52 
"NV",1893,345,216.75   
"NV",1893,350,667.4    
"NV",1893,351,9289.68  
"NV",1893,353,726.25   
"NV",1893,361,31514.95 
"NV",1893,362,13616.68 
"NV",1893,363,48397.75 
"NV",1893,364,247.8    
"NV",1893,365,10416.74 
"NV",1893,366,625      
"NV",1893,367,4766.22  
"NV",1893,369,24419.33 
"NV",1893,390,2157.77  
"NV",1893,398,10787.24 
"NV",1893,399,10000    
"NV",1893,401,25850    
"NV",1893,412,24000    
"NV",1893,415,30000    
"NV",1894,311,2375.45  
"NV",1894,313,12901.35 
"NV",1894,314,119340.47
"NV",1894,316,1628.47  
"NV",1894,321,15059.22 
"NV",1894,322,975.7    
"NV",1894,323,37599.67 
"NV",1894,343,32740.88 
"NV",1894,345,2856.36  
"NV",1894,350,769.17   
"NV",1894,351,4997.28  
"NV",1894,356,28       
"NV",1894,362,14925.06 
"NV",1894,363,48530.95 
"NV",1894,365,9203.5   
"NV",1894,366,625      
"NV",1894,367,4242.86  
"NV",1894,369,16982.19 
"NV",1894,390,2050.24  
"NV",1894,401,38677.92 
"NV",1894,412,46000    
"NV",1894,415,121000   
"NV",1895,311,2146.65  
"NV",1895,313,47932.54 
"NV",1895,314,103982.59
"NV",1895,316,1898.19  
"NV",1895,321,16866.67 
"NV",1895,322,46548.72 
"NV",1895,324,523.1    
"NV",1895,343,30326.48 
"NV",1895,345,453.95   
"NV",1895,350,645.05   
"NV",1895,351,10161.69 
"NV",1895,361,30631.08 
"NV",1895,362,8973.63  
"NV",1895,363,36160.24 
"NV",1895,365,7228.1   
"NV",1895,366,1000     
"NV",1895,367,2045.72  
"NV",1895,369,24810.37 
"NV",1895,390,1904.3   
"NV",1895,398,4309     
"NV",1895,399,14739.61 
"NV",1895,401,12926.66 
"NV",1895,415,100000   
"NV",1896,311,374.3    
"NV",1896,313,21163.92 
"NV",1896,314,118003.14
"NV",1896,316,1773.11  
"NV",1896,321,15666.79 
"NV",1896,322,43032.94 
"NV",1896,341,700      
"NV",1896,343,34151.92 
"NV",1896,350,560.15   
"NV",1896,351,3665.94  
"NV",1896,356,426.6    
"NV",1896,362,10061.67 
"NV",1896,363,34911.8  
"NV",1896,364,324.64   
"NV",1896,365,7200     
"NV",1896,366,375      
"NV",1896,367,1443.5   
"NV",1896,369,14376    
"NV",1896,390,1695.76  
"NV",1896,399,137.5    
"NV",1896,401,43036.66 
"NV",1896,415,76000.07 
"NV",1897,311,1606.55  
"NV",1897,313,36312.85 
"NV",1897,314,131517.69
"NV",1897,316,1557.15  
"NV",1897,321,17738.54 
"NV",1897,322,40239.02 
"NV",1897,323,735.6    
"NV",1897,343,27007.46 
"NV",1897,345,173.95   
"NV",1897,346,7327     
"NV",1897,350,391      
"NV",1897,351,6085.07  
"NV",1897,356,46       
"NV",1897,361,29964.34 
"NV",1897,362,8800     
"NV",1897,363,34789.68 
"NV",1897,365,7200     
"NV",1897,366,687.5    
"NV",1897,367,4913.32  
"NV",1897,369,29424.26 
"NV",1897,390,1706.61  
"NV",1897,398,8288.73  
"NV",1897,399,1356.08  
"NV",1897,401,14166.85 
"NV",1897,415,53600    
"NV",1898,311,1388.68  
"NV",1898,313,16505.27 
"NV",1898,314,119539.45
"NV",1898,316,2099.25  
"NV",1898,321,14429.31 
"NV",1898,322,34340.29 
"NV",1898,343,27831.03 
"NV",1898,345,26.05    
"NV",1898,350,275      
"NV",1898,351,2659.07  
"NV",1898,362,8066.63  
"NV",1898,363,34203.79 
"NV",1898,364,361.95   
"NV",1898,365,6600     
"NV",1898,366,937.5    
"NV",1898,367,2408.51  
"NV",1898,369,14597.78 
"NV",1898,390,1581.96  
"NV",1898,398,26.4     
"NV",1898,399,500      
"NV",1898,401,30264.51 
"NV",1898,412,15000    
"NV",1898,415,59934.63 
"NV",1899,311,1842.3   
"NV",1899,313,9948.17  
"NV",1899,314,119928.25
"NV",1899,316,2943.55  
"NV",1899,321,15199.03 
"NV",1899,322,40312.19 
"NV",1899,325,100      
"NV",1899,341,250      
"NV",1899,343,28393.83 
"NV",1899,345,6846.52  
"NV",1899,350,300      
"NV",1899,351,5704.79  
"NV",1899,356,88.65    
"NV",1899,361,33791.55 
"NV",1899,362,10150.02 
"NV",1899,363,36710.17 
"NV",1899,364,25       
"NV",1899,365,7904.98  
"NV",1899,367,1615.24  
"NV",1899,369,22123.29 
"NV",1899,390,2031.67  
"NV",1899,398,355.95   
"NV",1899,399,1749.73  
"NV",1899,401,30494.56 
"NV",1900,311,2086.55  
"NV",1900,313,26100.78 
"NV",1900,314,122243.97
"NV",1900,316,2494.98  
"NV",1900,321,14747.32 
"NV",1900,322,36532.94 
"NV",1900,325,1100     
"NV",1900,341,300      
"NV",1900,343,32451.27 
"NV",1900,345,1        
"NV",1900,350,300      
"NV",1900,351,4905.06  
"NV",1900,356,214.72   
"NV",1900,361,2779.59  
"NV",1900,362,10549.95 
"NV",1900,363,35617.7  
"NV",1900,364,390.39   
"NV",1900,365,7482.85  
"NV",1900,367,2710.66  
"NV",1900,369,16792.87 
"NV",1900,390,1710.43  
"NV",1900,401,19000    
"NV",1900,412,40396.38 
"NV",1900,415,134479.56
"NV",1901,311,2079.9   
"NV",1901,313,16727.49 
"NV",1901,314,126234.4 
"NV",1901,316,1998.53  
"NV",1901,321,4278.68  
"NV",1901,322,52227.75 
"NV",1901,323,12072.65 
"NV",1901,325,100      
"NV",1901,343,27219.11 
"NV",1901,345,192.5    
"NV",1901,350,300      
"NV",1901,351,9155.99  
"NV",1901,353,2149.38  
"NV",1901,356,395.45   
"NV",1901,361,31302.27 
"NV",1901,362,10450    
"NV",1901,363,36856    
"NV",1901,364,1.65     
"NV",1901,365,7786.05  
"NV",1901,366,500      
"NV",1901,367,7438.61  
"NV",1901,369,26237.3  
"NV",1901,390,2283.91  
"NV",1901,398,1531.73  
"NV",1901,399,5000     
"NV",1901,401,19000    
"NV",1901,412,32874    
"NV",1901,415,64041.5  
"NV",1902,311,2230.6   
"NV",1902,313,32228.83 
"NV",1902,314,131450.08
"NV",1902,316,2851.87  
"NV",1902,321,3678.83  
"NV",1902,322,42382.42 
"NV",1902,323,14634.61 
"NV",1902,325,100      
"NV",1902,343,27217.89 
"NV",1902,345,237.6    
"NV",1902,350,300      
"NV",1902,351,5848.65  
"NV",1902,353,769.45   
"NV",1902,356,193.75   
"NV",1902,362,10600    
"NV",1902,363,34298.2  
"NV",1902,364,373.44   
"NV",1902,365,7423.43  
"NV",1902,366,375      
"NV",1902,367,1540.99  
"NV",1902,369,13809.54 
"NV",1902,390,1161.17  
"NV",1902,398,37.5     
"NV",1902,401,19465    
"NV",1902,412,19297.33 
"NV",1902,415,110224.57
"NV",1903,311,2135.85  
"NV",1903,313,15934.05 
"NV",1903,314,132898.44
"NV",1903,316,2049.75  
"NV",1903,321,29597.5  
"NV",1903,322,49258.4  
"NV",1903,325,100      
"NV",1903,341,250      
"NV",1903,343,33625.19 
"NV",1903,345,408.23   
"NV",1903,350,3772.59  
"NV",1903,351,3181.87  
"NV",1903,353,851.55   
"NV",1903,356,185.45   
"NV",1903,361,36323    
"NV",1903,362,10328.9  
"NV",1903,363,38432.4  
"NV",1903,364,16       
"NV",1903,365,8373.55  
"NV",1903,366,375      
"NV",1903,367,3306.57  
"NV",1903,369,28951.02 
"NV",1903,390,3046.3   
"NV",1903,398,7889.22  
"NV",1903,399,5844.86  
"NV",1903,401,31431.9  
"NV",1903,415,10000    
"NV",1904,311,2166.8   
"NV",1904,313,27530.77 
"NV",1904,314,138686.78
"NV",1904,316,2650.59  
"NV",1904,321,46175.98 
"NV",1904,322,37492.24 
"NV",1904,325,100      
"NV",1904,341,2670.26  
"NV",1904,343,31584.15 
"NV",1904,345,242.5    
"NV",1904,350,8897.88  
"NV",1904,351,4851.69  
"NV",1904,353,1832.41  
"NV",1904,356,190      
"NV",1904,362,12008.3  
"NV",1904,363,35804.1  
"NV",1904,364,444.58   
"NV",1904,365,9229.65  
"NV",1904,367,2357.26  
"NV",1904,369,18708.86 
"NV",1904,390,682.14   
"NV",1904,398,600      
"NV",1904,399,14655.14 
"NV",1904,401,26223.33 
"NV",1904,412,22244    
"NV",1904,415,28000    
"NV",1905,311,2126.9   
"NV",1905,313,37636.29 
"NV",1905,314,139719.96
"NV",1905,316,6995     
"NV",1905,321,39576.75 
"NV",1905,322,43585.19 
"NV",1905,325,100      
"NV",1905,342,675      
"NV",1905,343,62723.97 
"NV",1905,345,325      
"NV",1905,350,8644.68  
"NV",1905,351,16167.92 
"NV",1905,353,1433.28  
"NV",1905,356,674.7    
"NV",1905,361,40449.37 
"NV",1905,362,13408.6  
"NV",1905,363,40637.25 
"NV",1905,365,10327.35 
"NV",1905,366,1875     
"NV",1905,367,2149.01  
"NV",1905,369,29010.06 
"NV",1905,390,2709.61  
"NV",1905,398,7967.96  
"NV",1905,399,8954.44  
"NV",1905,401,29162    
"NV",1905,412,19400    
"NV",1905,415,155306.89
"NV",1906,311,2508.5   
"NV",1906,313,32286.98 
"NV",1906,314,151978.47
"NV",1906,316,23216.25 
"NV",1906,321,18606.23 
"NV",1906,322,39235.02 
"NV",1906,325,100      
"NV",1906,343,63611.4  
"NV",1906,345,8192.03  
"NV",1906,350,15072.76 
"NV",1906,351,6242.06  
"NV",1906,353,2559.45  
"NV",1906,356,125      
"NV",1906,362,11200.5  
"NV",1906,363,39921.71 
"NV",1906,364,480.9    
"NV",1906,365,10800    
"NV",1906,367,8780.63  
"NV",1906,369,19650.01 
"NV",1906,390,1279.51  
"NV",1906,398,352      
"NV",1906,401,29074.66 
"NV",1906,412,18700    
"NV",1906,415,90482.92 
"NV",1907,311,6238.05  
"NV",1907,313,66625.41 
"NV",1907,314,161935.59
"NV",1907,316,25651.12 
"NV",1907,321,27474.27 
"NV",1907,322,53666.95 
"NV",1907,336,1124.95  
"NV",1907,337,9025.76  
"NV",1907,343,56623.74 
"NV",1907,345,243.81   
"NV",1907,350,12494.62 
"NV",1907,351,27731.69 
"NV",1907,353,806.45   
"NV",1907,354,444.86   
"NV",1907,356,221      
"NV",1907,361,43299.6  
"NV",1907,362,16022.8  
"NV",1907,363,46099    
"NV",1907,365,16681.8  
"NV",1907,366,2625     
"NV",1907,367,5120.38  
"NV",1907,369,41576.32 
"NV",1907,390,3096.22  
"NV",1907,398,25133.38 
"NV",1907,401,28320    
"NV",1907,412,24300    
"NV",1907,415,94550    
"NV",1908,311,18330.38 
"NV",1908,313,51207.49 
"NV",1908,314,235890.74
"NV",1908,315,9.95     
"NV",1908,316,9651.7   
"NV",1908,321,23137.96 
"NV",1908,322,54897.73 
"NV",1908,325,200      
"NV",1908,336,1300     
"NV",1908,337,16214.5  
"NV",1908,341,45372.58 
"NV",1908,343,77759.67 
"NV",1908,345,77.15    
"NV",1908,350,18777.12 
"NV",1908,351,37250.67 
"NV",1908,353,800.1    
"NV",1908,354,439.93   
"NV",1908,356,598      
"NV",1908,361,19804.29 
"NV",1908,362,19830.85 
"NV",1908,363,50480.6  
"NV",1908,364,491.18   
"NV",1908,365,21655.45 
"NV",1908,367,10093.08 
"NV",1908,369,23373.64 
"NV",1908,390,1913.72  
"NV",1908,398,5347     
"NV",1908,401,27041    
"NV",1908,412,32700    
"NV",1908,415,63809.5  
"NV",1909,311,274443.06
"NV",1909,313,147316.81
"NV",1909,314,2129.13  
"NV",1909,316,32726.79 
"NV",1909,321,27903.36 
"NV",1909,322,71725.46 
"NV",1909,324,48849.52 
"NV",1909,325,150      
"NV",1909,336,1300     
"NV",1909,337,16904.98 
"NV",1909,341,21759.31 
"NV",1909,343,19093.66 
"NV",1909,350,20973.19 
"NV",1909,351,38890.74 
"NV",1909,353,798.7    
"NV",1909,356,172.72   
"NV",1909,361,69738.66 
"NV",1909,362,21239.45 
"NV",1909,363,74039.37 
"NV",1909,365,43687.96 
"NV",1909,366,1254.28  
"NV",1909,367,30811.7  
"NV",1909,369,57560.21 
"NV",1909,390,3161.09  
"NV",1909,398,32257.54 
"NV",1909,401,25090    
"NV",1909,412,48000    
"NV",1909,415,189867.65
"NV",1910,311,18199.98 
"NV",1910,313,83667.75 
"NV",1910,314,204879.33
"NV",1910,316,13841.37 
"NV",1910,321,21626.34 
"NV",1910,322,75568.45 
"NV",1910,325,150      
"NV",1910,336,1300     
"NV",1910,337,17108.04 
"NV",1910,341,23526.2  
"NV",1910,343,102764.58
"NV",1910,350,17989.37 
"NV",1910,351,34416.93 
"NV",1910,353,1324.6   
"NV",1910,356,5907.28  
"NV",1910,361,8350     
"NV",1910,362,17718.65 
"NV",1910,363,72397.41 
"NV",1910,364,1725.49  
"NV",1910,365,27029.04 
"NV",1910,367,23932.96 
"NV",1910,369,37047.34 
"NV",1910,390,4799.92  
"NV",1910,398,3436.28  
"NV",1910,399,102.5    
"NV",1910,401,25120    
"NV",1910,412,55000    
"NV",1910,415,105000.09
"NV",1911,311,12866.57 
"NV",1911,313,95939.29 
"NV",1911,314,220850.65
"NV",1911,316,14155.48 
"NV",1911,321,28010.54 
"NV",1911,322,65186.78 
"NV",1911,324,4000     
"NV",1911,325,300      
"NV",1911,331,24020.85 
"NV",1911,334,3191.32  
"NV",1911,336,12976.93 
"NV",1911,337,18191.84 
"NV",1911,341,32619.28 
"NV",1911,343,92262.41 
"NV",1911,345,3814.7   
"NV",1911,350,14923.39 
"NV",1911,351,38262.54 
"NV",1911,353,1474     
"NV",1911,356,7334.45  
"NV",1911,361,70754.85 
"NV",1911,362,18991.5  
"NV",1911,363,86252.6  
"NV",1911,364,1574.16  
"NV",1911,365,21636.67 
"NV",1911,367,15130.17 
"NV",1911,368,14789.6  
"NV",1911,369,59039.86 
"NV",1911,398,12384.21 
"NV",1911,399,2387.67  
"NV",1911,401,25280    
"NV",1911,412,89000    
"NV",1912,311,45815.24 
"NV",1912,313,119017.12
"NV",1912,314,216626.58
"NV",1912,316,14356.12 
"NV",1912,321,20875.84 
"NV",1912,322,57709.33 
"NV",1912,325,150      
"NV",1912,331,12761.39 
"NV",1912,334,5409.97  
"NV",1912,336,15779.46 
"NV",1912,337,19823.66 
"NV",1912,341,39713.99 
"NV",1912,343,74308.74 
"NV",1912,345,104      
"NV",1912,350,16479.52 
"NV",1912,351,27821.89 
"NV",1912,353,1594.35  
"NV",1912,356,8097.71  
"NV",1912,361,12025.17 
"NV",1912,362,23807.7  
"NV",1912,363,85326.36 
"NV",1912,364,1375     
"NV",1912,365,24913.27 
"NV",1912,367,22849.33 
"NV",1912,368,10316.56 
"NV",1912,369,38914.18 
"NV",1912,398,3067.5   
"NV",1912,399,2415.15  
"NV",1912,401,24476.65 
"NV",1912,412,49000    
"NV",1912,415,200000   
"NV",1913,311,8293.1   
"NV",1913,313,100634.74
"NV",1913,314,223263.51
"NV",1913,316,22266.26 
"NV",1913,321,17811.59 
"NV",1913,322,60233.53 
"NV",1913,323,38.63    
"NV",1913,325,2650     
"NV",1913,331,4319.86  
"NV",1913,334,5222.62  
"NV",1913,336,22717.88 
"NV",1913,337,19829.43 
"NV",1913,341,18155.4  
"NV",1913,342,45.5     
"NV",1913,343,86902.03 
"NV",1913,345,1105.6   
"NV",1913,350,11781.65 
"NV",1913,351,45971.22 
"NV",1913,353,1657.45  
"NV",1913,356,7389.12  
"NV",1913,361,70167.72 
"NV",1913,362,20965.95 
"NV",1913,363,83638.68 
"NV",1913,364,62.5     
"NV",1913,365,31015.28 
"NV",1913,367,23738.05 
"NV",1913,368,13917.39 
"NV",1913,369,52191.95 
"NV",1913,398,9929.46  
"NV",1913,399,3230.05  
"NV",1913,401,19000    
"NV",1913,412,116221.73
"NV",1913,415,634545.56
"NV",1914,311,7939.41  
"NV",1914,313,139151.06
"NV",1914,314,228873.48
"NV",1914,316,18360.35 
"NV",1914,321,19373.95 
"NV",1914,322,49359.12 
"NV",1914,323,288      
"NV",1914,325,150      
"NV",1914,331,205.29   
"NV",1914,334,6450.86  
"NV",1914,336,14787.28 
"NV",1914,337,20905.45 
"NV",1914,341,15311.95 
"NV",1914,343,84051.81 
"NV",1914,345,1270.98  
"NV",1914,350,4726.83  
"NV",1914,351,37201.15 
"NV",1914,356,11552.91 
"NV",1914,362,21485.98 
"NV",1914,363,83793.99 
"NV",1914,364,2141.18  
"NV",1914,365,30354.53 
"NV",1914,367,51842    
"NV",1914,368,7005.7   
"NV",1914,369,28781.25 
"NV",1914,398,2805     
"NV",1914,399,32419.37 
"NV",1914,401,34000    
"NV",1914,415,98693.33 
"NV",1915,310,50       
"NV",1915,311,233541.92
"NV",1915,313,191551.92
"NV",1915,314,3771.86  
"NV",1915,316,19796.82 
"NV",1915,321,22413.74 
"NV",1915,322,52924.64 
"NV",1915,323,405.2    
"NV",1915,324,1885.45  
"NV",1915,325,150      
"NV",1915,331,139.21   
"NV",1915,334,6370.97  
"NV",1915,336,20558.34 
"NV",1915,337,24714.21 
"NV",1915,341,25493.05 
"NV",1915,343,80079.25 
"NV",1915,345,934.41   
"NV",1915,350,8823.46  
"NV",1915,351,50432.63 
"NV",1915,356,4344.76  
"NV",1915,361,72080.26 
"NV",1915,362,27156.5  
"NV",1915,363,87230.01 
"NV",1915,364,2010.41  
"NV",1915,365,47913.98 
"NV",1915,367,41449.77 
"NV",1915,368,6635.05  
"NV",1915,369,53954.14 
"NV",1915,380,9250.01  
"NV",1915,398,13771.29 
"NV",1915,399,101930.02
"NV",1915,401,34000    
"NV",1915,415,23000    
"NV",1915,420,15774.43 
"NV",1916,310,1906.15  
"NV",1916,311,255920.67
"NV",1916,313,191096.43
"NV",1916,314,2910.16  
"NV",1916,316,19726.24 
"NV",1916,321,24074.85 
"NV",1916,322,53315.42 
"NV",1916,323,253.6    
"NV",1916,324,2712.74  
"NV",1916,325,126.4    
"NV",1916,331,18322.42 
"NV",1916,334,4852.92  
"NV",1916,336,19761.7  
"NV",1916,337,18468.45 
"NV",1916,341,8042.13  
"NV",1916,342,2933.4   
"NV",1916,343,78203.14 
"NV",1916,345,6317.85  
"NV",1916,350,12770.97 
"NV",1916,351,54430.18 
"NV",1916,356,2473.41  
"NV",1916,361,106.15   
"NV",1916,362,26798.55 
"NV",1916,363,84014.1  
"NV",1916,364,889.22   
"NV",1916,365,38199.16 
"NV",1916,367,19658.43 
"NV",1916,368,1985.39  
"NV",1916,369,42000.04 
"NV",1916,380,10005.56 
"NV",1916,381,2688.29  
"NV",1916,398,2700     
"NV",1916,399,14669.75 
"NV",1916,401,51000    
"NV",1916,415,390621.47
"NV",1916,420,17556.81 
"NV",1917,310,543.13   
"NV",1917,311,283968.68
"NV",1917,313,211111.07
"NV",1917,314,6082.54  
"NV",1917,315,2000     
"NV",1917,316,14345.97 
"NV",1917,321,27658.61 
"NV",1917,322,63177.59 
"NV",1917,324,2014.56  
"NV",1917,331,44376.73 
"NV",1917,334,16225.11 
"NV",1917,336,28391.1  
"NV",1917,337,19436.18 
"NV",1917,341,23351.83 
"NV",1917,342,617.72   
"NV",1917,343,82648.48 
"NV",1917,345,15897.84 
"NV",1917,350,56111.78 
"NV",1917,351,65028.25 
"NV",1917,352,24.8     
"NV",1917,353,2186.17  
"NV",1917,356,27249.94 
"NV",1917,361,54328.56 
"NV",1917,362,24142.63 
"NV",1917,363,43754.22 
"NV",1917,365,36049.07 
"NV",1917,367,39018.16 
"NV",1917,368,1184.49  
"NV",1917,369,44496.53 
"NV",1917,380,11622.14 
"NV",1917,390,1051.82  
"NV",1917,398,4243.71  
"NV",1917,399,6442.12  
"NV",1917,401,17340.13 
"NV",1917,412,50000    
"NV",1917,415,396118.76
"NV",1917,420,20267.08 
