"NJ",1843,1,116877.05   
"NJ",1847,1,175938.03   
"NJ",1849,1,101690.82   
"NJ",1851,1,169166.2    
"NJ",1852,1,171683.34   
"NJ",1853,1,151877.75   
"NJ",1854,1,174639.98   
"NJ",1855,1,218272.17   
"NJ",1856,1,181347.39   
"NJ",1857,1,238834.72   
"NJ",1859,1,207737.67   
"NJ",1860,1,228498.64   
"NJ",1861,1,246439.59   
"NJ",1862,1,263922.02   
"NJ",1863,1,254345.53   
"NJ",1864,1,431028.32   
"NJ",1865,1,456038.72   
"NJ",1866,1,398202.09   
"NJ",1868,1,514722.03   
"NJ",1870,1,628543.78   
"NJ",1871,1,868832.81   
"NJ",1872,1,780053.21   
"NJ",1873,1,1218134.84  
"NJ",1874,1,1707141.68  
"NJ",1876,1,1588118.04  
"NJ",1877,1,1664428.68  
"NJ",1878,1,1741233.5   
"NJ",1879,1,1281011.25  
"NJ",1880,1,1107285     
"NJ",1881,1,950350.09   
"NJ",1882,1,1173525.47  
"NJ",1883,1,1543351.72  
"NJ",1884,1,1065953.33  
"NJ",1885,1,1272771.42  
"NJ",1886,1,1307088.46  
"NJ",1887,1,1772081.73  
"NJ",1888,1,1504124.26  
"NJ",1889,1,1512061.42  
"NJ",1890,1,1830907.12  
"NJ",1891,1,2231104.54  
"NJ",1892,1,1915937.89  
"NJ",1893,1,1962319.8   
"NJ",1894,1,2193073.01  
"NJ",1895,1,2175931.83  
"NJ",1896,1,2218532.88  
"NJ",1897,1,2463777.88  
"NJ",1898,1,2723755.66  
"NJ",1899,1,3401331.95  
"NJ",1900,1,3827915.1   
"NJ",1901,1,4029614.04  
"NJ",1902,1,4518308.01  
"NJ",1903,1,4901730.69  
"NJ",1904,1,4791099.31  
"NJ",1905,1,4966585.94  
"NJ",1906,1,4562967.32  
"NJ",1907,1,4602099.83  
"NJ",1908,1,9976372.27  
"NJ",1909,1,8637221.57  
"NJ",1910,1,8534969.28  
"NJ",1911,1,8917795.03  
"NJ",1912,1,9657365.86  
"NJ",1913,1,9798590.81  
"NJ",1914,1,10192845.08 
"NJ",1915,1,12063722.61 
"NJ",1916,1,12816720.77 
                        
"NJ",1843,14,37382.88   
"NJ",1843,18,417        
"NJ",1843,19,40000      
"NJ",1843,22,400        
"NJ",1843,29,38677.17   
"NJ",1847,14,63039.58   
"NJ",1847,18,1685       
"NJ",1847,19,42680.31   
"NJ",1847,29,68533.14   
"NJ",1849,14,72798.56   
"NJ",1849,18,479        
"NJ",1849,22,142.5      
"NJ",1849,26,61.98      
"NJ",1849,29,28208.78   
"NJ",1851,14,99363.2    
"NJ",1851,18,1073       
"NJ",1851,26,10         
"NJ",1851,29,68720      
"NJ",1852,14,107283.43  
"NJ",1852,18,1053       
"NJ",1852,22,673.66     
"NJ",1852,26,2904.42    
"NJ",1852,29,59768.83   
"NJ",1853,14,120356     
"NJ",1853,18,1325       
"NJ",1853,26,1725.92    
"NJ",1853,29,28470.83   
"NJ",1854,14,142948.42  
"NJ",1854,18,1285.16    
"NJ",1854,26,1471.54    
"NJ",1854,29,28934.86   
"NJ",1855,14,149299.83  
"NJ",1855,18,1496       
"NJ",1855,22,40         
"NJ",1855,26,1262.32    
"NJ",1855,29,66174.02   
"NJ",1856,14,160173.95  
"NJ",1856,18,1214       
"NJ",1856,22,344        
"NJ",1856,26,100.8      
"NJ",1856,29,19514.64   
"NJ",1857,14,178651.93  
"NJ",1857,18,1295       
"NJ",1857,22,1452.39    
"NJ",1857,29,57435.4    
"NJ",1859,14,173119.17  
"NJ",1859,18,1756       
"NJ",1859,21,4240       
"NJ",1859,22,362.5      
"NJ",1859,25,800        
"NJ",1859,29,27460      
"NJ",1860,14,196796.06  
"NJ",1860,18,1210.58    
"NJ",1860,21,2779       
"NJ",1860,25,800        
"NJ",1860,26,135        
"NJ",1860,29,26778      
"NJ",1861,14,160300.06  
"NJ",1861,18,558        
"NJ",1861,21,1872       
"NJ",1861,22,967.6      
"NJ",1861,26,315        
"NJ",1861,29,82426.93   
"NJ",1862,14,236632.71  
"NJ",1862,18,718.81     
"NJ",1862,21,1074       
"NJ",1862,22,837.5      
"NJ",1862,23,1600       
"NJ",1862,26,281        
"NJ",1862,29,22778      
"NJ",1863,14,227517.55  
"NJ",1863,18,710        
"NJ",1863,21,1986       
"NJ",1863,22,932.18     
"NJ",1863,26,639        
"NJ",1863,29,22560.8    
"NJ",1864,14,301652.42  
"NJ",1864,18,616        
"NJ",1864,19,100000     
"NJ",1864,21,4862       
"NJ",1864,22,545.5      
"NJ",1864,26,680        
"NJ",1864,29,22672.4    
"NJ",1865,14,418282.32  
"NJ",1865,18,1189       
"NJ",1865,21,4199.6     
"NJ",1865,22,2792       
"NJ",1865,26,410        
"NJ",1865,29,29165.8    
"NJ",1866,14,257882.04  
"NJ",1866,18,1939       
"NJ",1866,21,7872       
"NJ",1866,22,4235.16    
"NJ",1866,25,3200       
"NJ",1866,26,415        
"NJ",1866,29,122658.89  
"NJ",1868,14,382996.27  
"NJ",1868,22,23529.95   
"NJ",1868,26,3884       
"NJ",1868,29,104311.81  
"NJ",1870,14,440855.73  
"NJ",1870,18,819.6      
"NJ",1870,19,10000      
"NJ",1870,21,9367.5     
"NJ",1870,22,95         
"NJ",1870,25,76500      
"NJ",1870,26,416        
"NJ",1870,29,90489.95   
"NJ",1871,14,510111.82  
"NJ",1871,19,189976.79  
"NJ",1871,22,22305.37   
"NJ",1871,23,56264.05   
"NJ",1871,26,455        
"NJ",1871,29,89719.78   
"NJ",1872,14,484293.19  
"NJ",1872,19,174025.42  
"NJ",1872,22,22018.1    
"NJ",1872,26,715        
"NJ",1872,29,99001.5    
"NJ",1873,14,493704.07  
"NJ",1873,19,216873.54  
"NJ",1873,22,20862.23   
"NJ",1873,26,435        
"NJ",1873,29,486260     
"NJ",1874,14,574982.6   
"NJ",1874,19,618863.69  
"NJ",1874,22,23102.73   
"NJ",1874,26,600        
"NJ",1874,29,489592.66  
"NJ",1876,14,585558.35  
"NJ",1876,19,664580.18  
"NJ",1876,22,11959.14   
"NJ",1876,25,182.8      
"NJ",1876,26,545.92     
"NJ",1876,29,325291.65  
"NJ",1877,14,599842.63  
"NJ",1877,19,674636.87  
"NJ",1877,21,105        
"NJ",1877,22,359.67     
"NJ",1877,26,847.23     
"NJ",1877,29,388637.28  
"NJ",1878,14,667098.42  
"NJ",1878,18,2463.14    
"NJ",1878,19,859249.81  
"NJ",1878,22,6871.9     
"NJ",1878,25,370        
"NJ",1878,26,91.19      
"NJ",1878,29,205089.04  
"NJ",1879,14,577185.77  
"NJ",1879,18,5485.48    
"NJ",1879,19,585799.16  
"NJ",1879,22,1058.35    
"NJ",1879,29,111482.49  
"NJ",1880,14,699013.46  
"NJ",1880,18,2424.75    
"NJ",1880,19,255958.61  
"NJ",1880,22,818.97     
"NJ",1880,25,352.14     
"NJ",1880,26,6015.75    
"NJ",1880,29,142701.32  
"NJ",1881,14,646025.93  
"NJ",1881,18,615        
"NJ",1881,19,120564.2   
"NJ",1881,22,23741.54   
"NJ",1881,29,159403.42  
"NJ",1882,14,673455.24  
"NJ",1882,21,50         
"NJ",1882,22,40913.06   
"NJ",1882,26,1939.39    
"NJ",1882,29,457167.78  
"NJ",1883,14,707983.76  
"NJ",1883,19,495549.22  
"NJ",1883,21,50         
"NJ",1883,22,50606.8    
"NJ",1883,26,1300       
"NJ",1883,29,287861.94  
"NJ",1884,14,858025.6   
"NJ",1884,19,10000      
"NJ",1884,21,125        
"NJ",1884,22,34899.77   
"NJ",1884,26,792.1      
"NJ",1884,29,162110.86  
"NJ",1885,14,994969.99  
"NJ",1885,19,21902      
"NJ",1885,21,50         
"NJ",1885,22,39108.78   
"NJ",1885,23,5317.08    
"NJ",1885,26,1630.72    
"NJ",1885,29,209792.85  
"NJ",1886,14,925705.85  
"NJ",1886,21,75         
"NJ",1886,22,34444.71   
"NJ",1886,23,790.3      
"NJ",1886,26,3891.34    
"NJ",1886,29,342181.26  
"NJ",1887,14,1280138.29 
"NJ",1887,21,100        
"NJ",1887,22,37835.51   
"NJ",1887,26,2708.09    
"NJ",1887,29,451299.84  
"NJ",1888,14,1234751.13 
"NJ",1888,22,34138.21   
"NJ",1888,26,772.66     
"NJ",1888,29,234462.26  
"NJ",1889,14,1210942.3  
"NJ",1889,22,33025.16   
"NJ",1889,26,21635.04   
"NJ",1889,29,246458.92  
"NJ",1890,14,1447398.8  
"NJ",1890,21,25         
"NJ",1890,22,36148.65   
"NJ",1890,26,36117.55   
"NJ",1890,29,311217.12  
"NJ",1891,14,1452409.58 
"NJ",1891,22,149066.03  
"NJ",1891,23,382614.83  
"NJ",1891,26,96339.32   
"NJ",1891,29,150674.78  
"NJ",1892,12,21598.8    
"NJ",1892,14,1534536.76 
"NJ",1892,21,50         
"NJ",1892,22,169098.94  
"NJ",1892,26,71848.85   
"NJ",1892,29,118804.54  
"NJ",1893,12,44247.94   
"NJ",1893,14,1602986.49 
"NJ",1893,21,50         
"NJ",1893,22,185230.43  
"NJ",1893,26,36349.45   
"NJ",1893,29,93455.49   
"NJ",1894,12,204695.15  
"NJ",1894,14,1767432.8  
"NJ",1894,18,25         
"NJ",1894,21,25         
"NJ",1894,22,125770.75  
"NJ",1894,26,6162.76    
"NJ",1894,29,88961.55   
"NJ",1895,12,121339.35  
"NJ",1895,14,1802299.34 
"NJ",1895,21,100        
"NJ",1895,22,134681.8   
"NJ",1895,26,5322.7     
"NJ",1895,29,112188.64  
"NJ",1896,12,82247.47   
"NJ",1896,14,1787639.29 
"NJ",1896,21,125        
"NJ",1896,22,176755.94  
"NJ",1896,26,7186.85    
"NJ",1896,29,164578.33  
"NJ",1897,12,113832.43  
"NJ",1897,14,1822538.56 
"NJ",1897,21,80         
"NJ",1897,22,227023.02  
"NJ",1897,26,3734.77    
"NJ",1897,29,296569.1   
"NJ",1898,12,112932.39  
"NJ",1898,14,1990487.86 
"NJ",1898,21,75         
"NJ",1898,22,281864.32  
"NJ",1898,26,4056.63    
"NJ",1898,29,334339.46  
"NJ",1899,12,85520.68   
"NJ",1899,14,2136139.71 
"NJ",1899,21,25         
"NJ",1899,22,855803.93  
"NJ",1899,23,15371.77   
"NJ",1899,26,6467.89    
"NJ",1899,29,302002.97  
"NJ",1900,12,177074.54  
"NJ",1900,14,2668245.32 
"NJ",1900,22,517179.7   
"NJ",1900,23,120018.23  
"NJ",1900,26,29154.41   
"NJ",1900,29,316242.9   
"NJ",1901,12,163740.62  
"NJ",1901,14,2797056.71 
"NJ",1901,22,761464.43  
"NJ",1901,23,9827.8     
"NJ",1901,26,19058.38   
"NJ",1901,29,278466.1   
"NJ",1902,12,149576.74  
"NJ",1902,14,3197791.87 
"NJ",1902,22,716740.8   
"NJ",1902,23,47593.69   
"NJ",1902,26,32270.06   
"NJ",1902,29,374334.85  
"NJ",1903,12,138931.86  
"NJ",1903,14,3444314.72 
"NJ",1903,21,125        
"NJ",1903,22,468560     
"NJ",1903,25,5.4        
"NJ",1903,26,32152.04   
"NJ",1903,29,817641.67  
"NJ",1904,12,438635.13  
"NJ",1904,14,3603051.15 
"NJ",1904,18,25         
"NJ",1904,21,25         
"NJ",1904,22,270150.36  
"NJ",1904,23,84548.21   
"NJ",1904,26,29627.23   
"NJ",1904,29,365037.23  
"NJ",1905,12,202667.87  
"NJ",1905,14,3762202.09 
"NJ",1905,21,75         
"NJ",1905,22,127438.5   
"NJ",1905,26,332547.14  
"NJ",1905,29,541655.34  
"NJ",1906,12,200780.3   
"NJ",1906,14,3614022.61 
"NJ",1906,18,1391.18    
"NJ",1906,22,130629.92  
"NJ",1906,26,269470.69  
"NJ",1906,29,346672.62  
"NJ",1907,12,241480.6   
"NJ",1907,14,3593470.52 
"NJ",1907,18,825        
"NJ",1907,21,50         
"NJ",1907,22,135818.42  
"NJ",1907,26,249989.3   
"NJ",1907,29,380465.99  
"NJ",1908,12,247396     
"NJ",1908,14,8563993.91 
"NJ",1908,18,350        
"NJ",1908,21,25         
"NJ",1908,22,146730.42  
"NJ",1908,26,671676.44  
"NJ",1908,29,346200.5   
"NJ",1909,12,569449.67  
"NJ",1909,14,6596834.21 
"NJ",1909,18,125        
"NJ",1909,22,373788.14  
"NJ",1909,26,687281.9   
"NJ",1909,29,409742.65  
"NJ",1910,12,658641.68  
"NJ",1910,14,6553346.14 
"NJ",1910,18,700        
"NJ",1910,22,358580.49  
"NJ",1910,26,715085.76  
"NJ",1910,29,248615.21  
"NJ",1911,12,745777.16  
"NJ",1911,14,6814893.19 
"NJ",1911,18,675        
"NJ",1911,22,353554.05  
"NJ",1911,26,760377.86  
"NJ",1911,29,242517.77  
"NJ",1912,12,903190.89  
"NJ",1912,14,7307600.56 
"NJ",1912,18,550        
"NJ",1912,22,411884.9   
"NJ",1912,26,789259.53  
"NJ",1912,29,244879.98  
"NJ",1913,12,747717.14  
"NJ",1913,14,7522453.81 
"NJ",1913,18,550        
"NJ",1913,22,391885.95  
"NJ",1913,25,75         
"NJ",1913,26,858733.11  
"NJ",1913,29,277175.8   
"NJ",1914,12,1090298.78 
"NJ",1914,14,7544710.49 
"NJ",1914,18,925        
"NJ",1914,22,353795.1   
"NJ",1914,26,970727.28  
"NJ",1914,29,232388.43  
"NJ",1915,12,2781348.5  
"NJ",1915,14,7805629.71 
"NJ",1915,18,900        
"NJ",1915,22,325108.6   
"NJ",1915,26,920787.02  
"NJ",1915,29,229948.78  
"NJ",1916,12,3331909.59 
"NJ",1916,14,7804785.61 
"NJ",1916,18,950        
"NJ",1916,22,350683.23  
"NJ",1916,25,638.64     
"NJ",1916,26,1011097.27 
"NJ",1916,29,316656.43  
                        
"NJ",1843,140,1250      
"NJ",1843,147,36132.88  
"NJ",1843,181,417       
"NJ",1843,190,40000     
"NJ",1843,220,400       
"NJ",1843,291,1020      
"NJ",1843,292,12000     
"NJ",1843,293,10000     
"NJ",1843,294,14657.17  
"NJ",1843,296,1000      
"NJ",1847,140,5250      
"NJ",1847,143,67.99     
"NJ",1847,147,57721.59  
"NJ",1847,180,475       
"NJ",1847,181,1210      
"NJ",1847,190,42680.31  
"NJ",1847,291,809.18    
"NJ",1847,292,24084.44  
"NJ",1847,293,42000     
"NJ",1847,296,1639.52   
"NJ",1849,140,6500      
"NJ",1849,147,66298.56  
"NJ",1849,181,479       
"NJ",1849,220,142.5     
"NJ",1849,264,61.98     
"NJ",1849,291,1458.78   
"NJ",1849,293,22000     
"NJ",1849,296,4750      
"NJ",1851,140,12665     
"NJ",1851,147,86698.2   
"NJ",1851,181,1073      
"NJ",1851,262,10        
"NJ",1851,291,3720      
"NJ",1851,292,30000     
"NJ",1851,293,30000     
"NJ",1851,296,5000      
"NJ",1852,140,12860.78  
"NJ",1852,143,88.51     
"NJ",1852,147,94334.14  
"NJ",1852,181,1053      
"NJ",1852,220,673.66    
"NJ",1852,262,2904.42   
"NJ",1852,291,3984.38   
"NJ",1852,292,20784.45  
"NJ",1852,293,30000     
"NJ",1852,296,5000      
"NJ",1853,140,13159.6   
"NJ",1853,143,23.4      
"NJ",1853,147,107173    
"NJ",1853,181,1325      
"NJ",1853,262,1038.28   
"NJ",1853,264,687.64    
"NJ",1853,291,2470.83   
"NJ",1853,292,21000     
"NJ",1853,296,5000      
"NJ",1854,140,15520.45  
"NJ",1854,147,127427.97 
"NJ",1854,181,1285.16   
"NJ",1854,264,1471.54   
"NJ",1854,290,156.86    
"NJ",1854,291,2778      
"NJ",1854,292,24000     
"NJ",1854,296,2000      
"NJ",1855,140,33910.75  
"NJ",1855,143,41.62     
"NJ",1855,147,115347.46 
"NJ",1855,181,1496      
"NJ",1855,220,40        
"NJ",1855,262,1262.32   
"NJ",1855,291,4379.02   
"NJ",1855,292,30000     
"NJ",1855,293,30000     
"NJ",1855,294,1795      
"NJ",1856,140,39557.17  
"NJ",1856,147,120616.78 
"NJ",1856,181,1214      
"NJ",1856,220,344       
"NJ",1856,262,100.8     
"NJ",1856,291,3014.64   
"NJ",1856,292,16500     
"NJ",1857,140,54147.07  
"NJ",1857,147,124504.86 
"NJ",1857,181,1295      
"NJ",1857,220,1452.39   
"NJ",1857,291,2243.55   
"NJ",1857,292,55191.85  
"NJ",1859,140,47032.02  
"NJ",1859,147,126087.15 
"NJ",1859,181,1756      
"NJ",1859,210,4240      
"NJ",1859,220,362.5     
"NJ",1859,253,800       
"NJ",1859,290,682       
"NJ",1859,291,2778      
"NJ",1859,292,24000     
"NJ",1860,140,44488.19  
"NJ",1860,147,152307.87 
"NJ",1860,181,1210.58   
"NJ",1860,210,2779      
"NJ",1860,253,800       
"NJ",1860,269,135       
"NJ",1860,291,2778      
"NJ",1860,292,24000     
"NJ",1861,140,32058.17  
"NJ",1861,147,128241.89 
"NJ",1861,181,558       
"NJ",1861,210,1872      
"NJ",1861,220,967.6     
"NJ",1861,269,315       
"NJ",1861,290,164       
"NJ",1861,291,3128.18   
"NJ",1861,292,23475     
"NJ",1861,299,55659.75  
"NJ",1862,140,51199.54  
"NJ",1862,147,185433.17 
"NJ",1862,181,718.81    
"NJ",1862,210,1074      
"NJ",1862,220,837.5     
"NJ",1862,235,1600      
"NJ",1862,269,281       
"NJ",1862,291,2778      
"NJ",1862,292,20000     
"NJ",1863,140,23230.12  
"NJ",1863,147,204287.43 
"NJ",1863,181,710       
"NJ",1863,210,1986      
"NJ",1863,220,932.18    
"NJ",1863,269,639       
"NJ",1863,291,2560.8    
"NJ",1863,292,20000     
"NJ",1864,140,50956.38  
"NJ",1864,147,250696.04 
"NJ",1864,181,616       
"NJ",1864,190,100000    
"NJ",1864,210,4862      
"NJ",1864,220,545.5     
"NJ",1864,269,680       
"NJ",1864,291,2672.4    
"NJ",1864,292,20000     
"NJ",1865,141,110908.01 
"NJ",1865,147,307374.31 
"NJ",1865,180,1189      
"NJ",1865,210,4199.6    
"NJ",1865,220,2792      
"NJ",1865,269,410       
"NJ",1865,292,29165.8   
"NJ",1866,141,4260.71   
"NJ",1866,147,253621.33 
"NJ",1866,180,1939      
"NJ",1866,210,7872      
"NJ",1866,220,4215.16   
"NJ",1866,223,20        
"NJ",1866,253,3200      
"NJ",1866,269,415       
"NJ",1866,292,122658.89 
"NJ",1868,141,113382.81 
"NJ",1868,147,269613.46 
"NJ",1868,220,23529.95  
"NJ",1868,264,3424      
"NJ",1868,269,460       
"NJ",1868,292,104311.81 
"NJ",1870,140,308947.9  
"NJ",1870,141,131565.69 
"NJ",1870,143,342.14    
"NJ",1870,180,123.6     
"NJ",1870,181,696       
"NJ",1870,190,10000     
"NJ",1870,210,9367.5    
"NJ",1870,220,95        
"NJ",1870,253,76500     
"NJ",1870,269,416       
"NJ",1870,290,655.85    
"NJ",1870,291,38564.1   
"NJ",1870,292,51270     
"NJ",1871,140,298128.96 
"NJ",1871,141,211982.86 
"NJ",1871,190,189976.79 
"NJ",1871,220,22305.37  
"NJ",1871,235,56264.05  
"NJ",1871,269,455       
"NJ",1871,290,81.21     
"NJ",1871,292,89413.64  
"NJ",1871,294,224.93    
"NJ",1872,140,298129.05 
"NJ",1872,141,186164.14 
"NJ",1872,190,174025.42 
"NJ",1872,220,22018.1   
"NJ",1872,269,715       
"NJ",1872,292,79001.5   
"NJ",1872,296,20000     
"NJ",1873,140,298128.96 
"NJ",1873,141,195575.11 
"NJ",1873,190,216873.54 
"NJ",1873,220,20862.23  
"NJ",1873,269,435       
"NJ",1873,292,406260    
"NJ",1873,293,50000     
"NJ",1873,296,30000     
"NJ",1874,140,298128.96 
"NJ",1874,141,276753.64 
"NJ",1874,147,100       
"NJ",1874,190,618863.69 
"NJ",1874,220,23102.73  
"NJ",1874,269,600       
"NJ",1874,292,459592.66 
"NJ",1874,296,30000     
"NJ",1876,140,298128.96 
"NJ",1876,141,286979.39 
"NJ",1876,142,350       
"NJ",1876,147,100       
"NJ",1876,190,664580.18 
"NJ",1876,220,11959.14  
"NJ",1876,252,182.8     
"NJ",1876,261,20.92     
"NJ",1876,269,525       
"NJ",1876,292,31010     
"NJ",1876,293,260000    
"NJ",1876,296,34206.65  
"NJ",1876,298,75        
"NJ",1877,140,298128.96 
"NJ",1877,141,301363.67 
"NJ",1877,142,350       
"NJ",1877,190,674636.87 
"NJ",1877,210,105       
"NJ",1877,220,359.67    
"NJ",1877,269,847.23    
"NJ",1877,290,1950      
"NJ",1877,292,31010     
"NJ",1877,293,270000    
"NJ",1877,296,65793.95  
"NJ",1877,299,19883.33  
"NJ",1878,140,298128.96 
"NJ",1878,141,368619.46 
"NJ",1878,142,350       
"NJ",1878,180,2463.14   
"NJ",1878,190,859249.81 
"NJ",1878,220,6871.9    
"NJ",1878,252,370       
"NJ",1878,269,91.19     
"NJ",1878,290,2857.25   
"NJ",1878,292,31010     
"NJ",1878,293,100000    
"NJ",1878,296,71221.79  
"NJ",1879,140,298229    
"NJ",1879,141,278556.77 
"NJ",1879,142,400       
"NJ",1879,180,5485.48   
"NJ",1879,190,585799.16 
"NJ",1879,220,1058.35   
"NJ",1879,290,2271      
"NJ",1879,292,31010     
"NJ",1879,293,17889     
"NJ",1879,294,2850      
"NJ",1879,296,51462.49  
"NJ",1879,299,6000      
"NJ",1880,140,298219    
"NJ",1880,141,397346.82 
"NJ",1880,142,3147.64   
"NJ",1880,147,300       
"NJ",1880,180,2424.75   
"NJ",1880,190,255958.61 
"NJ",1880,220,478.16    
"NJ",1880,221,340.81    
"NJ",1880,252,352.14    
"NJ",1880,263,6015.75   
"NJ",1880,290,913       
"NJ",1880,292,41030     
"NJ",1880,293,28801.76  
"NJ",1880,296,71946.56  
"NJ",1880,298,10        
"NJ",1881,140,301140.8  
"NJ",1881,141,344435.13 
"NJ",1881,142,450       
"NJ",1881,180,615       
"NJ",1881,190,120564.2  
"NJ",1881,220,629.5     
"NJ",1881,221,20318.21  
"NJ",1881,223,2793.83   
"NJ",1881,290,880       
"NJ",1881,292,30310     
"NJ",1881,293,71602.22  
"NJ",1881,296,56611.2   
"NJ",1882,140,301650.94 
"NJ",1882,141,371154.3  
"NJ",1882,142,550       
"NJ",1882,147,100       
"NJ",1882,210,50        
"NJ",1882,220,4039.13   
"NJ",1882,221,17594.12  
"NJ",1882,223,19279.81  
"NJ",1882,263,1439.39   
"NJ",1882,269,500       
"NJ",1882,290,825       
"NJ",1882,292,30310     
"NJ",1882,293,350000    
"NJ",1882,296,76032.78  
"NJ",1883,140,5103.31   
"NJ",1883,141,702880.45 
"NJ",1883,190,495549.22 
"NJ",1883,210,50        
"NJ",1883,220,18934.75  
"NJ",1883,221,19104.45  
"NJ",1883,223,12567.6   
"NJ",1883,263,1300      
"NJ",1883,290,1212.49   
"NJ",1883,292,53590     
"NJ",1883,293,160000    
"NJ",1883,296,73059.45  
"NJ",1884,140,417701.58 
"NJ",1884,141,439724.02 
"NJ",1884,142,600       
"NJ",1884,190,10000     
"NJ",1884,210,125       
"NJ",1884,220,1595.09   
"NJ",1884,221,18779.48  
"NJ",1884,223,14525.2   
"NJ",1884,261,157.1     
"NJ",1884,269,635       
"NJ",1884,290,550       
"NJ",1884,292,28870     
"NJ",1884,293,50000     
"NJ",1884,294,15000     
"NJ",1884,296,67690.86  
"NJ",1885,140,157651.22 
"NJ",1885,141,836693.77 
"NJ",1885,142,625       
"NJ",1885,190,21902     
"NJ",1885,210,50        
"NJ",1885,220,6650.75   
"NJ",1885,221,18643.36  
"NJ",1885,223,13814.67  
"NJ",1885,235,5317.08   
"NJ",1885,260,500       
"NJ",1885,261,615.72    
"NJ",1885,269,515       
"NJ",1885,290,23189.5   
"NJ",1885,292,28870     
"NJ",1885,293,100000    
"NJ",1885,296,57733.35  
"NJ",1886,140,146765.46 
"NJ",1886,141,778290.39 
"NJ",1886,142,650       
"NJ",1886,210,75        
"NJ",1886,220,3037.12   
"NJ",1886,221,16606.27  
"NJ",1886,223,14801.32  
"NJ",1886,235,790.3     
"NJ",1886,261,398.71    
"NJ",1886,264,2996.63   
"NJ",1886,269,496       
"NJ",1886,290,1020.35   
"NJ",1886,292,28870     
"NJ",1886,293,250000    
"NJ",1886,296,62290.91  
"NJ",1887,140,196026.05 
"NJ",1887,141,1083437.24
"NJ",1887,142,675       
"NJ",1887,210,100       
"NJ",1887,220,8742.25   
"NJ",1887,221,14969.95  
"NJ",1887,223,14123.31  
"NJ",1887,261,244.4     
"NJ",1887,264,1904.64   
"NJ",1887,269,559.05    
"NJ",1887,290,275       
"NJ",1887,292,28870     
"NJ",1887,293,200000    
"NJ",1887,296,72154.84  
"NJ",1887,299,150000    
"NJ",1888,140,253787.27 
"NJ",1888,141,980263.86 
"NJ",1888,142,700       
"NJ",1888,220,3450      
"NJ",1888,221,13450.55  
"NJ",1888,223,17237.66  
"NJ",1888,261,160.17    
"NJ",1888,265,30.74     
"NJ",1888,269,581.75    
"NJ",1888,290,7318.45   
"NJ",1888,292,19703.33  
"NJ",1888,293,150000    
"NJ",1888,296,57440.48  
"NJ",1889,140,271676.71 
"NJ",1889,141,938515.59 
"NJ",1889,142,750       
"NJ",1889,220,1197.5    
"NJ",1889,221,13597.11  
"NJ",1889,223,18230.55  
"NJ",1889,260,42.06     
"NJ",1889,261,33.03     
"NJ",1889,262,18772.33  
"NJ",1889,264,1167.62   
"NJ",1889,265,1200      
"NJ",1889,269,420       
"NJ",1889,290,412.5     
"NJ",1889,292,18870     
"NJ",1889,293,162000    
"NJ",1889,294,167.7     
"NJ",1889,296,65008.72  
"NJ",1890,140,396947.6  
"NJ",1890,141,1050451.2 
"NJ",1890,210,25        
"NJ",1890,220,1675      
"NJ",1890,221,12648     
"NJ",1890,223,21825.65  
"NJ",1890,262,31233.32  
"NJ",1890,264,3634.23   
"NJ",1890,265,600       
"NJ",1890,269,650       
"NJ",1890,290,235662.5  
"NJ",1890,292,18870     
"NJ",1890,294,150       
"NJ",1890,296,56534.62  
"NJ",1891,140,403474.48 
"NJ",1891,141,1047285.1 
"NJ",1891,142,1650      
"NJ",1891,220,2112.5    
"NJ",1891,221,24952.64  
"NJ",1891,223,122000.89 
"NJ",1891,235,382614.83 
"NJ",1891,262,28690.77  
"NJ",1891,264,4879.09   
"NJ",1891,265,60160.22  
"NJ",1891,269,2609.24   
"NJ",1891,290,127.47    
"NJ",1891,292,18870     
"NJ",1891,293,50000     
"NJ",1891,294,1051      
"NJ",1891,296,80626.31  
"NJ",1892,122,21598.8   
"NJ",1892,140,464977.57 
"NJ",1892,141,1068659.19
"NJ",1892,142,900       
"NJ",1892,210,50        
"NJ",1892,220,870       
"NJ",1892,221,15691.12  
"NJ",1892,223,152537.82 
"NJ",1892,262,464.91    
"NJ",1892,264,14770.15  
"NJ",1892,265,54987.54  
"NJ",1892,269,1626.25   
"NJ",1892,290,275       
"NJ",1892,292,18870     
"NJ",1892,293,23400     
"NJ",1892,296,76259.54  
"NJ",1893,122,44247.94  
"NJ",1893,140,535612.26 
"NJ",1893,141,1066374.23
"NJ",1893,142,1000      
"NJ",1893,210,50        
"NJ",1893,220,2203.33   
"NJ",1893,221,19114.18  
"NJ",1893,223,163912.92 
"NJ",1893,262,83.33     
"NJ",1893,265,32252.39  
"NJ",1893,267,2529.32   
"NJ",1893,268,220.56    
"NJ",1893,269,1263.85   
"NJ",1893,290,427.26    
"NJ",1893,292,18870     
"NJ",1893,293,10000     
"NJ",1893,296,64158.23  
"NJ",1894,122,204695.15 
"NJ",1894,140,669849.83 
"NJ",1894,141,1096582.97
"NJ",1894,142,1000      
"NJ",1894,180,25        
"NJ",1894,210,25        
"NJ",1894,220,1200      
"NJ",1894,221,21006.39  
"NJ",1894,223,103564.36 
"NJ",1894,265,4174.13   
"NJ",1894,267,2.41      
"NJ",1894,268,261.22    
"NJ",1894,269,1725      
"NJ",1894,290,137.5     
"NJ",1894,292,18870     
"NJ",1894,293,20000     
"NJ",1894,296,49892.15  
"NJ",1894,298,61.9      
"NJ",1895,122,121339.35 
"NJ",1895,140,698342.36 
"NJ",1895,141,1103956.98
"NJ",1895,210,100       
"NJ",1895,221,31671.75  
"NJ",1895,223,103010.05 
"NJ",1895,265,1850      
"NJ",1895,268,297.57    
"NJ",1895,269,3175.13   
"NJ",1895,290,27.5      
"NJ",1895,292,18870     
"NJ",1895,293,40000     
"NJ",1895,296,53291.14  
"NJ",1896,122,82247.47  
"NJ",1896,140,706951.45 
"NJ",1896,141,1079687.84
"NJ",1896,142,1000      
"NJ",1896,210,125       
"NJ",1896,221,31334.7   
"NJ",1896,223,145421.24 
"NJ",1896,264,320       
"NJ",1896,265,3001.7    
"NJ",1896,268,289.85    
"NJ",1896,269,3575.3    
"NJ",1896,292,18870     
"NJ",1896,293,100000    
"NJ",1896,296,45708.33  
"NJ",1897,122,113832.43 
"NJ",1897,140,706041.69 
"NJ",1897,141,1115464.61
"NJ",1897,142,1032.26   
"NJ",1897,210,80        
"NJ",1897,221,28402.23  
"NJ",1897,223,198620.79 
"NJ",1897,261,38.75     
"NJ",1897,263,194.73    
"NJ",1897,265,1250      
"NJ",1897,268,304.75    
"NJ",1897,269,1946.54   
"NJ",1897,292,18870     
"NJ",1897,293,220000    
"NJ",1897,294,590       
"NJ",1897,296,57109.1   
"NJ",1898,122,112932.39 
"NJ",1898,140,829941.78 
"NJ",1898,141,1108345.15
"NJ",1898,142,52200.93  
"NJ",1898,210,75        
"NJ",1898,220,163544.47 
"NJ",1898,221,118314.65 
"NJ",1898,226,5.2       
"NJ",1898,265,1795      
"NJ",1898,268,315.77    
"NJ",1898,269,1945.86   
"NJ",1898,290,930.65    
"NJ",1898,292,18870     
"NJ",1898,293,227000    
"NJ",1898,296,87538.81  
"NJ",1899,122,85520.68  
"NJ",1899,140,968654.48 
"NJ",1899,141,1110775.71
"NJ",1899,142,56709.52  
"NJ",1899,210,25        
"NJ",1899,220,740340.74 
"NJ",1899,221,115438.19 
"NJ",1899,223,25        
"NJ",1899,235,15371.77  
"NJ",1899,265,3682.38   
"NJ",1899,268,318.24    
"NJ",1899,269,2467.27   
"NJ",1899,292,18870     
"NJ",1899,293,178000    
"NJ",1899,296,105093.97 
"NJ",1899,298,39        
"NJ",1900,122,177074.54 
"NJ",1900,140,1492719.7 
"NJ",1900,141,1112449.49
"NJ",1900,142,63076.13  
"NJ",1900,220,404429.94 
"NJ",1900,221,112624.76 
"NJ",1900,223,125       
"NJ",1900,235,120018.23 
"NJ",1900,265,4435.12   
"NJ",1900,268,316.89    
"NJ",1900,269,24402.4   
"NJ",1900,292,18870     
"NJ",1900,293,205500    
"NJ",1900,296,91872.9   
"NJ",1901,122,163740.62 
"NJ",1901,140,1630574.19
"NJ",1901,141,1097985.72
"NJ",1901,142,68496.8   
"NJ",1901,220,588319.3  
"NJ",1901,221,128821.06 
"NJ",1901,223,44324.07  
"NJ",1901,235,9827.8    
"NJ",1901,260,1         
"NJ",1901,265,15123.79  
"NJ",1901,268,356.88    
"NJ",1901,269,3576.71   
"NJ",1901,292,18870     
"NJ",1901,293,170500    
"NJ",1901,296,89096.1   
"NJ",1902,122,149576.74 
"NJ",1902,140,1963208.37
"NJ",1902,141,1098616.6 
"NJ",1902,142,135966.9  
"NJ",1902,220,593287.27 
"NJ",1902,221,123353.53 
"NJ",1902,223,100       
"NJ",1902,235,47593.69  
"NJ",1902,260,101.43    
"NJ",1902,261,123       
"NJ",1902,265,23055.25  
"NJ",1902,268,5351.38   
"NJ",1902,269,3639      
"NJ",1902,290,2581.99   
"NJ",1902,291,28528.95  
"NJ",1902,292,18870     
"NJ",1902,293,245000    
"NJ",1902,296,79353.91  
"NJ",1903,122,138931.86 
"NJ",1903,140,2173956.21
"NJ",1903,141,1117964.21
"NJ",1903,142,152394.3  
"NJ",1903,210,125       
"NJ",1903,220,348396.94 
"NJ",1903,221,119487.2  
"NJ",1903,223,675.86    
"NJ",1903,251,5.4       
"NJ",1903,260,117.81    
"NJ",1903,261,3710.3    
"NJ",1903,262,1188.8    
"NJ",1903,264,15.62     
"NJ",1903,265,17330.93  
"NJ",1903,268,6209.39   
"NJ",1903,269,3579.19   
"NJ",1903,290,69.71     
"NJ",1903,291,534725.39 
"NJ",1903,292,18870     
"NJ",1903,293,175000    
"NJ",1903,296,88851.57  
"NJ",1903,298,125       
"NJ",1904,122,438635.13 
"NJ",1904,140,2300070.98
"NJ",1904,141,1138007.48
"NJ",1904,142,164972.69 
"NJ",1904,181,25        
"NJ",1904,210,25        
"NJ",1904,220,152409    
"NJ",1904,221,117622.02 
"NJ",1904,223,119.34    
"NJ",1904,235,84548.21  
"NJ",1904,260,732.54    
"NJ",1904,261,565       
"NJ",1904,264,3726.86   
"NJ",1904,265,15807.59  
"NJ",1904,268,5025.79   
"NJ",1904,269,3769.45   
"NJ",1904,290,100       
"NJ",1904,291,59007.38  
"NJ",1904,292,18870     
"NJ",1904,293,190000    
"NJ",1904,294,107.93    
"NJ",1904,296,96306.16  
"NJ",1904,298,645.76    
"NJ",1905,122,202667.87 
"NJ",1905,140,2419850.02
"NJ",1905,141,1160782.42
"NJ",1905,142,181569.65 
"NJ",1905,210,75        
"NJ",1905,221,127030.91 
"NJ",1905,223,151.69    
"NJ",1905,226,255.9     
"NJ",1905,260,295626.5  
"NJ",1905,261,411.5     
"NJ",1905,262,30.5      
"NJ",1905,264,11        
"NJ",1905,265,19973.42  
"NJ",1905,268,8544.88   
"NJ",1905,269,7949.34   
"NJ",1905,291,279306.73 
"NJ",1905,292,18870     
"NJ",1905,293,150000    
"NJ",1905,296,93478.61  
"NJ",1906,122,200780.3  
"NJ",1906,140,2494215.81
"NJ",1906,141,932710.09 
"NJ",1906,142,187096.71 
"NJ",1906,180,1391.18   
"NJ",1906,221,130302.08 
"NJ",1906,226,327.84    
"NJ",1906,260,231190.53 
"NJ",1906,261,178       
"NJ",1906,264,7.5       
"NJ",1906,265,21082.74  
"NJ",1906,268,11709.58  
"NJ",1906,269,5302.34   
"NJ",1906,291,55133.71  
"NJ",1906,292,18870     
"NJ",1906,293,160000    
"NJ",1906,294,1231.53   
"NJ",1906,296,110922.6  
"NJ",1906,298,514.78    
"NJ",1907,122,241480.6  
"NJ",1907,140,2571863.6 
"NJ",1907,141,807779.81 
"NJ",1907,142,213827.11 
"NJ",1907,180,825       
"NJ",1907,210,50        
"NJ",1907,221,132557.29 
"NJ",1907,223,245       
"NJ",1907,226,3016.13   
"NJ",1907,260,206140.43 
"NJ",1907,261,3091.45   
"NJ",1907,262,2315.55   
"NJ",1907,264,87.42     
"NJ",1907,265,23301.61  
"NJ",1907,268,10012.84  
"NJ",1907,269,5040      
"NJ",1907,290,55        
"NJ",1907,291,45852.59  
"NJ",1907,292,18870     
"NJ",1907,293,175000    
"NJ",1907,295,512       
"NJ",1907,296,140176.4  
"NJ",1908,122,247396    
"NJ",1908,140,2477329.92
"NJ",1908,141,5875255.66
"NJ",1908,142,211408.33 
"NJ",1908,180,350       
"NJ",1908,210,25        
"NJ",1908,221,126577.36 
"NJ",1908,223,18809.61  
"NJ",1908,226,1343.45   
"NJ",1908,260,151582.87 
"NJ",1908,261,74818.6   
"NJ",1908,262,110775.01 
"NJ",1908,265,25331.61  
"NJ",1908,268,304598.35 
"NJ",1908,269,4570      
"NJ",1908,290,75.06     
"NJ",1908,291,47490.19  
"NJ",1908,292,18870     
"NJ",1908,293,160000    
"NJ",1908,295,1628      
"NJ",1908,296,117194.77 
"NJ",1908,298,942.48    
"NJ",1909,122,569449.67 
"NJ",1909,140,2614689.45
"NJ",1909,141,3756021.44
"NJ",1909,142,226123.32 
"NJ",1909,180,125       
"NJ",1909,220,219638.89 
"NJ",1909,221,141295.54 
"NJ",1909,223,10955.42  
"NJ",1909,226,1898.29   
"NJ",1909,260,1670.63   
"NJ",1909,261,104586.36 
"NJ",1909,262,106898.18 
"NJ",1909,263,379.78    
"NJ",1909,264,18        
"NJ",1909,265,29386.55  
"NJ",1909,267,43000     
"NJ",1909,268,396809.57 
"NJ",1909,269,4532.83   
"NJ",1909,290,167       
"NJ",1909,291,84169.77  
"NJ",1909,292,18870     
"NJ",1909,293,175000    
"NJ",1909,295,1189      
"NJ",1909,296,129322.88 
"NJ",1909,298,1024      
"NJ",1910,122,658641.68 
"NJ",1910,140,2586152.48
"NJ",1910,141,3722979.69
"NJ",1910,142,244213.97 
"NJ",1910,180,700       
"NJ",1910,220,192363.57 
"NJ",1910,221,147564.24 
"NJ",1910,223,16479.38  
"NJ",1910,226,2173.3    
"NJ",1910,260,2177.75   
"NJ",1910,261,103128.53 
"NJ",1910,262,109694.27 
"NJ",1910,263,743.27    
"NJ",1910,264,6         
"NJ",1910,265,31716.81  
"NJ",1910,267,48500     
"NJ",1910,268,411288.58 
"NJ",1910,269,7830.55   
"NJ",1910,290,1803.35   
"NJ",1910,291,103933.05 
"NJ",1910,292,18870     
"NJ",1910,296,123588.21 
"NJ",1910,298,420.6     
"NJ",1911,122,745777.16 
"NJ",1911,140,2608213.13
"NJ",1911,141,3920639.15
"NJ",1911,142,286040.91 
"NJ",1911,180,675       
"NJ",1911,220,173606.26 
"NJ",1911,221,157596.08 
"NJ",1911,223,19599.72  
"NJ",1911,226,2751.99   
"NJ",1911,260,2502.11   
"NJ",1911,261,111703.2  
"NJ",1911,262,117573.94 
"NJ",1911,263,3619.02   
"NJ",1911,265,35303.2   
"NJ",1911,267,49226     
"NJ",1911,268,433922.16 
"NJ",1911,269,6528.23   
"NJ",1911,291,112599    
"NJ",1911,292,18870     
"NJ",1911,295,1760      
"NJ",1911,296,108900.37 
"NJ",1911,298,388.4     
"NJ",1912,122,903190.89 
"NJ",1912,140,2594881.1 
"NJ",1912,141,4381640.58
"NJ",1912,142,331078.88 
"NJ",1912,180,550       
"NJ",1912,220,205461.45 
"NJ",1912,221,172071.84 
"NJ",1912,223,32294.7   
"NJ",1912,226,2056.91   
"NJ",1912,260,474.63    
"NJ",1912,261,108713.62 
"NJ",1912,262,124087.99 
"NJ",1912,263,3174.85   
"NJ",1912,264,723.39    
"NJ",1912,265,37093.49  
"NJ",1912,267,64686     
"NJ",1912,268,443591.31 
"NJ",1912,269,6714.25   
"NJ",1912,290,2580.55   
"NJ",1912,291,124601.53 
"NJ",1912,292,18870     
"NJ",1912,295,1829      
"NJ",1912,296,96680.95  
"NJ",1912,298,317.95    
"NJ",1913,122,747717.14 
"NJ",1913,140,2650694.23
"NJ",1913,141,4506317.11
"NJ",1913,142,365442.47 
"NJ",1913,180,525       
"NJ",1913,181,25        
"NJ",1913,220,184895.41 
"NJ",1913,221,178345.64 
"NJ",1913,223,28071.6   
"NJ",1913,226,573.3     
"NJ",1913,251,75        
"NJ",1913,260,1719.37   
"NJ",1913,261,98464.41  
"NJ",1913,262,128268.34 
"NJ",1913,263,2521.8    
"NJ",1913,264,1371.8    
"NJ",1913,265,81759.56  
"NJ",1913,267,67610.45  
"NJ",1913,268,471247.87 
"NJ",1913,269,5769.51   
"NJ",1913,290,75        
"NJ",1913,291,139891.31 
"NJ",1913,292,18870     
"NJ",1913,295,1783      
"NJ",1913,296,116148.39 
"NJ",1913,298,408.1     
"NJ",1914,122,1090298.78
"NJ",1914,140,2631639.88
"NJ",1914,141,4533013.9 
"NJ",1914,142,380056.71 
"NJ",1914,180,925       
"NJ",1914,220,115405.51 
"NJ",1914,221,195372.97 
"NJ",1914,223,39495.08  
"NJ",1914,226,3521.54   
"NJ",1914,260,2300.9    
"NJ",1914,261,115529.35 
"NJ",1914,262,138662.25 
"NJ",1914,263,2865.39   
"NJ",1914,264,116.67    
"NJ",1914,265,83064.34  
"NJ",1914,267,89742.32  
"NJ",1914,268,524824.75 
"NJ",1914,269,13621.31  
"NJ",1914,291,84031.17  
"NJ",1914,292,18870     
"NJ",1914,295,1438      
"NJ",1914,296,127685.47 
"NJ",1914,298,363.79    
"NJ",1915,122,2781348.5 
"NJ",1915,140,2623801.52
"NJ",1915,141,4785806.96
"NJ",1915,142,396021.23 
"NJ",1915,180,900       
"NJ",1915,220,97660.74  
"NJ",1915,221,192427.53 
"NJ",1915,223,26851.63  
"NJ",1915,226,8168.7    
"NJ",1915,260,38876.39  
"NJ",1915,261,120471.68 
"NJ",1915,262,146222.15 
"NJ",1915,263,3528.66   
"NJ",1915,265,70964.32  
"NJ",1915,267,100122.74 
"NJ",1915,268,433165.29 
"NJ",1915,269,7435.79   
"NJ",1915,291,98092.18  
"NJ",1915,292,18870     
"NJ",1915,295,684       
"NJ",1915,296,111882.7  
"NJ",1915,298,419.9     
"NJ",1916,122,3331909.59
"NJ",1916,140,2400721.03
"NJ",1916,141,4983758.8 
"NJ",1916,142,420305.78 
"NJ",1916,180,950       
"NJ",1916,220,132431.37 
"NJ",1916,221,195855.57 
"NJ",1916,223,20331.86  
"NJ",1916,226,2064.43   
"NJ",1916,251,638.64    
"NJ",1916,260,45779.25  
"NJ",1916,261,123326.5  
"NJ",1916,262,149586.5  
"NJ",1916,263,2770.58   
"NJ",1916,264,153.68    
"NJ",1916,265,61226.7   
"NJ",1916,267,116025.9  
"NJ",1916,268,493624.23 
"NJ",1916,269,18603.93  
"NJ",1916,290,66.89     
"NJ",1916,291,139478.77 
"NJ",1916,292,18870     
"NJ",1916,296,157746.97 
"NJ",1916,298,493.8     
