"UT",1896,3,499917.08   
"UT",1897,3,968541.14   
"UT",1898,3,919043.3    
"UT",1899,3,1142870.17  
"UT",1900,3,1596160.61  
"UT",1901,3,1185913.42  
"UT",1902,3,1449654.68  
"UT",1903,3,1702806.08  
"UT",1904,3,1989080.04  
"UT",1905,3,1663690.85  
"UT",1906,3,2087806.62  
"UT",1907,3,2486381.85  
"UT",1908,3,2680051.84  
"UT",1909,3,2856562.68  
"UT",1910,3,2912871.47  
"UT",1911,3,2659262.81  
"UT",1912,3,3954598.55  
"UT",1913,3,4362998.05  
"UT",1914,3,4934184.43  
"UT",1915,3,4889893.54  
"UT",1916,3,4650087.19  
                        
"UT",1896,31,137331.71  
"UT",1896,32,59776      
"UT",1896,34,53645.88   
"UT",1896,35,8548.09    
"UT",1896,36,143484.93  
"UT",1896,39,45524.67   
"UT",1896,40,46888.11   
"UT",1896,41,3033       
"UT",1896,99,1684.69    
"UT",1897,31,438852.82  
"UT",1897,32,60052.34   
"UT",1897,33,20879.76   
"UT",1897,34,71992.68   
"UT",1897,35,24475.51   
"UT",1897,36,143560.05  
"UT",1897,39,63699.77   
"UT",1897,40,43000      
"UT",1897,41,102028.21  
"UT",1898,31,386692.1   
"UT",1898,32,52500      
"UT",1898,33,5431.77    
"UT",1898,34,52839.2    
"UT",1898,35,30879.51   
"UT",1898,36,105002.97  
"UT",1898,39,39371.7    
"UT",1898,40,42262.8    
"UT",1898,41,204063.25  
"UT",1899,31,407075.83  
"UT",1899,32,51006.75   
"UT",1899,33,25235.37   
"UT",1899,34,59933.7    
"UT",1899,35,42383.45   
"UT",1899,36,137106.22  
"UT",1899,39,77033.89   
"UT",1899,40,42614.42   
"UT",1899,41,300414.68  
"UT",1899,99,65.86      
"UT",1900,31,527700.85  
"UT",1900,32,63309.77   
"UT",1900,33,14295.49   
"UT",1900,34,59460.83   
"UT",1900,35,44938.37   
"UT",1900,36,106555.24  
"UT",1900,39,39161.25   
"UT",1900,40,40650      
"UT",1900,41,700088.81  
"UT",1901,31,494248.77  
"UT",1901,32,81678.55   
"UT",1901,33,8694.38    
"UT",1901,34,77499.94   
"UT",1901,35,69448.55   
"UT",1901,36,178017.74  
"UT",1901,38,50.38      
"UT",1901,39,30472.47   
"UT",1901,40,25370.86   
"UT",1901,41,219335.68  
"UT",1901,99,1096.1     
"UT",1902,31,547980.89  
"UT",1902,32,74933.86   
"UT",1902,33,47124.21   
"UT",1902,34,75063.08   
"UT",1902,35,70976.21   
"UT",1902,36,139942.17  
"UT",1902,39,355796.07  
"UT",1902,40,37838.19   
"UT",1902,41,100000     
"UT",1903,31,598937.19  
"UT",1903,32,147639.53  
"UT",1903,33,17171.88   
"UT",1903,34,103343.05  
"UT",1903,35,97239.23   
"UT",1903,36,208691.1   
"UT",1903,39,338747.14  
"UT",1903,40,41036.96   
"UT",1903,41,150000     
"UT",1904,31,653856.78  
"UT",1904,32,107621.19  
"UT",1904,33,41721.97   
"UT",1904,34,82894.17   
"UT",1904,35,112025.89  
"UT",1904,36,149231.05  
"UT",1904,39,351460.94  
"UT",1904,40,40878.76   
"UT",1904,41,449389.29  
"UT",1905,31,656165.68  
"UT",1905,32,88423.21   
"UT",1905,33,16510.99   
"UT",1905,34,120513.07  
"UT",1905,35,85933.39   
"UT",1905,36,186417.06  
"UT",1905,38,36.85      
"UT",1905,39,450449.98  
"UT",1905,40,19240.62   
"UT",1905,41,40000      
"UT",1906,31,741098.03  
"UT",1906,32,92706.96   
"UT",1906,33,22918.25   
"UT",1906,34,96742.88   
"UT",1906,35,80829.06   
"UT",1906,36,157172.8   
"UT",1906,39,441446.81  
"UT",1906,40,41678.9    
"UT",1906,41,413212.93  
"UT",1907,31,696072.98  
"UT",1907,32,100943.64  
"UT",1907,33,133454.04  
"UT",1907,34,158268.2   
"UT",1907,35,108320.44  
"UT",1907,36,217198.42  
"UT",1907,39,628325.87  
"UT",1907,40,43387.97   
"UT",1907,41,400410.29  
"UT",1908,31,780486.67  
"UT",1908,32,114585.17  
"UT",1908,33,106122.38  
"UT",1908,34,168165.97  
"UT",1908,35,108113.57  
"UT",1908,36,183758.9   
"UT",1908,38,67.48      
"UT",1908,39,903543.23  
"UT",1908,40,39950.02   
"UT",1908,41,275258.45  
"UT",1909,31,842817.8   
"UT",1909,32,118918.64  
"UT",1909,33,63032.1    
"UT",1909,34,289297.09  
"UT",1909,35,170614.48  
"UT",1909,36,277464.2   
"UT",1909,39,715946.81  
"UT",1909,40,38471.56   
"UT",1909,41,340000     
"UT",1910,31,1061451.83 
"UT",1910,32,121423.86  
"UT",1910,33,91128.63   
"UT",1910,34,192193.02  
"UT",1910,35,181178.45  
"UT",1910,36,184010.83  
"UT",1910,39,640346.23  
"UT",1910,40,41205.52   
"UT",1910,41,400000     
"UT",1910,99,-66.9      
"UT",1911,31,918523.21  
"UT",1911,32,149412.48  
"UT",1911,33,167067.84  
"UT",1911,34,191756.9   
"UT",1911,35,249561.38  
"UT",1911,36,304128.93  
"UT",1911,39,543088.46  
"UT",1911,40,35500      
"UT",1911,41,100223.61  
"UT",1912,31,1319557.65 
"UT",1912,32,166504.33  
"UT",1912,33,329592.82  
"UT",1912,34,228656.12  
"UT",1912,35,201030.49  
"UT",1912,36,264039.31  
"UT",1912,38,999.72     
"UT",1912,39,1135818.11 
"UT",1912,40,57900      
"UT",1912,41,250500     
"UT",1913,31,1551810.52 
"UT",1913,32,153566.42  
"UT",1913,33,447395.79  
"UT",1913,34,252607.73  
"UT",1913,35,339513.17  
"UT",1913,36,814845.23  
"UT",1913,39,757859.19  
"UT",1913,40,45400      
"UT",1914,31,1377026.02 
"UT",1914,32,201389.04  
"UT",1914,33,559303.01  
"UT",1914,34,235227.81  
"UT",1914,35,246610.11  
"UT",1914,36,1573557.99 
"UT",1914,39,547224.82  
"UT",1914,40,69673.51   
"UT",1914,41,124172.12  
"UT",1915,31,1448489.27 
"UT",1915,32,188912.38  
"UT",1915,33,437547.15  
"UT",1915,34,263567.62  
"UT",1915,35,206414.09  
"UT",1915,36,1129487.48 
"UT",1915,38,38.83      
"UT",1915,39,775421.96  
"UT",1915,40,118953.9   
"UT",1915,41,321060.86  
"UT",1916,31,1562763.71 
"UT",1916,32,188475.59  
"UT",1916,33,900462.24  
"UT",1916,34,256328.48  
"UT",1916,35,214452.89  
"UT",1916,36,466595.02  
"UT",1916,38,701.39     
"UT",1916,39,523489.2   
"UT",1916,40,144371.97  
"UT",1916,41,392446.7   
                        
"UT",1896,311,32585.51  
"UT",1896,313,99000     
"UT",1896,316,5746.2    
"UT",1896,322,21050     
"UT",1896,323,38726     
"UT",1896,341,623.8     
"UT",1896,343,48773.4   
"UT",1896,344,1028.68   
"UT",1896,345,3220      
"UT",1896,351,2162.92   
"UT",1896,357,5271.04   
"UT",1896,358,1114.13   
"UT",1896,361,43267.28  
"UT",1896,362,7273.91   
"UT",1896,363,67414.67  
"UT",1896,365,6714.41   
"UT",1896,366,3892.55   
"UT",1896,367,3882.3    
"UT",1896,368,11039.81  
"UT",1896,393,14407.41  
"UT",1896,395,9409.4    
"UT",1896,398,21707.86  
"UT",1896,400,39000     
"UT",1896,401,7888.11   
"UT",1896,415,3033      
"UT",1896,999,1684.69   
"UT",1897,311,328491.97 
"UT",1897,313,108600    
"UT",1897,316,1760.85   
"UT",1897,322,28568.42  
"UT",1897,323,31483.92  
"UT",1897,331,16321.9   
"UT",1897,336,4557.86   
"UT",1897,341,1340.84   
"UT",1897,343,61048.27  
"UT",1897,344,1823.57   
"UT",1897,345,7780      
"UT",1897,351,3661.95   
"UT",1897,357,17828.15  
"UT",1897,358,2985.41   
"UT",1897,361,26292.13  
"UT",1897,362,8814.83   
"UT",1897,363,68123.06  
"UT",1897,365,3576.04   
"UT",1897,366,3907.73   
"UT",1897,367,5718.6    
"UT",1897,368,15370.31  
"UT",1897,369,11757.35  
"UT",1897,391,5425.74   
"UT",1897,393,23850.44  
"UT",1897,395,790.38    
"UT",1897,398,33633.21  
"UT",1897,400,43000     
"UT",1897,415,102028.21 
"UT",1898,311,296022.29 
"UT",1898,313,82784.3   
"UT",1898,314,6020.38   
"UT",1898,316,1865.13   
"UT",1898,322,22500     
"UT",1898,323,30000     
"UT",1898,331,4379.17   
"UT",1898,336,1052.6    
"UT",1898,341,1460.3    
"UT",1898,343,45016.92  
"UT",1898,344,3111.98   
"UT",1898,345,3250      
"UT",1898,351,4350.88   
"UT",1898,356,1572.58   
"UT",1898,357,21682.77  
"UT",1898,358,3273.28   
"UT",1898,361,492.26    
"UT",1898,362,12700.32  
"UT",1898,363,70910.66  
"UT",1898,365,3662.92   
"UT",1898,366,4596.49   
"UT",1898,367,4766.15   
"UT",1898,368,7697.8    
"UT",1898,369,176.37    
"UT",1898,391,612.34    
"UT",1898,393,32872.56  
"UT",1898,395,86.8      
"UT",1898,398,5800      
"UT",1898,400,42262.8   
"UT",1898,415,54063.25  
"UT",1898,416,150000    
"UT",1899,311,288144.86 
"UT",1899,313,83879.77  
"UT",1899,314,32845.17  
"UT",1899,316,1046.55   
"UT",1899,317,1159.48   
"UT",1899,322,27857.69  
"UT",1899,323,22649.06  
"UT",1899,324,500       
"UT",1899,331,22640.94  
"UT",1899,336,2594.43   
"UT",1899,341,4493.83   
"UT",1899,343,44340.69  
"UT",1899,344,3571.48   
"UT",1899,345,7527.7    
"UT",1899,351,10416.56  
"UT",1899,356,1742.7    
"UT",1899,357,18627.35  
"UT",1899,358,11596.84  
"UT",1899,361,27597.51  
"UT",1899,362,10200.19  
"UT",1899,363,66066.76  
"UT",1899,365,6572.11   
"UT",1899,366,7016.94   
"UT",1899,367,3580.3    
"UT",1899,368,2820.3    
"UT",1899,369,13252.11  
"UT",1899,391,567.51    
"UT",1899,393,52732.42  
"UT",1899,395,27.2      
"UT",1899,398,23706.76  
"UT",1899,400,40750     
"UT",1899,403,1864.42   
"UT",1899,413,200000    
"UT",1899,415,100414.68 
"UT",1899,999,65.86     
"UT",1900,311,330781.05 
"UT",1900,313,186305.7  
"UT",1900,314,7744.05   
"UT",1900,316,1866.55   
"UT",1900,317,1003.5    
"UT",1900,322,25390.42  
"UT",1900,323,37419.35  
"UT",1900,324,500       
"UT",1900,331,8639.38   
"UT",1900,336,5656.11   
"UT",1900,341,2944.2    
"UT",1900,343,43732.61  
"UT",1900,344,3057.65   
"UT",1900,345,9726.37   
"UT",1900,351,10105.76  
"UT",1900,356,2489.66   
"UT",1900,357,18010.28  
"UT",1900,358,14332.67  
"UT",1900,361,294.74    
"UT",1900,362,8423.81   
"UT",1900,363,72595.82  
"UT",1900,365,6620.5    
"UT",1900,366,8972.21   
"UT",1900,367,5817.05   
"UT",1900,368,3574.47   
"UT",1900,369,256.64    
"UT",1900,391,2391.61   
"UT",1900,393,36030.59  
"UT",1900,395,134.8     
"UT",1900,398,604.25    
"UT",1900,400,38125     
"UT",1900,401,52.08     
"UT",1900,403,2472.92   
"UT",1900,413,195000    
"UT",1900,415,218088.81 
"UT",1900,416,287000    
"UT",1901,311,337215.71 
"UT",1901,313,142515.24 
"UT",1901,314,12322.71  
"UT",1901,316,1195.11   
"UT",1901,317,1000      
"UT",1901,322,22444.04  
"UT",1901,323,59234.51  
"UT",1901,331,4875.71   
"UT",1901,336,3818.67   
"UT",1901,341,3866.3    
"UT",1901,343,53796.61  
"UT",1901,344,5953.62   
"UT",1901,345,13883.41  
"UT",1901,351,18332.07  
"UT",1901,356,3280.37   
"UT",1901,357,36608.82  
"UT",1901,358,11227.29  
"UT",1901,360,1760.49   
"UT",1901,361,35542.68  
"UT",1901,362,11646.84  
"UT",1901,363,71431.21  
"UT",1901,365,14549.96  
"UT",1901,366,20817.63  
"UT",1901,367,4798.25   
"UT",1901,368,6973.3    
"UT",1901,369,10497.38  
"UT",1901,381,50.38     
"UT",1901,391,4183.77   
"UT",1901,393,26051.5   
"UT",1901,395,12.2      
"UT",1901,398,225       
"UT",1901,400,17750     
"UT",1901,403,7620.86   
"UT",1901,413,100000    
"UT",1901,415,106835.68 
"UT",1901,416,12500     
"UT",1901,999,1096.1    
"UT",1902,311,355887.7  
"UT",1902,313,174509.79 
"UT",1902,314,14709.19  
"UT",1902,316,1874.21   
"UT",1902,317,1000      
"UT",1902,322,31060.63  
"UT",1902,323,43873.23  
"UT",1902,331,44393.16  
"UT",1902,336,2731.05   
"UT",1902,341,1161.33   
"UT",1902,343,61377.49  
"UT",1902,344,4933.2    
"UT",1902,345,7591.06   
"UT",1902,351,20277.31  
"UT",1902,356,2095.7    
"UT",1902,357,20384.3   
"UT",1902,358,28218.9   
"UT",1902,361,233.18    
"UT",1902,362,16249.28  
"UT",1902,363,75486.31  
"UT",1902,365,11685.04  
"UT",1902,366,20664.26  
"UT",1902,367,5776.65   
"UT",1902,368,9262.08   
"UT",1902,369,585.37    
"UT",1902,391,231.56    
"UT",1902,393,26904.99  
"UT",1902,396,218571.06 
"UT",1902,397,110088.46 
"UT",1902,400,35500     
"UT",1902,401,1458.33   
"UT",1902,403,879.86    
"UT",1902,413,100000    
"UT",1903,311,369118.67 
"UT",1903,313,189131.51 
"UT",1903,314,35490.84  
"UT",1903,316,4196.17   
"UT",1903,317,1000      
"UT",1903,322,49403.31  
"UT",1903,323,98236.22  
"UT",1903,331,6706.39   
"UT",1903,336,10465.49  
"UT",1903,341,4792.91   
"UT",1903,343,64229.84  
"UT",1903,344,6626.21   
"UT",1903,345,27694.09  
"UT",1903,351,21853.52  
"UT",1903,356,5169.32   
"UT",1903,357,18152.22  
"UT",1903,358,52064.17  
"UT",1903,361,46019.24  
"UT",1903,362,14477.83  
"UT",1903,363,88490.87  
"UT",1903,365,11908.87  
"UT",1903,366,23047.71  
"UT",1903,367,4768.1    
"UT",1903,368,10089.34  
"UT",1903,369,9889.14   
"UT",1903,391,12009.29  
"UT",1903,393,50801.28  
"UT",1903,395,4981.1    
"UT",1903,396,217223.82 
"UT",1903,397,34407.05  
"UT",1903,398,19324.6   
"UT",1903,400,35500     
"UT",1903,401,3750      
"UT",1903,403,1786.96   
"UT",1903,413,150000    
"UT",1904,311,409771.16 
"UT",1904,313,198726.48 
"UT",1904,314,42522.75  
"UT",1904,316,1836.39   
"UT",1904,317,1000      
"UT",1904,322,39038.97  
"UT",1904,323,68582.22  
"UT",1904,331,37140.97  
"UT",1904,336,4581      
"UT",1904,341,1476.95   
"UT",1904,343,73481.47  
"UT",1904,344,6705.94   
"UT",1904,345,1229.81   
"UT",1904,351,21500.57  
"UT",1904,356,6021.36   
"UT",1904,357,17357.72  
"UT",1904,358,67146.24  
"UT",1904,361,123       
"UT",1904,362,13732.11  
"UT",1904,363,93767.14  
"UT",1904,365,9651.73   
"UT",1904,366,19600.47  
"UT",1904,367,4985.75   
"UT",1904,368,7370.85   
"UT",1904,391,336.1     
"UT",1904,393,30323.37  
"UT",1904,396,247330.87 
"UT",1904,397,38952.6   
"UT",1904,398,34518     
"UT",1904,400,35500     
"UT",1904,403,5378.76   
"UT",1904,410,50000     
"UT",1904,413,375000    
"UT",1904,415,24389.29  
"UT",1905,310,55.35     
"UT",1905,311,432681.94 
"UT",1905,313,197345.64 
"UT",1905,314,23823.96  
"UT",1905,316,2258.79   
"UT",1905,322,35581.39  
"UT",1905,323,52841.82  
"UT",1905,331,3106.76   
"UT",1905,336,13404.23  
"UT",1905,341,1851.32   
"UT",1905,343,78299.68  
"UT",1905,344,5315.48   
"UT",1905,345,35046.59  
"UT",1905,351,18990.95  
"UT",1905,356,6091.23   
"UT",1905,357,14272.65  
"UT",1905,358,46578.56  
"UT",1905,361,55311.84  
"UT",1905,362,14569     
"UT",1905,363,76029.06  
"UT",1905,365,8954.41   
"UT",1905,366,15284.83  
"UT",1905,367,6189.9    
"UT",1905,368,10078.02  
"UT",1905,381,36.85     
"UT",1905,391,6717.02   
"UT",1905,393,22523.25  
"UT",1905,395,199.9     
"UT",1905,396,321886.96 
"UT",1905,397,65127.15  
"UT",1905,398,33995.7   
"UT",1905,400,17750     
"UT",1905,401,1250      
"UT",1905,403,240.62    
"UT",1905,413,40000     
"UT",1906,310,765.06    
"UT",1906,311,441417.98 
"UT",1906,313,280108.05 
"UT",1906,314,15039.78  
"UT",1906,316,1767.16   
"UT",1906,317,2000      
"UT",1906,322,40451.63  
"UT",1906,323,52255.33  
"UT",1906,331,3404.24   
"UT",1906,336,19514.01  
"UT",1906,341,1284.89   
"UT",1906,343,61601.35  
"UT",1906,344,6753.1    
"UT",1906,345,27103.54  
"UT",1906,351,38232.33  
"UT",1906,356,7213.42   
"UT",1906,357,16891.51  
"UT",1906,358,18491.8   
"UT",1906,361,1194.42   
"UT",1906,362,13263.23  
"UT",1906,363,91704.81  
"UT",1906,365,10248.62  
"UT",1906,366,17896.55  
"UT",1906,367,4967.09   
"UT",1906,368,9707.44   
"UT",1906,369,8190.64   
"UT",1906,391,71.46     
"UT",1906,393,29450.25  
"UT",1906,395,24        
"UT",1906,396,373283.71 
"UT",1906,397,38213.5   
"UT",1906,398,403.89    
"UT",1906,400,35500     
"UT",1906,403,6178.9    
"UT",1906,410,43212.93  
"UT",1906,413,345000    
"UT",1906,416,25000     
"UT",1907,311,470138.92 
"UT",1907,313,202842.74 
"UT",1907,314,21551.92  
"UT",1907,316,1539.4    
"UT",1907,322,38383.92  
"UT",1907,323,62559.72  
"UT",1907,331,18207.13  
"UT",1907,336,115246.91 
"UT",1907,341,1645.01   
"UT",1907,343,119394.7  
"UT",1907,344,8388.24   
"UT",1907,345,28840.25  
"UT",1907,351,40250.03  
"UT",1907,356,8431.02   
"UT",1907,357,23174.13  
"UT",1907,358,36465.26  
"UT",1907,360,6655.44   
"UT",1907,361,59139.79  
"UT",1907,362,15850.3   
"UT",1907,363,82533.31  
"UT",1907,365,12682.99  
"UT",1907,366,19902.1   
"UT",1907,367,5066.77   
"UT",1907,368,15367.72  
"UT",1907,391,27        
"UT",1907,393,27354.19  
"UT",1907,396,553176.92 
"UT",1907,397,41592.31  
"UT",1907,398,6175.45   
"UT",1907,400,35500     
"UT",1907,403,7887.97   
"UT",1907,410,10410.29  
"UT",1907,413,390000    
"UT",1908,311,516603.34 
"UT",1908,313,236355.63 
"UT",1908,314,25451.76  
"UT",1908,316,1262.88   
"UT",1908,317,813.06    
"UT",1908,322,45985.83  
"UT",1908,323,68599.34  
"UT",1908,331,51007.54  
"UT",1908,336,55114.84  
"UT",1908,341,3386.63   
"UT",1908,343,134177.63 
"UT",1908,344,7371.3    
"UT",1908,345,23230.41  
"UT",1908,351,48517.41  
"UT",1908,356,6782.42   
"UT",1908,357,18597.27  
"UT",1908,358,34216.47  
"UT",1908,361,19204.56  
"UT",1908,362,16257.34  
"UT",1908,363,100321.73 
"UT",1908,365,11226.22  
"UT",1908,366,19010.3   
"UT",1908,367,5841.4    
"UT",1908,368,11897.35  
"UT",1908,381,67.48     
"UT",1908,391,2705.99   
"UT",1908,393,32286.38  
"UT",1908,396,822275.92 
"UT",1908,397,46274.94  
"UT",1908,400,35500     
"UT",1908,403,4450.02   
"UT",1908,410,5114.05   
"UT",1908,413,250000    
"UT",1908,416,20144.4   
"UT",1909,310,289.43    
"UT",1909,311,599404.92 
"UT",1909,313,219789.04 
"UT",1909,314,20194.32  
"UT",1909,316,2330.23   
"UT",1909,317,809.86    
"UT",1909,322,53754.41  
"UT",1909,323,57664.23  
"UT",1909,326,7500      
"UT",1909,331,2958.96   
"UT",1909,336,60073.14  
"UT",1909,341,1483.41   
"UT",1909,343,250148.82 
"UT",1909,344,12299.75  
"UT",1909,345,25365.11  
"UT",1909,351,97128.11  
"UT",1909,356,7219.36   
"UT",1909,357,36109.41  
"UT",1909,358,29474.85  
"UT",1909,359,682.75    
"UT",1909,360,3048.59   
"UT",1909,361,50952.17  
"UT",1909,362,18194.66  
"UT",1909,363,113792.97 
"UT",1909,364,9889.79   
"UT",1909,365,17032     
"UT",1909,366,25001.81  
"UT",1909,367,6277.33   
"UT",1909,368,15525.9   
"UT",1909,369,17748.98  
"UT",1909,391,826.49    
"UT",1909,393,27283.08  
"UT",1909,396,587379.75 
"UT",1909,397,34132.49  
"UT",1909,398,66325     
"UT",1909,400,35500     
"UT",1909,403,2971.56   
"UT",1909,410,50000     
"UT",1909,413,200000    
"UT",1909,416,90000     
"UT",1910,310,719.46    
"UT",1910,311,602304.61 
"UT",1910,312,208.47    
"UT",1910,313,426979.14 
"UT",1910,314,27613.81  
"UT",1910,316,1637.1    
"UT",1910,317,1989.24   
"UT",1910,322,60137.94  
"UT",1910,323,61285.92  
"UT",1910,331,53579.55  
"UT",1910,336,37549.08  
"UT",1910,341,2855.7    
"UT",1910,343,143955.67 
"UT",1910,344,14457.59  
"UT",1910,345,30924.06  
"UT",1910,351,131351.39 
"UT",1910,356,10645.67  
"UT",1910,357,12133.69  
"UT",1910,358,25885.65  
"UT",1910,359,1162.05   
"UT",1910,361,802       
"UT",1910,362,17688.88  
"UT",1910,363,103768.55 
"UT",1910,364,977.49    
"UT",1910,365,14602.12  
"UT",1910,366,22914.18  
"UT",1910,367,6612.14   
"UT",1910,368,16645.47  
"UT",1910,391,1084.35   
"UT",1910,393,31326.61  
"UT",1910,396,543736.75 
"UT",1910,397,58898.52  
"UT",1910,398,5300      
"UT",1910,400,35500     
"UT",1910,403,5705.52   
"UT",1910,413,400000    
"UT",1910,999,-66.9     
"UT",1911,310,820.85    
"UT",1911,311,679288.81 
"UT",1911,312,48.13     
"UT",1911,313,220835.06 
"UT",1911,314,14209.65  
"UT",1911,316,1473.26   
"UT",1911,317,1847.45   
"UT",1911,321,5000      
"UT",1911,322,54543.39  
"UT",1911,323,89869.09  
"UT",1911,331,83844.24  
"UT",1911,336,83223.6   
"UT",1911,341,1705.85   
"UT",1911,343,143295.87 
"UT",1911,344,17634.14  
"UT",1911,345,29121.04  
"UT",1911,351,126924.46 
"UT",1911,356,11597.93  
"UT",1911,357,38950.68  
"UT",1911,358,71146.92  
"UT",1911,359,941.39    
"UT",1911,360,5059.65   
"UT",1911,361,73476.79  
"UT",1911,362,28748.24  
"UT",1911,363,125480.91 
"UT",1911,365,15764.67  
"UT",1911,366,24170     
"UT",1911,367,8361.06   
"UT",1911,368,21158.26  
"UT",1911,369,1909.35   
"UT",1911,391,604.74    
"UT",1911,393,32263.49  
"UT",1911,396,438896.24 
"UT",1911,397,47856.03  
"UT",1911,398,23467.96  
"UT",1911,400,35500     
"UT",1911,410,10223.61  
"UT",1911,416,90000     
"UT",1912,310,160       
"UT",1912,311,825877.41 
"UT",1912,312,17.05     
"UT",1912,313,168365.59 
"UT",1912,314,18606.75  
"UT",1912,316,1872.97   
"UT",1912,317,793.94    
"UT",1912,318,303863.94 
"UT",1912,321,5000      
"UT",1912,322,60993.92  
"UT",1912,323,70557.21  
"UT",1912,324,29953.2   
"UT",1912,331,302124.82 
"UT",1912,336,27468     
"UT",1912,341,4039.47   
"UT",1912,343,149684.84 
"UT",1912,344,22216.35  
"UT",1912,345,52715.46  
"UT",1912,351,120096.63 
"UT",1912,356,9418.47   
"UT",1912,357,48649.03  
"UT",1912,358,20734.16  
"UT",1912,359,2132.2    
"UT",1912,361,3118.6    
"UT",1912,362,19224.75  
"UT",1912,363,128884.7  
"UT",1912,365,24126.79  
"UT",1912,366,24401.81  
"UT",1912,367,40106.15  
"UT",1912,368,22874.01  
"UT",1912,369,1302.5    
"UT",1912,381,999.72    
"UT",1912,391,370       
"UT",1912,393,34449.47  
"UT",1912,396,1014415.75
"UT",1912,397,82507.89  
"UT",1912,398,4075      
"UT",1912,400,35500     
"UT",1912,401,22400     
"UT",1912,410,250000    
"UT",1912,416,500       
"UT",1913,310,9006.75   
"UT",1913,311,889232.31 
"UT",1913,313,197655.9  
"UT",1913,314,15936.12  
"UT",1913,316,1612.1    
"UT",1913,317,2894.29   
"UT",1913,318,435473.05 
"UT",1913,321,6000      
"UT",1913,322,63772.48  
"UT",1913,323,78310.51  
"UT",1913,324,3831.78   
"UT",1913,325,1651.65   
"UT",1913,331,328340.1  
"UT",1913,336,119055.69 
"UT",1913,341,1469.64   
"UT",1913,343,171994    
"UT",1913,344,27297.84  
"UT",1913,345,51846.25  
"UT",1913,351,153003.08 
"UT",1913,356,10545.66  
"UT",1913,357,41674.82  
"UT",1913,358,119691.85 
"UT",1913,359,14597.76  
"UT",1913,360,11380.5   
"UT",1913,361,39836.14  
"UT",1913,362,30899.85  
"UT",1913,363,135735.72 
"UT",1913,365,30597.74  
"UT",1913,366,29505.22  
"UT",1913,367,474422.96 
"UT",1913,368,26740.35  
"UT",1913,369,35726.75  
"UT",1913,391,2207.36   
"UT",1913,393,29325.34  
"UT",1913,396,678925.16 
"UT",1913,397,36157.62  
"UT",1913,398,11243.71  
"UT",1913,400,23000     
"UT",1913,401,22400     
"UT",1914,310,2000      
"UT",1914,311,930425.87 
"UT",1914,313,95768.49  
"UT",1914,314,20364.92  
"UT",1914,316,2259.79   
"UT",1914,317,2520.61   
"UT",1914,318,323686.34 
"UT",1914,321,6000      
"UT",1914,322,74801.81  
"UT",1914,323,67522.53  
"UT",1914,324,3232.1    
"UT",1914,325,48348.35  
"UT",1914,326,1484.25   
"UT",1914,331,457450.1  
"UT",1914,336,101852.91 
"UT",1914,341,3030.84   
"UT",1914,343,154160.72 
"UT",1914,344,28924.78  
"UT",1914,345,49111.47  
"UT",1914,351,121698.12 
"UT",1914,356,12215.09  
"UT",1914,357,48087.2   
"UT",1914,358,43310.46  
"UT",1914,359,21299.24  
"UT",1914,360,2876.3    
"UT",1914,361,154.55    
"UT",1914,362,26012.9   
"UT",1914,363,153631.34 
"UT",1914,365,29082.53  
"UT",1914,366,29193.19  
"UT",1914,367,1305315.82
"UT",1914,368,24792.69  
"UT",1914,369,2498.67   
"UT",1914,390,1500      
"UT",1914,391,371.27    
"UT",1914,393,33824.15  
"UT",1914,396,456287.35 
"UT",1914,397,20897.05  
"UT",1914,398,34345     
"UT",1914,400,38000     
"UT",1914,401,25907.42  
"UT",1914,403,5766.09   
"UT",1914,413,90000     
"UT",1914,416,34172.12  
"UT",1915,310,2120      
"UT",1915,311,943919.16 
"UT",1915,313,148529.26 
"UT",1915,316,3984.39   
"UT",1915,317,3348.57   
"UT",1915,318,346587.89 
"UT",1915,321,6250      
"UT",1915,322,103544.72 
"UT",1915,323,77414.68  
"UT",1915,324,207.58    
"UT",1915,326,1495.4    
"UT",1915,331,382295.49 
"UT",1915,336,55251.66  
"UT",1915,341,3172.11   
"UT",1915,343,173239.09 
"UT",1915,344,33340.49  
"UT",1915,345,53815.93  
"UT",1915,351,111968.39 
"UT",1915,356,13410.62  
"UT",1915,357,28411.76  
"UT",1915,358,50228.07  
"UT",1915,359,2395.25   
"UT",1915,360,3902.35   
"UT",1915,361,38478.89  
"UT",1915,362,39178.68  
"UT",1915,363,148228.76 
"UT",1915,364,676.46    
"UT",1915,365,26763.36  
"UT",1915,366,33082.01  
"UT",1915,367,768522.92 
"UT",1915,368,28656.92  
"UT",1915,369,41997.13  
"UT",1915,381,38.83     
"UT",1915,390,3734.95   
"UT",1915,391,8167.49   
"UT",1915,393,34134.46  
"UT",1915,396,621281.51 
"UT",1915,397,46322.9   
"UT",1915,398,61780.65  
"UT",1915,400,23000     
"UT",1915,401,88490.89  
"UT",1915,403,7463.01   
"UT",1915,410,306545.52 
"UT",1915,416,14515.34  
"UT",1916,310,2960      
"UT",1916,311,1012300.65
"UT",1916,313,183201.64 
"UT",1916,316,4136.58   
"UT",1916,317,1661.31   
"UT",1916,318,358503.53 
"UT",1916,321,6250      
"UT",1916,322,83881.24  
"UT",1916,323,97550.4   
"UT",1916,324,16        
"UT",1916,326,777.95    
"UT",1916,331,831085.22 
"UT",1916,336,69377.02  
"UT",1916,341,2633.58   
"UT",1916,343,159245.37 
"UT",1916,344,34182.02  
"UT",1916,345,60267.51  
"UT",1916,351,129000.33 
"UT",1916,356,12268.09  
"UT",1916,357,30653.97  
"UT",1916,358,40257.05  
"UT",1916,359,2273.45   
"UT",1916,360,1640.2    
"UT",1916,361,305.13    
"UT",1916,362,24332.04  
"UT",1916,363,126134.05 
"UT",1916,365,30506.14  
"UT",1916,366,29004.25  
"UT",1916,367,224558.54 
"UT",1916,368,25395.98  
"UT",1916,369,4718.69   
"UT",1916,381,701.39    
"UT",1916,391,197.66    
"UT",1916,393,31341.36  
"UT",1916,396,461904.02 
"UT",1916,397,24510.86  
"UT",1916,398,5250      
"UT",1916,399,285.3     
"UT",1916,400,23000     
"UT",1916,401,106391.83 
"UT",1916,403,14980.14  
"UT",1916,410,142446.7  
"UT",1916,413,250000    
