"MN",1864,1,659308.98   
"MN",1865,1,377157      
"MN",1866,1,395590.08   
"MN",1867,1,687729.98   
"MN",1870,1,640215.96   
"MN",1872,1,783481.28   
"MN",1873,1,1140802.59  
"MN",1874,1,1112812.52  
"MN",1875,1,980604.16   
"MN",1876,1,1021404.5   
"MN",1877,1,1155519.15  
"MN",1879,1,1417174.5   
"MN",1880,1,1564026.45  
"MN",1881,1,1715406.07  
"MN",1882,1,2643671.52  
"MN",1883,1,1875198.99  
"MN",1884,1,3362562.82  
"MN",1885,1,2077664.14  
"MN",1886,1,3134718.34  
"MN",1887,1,2476530.37  
"MN",1888,1,3097610.25  
"MN",1889,1,3296287.27  
"MN",1890,1,3940064.02  
"MN",1891,1,4382412.43  
"MN",1892,1,3995857.16  
"MN",1893,1,4884050.93  
"MN",1894,1,4752306.15  
"MN",1895,1,5426935.96  
"MN",1896,1,5482875.87  
"MN",1897,1,4686555.45  
"MN",1898,1,5429240.32  
"MN",1899,1,6221214.43  
"MN",1900,1,6903296.48  
"MN",1901,1,6731846.93  
"MN",1902,1,7505443.94  
"MN",1903,1,8053396.05  
"MN",1904,1,8757325.09  
"MN",1905,1,9488718.02  
"MN",1906,1,10162396.05 
"MN",1907,1,11250342.24 
"MN",1908,1,12446280.7  
"MN",1909,1,12521986.02 
"MN",1910,1,14810944.34 
"MN",1911,1,15612048.79 
"MN",1912,1,15805302.7  
"MN",1913,1,17809159.86 
"MN",1914,1,22680107.88 
                        
"MN",1864,11,55611.77   
"MN",1864,12,105855.44  
"MN",1864,17,12061.86   
"MN",1864,19,26355.15   
"MN",1864,23,205475.12  
"MN",1864,29,253949.64  
"MN",1865,11,63876.01   
"MN",1865,12,91574.1    
"MN",1865,14,167.35     
"MN",1865,17,36464.93   
"MN",1865,19,7739.13    
"MN",1865,23,385.2      
"MN",1865,29,176950.28  
"MN",1866,11,114435.73  
"MN",1866,12,97987.66   
"MN",1866,14,5029.14    
"MN",1866,17,2328.04    
"MN",1866,19,3611.9     
"MN",1866,23,35000      
"MN",1866,29,137197.61  
"MN",1867,11,173391.95  
"MN",1867,12,112623.76  
"MN",1867,14,9373.55    
"MN",1867,19,431.61     
"MN",1867,23,2475.67    
"MN",1867,29,389433.44  
"MN",1870,11,201822.79  
"MN",1870,12,134638.04  
"MN",1870,14,60069.22   
"MN",1870,29,243685.91  
"MN",1872,11,292707.64  
"MN",1872,12,125446.07  
"MN",1872,14,73985.9    
"MN",1872,23,9495.25    
"MN",1872,25,164.35     
"MN",1872,29,281682.07  
"MN",1873,11,303633.31  
"MN",1873,12,163403.28  
"MN",1873,14,123950.76  
"MN",1873,18,11347.55   
"MN",1873,22,7950.25    
"MN",1873,23,18720.96   
"MN",1873,29,511796.48  
"MN",1874,11,373857.34  
"MN",1874,12,201307.31  
"MN",1874,14,156085.85  
"MN",1874,15,17413.61   
"MN",1874,18,1375.18    
"MN",1874,19,600        
"MN",1874,22,4345.33    
"MN",1874,23,10925.36   
"MN",1874,29,346902.54  
"MN",1875,11,300111.03  
"MN",1875,12,161682.85  
"MN",1875,14,133363.72  
"MN",1875,15,5067.93    
"MN",1875,18,805.5      
"MN",1875,22,5977       
"MN",1875,23,8317.62    
"MN",1875,29,365278.51  
"MN",1876,11,287754.63  
"MN",1876,12,154944.69  
"MN",1876,14,170588.53  
"MN",1876,15,3940.82    
"MN",1876,18,10987.61   
"MN",1876,22,4430       
"MN",1876,23,29418.76   
"MN",1876,29,359339.46  
"MN",1877,11,263947.59  
"MN",1877,12,168777.27  
"MN",1877,14,163314.27  
"MN",1877,18,2941.16    
"MN",1877,22,4783       
"MN",1877,23,15855.35   
"MN",1877,29,535900.51  
"MN",1879,11,337407.45  
"MN",1879,12,245569.55  
"MN",1879,14,233610.94  
"MN",1879,15,4144.68    
"MN",1879,18,20         
"MN",1879,22,5261       
"MN",1879,23,68235.8    
"MN",1879,25,924.72     
"MN",1879,29,522000.36  
"MN",1880,11,194381.25  
"MN",1880,12,186524.33  
"MN",1880,14,310979.43  
"MN",1880,15,4121.1     
"MN",1880,22,6016       
"MN",1880,23,99009.53   
"MN",1880,25,531.3      
"MN",1880,29,762463.51  
"MN",1881,11,317437.31  
"MN",1881,12,187229.49  
"MN",1881,14,362294.75  
"MN",1881,15,3115.98    
"MN",1881,22,6535.5     
"MN",1881,23,24191.89   
"MN",1881,25,1529.26    
"MN",1881,27,10200      
"MN",1881,29,802871.89  
"MN",1882,11,294924.57  
"MN",1882,12,107675.51  
"MN",1882,14,509383.43  
"MN",1882,15,49561.43   
"MN",1882,22,8675       
"MN",1882,23,54064.53   
"MN",1882,25,95.13      
"MN",1882,29,1619291.92 
"MN",1883,11,272629.31  
"MN",1883,12,36366.3    
"MN",1883,14,532181.69  
"MN",1883,22,7441.51    
"MN",1883,23,37357.23   
"MN",1883,25,596.68     
"MN",1883,29,988626.27  
"MN",1884,11,461628.56  
"MN",1884,12,92317.57   
"MN",1884,14,687839.84  
"MN",1884,15,31507.06   
"MN",1884,22,8542.72    
"MN",1884,23,35588.59   
"MN",1884,25,59.5       
"MN",1884,26,125        
"MN",1884,29,2044953.98 
"MN",1885,11,400194.93  
"MN",1885,12,113118.49  
"MN",1885,14,736894.02  
"MN",1885,15,64416.03   
"MN",1885,22,8303.4     
"MN",1885,23,39118.63   
"MN",1885,24,294.21     
"MN",1885,25,1484.94    
"MN",1885,29,713839.49  
"MN",1886,11,552504.36  
"MN",1886,12,108194.44  
"MN",1886,14,667222.98  
"MN",1886,15,46804.83   
"MN",1886,22,61845.26   
"MN",1886,23,40408.39   
"MN",1886,25,866.25     
"MN",1886,29,1656871.83 
"MN",1887,11,509889.04  
"MN",1887,12,132575.16  
"MN",1887,14,758405.44  
"MN",1887,22,92384.17   
"MN",1887,23,36747.82   
"MN",1887,24,2284.75    
"MN",1887,29,944243.99  
"MN",1888,11,799859.62  
"MN",1888,12,451766.12  
"MN",1888,14,815982.45  
"MN",1888,15,33213.54   
"MN",1888,22,57840.48   
"MN",1888,23,39473.99   
"MN",1888,29,899474.05  
"MN",1889,11,794663     
"MN",1889,12,607811.87  
"MN",1889,14,799191.3   
"MN",1889,15,11898.09   
"MN",1889,22,91335.79   
"MN",1889,23,44588.2    
"MN",1889,26,5241.36    
"MN",1889,29,941557.66  
"MN",1890,11,880805.79  
"MN",1890,12,608124.83  
"MN",1890,14,824752.17  
"MN",1890,16,37.8       
"MN",1890,22,167594.71  
"MN",1890,23,95265.52   
"MN",1890,25,26.4       
"MN",1890,26,209635.05  
"MN",1890,29,1153821.75 
"MN",1891,11,1007920.67 
"MN",1891,12,759477.2   
"MN",1891,14,874437.28  
"MN",1891,15,17500.22   
"MN",1891,16,356.4      
"MN",1891,19,86923.72   
"MN",1891,22,163229.08  
"MN",1891,23,70086.5    
"MN",1891,26,108560.93  
"MN",1891,29,1293920.43 
"MN",1892,11,693903.29  
"MN",1892,12,456272.67  
"MN",1892,14,1047486.06 
"MN",1892,16,158.53     
"MN",1892,22,305153.22  
"MN",1892,23,76170.95   
"MN",1892,26,90991.6    
"MN",1892,29,1291591.78 
"MN",1892,99,34129.06   
"MN",1893,11,1287378.66 
"MN",1893,12,833716.97  
"MN",1893,14,1217367.25 
"MN",1893,15,14961.09   
"MN",1893,22,193278.18  
"MN",1893,23,21380.8    
"MN",1893,26,148346.72  
"MN",1893,29,1159384.74 
"MN",1893,99,8236.52    
"MN",1894,11,1261861.58 
"MN",1894,12,1005262.5  
"MN",1894,14,989884.81  
"MN",1894,15,7677.6     
"MN",1894,22,155134.68  
"MN",1894,23,7855.57    
"MN",1894,24,66756.27   
"MN",1894,25,13558.67   
"MN",1894,26,136574.85  
"MN",1894,29,1107739.62 
"MN",1895,11,1121299.31 
"MN",1895,12,1058759.33 
"MN",1895,14,1031631.72 
"MN",1895,15,13100.53   
"MN",1895,16,102.98     
"MN",1895,22,195708.41  
"MN",1895,23,15400.67   
"MN",1895,24,122581.33  
"MN",1895,25,6250       
"MN",1895,26,170241.28  
"MN",1895,29,1689368.2  
"MN",1895,99,2492.2     
"MN",1896,11,1233325.53 
"MN",1896,12,1078357.81 
"MN",1896,14,1278979.89 
"MN",1896,15,5944.69    
"MN",1896,18,2610       
"MN",1896,22,348127.89  
"MN",1896,23,41531.67   
"MN",1896,24,15678.23   
"MN",1896,26,172502.32  
"MN",1896,29,1305817.84 
"MN",1897,11,840484.6   
"MN",1897,12,800900.47  
"MN",1897,14,1209953.59 
"MN",1897,15,3562.98    
"MN",1897,22,249284.93  
"MN",1897,23,55115.89   
"MN",1897,24,38083.62   
"MN",1897,25,6250       
"MN",1897,26,158910.58  
"MN",1897,29,1324008.79 
"MN",1898,11,644440.28  
"MN",1898,12,645498.81  
"MN",1898,14,1346097.59 
"MN",1898,15,2549.07    
"MN",1898,22,208984.59  
"MN",1898,23,102028.61  
"MN",1898,24,18488.31   
"MN",1898,25,325        
"MN",1898,26,168862.87  
"MN",1898,29,2291965.19 
"MN",1899,11,1056609.04 
"MN",1899,12,717663.86  
"MN",1899,14,1466019.85 
"MN",1899,15,4525.37    
"MN",1899,22,288824.12  
"MN",1899,23,19239.29   
"MN",1899,24,25232.41   
"MN",1899,25,8.05       
"MN",1899,26,276927.7   
"MN",1899,29,2366164.74 
"MN",1900,11,1039070.47 
"MN",1900,12,743174.88  
"MN",1900,14,1661549.03 
"MN",1900,15,3664.9     
"MN",1900,18,2558.78    
"MN",1900,22,348440.32  
"MN",1900,23,44686.37   
"MN",1900,24,8437.5     
"MN",1900,25,2309.35    
"MN",1900,26,289427.56  
"MN",1900,29,2759977.32 
"MN",1901,11,1016397.79 
"MN",1901,12,758126.1   
"MN",1901,14,1687919.28 
"MN",1901,15,9996.99    
"MN",1901,18,1748.63    
"MN",1901,22,294914.85  
"MN",1901,23,64207.87   
"MN",1901,24,27030.29   
"MN",1901,25,226.75     
"MN",1901,26,247447.42  
"MN",1901,29,2623830.96 
"MN",1902,11,1042829.84 
"MN",1902,12,804836.58  
"MN",1902,14,1986391    
"MN",1902,15,10107.18   
"MN",1902,18,2686.86    
"MN",1902,22,355886.76  
"MN",1902,23,88269.59   
"MN",1902,24,10561.8    
"MN",1902,25,74.8       
"MN",1902,26,228797.2   
"MN",1902,29,2975002.33 
"MN",1903,11,908751.57  
"MN",1903,12,818010.15  
"MN",1903,14,2434644.91 
"MN",1903,15,11422.04   
"MN",1903,18,1945.02    
"MN",1903,22,386520.32  
"MN",1903,23,57741.29   
"MN",1903,24,18427.32   
"MN",1903,26,230149.33  
"MN",1903,29,3185784.1  
"MN",1904,11,880292.88  
"MN",1904,12,759480.13  
"MN",1904,14,2348089.1  
"MN",1904,15,25103.87   
"MN",1904,18,13361.95   
"MN",1904,22,389460.16  
"MN",1904,23,70499.13   
"MN",1904,24,66728.25   
"MN",1904,26,250284.97  
"MN",1904,29,3954024.65 
"MN",1905,11,1217099.06 
"MN",1905,12,1001256.35 
"MN",1905,14,2368439.43 
"MN",1905,15,28310.54   
"MN",1905,18,11842.6    
"MN",1905,22,400386.24  
"MN",1905,23,40515.25   
"MN",1905,24,128111.34  
"MN",1905,26,235523.7   
"MN",1905,29,3563233.51 
"MN",1905,39,494000     
"MN",1906,11,1378597.15 
"MN",1906,12,1185191.5  
"MN",1906,14,3361318.38 
"MN",1906,15,14533.53   
"MN",1906,18,14230.05   
"MN",1906,22,393099.89  
"MN",1906,23,49179.67   
"MN",1906,24,139915.67  
"MN",1906,26,265817.6   
"MN",1906,29,3360512.61 
"MN",1907,11,1445275.35 
"MN",1907,12,1205671.58 
"MN",1907,14,3793750.74 
"MN",1907,15,9651.28    
"MN",1907,18,14152.26   
"MN",1907,22,520118.32  
"MN",1907,23,51244.74   
"MN",1907,24,163833.11  
"MN",1907,26,293467.26  
"MN",1907,29,3753177.6  
"MN",1908,11,2023250.27 
"MN",1908,12,1355708.48 
"MN",1908,14,3970992.64 
"MN",1908,15,12248.85   
"MN",1908,18,51043.07   
"MN",1908,22,486327.64  
"MN",1908,23,48545.16   
"MN",1908,24,216433.69  
"MN",1908,26,371868.38  
"MN",1908,29,3909862.52 
"MN",1909,11,2293394.3  
"MN",1909,12,1445410.54 
"MN",1909,14,3566839.9  
"MN",1909,15,20361.74   
"MN",1909,18,104231.83  
"MN",1909,22,484136.4   
"MN",1909,23,41346.27   
"MN",1909,24,119393.52  
"MN",1909,26,396238.83  
"MN",1909,29,4050632.69 
"MN",1910,11,1907902.17 
"MN",1910,12,1854809.03 
"MN",1910,14,5097436.41 
"MN",1910,15,16460.12   
"MN",1910,18,98298.09   
"MN",1910,22,562101.98  
"MN",1910,23,57902.85   
"MN",1910,24,303952.42  
"MN",1910,26,403054.17  
"MN",1910,29,4509027.1  
"MN",1911,11,1914145.67 
"MN",1911,12,1984960.4  
"MN",1911,14,4696283.42 
"MN",1911,15,8023.76    
"MN",1911,18,110266.48  
"MN",1911,22,515885.73  
"MN",1911,23,81596.08   
"MN",1911,24,312309.29  
"MN",1911,26,921287.49  
"MN",1911,29,5067290.47 
"MN",1912,11,2667118.1  
"MN",1912,12,2205476.14 
"MN",1912,14,4448262.31 
"MN",1912,15,3959.64    
"MN",1912,18,141342.07  
"MN",1912,19,15665.16   
"MN",1912,22,657036.56  
"MN",1912,23,75000      
"MN",1912,24,258768.21  
"MN",1912,26,711046.89  
"MN",1912,29,4621627.62 
"MN",1913,11,3218366.11 
"MN",1913,12,1859732.58 
"MN",1913,14,5095399.07 
"MN",1913,15,2436.39    
"MN",1913,18,86453.67   
"MN",1913,19,40689      
"MN",1913,22,837694.64  
"MN",1913,23,85000      
"MN",1913,24,544702.26  
"MN",1913,26,750177.7   
"MN",1913,29,5288508.44 
"MN",1914,11,4185338.64 
"MN",1914,12,2609015.08 
"MN",1914,14,6597684.06 
"MN",1914,15,1842.83    
"MN",1914,18,144619.28  
"MN",1914,19,14612.89   
"MN",1914,22,688520.42  
"MN",1914,23,80000      
"MN",1914,24,676302.27  
"MN",1914,26,867620.54  
"MN",1914,29,6814551.87 
                        
"MN",1864,110,55611.77  
"MN",1864,121,105855.44 
"MN",1864,170,12061.86  
"MN",1864,190,26355.15  
"MN",1864,235,205475.12 
"MN",1864,290,229       
"MN",1864,291,34579.78  
"MN",1864,293,101250    
"MN",1864,294,114478.5  
"MN",1864,296,3412.36   
"MN",1865,110,63876.01  
"MN",1865,121,91574.1   
"MN",1865,142,167.35    
"MN",1865,170,36464.93  
"MN",1865,190,7739.13   
"MN",1865,235,385.2     
"MN",1865,290,5         
"MN",1865,291,52770.18  
"MN",1865,294,121254.15 
"MN",1865,296,2920.95   
"MN",1866,110,114435.73 
"MN",1866,121,97987.66  
"MN",1866,141,4550.14   
"MN",1866,142,479       
"MN",1866,170,2328.04   
"MN",1866,190,3611.9    
"MN",1866,235,35000     
"MN",1866,290,56.75     
"MN",1866,291,63597.35  
"MN",1866,294,69696.26  
"MN",1866,296,3847.25   
"MN",1867,110,173391.95 
"MN",1867,121,112623.76 
"MN",1867,141,9373.55   
"MN",1867,190,431.61    
"MN",1867,235,2475.67   
"MN",1867,291,101067.67 
"MN",1867,293,176250    
"MN",1867,294,111854.63 
"MN",1867,296,261.14    
"MN",1870,110,201822.79 
"MN",1870,121,134638.04 
"MN",1870,141,44934.66  
"MN",1870,143,14817.76  
"MN",1870,146,316.8     
"MN",1870,291,175590.8  
"MN",1870,294,58962.4   
"MN",1870,296,9132.71   
"MN",1872,110,292707.64 
"MN",1872,121,125446.07 
"MN",1872,141,56505.54  
"MN",1872,143,16898.76  
"MN",1872,146,581.6     
"MN",1872,235,7248.97   
"MN",1872,236,2246.28   
"MN",1872,254,164.35    
"MN",1872,290,1601      
"MN",1872,291,177605.95 
"MN",1872,294,88176.08  
"MN",1872,296,14299.04  
"MN",1873,110,303633.31 
"MN",1873,121,163403.28 
"MN",1873,141,101435.34 
"MN",1873,143,21853.02  
"MN",1873,146,662.4     
"MN",1873,183,11347.55  
"MN",1873,223,7950.25   
"MN",1873,235,8612.53   
"MN",1873,236,10108.43  
"MN",1873,290,6         
"MN",1873,291,178293.19 
"MN",1873,292,7024.39   
"MN",1873,293,210000    
"MN",1873,294,102581.62 
"MN",1873,296,13891.28  
"MN",1874,110,373857.34 
"MN",1874,121,201307.31 
"MN",1874,141,129907.03 
"MN",1874,143,25505.62  
"MN",1874,146,673.2     
"MN",1874,150,17413.61  
"MN",1874,183,1375.18   
"MN",1874,191,600       
"MN",1874,223,4345.33   
"MN",1874,236,10925.36  
"MN",1874,290,162.09    
"MN",1874,291,201744.39 
"MN",1874,292,9270.29   
"MN",1874,293,21000     
"MN",1874,294,98318.3   
"MN",1874,296,16407.47  
"MN",1875,110,300111.03 
"MN",1875,121,161682.85 
"MN",1875,141,106873.11 
"MN",1875,143,25750.21  
"MN",1875,146,740.4     
"MN",1875,150,5067.93   
"MN",1875,183,805.5     
"MN",1875,223,5977      
"MN",1875,236,8317.62   
"MN",1875,290,138.7     
"MN",1875,291,221149.39 
"MN",1875,292,5736.82   
"MN",1875,293,20000     
"MN",1875,294,102866.98 
"MN",1875,296,15386.62  
"MN",1876,110,287754.63 
"MN",1876,121,154944.69 
"MN",1876,141,141475.53 
"MN",1876,143,28389.4   
"MN",1876,146,723.6     
"MN",1876,150,3940.82   
"MN",1876,183,10987.61  
"MN",1876,223,4430      
"MN",1876,236,29418.76  
"MN",1876,290,1685.52   
"MN",1876,291,230632.61 
"MN",1876,292,5761.14   
"MN",1876,293,6000      
"MN",1876,294,107237.6  
"MN",1876,296,8022.59   
"MN",1877,110,263947.59 
"MN",1877,121,168777.27 
"MN",1877,141,135840.92 
"MN",1877,143,26715.75  
"MN",1877,146,757.6     
"MN",1877,183,2941.16   
"MN",1877,223,4783      
"MN",1877,236,15855.35  
"MN",1877,290,1366.35   
"MN",1877,291,232770.73 
"MN",1877,292,1064.9    
"MN",1877,293,200947.7  
"MN",1877,294,98485.91  
"MN",1877,296,1264.92   
"MN",1879,110,337407.45 
"MN",1879,121,245569.55 
"MN",1879,141,209464.19 
"MN",1879,143,23230.35  
"MN",1879,146,916.4     
"MN",1879,150,4144.68   
"MN",1879,183,20        
"MN",1879,223,5261      
"MN",1879,236,68235.8   
"MN",1879,254,924.72    
"MN",1879,290,12320.43  
"MN",1879,291,303410.13 
"MN",1879,292,6514.09   
"MN",1879,293,71000     
"MN",1879,294,114327.61 
"MN",1879,296,14428.1   
"MN",1880,110,194381.25 
"MN",1880,121,186524.33 
"MN",1880,141,284480.94 
"MN",1880,143,25468.29  
"MN",1880,146,1030.2    
"MN",1880,150,4121.1    
"MN",1880,223,6016      
"MN",1880,236,99009.53  
"MN",1880,254,531.3     
"MN",1880,290,439.25    
"MN",1880,291,357276.21 
"MN",1880,292,9069.23   
"MN",1880,293,147859.2  
"MN",1880,294,242072.02 
"MN",1880,296,5747.6    
"MN",1881,110,317437.31 
"MN",1881,121,187229.49 
"MN",1881,141,329555.5  
"MN",1881,143,31669.25  
"MN",1881,146,1070      
"MN",1881,150,3115.98   
"MN",1881,223,6535.5    
"MN",1881,236,24191.89  
"MN",1881,254,1529.26   
"MN",1881,271,10200     
"MN",1881,290,1020.51   
"MN",1881,291,344940.23 
"MN",1881,292,12531.65  
"MN",1881,293,145860.13 
"MN",1881,294,297762.62 
"MN",1881,296,756.75    
"MN",1882,110,294924.57 
"MN",1882,121,107675.51 
"MN",1882,141,470556.65 
"MN",1882,143,38826.78  
"MN",1882,150,49561.43  
"MN",1882,222,2013.68   
"MN",1882,223,6661.32   
"MN",1882,236,54064.53  
"MN",1882,254,95.13     
"MN",1882,290,2306.05   
"MN",1882,291,317857.51 
"MN",1882,292,8417.23   
"MN",1882,293,928304.1  
"MN",1882,294,361912.78 
"MN",1882,296,494.25    
"MN",1883,110,272629.31 
"MN",1883,121,36366.3   
"MN",1883,141,479698.28 
"MN",1883,143,47952.81  
"MN",1883,146,4530.6    
"MN",1883,222,89.51     
"MN",1883,223,7352      
"MN",1883,236,37357.23  
"MN",1883,254,596.68    
"MN",1883,290,12884.58  
"MN",1883,291,356180.25 
"MN",1883,292,3218.16   
"MN",1883,293,244721.57 
"MN",1883,294,370116.33 
"MN",1883,296,1505.38   
"MN",1884,110,461628.56 
"MN",1884,121,92317.57  
"MN",1884,141,622606.46 
"MN",1884,143,59590.38  
"MN",1884,146,5643      
"MN",1884,150,31507.06  
"MN",1884,222,958.22    
"MN",1884,223,7584.5    
"MN",1884,236,35588.59  
"MN",1884,254,59.5      
"MN",1884,268,125       
"MN",1884,290,20550.53  
"MN",1884,291,448245.4  
"MN",1884,292,10039.4   
"MN",1884,293,1157384.2 
"MN",1884,294,401967.77 
"MN",1884,296,6766.68   
"MN",1885,110,400194.93 
"MN",1885,121,113118.49 
"MN",1885,141,673302.69 
"MN",1885,143,57655.71  
"MN",1885,146,5935.62   
"MN",1885,150,64416.03  
"MN",1885,222,1253.35   
"MN",1885,223,7050.05   
"MN",1885,236,39118.63  
"MN",1885,241,294.21    
"MN",1885,254,1484.94   
"MN",1885,290,4064.88   
"MN",1885,291,358153.49 
"MN",1885,292,12121.55  
"MN",1885,293,23000     
"MN",1885,294,298511.35 
"MN",1885,296,17988.22  
"MN",1886,110,552504.36 
"MN",1886,121,108194.44 
"MN",1886,141,591333.57 
"MN",1886,143,66834.57  
"MN",1886,146,9054.84   
"MN",1886,150,46804.83  
"MN",1886,222,1237.37   
"MN",1886,223,8255      
"MN",1886,228,52352.89  
"MN",1886,236,40408.39  
"MN",1886,254,866.25    
"MN",1886,290,262.08    
"MN",1886,291,498435.49 
"MN",1886,292,10612.87  
"MN",1886,293,784262.5  
"MN",1886,294,337053    
"MN",1886,296,26225.89  
"MN",1886,298,20        
"MN",1887,110,509889.04 
"MN",1887,121,132575.16 
"MN",1887,141,675745.15 
"MN",1887,143,69040.81  
"MN",1887,146,13619.48  
"MN",1887,222,197.86    
"MN",1887,223,29908.36  
"MN",1887,228,62277.95  
"MN",1887,236,36747.82  
"MN",1887,241,2284.75   
"MN",1887,290,1074.47   
"MN",1887,291,447386.21 
"MN",1887,292,10302.74  
"MN",1887,293,125409.5  
"MN",1887,294,326338.34 
"MN",1887,296,33732.73  
"MN",1888,110,799859.62 
"MN",1888,121,451766.12 
"MN",1888,141,713973.53 
"MN",1888,143,93182.04  
"MN",1888,146,8826.88   
"MN",1888,150,33213.54  
"MN",1888,222,80.69     
"MN",1888,223,13366.35  
"MN",1888,228,44393.44  
"MN",1888,236,39473.99  
"MN",1888,290,711.45    
"MN",1888,291,482627.5  
"MN",1888,292,12815.57  
"MN",1888,293,3936      
"MN",1888,294,300839.22 
"MN",1888,296,34544.31  
"MN",1888,298,64000     
"MN",1889,110,794663    
"MN",1889,121,607811.87 
"MN",1889,141,685433.02 
"MN",1889,143,102981.61 
"MN",1889,146,10776.67  
"MN",1889,150,11898.09  
"MN",1889,222,10        
"MN",1889,223,18175.01  
"MN",1889,228,73150.78  
"MN",1889,236,44588.2   
"MN",1889,262,5241.36   
"MN",1889,290,1728.75   
"MN",1889,291,405934.01 
"MN",1889,292,19788.94  
"MN",1889,293,267090.65 
"MN",1889,294,229734.68 
"MN",1889,296,17280.63  
"MN",1890,110,880805.79 
"MN",1890,121,608124.83 
"MN",1890,141,702367.73 
"MN",1890,143,107726.57 
"MN",1890,146,14657.87  
"MN",1890,161,37.8      
"MN",1890,223,60998.92  
"MN",1890,228,106595.79 
"MN",1890,235,10302.5   
"MN",1890,236,84963.02  
"MN",1890,254,26.4      
"MN",1890,261,190845.59 
"MN",1890,262,18789.46  
"MN",1890,290,115       
"MN",1890,291,516429.89 
"MN",1890,292,16454.07  
"MN",1890,293,269519.93 
"MN",1890,294,335681.4  
"MN",1890,296,15592.46  
"MN",1890,298,29        
"MN",1891,110,1007920.67
"MN",1891,121,759477.2  
"MN",1891,141,743440.86 
"MN",1891,143,116067.82 
"MN",1891,146,14928.6   
"MN",1891,150,17500.22  
"MN",1891,161,356.4     
"MN",1891,190,86923.72  
"MN",1891,223,57129.08  
"MN",1891,228,106100    
"MN",1891,235,13806.26  
"MN",1891,236,56280.24  
"MN",1891,261,93691.72  
"MN",1891,262,14665.21  
"MN",1891,266,204       
"MN",1891,290,3006.57   
"MN",1891,291,670931.31 
"MN",1891,292,26497.31  
"MN",1891,293,181257.64 
"MN",1891,294,379591.79 
"MN",1891,296,32635.81  
"MN",1892,110,693903.29 
"MN",1892,121,456272.67 
"MN",1892,141,894091.43 
"MN",1892,143,127244.25 
"MN",1892,146,26150.38  
"MN",1892,161,158.53    
"MN",1892,223,142353.22 
"MN",1892,228,162800    
"MN",1892,235,13383.56  
"MN",1892,236,62787.39  
"MN",1892,261,74985.99  
"MN",1892,262,16005.61  
"MN",1892,290,277.25    
"MN",1892,291,574859.84 
"MN",1892,292,31081.99  
"MN",1892,293,140448.56 
"MN",1892,294,470669.92 
"MN",1892,296,74254.22  
"MN",1892,999,34129.06  
"MN",1893,110,1287378.66
"MN",1893,121,833716.97 
"MN",1893,141,1036744.98
"MN",1893,143,149981.77 
"MN",1893,146,30640.5   
"MN",1893,150,14961.09  
"MN",1893,223,51849.5   
"MN",1893,228,141428.68 
"MN",1893,236,21380.8   
"MN",1893,261,112614.38 
"MN",1893,262,35033.34  
"MN",1893,266,699       
"MN",1893,290,118.9     
"MN",1893,291,446745.18 
"MN",1893,292,56708.31  
"MN",1893,293,149319.45 
"MN",1893,294,379093.96 
"MN",1893,296,125178.94 
"MN",1893,299,2220      
"MN",1893,999,8236.52   
"MN",1894,110,1261861.58
"MN",1894,121,1005262.5 
"MN",1894,141,817633.39 
"MN",1894,143,140848.77 
"MN",1894,146,31402.65  
"MN",1894,150,7677.6    
"MN",1894,223,33635.66  
"MN",1894,228,121499.02 
"MN",1894,236,7855.57   
"MN",1894,243,66756.27  
"MN",1894,253,1058.67   
"MN",1894,254,12500     
"MN",1894,261,92802.91  
"MN",1894,262,43702.94  
"MN",1894,266,69        
"MN",1894,290,15017.78  
"MN",1894,291,398176.34 
"MN",1894,292,57216.35  
"MN",1894,293,153830.96 
"MN",1894,294,369918.32 
"MN",1894,296,111364.87 
"MN",1894,299,2215      
"MN",1895,110,1121299.31
"MN",1895,121,1058759.33
"MN",1895,141,851394.25 
"MN",1895,143,139426.79 
"MN",1895,144,67.99     
"MN",1895,146,40742.69  
"MN",1895,150,13100.53  
"MN",1895,161,102.98    
"MN",1895,223,172215.15 
"MN",1895,224,23383.26  
"MN",1895,228,110       
"MN",1895,235,5321.68   
"MN",1895,236,10078.99  
"MN",1895,243,121850.6  
"MN",1895,244,730.73    
"MN",1895,254,6250      
"MN",1895,261,120906.61 
"MN",1895,262,49334.67  
"MN",1895,290,50.34     
"MN",1895,291,582577.35 
"MN",1895,292,47587.48  
"MN",1895,293,435128.55 
"MN",1895,294,412451.31 
"MN",1895,296,209308.17 
"MN",1895,299,2265      
"MN",1895,999,2492.2    
"MN",1896,110,1233325.53
"MN",1896,121,1078357.81
"MN",1896,141,1090510.59
"MN",1896,143,140407.34 
"MN",1896,144,654.27    
"MN",1896,146,47407.69  
"MN",1896,150,5944.69   
"MN",1896,183,2610      
"MN",1896,223,122027.89 
"MN",1896,228,226100    
"MN",1896,236,41531.67  
"MN",1896,243,15678.23  
"MN",1896,261,123685.38 
"MN",1896,262,48462.94  
"MN",1896,266,354       
"MN",1896,290,805.41    
"MN",1896,291,616271.81 
"MN",1896,292,37794.33  
"MN",1896,293,165652.22 
"MN",1896,294,348844.11 
"MN",1896,296,134234.96 
"MN",1896,299,2215      
"MN",1897,110,840484.6  
"MN",1897,121,800900.47 
"MN",1897,141,1025343.01
"MN",1897,143,149482.38 
"MN",1897,144,2193.65   
"MN",1897,146,32934.55  
"MN",1897,150,3562.98   
"MN",1897,223,46784.93  
"MN",1897,228,202500    
"MN",1897,235,38000     
"MN",1897,236,17115.89  
"MN",1897,243,38083.62  
"MN",1897,254,6250      
"MN",1897,261,100639.34 
"MN",1897,262,58046.85  
"MN",1897,265,224.39    
"MN",1897,290,1372.66   
"MN",1897,291,588503.53 
"MN",1897,292,31465.98  
"MN",1897,293,255581.1  
"MN",1897,294,212533    
"MN",1897,296,54198.8   
"MN",1897,298,178115.72 
"MN",1897,299,2238      
"MN",1898,110,644440.28 
"MN",1898,121,645498.81 
"MN",1898,141,1154994.78
"MN",1898,143,144765.69 
"MN",1898,144,2274.73   
"MN",1898,145,7017.06   
"MN",1898,146,37045.33  
"MN",1898,150,2549.07   
"MN",1898,223,53634.59  
"MN",1898,228,155350    
"MN",1898,235,39000     
"MN",1898,236,63028.61  
"MN",1898,243,18488.31  
"MN",1898,254,325       
"MN",1898,261,114645.44 
"MN",1898,262,54112.39  
"MN",1898,265,105.04    
"MN",1898,290,280315.89 
"MN",1898,291,649789.86 
"MN",1898,292,21788.29  
"MN",1898,293,482022.54 
"MN",1898,294,516693.31 
"MN",1898,296,67343.97  
"MN",1898,298,271942.33 
"MN",1898,299,2069      
"MN",1899,110,1056609.04
"MN",1899,121,713906.05 
"MN",1899,122,3757.81   
"MN",1899,141,1261659.68
"MN",1899,143,155087.1  
"MN",1899,144,3364.41   
"MN",1899,145,7390.02   
"MN",1899,146,38518.64  
"MN",1899,150,4525.37   
"MN",1899,223,105589.72 
"MN",1899,228,182450    
"MN",1899,229,784.4     
"MN",1899,236,19239.29  
"MN",1899,243,25232.41  
"MN",1899,254,8.05      
"MN",1899,261,222287.23 
"MN",1899,262,53910.66  
"MN",1899,264,627.31    
"MN",1899,265,12.5      
"MN",1899,266,90        
"MN",1899,290,30574.22  
"MN",1899,291,689986.31 
"MN",1899,292,27594.35  
"MN",1899,293,468649.01 
"MN",1899,294,602869.82 
"MN",1899,296,72461.44  
"MN",1899,298,471416.59 
"MN",1899,299,2613      
"MN",1900,110,1039070.47
"MN",1900,121,735818.3  
"MN",1900,122,7356.58   
"MN",1900,141,1444311.18
"MN",1900,143,179760.4  
"MN",1900,144,7568.36   
"MN",1900,145,9244.04   
"MN",1900,146,20665.05  
"MN",1900,150,3664.9    
"MN",1900,183,2558.78   
"MN",1900,223,104774.76 
"MN",1900,224,27669.99  
"MN",1900,228,215995.57 
"MN",1900,235,40000     
"MN",1900,236,4686.37   
"MN",1900,243,8437.5    
"MN",1900,254,2309.35   
"MN",1900,261,176238.93 
"MN",1900,262,113137.39 
"MN",1900,264,51.24     
"MN",1900,290,1870.33   
"MN",1900,291,692913.4  
"MN",1900,292,23496.94  
"MN",1900,293,713708.72 
"MN",1900,294,814728.18 
"MN",1900,296,72214.24  
"MN",1900,298,438860.51 
"MN",1900,299,2185      
"MN",1901,110,1016397.79
"MN",1901,121,758126.1  
"MN",1901,141,1439720.52
"MN",1901,143,201327.77 
"MN",1901,144,9105.93   
"MN",1901,145,10574.45  
"MN",1901,146,27190.61  
"MN",1901,150,9996.99   
"MN",1901,183,1748.63   
"MN",1901,223,89914.85  
"MN",1901,228,205000    
"MN",1901,235,62258.62  
"MN",1901,236,1949.25   
"MN",1901,243,27030.29  
"MN",1901,254,226.75    
"MN",1901,261,184109.77 
"MN",1901,262,61778.47  
"MN",1901,264,47.18     
"MN",1901,266,1512      
"MN",1901,290,46486.51  
"MN",1901,291,597926.03 
"MN",1901,292,22110.09  
"MN",1901,293,448375.11 
"MN",1901,294,910885.44 
"MN",1901,296,595127.7  
"MN",1901,299,2920.08   
"MN",1902,110,1042829.84
"MN",1902,121,798759.57 
"MN",1902,122,6077.01   
"MN",1902,141,1659778.6 
"MN",1902,143,216515.68 
"MN",1902,144,9791.58   
"MN",1902,145,20703.91  
"MN",1902,146,79601.23  
"MN",1902,150,10107.18  
"MN",1902,183,2686.86   
"MN",1902,223,44439.15  
"MN",1902,226,40555     
"MN",1902,228,270892.61 
"MN",1902,235,66762.63  
"MN",1902,236,21506.96  
"MN",1902,243,10561.8   
"MN",1902,254,74.8      
"MN",1902,261,167120.88 
"MN",1902,262,61583.47  
"MN",1902,264,92.85     
"MN",1902,290,25087.06  
"MN",1902,291,663949.55 
"MN",1902,292,24982.58  
"MN",1902,293,439352.09 
"MN",1902,294,1102543.93
"MN",1902,295,24030.51  
"MN",1902,296,691666.61 
"MN",1902,299,3390      
"MN",1903,110,908751.57 
"MN",1903,121,814587.8  
"MN",1903,122,3422.35   
"MN",1903,141,2083413.29
"MN",1903,143,256291.7  
"MN",1903,144,12110.74  
"MN",1903,145,22302.04  
"MN",1903,146,60527.14  
"MN",1903,150,11422.04  
"MN",1903,183,1945.02   
"MN",1903,223,52062.87  
"MN",1903,226,54030     
"MN",1903,228,280427.45 
"MN",1903,235,40000     
"MN",1903,236,17741.29  
"MN",1903,243,18427.32  
"MN",1903,261,160559.99 
"MN",1903,262,68950.13  
"MN",1903,264,75.21     
"MN",1903,266,564       
"MN",1903,290,15336.66  
"MN",1903,291,671472    
"MN",1903,292,29544.27  
"MN",1903,293,929192.63 
"MN",1903,294,860639.49 
"MN",1903,295,4645.12   
"MN",1903,296,670979.93 
"MN",1903,299,3974      
"MN",1904,110,880292.88 
"MN",1904,121,759480.13 
"MN",1904,141,1977040.61
"MN",1904,143,270787.37 
"MN",1904,144,13332.85  
"MN",1904,145,27577.43  
"MN",1904,146,59350.84  
"MN",1904,150,25103.87  
"MN",1904,183,13361.95  
"MN",1904,223,61903.8   
"MN",1904,226,45780     
"MN",1904,228,281776.36 
"MN",1904,235,68051.99  
"MN",1904,236,2447.14   
"MN",1904,243,66728.25  
"MN",1904,261,183402.27 
"MN",1904,262,66282.7   
"MN",1904,266,600       
"MN",1904,290,59800.15  
"MN",1904,291,652090.49 
"MN",1904,292,23269.83  
"MN",1904,293,1356775.99
"MN",1904,294,963538.91 
"MN",1904,295,916       
"MN",1904,296,893298.28 
"MN",1904,299,4335      
"MN",1905,110,1217099.06
"MN",1905,121,1001256.35
"MN",1905,141,1926929.07
"MN",1905,143,297673.93 
"MN",1905,144,12513.94  
"MN",1905,145,27556.23  
"MN",1905,146,103766.26 
"MN",1905,150,28310.54  
"MN",1905,183,11842.6   
"MN",1905,223,62764.37  
"MN",1905,226,51020     
"MN",1905,228,286601.87 
"MN",1905,235,40000     
"MN",1905,236,515.25    
"MN",1905,243,128111.34 
"MN",1905,261,175978.8  
"MN",1905,262,58944.9   
"MN",1905,266,600       
"MN",1905,290,95463.79  
"MN",1905,291,670806.79 
"MN",1905,292,21321.05  
"MN",1905,293,1001727.66
"MN",1905,294,706780.6  
"MN",1905,295,524.95    
"MN",1905,296,1061410.67
"MN",1905,299,5198      
"MN",1905,393,494000    
"MN",1906,110,1378597.15
"MN",1906,121,1025736.59
"MN",1906,122,159454.91 
"MN",1906,141,2866600.72
"MN",1906,143,326672.2  
"MN",1906,144,15989.9   
"MN",1906,145,34585.36  
"MN",1906,146,117470.2  
"MN",1906,150,14533.53  
"MN",1906,183,14230.05  
"MN",1906,223,91706.44  
"MN",1906,226,75290     
"MN",1906,228,226103.45 
"MN",1906,235,46750     
"MN",1906,236,2429.67   
"MN",1906,243,139915.67 
"MN",1906,261,185477.4  
"MN",1906,262,79740.2   
"MN",1906,266,600       
"MN",1906,290,66323.72  
"MN",1906,291,751748.78 
"MN",1906,292,24409.18  
"MN",1906,293,404070    
"MN",1906,294,927454.42 
"MN",1906,295,4723.03   
"MN",1906,296,1176508.48
"MN",1906,299,5275      
"MN",1907,110,1445275.35
"MN",1907,121,1063312.62
"MN",1907,122,142358.96 
"MN",1907,141,3271616.46
"MN",1907,143,370724.18 
"MN",1907,144,16176.43  
"MN",1907,145,39554.16  
"MN",1907,146,95679.51  
"MN",1907,150,9651.28   
"MN",1907,183,14152.26  
"MN",1907,223,83835.96  
"MN",1907,226,159565    
"MN",1907,228,275772.46 
"MN",1907,229,944.9     
"MN",1907,235,50250     
"MN",1907,236,994.74    
"MN",1907,243,163833.11 
"MN",1907,261,191459    
"MN",1907,262,101408.26 
"MN",1907,266,600       
"MN",1907,290,89571.3   
"MN",1907,291,778691.8  
"MN",1907,292,32291.52  
"MN",1907,293,592817.48 
"MN",1907,294,831986.24 
"MN",1907,295,2896.66   
"MN",1907,296,1418615.6 
"MN",1907,299,6307      
"MN",1908,110,2023250.27
"MN",1908,121,1312253.92
"MN",1908,122,43454.56  
"MN",1908,141,3431361.83
"MN",1908,143,365294.41 
"MN",1908,144,16320.47  
"MN",1908,145,33352.13  
"MN",1908,146,124663.8  
"MN",1908,150,12248.85  
"MN",1908,183,51043.07  
"MN",1908,223,97064.22  
"MN",1908,226,68650     
"MN",1908,228,320613.42 
"MN",1908,235,35000     
"MN",1908,236,13545.16  
"MN",1908,243,216433.69 
"MN",1908,261,254396.74 
"MN",1908,262,115527.34 
"MN",1908,263,144.3     
"MN",1908,266,1800      
"MN",1908,290,87294.34  
"MN",1908,291,788504.54 
"MN",1908,292,39179.1   
"MN",1908,293,840619.28 
"MN",1908,294,735132.75 
"MN",1908,295,22770.33  
"MN",1908,296,1386778.68
"MN",1908,299,9583.5    
"MN",1909,110,2293394.3 
"MN",1909,121,1230317.16
"MN",1909,122,215093.38 
"MN",1909,141,2979132.85
"MN",1909,143,370665.43 
"MN",1909,144,17252.14  
"MN",1909,145,34881.38  
"MN",1909,146,164908.1  
"MN",1909,150,20361.74  
"MN",1909,183,104231.83 
"MN",1909,223,98648.16  
"MN",1909,226,80210     
"MN",1909,228,305278.24 
"MN",1909,235,40000     
"MN",1909,236,1346.27   
"MN",1909,243,119393.52 
"MN",1909,261,262997.51 
"MN",1909,262,132677.32 
"MN",1909,266,564       
"MN",1909,290,145755.56 
"MN",1909,291,903571.26 
"MN",1909,292,41452.98  
"MN",1909,293,1032134.03
"MN",1909,294,485107.45 
"MN",1909,295,12843     
"MN",1909,296,1429021.41
"MN",1909,299,747       
"MN",1910,110,1907902.17
"MN",1910,121,1345927.12
"MN",1910,122,508881.91 
"MN",1910,141,4466273.33
"MN",1910,143,382419.36 
"MN",1910,144,21814.03  
"MN",1910,145,41754.95  
"MN",1910,146,185174.74 
"MN",1910,150,16460.12  
"MN",1910,183,98298.09  
"MN",1910,223,99564.07  
"MN",1910,226,98315     
"MN",1910,228,364222.91 
"MN",1910,235,52500     
"MN",1910,236,5402.85   
"MN",1910,241,303952.42 
"MN",1910,261,260011.61 
"MN",1910,262,143042.56 
"MN",1910,290,163263.48 
"MN",1910,291,889754.87 
"MN",1910,292,54274.75  
"MN",1910,293,1363196.13
"MN",1910,294,568100.34 
"MN",1910,295,34521.3   
"MN",1910,296,1412783.73
"MN",1910,299,23132.5   
"MN",1911,110,1914145.67
"MN",1911,121,1525554.7 
"MN",1911,122,459405.7  
"MN",1911,141,3942682.22
"MN",1911,143,411751.92 
"MN",1911,144,19571.62  
"MN",1911,145,41348.11  
"MN",1911,146,280929.55 
"MN",1911,150,8023.76   
"MN",1911,183,110266.48 
"MN",1911,223,110191.16 
"MN",1911,226,68615     
"MN",1911,228,337079.57 
"MN",1911,235,79997.99  
"MN",1911,236,1598.09   
"MN",1911,243,312309.29 
"MN",1911,261,744811.15 
"MN",1911,262,155777.68 
"MN",1911,265,18884.4   
"MN",1911,266,1814.26   
"MN",1911,290,117826.03 
"MN",1911,291,555446.25 
"MN",1911,292,60477.24  
"MN",1911,293,2325210.61
"MN",1911,294,693825.35 
"MN",1911,295,153.54    
"MN",1911,296,1289386.45
"MN",1911,299,24965     
"MN",1912,110,2667118.1 
"MN",1912,120,1526963.15
"MN",1912,122,678512.99 
"MN",1912,141,3748975.14
"MN",1912,143,413259.75 
"MN",1912,144,15074.92  
"MN",1912,145,67987.2   
"MN",1912,146,202965.3  
"MN",1912,150,3959.64   
"MN",1912,183,141342.07 
"MN",1912,191,15665.16  
"MN",1912,223,117621.59 
"MN",1912,226,94525     
"MN",1912,228,428062.08 
"MN",1912,229,16827.89  
"MN",1912,235,75000     
"MN",1912,243,258768.21 
"MN",1912,261,491446.79 
"MN",1912,262,172723.13 
"MN",1912,265,46876.97  
"MN",1912,290,109088.21 
"MN",1912,291,1017649.65
"MN",1912,292,46498.3   
"MN",1912,293,1227649.72
"MN",1912,294,727676.1  
"MN",1912,295,124371.32 
"MN",1912,296,1342804.32
"MN",1912,299,25890     
"MN",1913,110,3218366.11
"MN",1913,120,1422471.03
"MN",1913,122,437261.55 
"MN",1913,141,4335249.64
"MN",1913,143,443234.69 
"MN",1913,144,24729.37  
"MN",1913,145,68390.1   
"MN",1913,146,223795.27 
"MN",1913,150,2436.39   
"MN",1913,183,86453.67  
"MN",1913,191,1855      
"MN",1913,193,38834     
"MN",1913,223,141596.61 
"MN",1913,226,100880    
"MN",1913,228,557359.54 
"MN",1913,229,37858.49  
"MN",1913,235,85000     
"MN",1913,243,544702.26 
"MN",1913,261,486652.71 
"MN",1913,262,183960.48 
"MN",1913,265,79564.51  
"MN",1913,290,468246.32 
"MN",1913,291,1087793.48
"MN",1913,292,33468.18  
"MN",1913,293,987838.12 
"MN",1913,294,678689.21 
"MN",1913,295,128473.83 
"MN",1913,296,1876744.3 
"MN",1913,299,27255     
"MN",1914,110,4185338.64
"MN",1914,120,1958258.24
"MN",1914,122,650756.84 
"MN",1914,141,5788258.22
"MN",1914,143,457873.44 
"MN",1914,144,19353.41  
"MN",1914,145,74100.68  
"MN",1914,146,258098.31 
"MN",1914,150,1842.83   
"MN",1914,183,144619.28 
"MN",1914,191,14612.89  
"MN",1914,222,513.85    
"MN",1914,223,312577.49 
"MN",1914,228,329602.49 
"MN",1914,229,45826.59  
"MN",1914,235,80000     
"MN",1914,243,676302.27 
"MN",1914,261,578049.97 
"MN",1914,262,196492.91 
"MN",1914,265,93077.66  
"MN",1914,290,143722.17 
"MN",1914,291,1159881.12
"MN",1914,292,43723.55  
"MN",1914,293,2574846.1 
"MN",1914,294,799727.34 
"MN",1914,295,88788     
"MN",1914,296,1974368.59
"MN",1914,299,29495     
