"NV",1867,1,828156.3   
"NV",1868,1,351225.06  
"NV",1869,1,409499.91  
"NV",1870,1,339927.01  
"NV",1871,1,549914.74  
"NV",1872,1,1045261.52 
"NV",1873,1,755569.89  
"NV",1874,1,570277     
"NV",1875,1,568679.46  
"NV",1876,1,494854.04  
"NV",1877,1,699244.71  
"NV",1878,1,604166.47  
"NV",1879,1,923159.93  
"NV",1880,1,344540.32  
"NV",1881,1,671968.55  
"NV",1882,1,519988.1   
"NV",1883,1,524857.3   
"NV",1884,1,471874.35  
"NV",1885,1,499206.79  
"NV",1886,1,414357.31  
"NV",1887,1,545037.06  
"NV",1888,1,433053.9   
"NV",1889,1,389833.16  
"NV",1890,1,352773.89  
"NV",1891,1,383993.45  
"NV",1892,1,414114.48  
"NV",1893,1,456573.03  
"NV",1894,1,453461.23  
"NV",1895,1,474945.7   
"NV",1896,1,413978.33  
"NV",1897,1,450127.35  
"NV",1898,1,370367.16  
"NV",1899,1,412449.24  
"NV",1900,1,506689.45  
"NV",1901,1,512602.17  
"NV",1902,1,496743.32  
"NV",1903,1,507933.95  
"NV",1904,1,545171.08  
"NV",1905,1,672679.24  
"NV",1906,1,720341.6   
"NV",1907,1,1000093.46 
"NV",1908,1,990555.7   
"NV",1909,1,1108613.02 
"NV",1910,1,1083184.5  
"NV",1911,1,924493.48  
"NV",1912,1,1315332.86 
"NV",1913,1,1652057.03 
"NV",1914,1,946156.81  
"NV",1915,1,1332485.78 
"NV",1916,1,1814412.59 
"NV",1917,1,1616472.46 
                       
"NV",1870,29,50936.71  
"NV",1867,14,1342.3    
"NV",1867,18,150       
"NV",1867,19,267780.05 
"NV",1867,22,2087.95   
"NV",1867,26,28660.75  
"NV",1867,29,528135.25 
"NV",1868,14,771.98    
"NV",1868,18,40        
"NV",1868,19,301789.21 
"NV",1868,22,2158.7    
"NV",1868,26,5272.94   
"NV",1868,29,41192.23  
"NV",1869,12,224088.93 
"NV",1869,14,59926.81  
"NV",1869,17,24516.26  
"NV",1869,18,18290.53  
"NV",1869,19,4725.59   
"NV",1869,22,6287.26   
"NV",1869,25,3701.13   
"NV",1869,26,5855.33   
"NV",1869,29,62108.07  
"NV",1870,12,174338.76 
"NV",1870,14,43221.8   
"NV",1870,17,29193.03  
"NV",1870,18,12682.27  
"NV",1870,19,1639.55   
"NV",1870,21,13.68     
"NV",1870,22,5794.06   
"NV",1870,25,2879.46   
"NV",1870,26,1178.25   
"NV",1870,28,100       
"NV",1870,29,17949.44  
"NV",1871,18,675       
"NV",1871,19,320619.84 
"NV",1871,22,2960.3    
"NV",1871,25,372.95    
"NV",1871,26,3313.55   
"NV",1871,29,221973.1  
"NV",1872,18,510       
"NV",1872,19,423450.28 
"NV",1872,22,1913.4    
"NV",1872,25,399.14    
"NV",1872,26,59936.32  
"NV",1872,29,559052.38 
"NV",1873,18,600       
"NV",1873,19,511255.73 
"NV",1873,22,2193.45   
"NV",1873,25,502.23    
"NV",1873,29,241018.48 
"NV",1874,18,250       
"NV",1874,19,492806.7  
"NV",1874,22,2290.61   
"NV",1874,25,473.73    
"NV",1874,26,248.94    
"NV",1874,29,74207.02  
"NV",1875,18,475       
"NV",1875,19,467003.25 
"NV",1875,22,3782.45   
"NV",1875,25,468.58    
"NV",1875,26,57.64     
"NV",1875,29,96892.54  
"NV",1876,18,185       
"NV",1876,19,394513.44 
"NV",1876,22,3907.85   
"NV",1876,25,471.46    
"NV",1876,26,812.5     
"NV",1876,29,94963.79  
"NV",1877,18,250       
"NV",1877,19,602029.83 
"NV",1877,22,2399.6    
"NV",1877,25,512.57    
"NV",1877,26,2390.9    
"NV",1877,29,91661.81  
"NV",1878,18,300       
"NV",1878,19,480935.2  
"NV",1878,22,4111.75   
"NV",1878,25,260.84    
"NV",1878,26,2455.75   
"NV",1878,29,116102.93 
"NV",1879,18,100       
"NV",1879,19,226016.72 
"NV",1879,22,2724.5    
"NV",1879,24,132       
"NV",1879,25,200.88    
"NV",1879,26,1585.39   
"NV",1879,29,692400.44 
"NV",1880,17,16282.5   
"NV",1880,18,150       
"NV",1880,19,194703.82 
"NV",1880,22,5404.05   
"NV",1880,25,178.72    
"NV",1880,26,988.73    
"NV",1880,29,126832.5  
"NV",1881,14,3536.14   
"NV",1881,18,200       
"NV",1881,19,270816.61 
"NV",1881,22,2842.55   
"NV",1881,25,180.7     
"NV",1881,26,346       
"NV",1881,29,394046.55 
"NV",1882,14,4137.75   
"NV",1882,17,20048     
"NV",1882,18,175       
"NV",1882,19,283433.42 
"NV",1882,22,2690.9    
"NV",1882,25,158.37    
"NV",1882,26,1413.62   
"NV",1882,29,207931.04 
"NV",1883,14,3846.41   
"NV",1883,18,7810      
"NV",1883,19,255113.77 
"NV",1883,22,1897.35   
"NV",1883,25,32        
"NV",1883,29,256157.77 
"NV",1884,12,235459.38 
"NV",1884,14,17202.28  
"NV",1884,16,585.57    
"NV",1884,17,20784     
"NV",1884,18,12091.31  
"NV",1884,19,180       
"NV",1884,22,2987.8    
"NV",1884,25,631.46    
"NV",1884,26,1441.13   
"NV",1884,29,180511.42 
"NV",1885,12,236050.8  
"NV",1885,14,13881.8   
"NV",1885,17,21464     
"NV",1885,18,15368.49  
"NV",1885,19,60        
"NV",1885,22,3765      
"NV",1885,25,434.49    
"NV",1885,26,911.4     
"NV",1885,29,207270.81 
"NV",1886,12,230735.86 
"NV",1886,14,9576.75   
"NV",1886,17,600       
"NV",1886,18,16705.1   
"NV",1886,19,90        
"NV",1886,22,3469.52   
"NV",1886,25,286       
"NV",1886,26,1915.42   
"NV",1886,29,150978.66 
"NV",1887,14,4505.4    
"NV",1887,18,6450      
"NV",1887,19,225424.33 
"NV",1887,22,20599.85  
"NV",1887,26,1192.6    
"NV",1887,29,286864.88 
"NV",1888,12,234039.84 
"NV",1888,14,21319.89  
"NV",1888,17,370.7     
"NV",1888,18,10043.75  
"NV",1888,19,65        
"NV",1888,22,22923.77  
"NV",1888,25,153.61    
"NV",1888,26,20686.86  
"NV",1888,29,123450.48 
"NV",1889,12,236997.12 
"NV",1889,14,17032.19  
"NV",1889,17,16015     
"NV",1889,18,8531.23   
"NV",1889,19,50        
"NV",1889,22,26740.86  
"NV",1889,25,124.13    
"NV",1889,26,637.5     
"NV",1889,29,83705.13  
"NV",1890,12,221274.57 
"NV",1890,14,12462.24  
"NV",1890,17,15963.62  
"NV",1890,18,8496.25   
"NV",1890,19,70        
"NV",1890,22,26906.76  
"NV",1890,25,75.19     
"NV",1890,26,1084.88   
"NV",1890,29,66440.38  
"NV",1891,12,228237.07 
"NV",1891,14,11172.17  
"NV",1891,17,16339.5   
"NV",1891,18,7693.74   
"NV",1891,19,35        
"NV",1891,22,26800.99  
"NV",1891,25,73.55     
"NV",1891,26,858.96    
"NV",1891,29,92782.47  
"NV",1892,12,233550.58 
"NV",1892,14,7293.25   
"NV",1892,17,13759.2   
"NV",1892,18,6259.99   
"NV",1892,19,95        
"NV",1892,22,26724.69  
"NV",1892,25,74.83     
"NV",1892,26,3343.65   
"NV",1892,29,123013.29 
"NV",1893,14,5371.67   
"NV",1893,18,100       
"NV",1893,19,222627.9  
"NV",1893,22,30757.85  
"NV",1893,26,1219.86   
"NV",1893,29,196495.75 
"NV",1894,14,4864.75   
"NV",1894,18,325       
"NV",1894,19,202643.47 
"NV",1894,22,24630.79  
"NV",1894,26,2179.9    
"NV",1894,29,218817.32 
"NV",1895,14,4914.98   
"NV",1895,19,198234.75 
"NV",1895,22,19827.73  
"NV",1895,26,1049.55   
"NV",1895,29,250918.69 
"NV",1896,14,4225      
"NV",1896,19,203208.4  
"NV",1896,22,18481.17  
"NV",1896,26,1418.74   
"NV",1896,29,186645.02 
"NV",1897,14,3710      
"NV",1897,19,219567.27 
"NV",1897,22,16176.25  
"NV",1897,26,457.47    
"NV",1897,28,1657.15   
"NV",1897,29,208559.21 
"NV",1898,14,4099.99   
"NV",1898,19,146711.3  
"NV",1898,22,21828.77  
"NV",1898,26,6790.45   
"NV",1898,29,190936.65 
"NV",1899,14,4416.7    
"NV",1899,18,695       
"NV",1899,19,218817.31 
"NV",1899,22,19495.03  
"NV",1899,26,1077.45   
"NV",1899,29,167947.75 
"NV",1900,18,5006.7    
"NV",1900,19,238242.83 
"NV",1900,22,20347.53  
"NV",1900,26,7676.99   
"NV",1900,29,235415.4  
"NV",1901,18,5083.3    
"NV",1901,19,239257.76 
"NV",1901,22,20951.48  
"NV",1901,26,2548.59   
"NV",1901,29,244761.04 
"NV",1902,18,6498.3    
"NV",1902,19,240225.44 
"NV",1902,22,21867.89  
"NV",1902,26,1776.38   
"NV",1902,28,10080     
"NV",1902,29,216295.31 
"NV",1903,18,6077.45   
"NV",1903,19,259547.32 
"NV",1903,22,33801.95  
"NV",1903,26,2373.81   
"NV",1903,29,206133.42 
"NV",1904,18,10392.65  
"NV",1904,19,276536.52 
"NV",1904,22,30942.55  
"NV",1904,26,2931.55   
"NV",1904,29,224367.81 
"NV",1905,18,45075.48  
"NV",1905,19,345392.19 
"NV",1905,22,33663.08  
"NV",1905,26,3392.5    
"NV",1905,29,245155.99 
"NV",1906,18,53870.87  
"NV",1906,19,355976    
"NV",1906,22,84243.51  
"NV",1906,26,4133.15   
"NV",1906,29,222118.07 
"NV",1907,18,89450.98  
"NV",1907,19,544754.94 
"NV",1907,22,128945.61 
"NV",1907,26,13847.96  
"NV",1907,29,223093.97 
"NV",1908,16,2873.2    
"NV",1908,18,79008.08  
"NV",1908,19,531321.41 
"NV",1908,22,136290.64 
"NV",1908,26,22289.86  
"NV",1908,29,218772.51 
"NV",1909,12,442359.62 
"NV",1909,14,36497.44  
"NV",1909,16,3523.2    
"NV",1909,17,30328.5   
"NV",1909,18,78207.95  
"NV",1909,19,495.67    
"NV",1909,22,97030.69  
"NV",1909,26,16494     
"NV",1909,29,403675.95 
"NV",1910,16,12743.09  
"NV",1910,18,59875.6   
"NV",1910,19,491549.81 
"NV",1910,22,91765.83  
"NV",1910,26,29310.95  
"NV",1910,29,397939.22 
"NV",1911,16,25484.31  
"NV",1911,18,60734.4   
"NV",1911,19,450519.94 
"NV",1911,22,83632.36  
"NV",1911,25,5114.5    
"NV",1911,26,10435.15  
"NV",1911,29,288572.82 
"NV",1912,16,13086.91  
"NV",1912,18,67064.75  
"NV",1912,19,648004.45 
"NV",1912,22,104906.98 
"NV",1912,25,11926     
"NV",1912,26,16343.97  
"NV",1912,29,453999.8  
"NV",1913,16,5735.57   
"NV",1913,18,73514.49  
"NV",1913,19,671818.29 
"NV",1913,22,76867.68  
"NV",1913,25,3126.5    
"NV",1913,26,7629.15   
"NV",1913,28,14.75     
"NV",1913,29,813350.6  
"NV",1914,12,96.81     
"NV",1914,16,3062.62   
"NV",1914,18,109992.53 
"NV",1914,19,531406.32 
"NV",1914,22,74000.37  
"NV",1914,26,19446.58  
"NV",1914,29,208151.58 
"NV",1915,12,810883.84 
"NV",1915,14,52740.25  
"NV",1915,16,20331.24  
"NV",1915,18,108951.8  
"NV",1915,19,10475.34  
"NV",1915,21,764       
"NV",1915,22,89261.4   
"NV",1915,23,16244.53  
"NV",1915,25,29.7      
"NV",1915,26,8583.95   
"NV",1915,27,76.8      
"NV",1915,29,214142.93 
"NV",1916,12,747578.82 
"NV",1916,14,74737.22  
"NV",1916,16,38320.77  
"NV",1916,18,119153.18 
"NV",1916,21,2931.92   
"NV",1916,22,86576.65  
"NV",1916,23,17597.15  
"NV",1916,25,74.5      
"NV",1916,26,9354.05   
"NV",1916,27,28.4      
"NV",1916,28,5287.67   
"NV",1916,29,712772.26 
"NV",1917,12,736110.5  
"NV",1917,14,84027.53  
"NV",1917,16,47974.94  
"NV",1917,18,125894.63 
"NV",1917,21,5346.17   
"NV",1917,22,88940.37  
"NV",1917,23,19756.64  
"NV",1917,25,1.2       
"NV",1917,26,17772.95  
"NV",1917,27,17.4      
"NV",1917,28,247.72    
"NV",1917,29,490382.41 
                       
"NV",1870,294,50936.71 
"NV",1867,145,1342.3   
"NV",1867,180,150      
"NV",1867,190,267780.05
"NV",1867,223,2087.95  
"NV",1867,265,28660.75 
"NV",1867,291,975      
"NV",1867,293,500000   
"NV",1867,294,3126     
"NV",1867,296,1204.35  
"NV",1867,297,22829.9  
"NV",1868,145,771.98   
"NV",1868,180,40       
"NV",1868,190,301789.21
"NV",1868,223,2158.7   
"NV",1868,265,4672.94  
"NV",1868,269,600      
"NV",1868,291,2700     
"NV",1868,294,5654.9   
"NV",1868,296,865.69   
"NV",1868,297,31971.64 
"NV",1869,121,224088.93
"NV",1869,143,2500.05  
"NV",1869,146,57426.76 
"NV",1869,171,24516.26 
"NV",1869,180,18290.53 
"NV",1869,193,4725.59  
"NV",1869,221,3629.49  
"NV",1869,223,2613.15  
"NV",1869,227,44.62    
"NV",1869,251,3701.13  
"NV",1869,262,305.33   
"NV",1869,265,5550     
"NV",1869,291,4300     
"NV",1869,294,28747    
"NV",1869,297,29061.07 
"NV",1870,121,174264.02
"NV",1870,122,74.74    
"NV",1870,143,3176.16  
"NV",1870,146,40045.64 
"NV",1870,171,27800.33 
"NV",1870,172,1392.7   
"NV",1870,180,12682.27 
"NV",1870,193,1639.55  
"NV",1870,211,13.68    
"NV",1870,221,2103.06  
"NV",1870,223,2885.26  
"NV",1870,224,740.94   
"NV",1870,227,64.8     
"NV",1870,251,2879.46  
"NV",1870,262,315.25   
"NV",1870,266,863      
"NV",1870,285,100      
"NV",1870,291,4950     
"NV",1870,294,12902.94 
"NV",1870,296,96.5     
"NV",1871,180,675      
"NV",1871,190,320609.84
"NV",1871,193,10       
"NV",1871,223,2960.3   
"NV",1871,251,372.95   
"NV",1871,266,3313.55  
"NV",1871,291,8700     
"NV",1871,293,160000   
"NV",1871,294,28125.18 
"NV",1871,296,878.9    
"NV",1871,297,24269.02 
"NV",1872,180,510      
"NV",1872,190,420867.74
"NV",1872,193,2582.54  
"NV",1872,223,1913.4   
"NV",1872,251,399.14   
"NV",1872,269,59936.32 
"NV",1872,291,7770     
"NV",1872,293,500000   
"NV",1872,294,38830.81 
"NV",1872,296,3162.83  
"NV",1872,297,9288.74  
"NV",1873,180,600      
"NV",1873,190,510832.66
"NV",1873,193,423.07   
"NV",1873,223,2193.45  
"NV",1873,251,502.23   
"NV",1873,291,9970     
"NV",1873,293,126      
"NV",1873,294,226381.44
"NV",1873,296,2267     
"NV",1873,297,2274.04  
"NV",1874,180,250      
"NV",1874,190,492521.7 
"NV",1874,193,285      
"NV",1874,223,2290.61  
"NV",1874,251,473.73   
"NV",1874,269,248.94   
"NV",1874,290,50       
"NV",1874,291,9975     
"NV",1874,294,42480.42 
"NV",1874,296,21701.6  
"NV",1875,180,475      
"NV",1875,190,466603.25
"NV",1875,193,400      
"NV",1875,221,599.3    
"NV",1875,223,2767.3   
"NV",1875,227,415.85   
"NV",1875,251,468.58   
"NV",1875,266,57.64    
"NV",1875,291,26965    
"NV",1875,294,52405.36 
"NV",1875,296,17522.18 
"NV",1876,180,185      
"NV",1876,190,394273.44
"NV",1876,193,240      
"NV",1876,221,2267.35  
"NV",1876,223,1640.5   
"NV",1876,251,471.46   
"NV",1876,266,812.5    
"NV",1876,290,68       
"NV",1876,291,31595    
"NV",1876,294,24757.7  
"NV",1876,296,38543.09 
"NV",1877,180,250      
"NV",1877,190,601759.83
"NV",1877,193,270      
"NV",1877,221,1116.95  
"NV",1877,223,1282.65  
"NV",1877,251,512.57   
"NV",1877,266,391      
"NV",1877,269,1999.9   
"NV",1877,291,37600    
"NV",1877,294,31954.26 
"NV",1877,296,22107.55 
"NV",1878,180,300      
"NV",1878,190,480435.2 
"NV",1878,193,500      
"NV",1878,221,1963.1   
"NV",1878,223,2148.65  
"NV",1878,251,260.84   
"NV",1878,266,1722.5   
"NV",1878,269,733.25   
"NV",1878,290,268.75   
"NV",1878,291,36055    
"NV",1878,294,43895.11 
"NV",1878,296,35884.07 
"NV",1879,180,100      
"NV",1879,190,225786.72
"NV",1879,193,230      
"NV",1879,221,847.7    
"NV",1879,223,1496.8   
"NV",1879,227,380      
"NV",1879,241,132      
"NV",1879,251,200.88   
"NV",1879,266,589.5    
"NV",1879,269,995.89   
"NV",1879,290,113      
"NV",1879,291,22293.62 
"NV",1879,293,598245.32
"NV",1879,294,44062.82 
"NV",1879,296,27685.68 
"NV",1880,171,16282.5  
"NV",1880,180,150      
"NV",1880,190,194443.82
"NV",1880,193,260      
"NV",1880,221,1683.55  
"NV",1880,223,2093.9   
"NV",1880,227,1626.6   
"NV",1880,251,178.72   
"NV",1880,266,313      
"NV",1880,269,675.73   
"NV",1880,290,18       
"NV",1880,291,26000    
"NV",1880,294,69386.93 
"NV",1880,296,31427.57 
"NV",1881,143,3536.14  
"NV",1881,180,200      
"NV",1881,190,270616.61
"NV",1881,193,200      
"NV",1881,221,855.25   
"NV",1881,223,1874.3   
"NV",1881,227,113      
"NV",1881,251,180.7    
"NV",1881,266,346      
"NV",1881,291,37833.39 
"NV",1881,293,279175   
"NV",1881,294,54672.78 
"NV",1881,296,22355.38 
"NV",1881,297,10       
"NV",1882,143,4137.75  
"NV",1882,171,20048    
"NV",1882,180,175      
"NV",1882,190,283153.42
"NV",1882,193,280      
"NV",1882,221,1215.5   
"NV",1882,223,1475.4   
"NV",1882,251,158.37   
"NV",1882,266,1413.62  
"NV",1882,290,6.9      
"NV",1882,291,40569.5  
"NV",1882,293,59000    
"NV",1882,294,72792.2  
"NV",1882,296,35562.44 
"NV",1883,143,3846.41  
"NV",1883,180,7810     
"NV",1883,190,254953.77
"NV",1883,193,160      
"NV",1883,221,644.1    
"NV",1883,223,1240.75  
"NV",1883,227,12.5     
"NV",1883,251,32       
"NV",1883,290,371.5    
"NV",1883,291,42636.78 
"NV",1883,293,111000   
"NV",1883,294,80208.17 
"NV",1883,296,21941.32 
"NV",1884,121,235429.63
"NV",1884,122,29.75    
"NV",1884,143,4027.25  
"NV",1884,146,13175.03 
"NV",1884,163,585.57   
"NV",1884,171,20784    
"NV",1884,180,12091.31 
"NV",1884,193,180      
"NV",1884,221,865.5    
"NV",1884,223,1826.05  
"NV",1884,224,236.9    
"NV",1884,227,59.35    
"NV",1884,251,631.46   
"NV",1884,262,574.1    
"NV",1884,266,867.03   
"NV",1884,290,72.82    
"NV",1884,291,50332.31 
"NV",1884,293,28000    
"NV",1884,294,78582.26 
"NV",1884,296,23524.03 
"NV",1885,121,236050.8 
"NV",1885,143,4212.98  
"NV",1885,146,9668.82  
"NV",1885,171,21464    
"NV",1885,180,15368.49 
"NV",1885,193,60       
"NV",1885,221,525.1    
"NV",1885,222,1181.15  
"NV",1885,223,710.4    
"NV",1885,227,1348.35  
"NV",1885,251,434.49   
"NV",1885,262,565      
"NV",1885,266,346.4    
"NV",1885,290,3        
"NV",1885,291,54063.93 
"NV",1885,293,47000    
"NV",1885,294,91184.84 
"NV",1885,296,15019.04 
"NV",1886,121,230735.86
"NV",1886,143,4377.3   
"NV",1886,146,5199.45  
"NV",1886,171,600      
"NV",1886,180,16705.1  
"NV",1886,193,90       
"NV",1886,221,728.5    
"NV",1886,222,1571.73  
"NV",1886,223,820      
"NV",1886,227,349.29   
"NV",1886,251,286      
"NV",1886,262,1063.94  
"NV",1886,266,851.48   
"NV",1886,291,28554.54 
"NV",1886,294,111534.05
"NV",1886,296,10890.07 
"NV",1887,143,4505.4   
"NV",1887,180,6450     
"NV",1887,190,225374.33
"NV",1887,193,50       
"NV",1887,221,19615.25 
"NV",1887,223,984.6    
"NV",1887,262,939      
"NV",1887,266,253.6    
"NV",1887,290,24.7     
"NV",1887,291,47598.07 
"NV",1887,293,108000   
"NV",1887,294,124689.26
"NV",1887,296,6552.85  
"NV",1888,121,234039.84
"NV",1888,143,4585.01  
"NV",1888,146,16734.88 
"NV",1888,171,370.7    
"NV",1888,180,10043.75 
"NV",1888,193,65       
"NV",1888,221,19750    
"NV",1888,222,1702     
"NV",1888,223,1036.6   
"NV",1888,227,435.17   
"NV",1888,251,153.61   
"NV",1888,262,744.94   
"NV",1888,264,19681.92 
"NV",1888,266,260      
"NV",1888,290,6.5      
"NV",1888,291,27043.92 
"NV",1888,294,85094.83 
"NV",1888,296,11286.18 
"NV",1888,297,19.05    
"NV",1889,121,236997.12
"NV",1889,143,4685.08  
"NV",1889,146,12347.11 
"NV",1889,171,16015    
"NV",1889,180,8531.23  
"NV",1889,193,50       
"NV",1889,221,23915.61 
"NV",1889,222,1716.15  
"NV",1889,223,1071.6   
"NV",1889,227,37.5     
"NV",1889,251,124.13   
"NV",1889,262,420      
"NV",1889,266,217.5    
"NV",1889,290,134.35   
"NV",1889,291,30555.04 
"NV",1889,294,47649.9  
"NV",1889,296,5365.84  
"NV",1890,121,221129.07
"NV",1890,122,145.5    
"NV",1890,143,4798.58  
"NV",1890,146,7663.66  
"NV",1890,171,15963.62 
"NV",1890,180,8496.25  
"NV",1890,193,70       
"NV",1890,221,23899.56 
"NV",1890,222,1618.1   
"NV",1890,223,951      
"NV",1890,227,438.1    
"NV",1890,251,75.19    
"NV",1890,262,954.88   
"NV",1890,266,130      
"NV",1890,290,4        
"NV",1890,291,35244.41 
"NV",1890,294,27155.84 
"NV",1890,296,4036.13  
"NV",1891,121,227666.92
"NV",1891,122,570.15   
"NV",1891,143,5086.65  
"NV",1891,146,6085.52  
"NV",1891,171,16339.5  
"NV",1891,180,7693.74  
"NV",1891,193,35       
"NV",1891,221,24201.94 
"NV",1891,222,1725.35  
"NV",1891,223,575.85   
"NV",1891,227,297.85   
"NV",1891,251,73.55    
"NV",1891,262,619.96   
"NV",1891,266,239      
"NV",1891,290,22.15    
"NV",1891,291,63797.18 
"NV",1891,294,26284.49 
"NV",1891,296,2678.65  
"NV",1892,121,233550.58
"NV",1892,143,5615.9   
"NV",1892,146,1677.35  
"NV",1892,171,13759.2  
"NV",1892,180,6259.99  
"NV",1892,193,95       
"NV",1892,221,24514.55 
"NV",1892,222,1372.59  
"NV",1892,223,802.15   
"NV",1892,227,35.4     
"NV",1892,251,74.83    
"NV",1892,262,2911.65  
"NV",1892,266,432      
"NV",1892,290,110.5    
"NV",1892,291,80076.82 
"NV",1892,294,37766.02 
"NV",1892,296,5059.95  
"NV",1893,143,5371.67  
"NV",1893,180,100      
"NV",1893,190,218654.13
"NV",1893,193,3973.77  
"NV",1893,221,28137.15 
"NV",1893,223,698.25   
"NV",1893,227,1922.45  
"NV",1893,261,16       
"NV",1893,262,942.51   
"NV",1893,266,261.35   
"NV",1893,290,33.5     
"NV",1893,291,112990.54
"NV",1893,293,54000    
"NV",1893,294,23244.53 
"NV",1893,296,6227.18  
"NV",1894,143,4864.75  
"NV",1894,180,325      
"NV",1894,190,202523.47
"NV",1894,193,120      
"NV",1894,221,23979.24 
"NV",1894,223,651.55   
"NV",1894,261,40.75    
"NV",1894,262,1502.15  
"NV",1894,266,637      
"NV",1894,290,12.5     
"NV",1894,291,127938.59
"NV",1894,293,53000    
"NV",1894,294,25099.52 
"NV",1894,296,12766.71 
"NV",1895,143,4914.98  
"NV",1895,190,198234.75
"NV",1895,221,18260.18 
"NV",1895,223,1531.95  
"NV",1895,224,13       
"NV",1895,227,22.6     
"NV",1895,261,17.5     
"NV",1895,262,247.5    
"NV",1895,268,784.55   
"NV",1895,290,14.8     
"NV",1895,291,106469.24
"NV",1895,293,100000   
"NV",1895,294,43286.34 
"NV",1895,296,1148.31  
"NV",1896,143,4225     
"NV",1896,190,203208.4 
"NV",1896,221,16084.27 
"NV",1896,223,2396.9   
"NV",1896,262,113      
"NV",1896,268,1305.74  
"NV",1896,291,129485.33
"NV",1896,293,33000    
"NV",1896,294,22503.75 
"NV",1896,296,1655.94  
"NV",1897,143,3710     
"NV",1897,190,219567.27
"NV",1897,221,14137.6  
"NV",1897,223,2038.65  
"NV",1897,262,75       
"NV",1897,268,382.47   
"NV",1897,285,1657.15  
"NV",1897,290,743      
"NV",1897,291,105296.84
"NV",1897,293,53600    
"NV",1897,294,45012.72 
"NV",1897,296,3906.65  
"NV",1898,143,4099.99  
"NV",1898,190,146711.3 
"NV",1898,221,18536.15 
"NV",1898,223,2924.82  
"NV",1898,227,367.8    
"NV",1898,261,32       
"NV",1898,262,5396.45  
"NV",1898,268,1362     
"NV",1898,290,7.5      
"NV",1898,291,121773.98
"NV",1898,293,25000    
"NV",1898,294,44139.17 
"NV",1898,296,16       
"NV",1899,143,4416.7   
"NV",1899,180,695      
"NV",1899,190,218737.31
"NV",1899,193,80       
"NV",1899,221,18267.6  
"NV",1899,223,1227.43  
"NV",1899,261,142      
"NV",1899,262,87       
"NV",1899,266,165.1    
"NV",1899,268,683.35   
"NV",1899,290,.6       
"NV",1899,291,122729.77
"NV",1899,294,42559.38 
"NV",1899,295,30       
"NV",1899,296,2628     
"NV",1900,180,5006.7   
"NV",1900,190,238177.83
"NV",1900,193,65       
"NV",1900,221,19064.53 
"NV",1900,223,1283     
"NV",1900,261,20       
"NV",1900,262,154      
"NV",1900,264,5473.5   
"NV",1900,266,1007.99  
"NV",1900,268,1021.5   
"NV",1900,290,4.95     
"NV",1900,291,130402.25
"NV",1900,293,29139.55 
"NV",1900,294,71991.55 
"NV",1900,296,3877.1   
"NV",1901,180,5083.3   
"NV",1901,190,239217.76
"NV",1901,193,40       
"NV",1901,221,19219    
"NV",1901,223,1732.48  
"NV",1901,262,618.9    
"NV",1901,264,370.75   
"NV",1901,266,785.19   
"NV",1901,268,773.75   
"NV",1901,291,134579.22
"NV",1901,293,40500    
"NV",1901,294,65136.57 
"NV",1901,296,4545.25  
"NV",1902,180,6498.3   
"NV",1902,190,240170.44
"NV",1902,193,55       
"NV",1902,221,19521.4  
"NV",1902,223,2346.49  
"NV",1902,264,286.8    
"NV",1902,266,572.08   
"NV",1902,268,917.5    
"NV",1902,285,10080    
"NV",1902,291,137625.55
"NV",1902,293,13000    
"NV",1902,294,63447.46 
"NV",1902,296,2222.3   
"NV",1903,180,6077.45  
"NV",1903,190,259497.32
"NV",1903,193,50       
"NV",1903,221,19393.3  
"NV",1903,223,14408.65 
"NV",1903,262,709      
"NV",1903,264,263.87   
"NV",1903,266,715.44   
"NV",1903,268,685.5    
"NV",1903,291,137436.06
"NV",1903,293,10000    
"NV",1903,294,58002.21 
"NV",1903,296,695.15   
"NV",1904,180,10392.65 
"NV",1904,190,276461.52
"NV",1904,193,75       
"NV",1904,221,19194.05 
"NV",1904,223,11748.5  
"NV",1904,262,723.65   
"NV",1904,266,1011     
"NV",1904,268,1196.9   
"NV",1904,291,134053.59
"NV",1904,293,51000    
"NV",1904,294,37074.57 
"NV",1904,296,2239.65  
"NV",1905,180,45075.48 
"NV",1905,190,345352.19
"NV",1905,193,40       
"NV",1905,221,19548.3  
"NV",1905,223,13996.85 
"NV",1905,227,117.93   
"NV",1905,262,837.5    
"NV",1905,266,1692.5   
"NV",1905,268,862.5    
"NV",1905,291,135488   
"NV",1905,293,40764    
"NV",1905,294,66010.89 
"NV",1905,296,2893.1   
"NV",1906,180,53870.87 
"NV",1906,190,355936   
"NV",1906,193,40       
"NV",1906,221,18985.15 
"NV",1906,223,64691.9  
"NV",1906,227,566.46   
"NV",1906,262,1121.65  
"NV",1906,266,2154     
"NV",1906,268,857.5    
"NV",1906,291,140751.15
"NV",1906,293,20700    
"NV",1906,294,58428.22 
"NV",1906,296,2238.7   
"NV",1907,180,89450.98 
"NV",1907,190,544664.94
"NV",1907,193,90       
"NV",1907,221,24951.16 
"NV",1907,223,102784.2 
"NV",1907,227,1210.25  
"NV",1907,261,5731.08  
"NV",1907,262,1013.55  
"NV",1907,265,2153.83  
"NV",1907,266,4089.5   
"NV",1907,268,860      
"NV",1907,291,143269.04
"NV",1907,293,26300    
"NV",1907,294,52441.48 
"NV",1907,296,1083.45  
"NV",1908,164,2873.2   
"NV",1908,180,79008.08 
"NV",1908,190,531166.41
"NV",1908,193,155      
"NV",1908,221,29281.42 
"NV",1908,223,106826.1 
"NV",1908,227,183.12   
"NV",1908,261,13632    
"NV",1908,262,4795.38  
"NV",1908,266,2594.85  
"NV",1908,268,1267.63  
"NV",1908,290,750      
"NV",1908,291,148624.34
"NV",1908,293,26700    
"NV",1908,294,40219.87 
"NV",1908,296,2478.3   
"NV",1909,121,442359.62
"NV",1909,146,36497.44 
"NV",1909,164,3523.2   
"NV",1909,171,30328.5  
"NV",1909,180,78207.95 
"NV",1909,190,285.67   
"NV",1909,193,210      
"NV",1909,221,43435.44 
"NV",1909,222,9493.7   
"NV",1909,223,44038.55 
"NV",1909,225,48       
"NV",1909,227,15       
"NV",1909,261,7386.4   
"NV",1909,262,2955.2   
"NV",1909,265,3637.15  
"NV",1909,266,1660.25  
"NV",1909,268,855      
"NV",1909,290,32.75    
"NV",1909,291,147663.81
"NV",1909,293,48000    
"NV",1909,294,189219.17
"NV",1909,295,7600.84  
"NV",1909,296,538.5    
"NV",1909,298,10620.88 
"NV",1910,164,12743.09 
"NV",1910,180,59875.6  
"NV",1910,190,491399.81
"NV",1910,193,150      
"NV",1910,221,48743.58 
"NV",1910,222,500      
"NV",1910,223,42425.45 
"NV",1910,227,96.8     
"NV",1910,262,7702.81  
"NV",1910,264,12252.34 
"NV",1910,265,6550.55  
"NV",1910,266,1197.25  
"NV",1910,268,1608     
"NV",1910,290,279.45   
"NV",1910,291,151839.67
"NV",1910,293,160000   
"NV",1910,294,85444.1  
"NV",1910,296,376      
"NV",1911,164,25484.31 
"NV",1911,180,60734.4  
"NV",1911,190,450364.94
"NV",1911,193,155      
"NV",1911,221,44513.05 
"NV",1911,223,39119.31 
"NV",1911,251,5114.5   
"NV",1911,262,2940     
"NV",1911,265,5927.4   
"NV",1911,266,964.75   
"NV",1911,268,603      
"NV",1911,291,149876.69
"NV",1911,293,89000    
"NV",1911,294,46379.11 
"NV",1911,296,3317.02  
"NV",1912,164,13086.91 
"NV",1912,180,67064.75 
"NV",1912,190,647849.45
"NV",1912,193,155      
"NV",1912,221,46396.7  
"NV",1912,223,33359.52 
"NV",1912,227,25150.76 
"NV",1912,251,11926    
"NV",1912,262,4582.4   
"NV",1912,265,6212.05  
"NV",1912,266,3863.25  
"NV",1912,268,1686.27  
"NV",1912,290,65       
"NV",1912,291,148884.86
"NV",1912,293,249000   
"NV",1912,294,52470.94 
"NV",1912,296,3579     
"NV",1913,164,5735.57  
"NV",1913,180,73514.49 
"NV",1913,190,664616.57
"NV",1913,193,7201.72  
"NV",1913,221,47118.7  
"NV",1913,223,29712.82 
"NV",1913,227,36.16    
"NV",1913,251,3126.5   
"NV",1913,262,2416.05  
"NV",1913,265,2580.35  
"NV",1913,266,2092.75  
"NV",1913,268,540      
"NV",1913,281,14.75    
"NV",1913,290,3915.73  
"NV",1913,291,149677.06
"NV",1913,293,590528.89
"NV",1913,294,68117.47 
"NV",1913,299,1111.45  
"NV",1914,122,96.81    
"NV",1914,164,3062.62  
"NV",1914,180,109992.53
"NV",1914,190,527967.5 
"NV",1914,193,3438.82  
"NV",1914,221,49296.93 
"NV",1914,223,23866.19 
"NV",1914,227,837.25   
"NV",1914,262,7601.03  
"NV",1914,265,5950.95  
"NV",1914,266,1163.75  
"NV",1914,268,4730.85  
"NV",1914,290,20       
"NV",1914,291,162009.15
"NV",1914,293,10500    
"NV",1914,294,33082.68 
"NV",1914,299,2539.75  
"NV",1915,121,806468.74
"NV",1915,122,4415.1   
"NV",1915,143,14.74    
"NV",1915,146,52725.51 
"NV",1915,164,20331.24 
"NV",1915,180,108951.8 
"NV",1915,190,10216.73 
"NV",1915,192,258.61   
"NV",1915,210,764      
"NV",1915,221,51828.12 
"NV",1915,222,4463.9   
"NV",1915,223,30748.49 
"NV",1915,227,2220.89  
"NV",1915,236,16244.53 
"NV",1915,252,29.7     
"NV",1915,261,64.5     
"NV",1915,262,6773.2   
"NV",1915,266,1746.25  
"NV",1915,274,76.8     
"NV",1915,290,366.5    
"NV",1915,291,163218.97
"NV",1915,293,3000     
"NV",1915,294,45441.25 
"NV",1915,299,2116.21  
"NV",1916,121,743691.6 
"NV",1916,122,3887.22  
"NV",1916,146,74737.22 
"NV",1916,164,38320.77 
"NV",1916,180,119153.18
"NV",1916,210,2931.92  
"NV",1916,221,41107.25 
"NV",1916,222,5278.5   
"NV",1916,223,40163.4  
"NV",1916,227,27.5     
"NV",1916,236,17597.15 
"NV",1916,252,74.5     
"NV",1916,262,7181.05  
"NV",1916,266,1093     
"NV",1916,268,1080     
"NV",1916,274,28.4     
"NV",1916,285,5287.67  
"NV",1916,290,1178.14  
"NV",1916,291,182016.65
"NV",1916,293,398972.4 
"NV",1916,294,128863.07
"NV",1916,299,1742     
"NV",1917,121,735157.33
"NV",1917,122,953.17   
"NV",1917,146,84027.53 
"NV",1917,164,47974.94 
"NV",1917,180,125894.63
"NV",1917,210,4877.92  
"NV",1917,211,468.25   
"NV",1917,221,41561.74 
"NV",1917,222,8477.75  
"NV",1917,223,38301.22 
"NV",1917,227,599.66   
"NV",1917,236,19756.64 
"NV",1917,252,1.2      
"NV",1917,261,7500     
"NV",1917,262,5611.95  
"NV",1917,266,1170     
"NV",1917,268,3491     
"NV",1917,274,17.4     
"NV",1917,285,247.72   
"NV",1917,290,1097.75  
"NV",1917,291,150100.68
"NV",1917,293,190800   
"NV",1917,294,134295.96
"NV",1917,298,11365.16 
"NV",1917,299,2722.86  
