"MO",1849,1,405676.9    
"MO",1850,1,381411.81   
"MO",1851,1,480242.44   
"MO",1852,1,472466.66   
"MO",1853,1,733975.7    
"MO",1854,1,570250.41   
"MO",1855,1,873845.75   
"MO",1856,1,919388.69   
"MO",1857,1,753087.69   
"MO",1858,1,1042561.98  
"MO",1859,1,1397394.04  
"MO",1860,1,2057387.4   
"MO",1863,1,1334358.2   
"MO",1864,1,2204299.59  
"MO",1865,1,1745712.04  
"MO",1866,1,3981542.87  
"MO",1867,1,7167357.83  
"MO",1868,1,9450514.43  
"MO",1869,1,2836877.46  
"MO",1870,1,2847035.98  
"MO",1871,1,3622507.5   
"MO",1872,1,2896122.86  
"MO",1873,1,3563138.28  
"MO",1874,1,3307419.56  
"MO",1875,1,8247805.7   
"MO",1876,1,3566956.28  
"MO",1877,1,3583457.14  
"MO",1878,1,2961457.22  
"MO",1879,1,3150353.03  
"MO",1880,1,2815581.31  
"MO",1881,1,6212537.68  
"MO",1882,1,3288643.78  
"MO",1883,1,3338997.87  
"MO",1884,1,3105643.79  
"MO",1885,1,3319997.9   
"MO",1886,1,3425562.36  
"MO",1887,1,3766455.72  
"MO",1888,1,3463211.19  
"MO",1889,1,3757851.92  
"MO",1890,1,3393513.99  
"MO",1891,1,3949192.11  
"MO",1892,1,3397267.63  
"MO",1893,1,3382933.98  
"MO",1894,1,3555412.16  
"MO",1895,1,3805977.49  
"MO",1896,1,3555029     
"MO",1897,1,4166490.45  
"MO",1898,1,4133916.61  
"MO",1899,1,4370249.54  
"MO",1900,1,4618366.43  
"MO",1901,1,5127414.67  
"MO",1902,1,5426445.17  
"MO",1903,1,5331530.29  
"MO",1904,1,5212530.47  
"MO",1905,1,5817035.27  
"MO",1906,1,5408778.1   
"MO",1907,1,5949193.01  
"MO",1908,1,6072405.58  
"MO",1909,1,6852761.51  
"MO",1910,1,7151125.12  
"MO",1911,1,7598067.5   
"MO",1912,1,8461831.39  
"MO",1913,1,10128323.66 
"MO",1914,1,10192212.02 
"MO",1915,1,8726012.33  
                        
"MO",1849,10,170919.47  
"MO",1849,15,16140      
"MO",1849,18,66998.36   
"MO",1849,19,12357.66   
"MO",1849,22,437.75     
"MO",1849,23,66262.56   
"MO",1849,24,493.85     
"MO",1849,29,72067.25   
"MO",1850,10,211859.57  
"MO",1850,18,70646.45   
"MO",1850,19,19886.75   
"MO",1850,22,638.44     
"MO",1850,23,73539.12   
"MO",1850,24,2846.45    
"MO",1850,29,1995.03    
"MO",1851,10,241456.84  
"MO",1851,18,53533.35   
"MO",1851,19,3821.78    
"MO",1851,22,227        
"MO",1851,23,65429.65   
"MO",1851,24,1744.61    
"MO",1851,29,114029.21  
"MO",1852,10,247846.44  
"MO",1852,18,77692.24   
"MO",1852,19,1451.35    
"MO",1852,22,1524.25    
"MO",1852,23,42526.53   
"MO",1852,24,4038.7     
"MO",1852,29,97387.15   
"MO",1853,10,296556.49  
"MO",1853,18,82236.17   
"MO",1853,23,28633.16   
"MO",1853,24,2054.22    
"MO",1853,25,39405.84   
"MO",1853,29,285089.82  
"MO",1854,10,336138.99  
"MO",1854,18,93341.64   
"MO",1854,19,391.65     
"MO",1854,23,26748.79   
"MO",1854,24,1170.39    
"MO",1854,25,8457.63    
"MO",1854,29,104001.32  
"MO",1855,10,417947.22  
"MO",1855,18,70903.02   
"MO",1855,19,279.95     
"MO",1855,23,32075.39   
"MO",1855,24,3891.19    
"MO",1855,25,58716.72   
"MO",1855,26,1346       
"MO",1855,29,288686.26  
"MO",1856,10,430879.36  
"MO",1856,18,86899.24   
"MO",1856,19,204.74     
"MO",1856,23,46173.07   
"MO",1856,24,789.9      
"MO",1856,29,354442.38  
"MO",1857,10,525708.62  
"MO",1857,18,85639.02   
"MO",1857,19,115.09     
"MO",1857,23,36450.79   
"MO",1857,24,2113.13    
"MO",1857,26,664.85     
"MO",1857,29,102396.19  
"MO",1858,10,685403.9   
"MO",1858,18,72099.06   
"MO",1858,19,221.6      
"MO",1858,22,15000      
"MO",1858,23,31313.63   
"MO",1858,24,987.11     
"MO",1858,25,79030.09   
"MO",1858,26,429        
"MO",1858,29,158077.59  
"MO",1859,10,805975.34  
"MO",1859,18,121674.61  
"MO",1859,19,205.18     
"MO",1859,23,19638.63   
"MO",1859,24,1022.64    
"MO",1859,26,212        
"MO",1859,29,448665.64  
"MO",1860,10,952340.67  
"MO",1860,18,110764.7   
"MO",1860,19,323.19     
"MO",1860,24,544.81     
"MO",1860,25,43377.58   
"MO",1860,26,199        
"MO",1860,29,949837.45  
"MO",1863,10,941913.87  
"MO",1863,11,256001.24  
"MO",1863,18,89441.51   
"MO",1863,24,4318.85    
"MO",1863,29,42682.73   
"MO",1864,10,2059803.98 
"MO",1864,18,117034.32  
"MO",1864,24,3469.47    
"MO",1864,29,23991.82   
"MO",1865,10,1719206.68 
"MO",1865,24,2156.7     
"MO",1865,29,24348.66   
"MO",1866,10,2432026.98 
"MO",1866,23,102.05     
"MO",1866,24,1173.83    
"MO",1866,29,1548240.01 
"MO",1867,10,3780374.47 
"MO",1867,23,3291596.72 
"MO",1867,24,2385.2     
"MO",1867,26,40578.63   
"MO",1867,29,52422.81   
"MO",1868,10,2208675.12 
"MO",1868,14,659787.19  
"MO",1868,23,6376540.87 
"MO",1868,24,1515.7     
"MO",1868,26,737.03     
"MO",1868,29,203258.52  
"MO",1869,10,2692266.74 
"MO",1869,14,4636.81    
"MO",1869,23,1599.63    
"MO",1869,24,1104.56    
"MO",1869,26,283.15     
"MO",1869,29,136986.57  
"MO",1870,10,2639354    
"MO",1870,14,375        
"MO",1870,22,7393.76    
"MO",1870,23,246.88     
"MO",1870,24,1655.86    
"MO",1870,26,186.71     
"MO",1870,29,197823.77  
"MO",1871,10,3174622.24 
"MO",1871,22,11500      
"MO",1871,24,1904.9     
"MO",1871,25,15652.38   
"MO",1871,26,120        
"MO",1871,29,418707.98  
"MO",1872,10,2731531.47 
"MO",1872,22,10182.67   
"MO",1872,24,2263.52    
"MO",1872,25,897.35     
"MO",1872,29,151247.85  
"MO",1873,10,2650125.42 
"MO",1873,14,138890.04  
"MO",1873,18,361925.36  
"MO",1873,22,29261.4    
"MO",1873,23,14396.31   
"MO",1873,24,1032.91    
"MO",1873,25,1537.57    
"MO",1873,26,66         
"MO",1873,29,365903.27  
"MO",1874,10,2576590.93 
"MO",1874,14,49517.51   
"MO",1874,22,13567.92   
"MO",1874,23,23122.5    
"MO",1874,24,2011.84    
"MO",1874,25,300.32     
"MO",1874,26,390        
"MO",1874,29,641918.54  
"MO",1875,10,2373120.08 
"MO",1875,14,190871.9   
"MO",1875,22,10594.27   
"MO",1875,23,7704.25    
"MO",1875,24,2260.33    
"MO",1875,25,201.73     
"MO",1875,26,750        
"MO",1875,29,5662303.14 
"MO",1876,10,2665744.2  
"MO",1876,14,168044.96  
"MO",1876,22,21541.24   
"MO",1876,23,81         
"MO",1876,24,4839.11    
"MO",1876,29,706705.77  
"MO",1877,10,2205569.6  
"MO",1877,14,155989.59  
"MO",1877,22,19088.19   
"MO",1877,24,3930.32    
"MO",1877,29,1198879.44 
"MO",1878,10,2364378.44 
"MO",1878,14,230148.13  
"MO",1878,18,152973.54  
"MO",1878,22,21672.38   
"MO",1878,24,2220.22    
"MO",1878,29,190064.51  
"MO",1879,10,2559881.05 
"MO",1879,14,108420.97  
"MO",1879,22,20890.48   
"MO",1879,24,2425.98    
"MO",1879,26,212.25     
"MO",1879,29,458522.3   
"MO",1880,10,2417372.4  
"MO",1880,14,79861.56   
"MO",1880,19,546.66     
"MO",1880,22,22627.13   
"MO",1880,23,50         
"MO",1880,24,4364.09    
"MO",1880,26,5582.03    
"MO",1880,29,285177.44  
"MO",1881,10,2431241.85 
"MO",1881,14,3354763.88 
"MO",1881,22,27780.92   
"MO",1881,23,36.33      
"MO",1881,24,5455.41    
"MO",1881,25,77.26      
"MO",1881,26,1957.58    
"MO",1881,29,391224.45  
"MO",1882,10,2434507.55 
"MO",1882,14,459854.44  
"MO",1882,22,24973.6    
"MO",1882,23,222677.4   
"MO",1882,24,6269.19    
"MO",1882,26,2265.47    
"MO",1882,29,138096.13  
"MO",1883,10,2463968.67 
"MO",1883,14,358159.21  
"MO",1883,21,347000     
"MO",1883,22,23023.09   
"MO",1883,26,1414.45    
"MO",1883,29,145432.45  
"MO",1884,10,2485031.57 
"MO",1884,14,382455.6   
"MO",1884,21,40000      
"MO",1884,22,21742.2    
"MO",1884,26,766.88     
"MO",1884,29,175647.54  
"MO",1885,10,2884789.37 
"MO",1885,14,187020.92  
"MO",1885,22,32370.67   
"MO",1885,23,1709.81    
"MO",1885,24,9369.75    
"MO",1885,26,5889.15    
"MO",1885,29,198848.23  
"MO",1886,10,3035820.08 
"MO",1886,14,144334.39  
"MO",1886,22,24042.65   
"MO",1886,23,6638.36    
"MO",1886,24,4551.94    
"MO",1886,26,5810       
"MO",1886,29,204364.94  
"MO",1887,10,3268426.25 
"MO",1887,14,116918.24  
"MO",1887,22,28161.34   
"MO",1887,23,2372.58    
"MO",1887,24,3319.25    
"MO",1887,26,6241.8     
"MO",1887,29,341016.26  
"MO",1888,10,3113281.77 
"MO",1888,14,85676.83   
"MO",1888,22,29137.1    
"MO",1888,24,5797.86    
"MO",1888,26,11604.75   
"MO",1888,29,217712.88  
"MO",1889,10,3048812.67 
"MO",1889,14,117516.62  
"MO",1889,18,145413.05  
"MO",1889,19,12275.09   
"MO",1889,22,48218.89   
"MO",1889,23,7184.98    
"MO",1889,24,7740.75    
"MO",1889,26,850.5      
"MO",1889,29,369839.37  
"MO",1890,10,2765384.33 
"MO",1890,14,193696.38  
"MO",1890,18,155479.13  
"MO",1890,19,14067.21   
"MO",1890,22,40909.55   
"MO",1890,23,219.96     
"MO",1890,24,9342.09    
"MO",1890,26,4778.9     
"MO",1890,29,209636.44  
"MO",1891,10,2633131.34 
"MO",1891,14,212219.78  
"MO",1891,18,162960.32  
"MO",1891,19,14980.78   
"MO",1891,22,41836.44   
"MO",1891,23,652721.65  
"MO",1891,24,10227.23   
"MO",1891,26,3796.75    
"MO",1891,29,217317.82  
"MO",1892,10,2563377.96 
"MO",1892,14,187909.84  
"MO",1892,18,176601.39  
"MO",1892,19,16157.68   
"MO",1892,22,40464.37   
"MO",1892,23,375.51     
"MO",1892,24,4279.86    
"MO",1892,26,53464.97   
"MO",1892,29,354636.05  
"MO",1893,10,2554367.65 
"MO",1893,14,198436.94  
"MO",1893,18,161062.42  
"MO",1893,19,13468.34   
"MO",1893,22,40524.27   
"MO",1893,23,7903.37    
"MO",1893,24,5801.05    
"MO",1893,26,181007.3   
"MO",1893,29,220362.64  
"MO",1894,10,2490063.99 
"MO",1894,14,183058.38  
"MO",1894,18,313496.26  
"MO",1894,19,11497.18   
"MO",1894,22,41152.38   
"MO",1894,23,825.03     
"MO",1894,24,8144.12    
"MO",1894,26,249916.33  
"MO",1894,29,257258.49  
"MO",1895,10,2638645.15 
"MO",1895,14,281138.13  
"MO",1895,18,347218.31  
"MO",1895,19,11331.17   
"MO",1895,22,41876.66   
"MO",1895,23,5401.24    
"MO",1895,24,4258.77    
"MO",1895,26,263903.04  
"MO",1895,29,212205.02  
"MO",1896,10,2295138.35 
"MO",1896,14,311735.48  
"MO",1896,18,325512.28  
"MO",1896,19,10162.43   
"MO",1896,22,40597.87   
"MO",1896,23,464.17     
"MO",1896,24,3893.38    
"MO",1896,26,294723.43  
"MO",1896,29,272801.61  
"MO",1897,10,2912145.23 
"MO",1897,14,293191.43  
"MO",1897,18,324924.1   
"MO",1897,19,9706.08    
"MO",1897,22,46716.47   
"MO",1897,23,647.94     
"MO",1897,24,7594.32    
"MO",1897,26,299831.75  
"MO",1897,29,271733.13  
"MO",1898,10,2693141.11 
"MO",1898,14,310507.51  
"MO",1898,18,336480.32  
"MO",1898,19,9193.9     
"MO",1898,22,56696.22   
"MO",1898,23,228.22     
"MO",1898,24,22973.68   
"MO",1898,26,332276.7   
"MO",1898,29,372418.95  
"MO",1899,10,2707453.62 
"MO",1899,14,407591.85  
"MO",1899,18,363424.59  
"MO",1899,19,10808.74   
"MO",1899,22,149332.46  
"MO",1899,23,275        
"MO",1899,24,4049.55    
"MO",1899,26,389308.91  
"MO",1899,29,338004.82  
"MO",1900,10,2927485.38 
"MO",1900,12,3989.45    
"MO",1900,14,398324.27  
"MO",1900,18,380797.25  
"MO",1900,19,11285.35   
"MO",1900,22,96593.02   
"MO",1900,23,2919.15    
"MO",1900,24,4295.26    
"MO",1900,26,389992.22  
"MO",1900,29,402685.08  
"MO",1901,10,2315672.75 
"MO",1901,12,213285.49  
"MO",1901,14,456461.16  
"MO",1901,18,774001.73  
"MO",1901,19,472873.79  
"MO",1901,20,7780       
"MO",1901,22,86609.11   
"MO",1901,23,4919.82    
"MO",1901,24,6971.02    
"MO",1901,26,434839.75  
"MO",1901,29,354000.05  
"MO",1902,10,2589880.7  
"MO",1902,12,229853.63  
"MO",1902,14,520270.67  
"MO",1902,18,797668.88  
"MO",1902,19,321122.19  
"MO",1902,20,21820      
"MO",1902,22,99543.57   
"MO",1902,23,992.93     
"MO",1902,24,9692.14    
"MO",1902,26,436998.89  
"MO",1902,29,398601.57  
"MO",1903,10,2867509.5  
"MO",1903,12,142564.03  
"MO",1903,14,550744.38  
"MO",1903,18,383265.86  
"MO",1903,19,379659.43  
"MO",1903,20,20370      
"MO",1903,22,129253.34  
"MO",1903,23,969.65     
"MO",1903,24,5996.8     
"MO",1903,25,10000      
"MO",1903,26,482212.97  
"MO",1903,29,358984.33  
"MO",1904,10,2520420.01 
"MO",1904,12,122030.2   
"MO",1904,14,569338.23  
"MO",1904,18,437414.37  
"MO",1904,19,433618.41  
"MO",1904,20,33230      
"MO",1904,22,147725.89  
"MO",1904,23,2709.32    
"MO",1904,24,7110.28    
"MO",1904,26,494618.15  
"MO",1904,29,444315.61  
"MO",1905,10,2369014.69 
"MO",1905,12,305550.61  
"MO",1905,14,612079.55  
"MO",1905,18,504276.54  
"MO",1905,19,377146.08  
"MO",1905,20,13385      
"MO",1905,22,135851.93  
"MO",1905,23,476647.88  
"MO",1905,24,5030.31    
"MO",1905,26,540700.24  
"MO",1905,29,477352.44  
"MO",1906,10,2295494.98 
"MO",1906,12,213131.09  
"MO",1906,14,679097.93  
"MO",1906,18,478910.59  
"MO",1906,19,403955.74  
"MO",1906,22,161519.83  
"MO",1906,23,1564.45    
"MO",1906,24,3211.49    
"MO",1906,26,581812.44  
"MO",1906,29,590079.56  
"MO",1907,10,2634731.27 
"MO",1907,12,248699.41  
"MO",1907,14,747194.84  
"MO",1907,18,544329.8   
"MO",1907,19,437788.42  
"MO",1907,22,160511.48  
"MO",1907,23,5626.44    
"MO",1907,24,10617.85   
"MO",1907,25,13168      
"MO",1907,26,611800.85  
"MO",1907,29,534724.65  
"MO",1908,10,2638153.6  
"MO",1908,12,185965.95  
"MO",1908,14,670139.59  
"MO",1908,18,783616.46  
"MO",1908,19,427969.26  
"MO",1908,22,147652.04  
"MO",1908,23,5318.16    
"MO",1908,24,8416.25    
"MO",1908,25,11123      
"MO",1908,26,661303.15  
"MO",1908,29,532748.12  
"MO",1909,10,2932158.2  
"MO",1909,12,279920.99  
"MO",1909,14,814920.93  
"MO",1909,18,884866.64  
"MO",1909,19,411666.87  
"MO",1909,22,253170.68  
"MO",1909,24,10152.98   
"MO",1909,25,20503      
"MO",1909,26,714247.5   
"MO",1909,29,531153.72  
"MO",1910,10,2718241.64 
"MO",1910,12,314288.05  
"MO",1910,14,766290.18  
"MO",1910,18,1127599.22 
"MO",1910,19,502199.8   
"MO",1910,22,302504.36  
"MO",1910,23,3258.92    
"MO",1910,24,13080.14   
"MO",1910,25,31527.5    
"MO",1910,26,745536     
"MO",1910,29,626599.31  
"MO",1911,10,2991973.66 
"MO",1911,12,480783.06  
"MO",1911,14,756130.7   
"MO",1911,18,1141937.19 
"MO",1911,19,461620.58  
"MO",1911,22,454682.63  
"MO",1911,23,790.31     
"MO",1911,24,11255.29   
"MO",1911,26,735163.36  
"MO",1911,29,563730.72  
"MO",1912,10,3090154.26 
"MO",1912,11,114266.18  
"MO",1912,12,479517.35  
"MO",1912,14,791462.3   
"MO",1912,18,1166701.06 
"MO",1912,19,518709.13  
"MO",1912,22,486526.42  
"MO",1912,23,669.87     
"MO",1912,24,13663.11   
"MO",1912,26,828857.52  
"MO",1912,29,971304.19  
"MO",1913,10,3083893.06 
"MO",1913,11,344200.05  
"MO",1913,12,412815.49  
"MO",1913,14,800020.16  
"MO",1913,18,1231707.78 
"MO",1913,19,509430.44  
"MO",1913,22,561175.71  
"MO",1913,23,235.6      
"MO",1913,24,15002.14   
"MO",1913,26,869698.07  
"MO",1913,29,2300145.16 
"MO",1914,10,3058192.15 
"MO",1914,11,352220.4   
"MO",1914,12,411160.94  
"MO",1914,14,485747.68  
"MO",1914,18,1298282.67 
"MO",1914,19,497292.73  
"MO",1914,22,939550.11  
"MO",1914,24,17036.5    
"MO",1914,25,4.6        
"MO",1914,26,930445     
"MO",1914,29,2202279.24 
"MO",1915,10,3104490.01 
"MO",1915,11,368994.52  
"MO",1915,12,391024.47  
"MO",1915,14,877531.3   
"MO",1915,18,1332913    
"MO",1915,19,418789.14  
"MO",1915,22,610286.77  
"MO",1915,23,151.6      
"MO",1915,24,19730.71   
"MO",1915,26,895754.98  
"MO",1915,28,20572.5    
"MO",1915,29,685773.33  
                        
"MO",1849,100,170919.47 
"MO",1849,150,16140     
"MO",1849,183,61128.02  
"MO",1849,184,5870.34   
"MO",1849,193,12357.66  
"MO",1849,223,437.75    
"MO",1849,235,66262.56  
"MO",1849,241,493.85    
"MO",1849,291,70324.47  
"MO",1849,292,643.04    
"MO",1849,294,416.1     
"MO",1849,298,683.64    
"MO",1850,100,211859.57 
"MO",1850,183,64804.34  
"MO",1850,184,5842.11   
"MO",1850,193,19886.75  
"MO",1850,223,638.44    
"MO",1850,235,73539.12  
"MO",1850,241,2846.45   
"MO",1850,291,1214.72   
"MO",1850,294,600       
"MO",1850,298,180.31    
"MO",1851,100,241456.84 
"MO",1851,183,47051.38  
"MO",1851,184,6481.97   
"MO",1851,193,3821.78   
"MO",1851,228,227       
"MO",1851,235,65429.65  
"MO",1851,241,1744.61   
"MO",1851,291,97913.56  
"MO",1851,292,14679.7   
"MO",1851,294,1400      
"MO",1851,298,35.95     
"MO",1852,100,247846.44 
"MO",1852,183,68505.6   
"MO",1852,184,9186.64   
"MO",1852,193,1451.35   
"MO",1852,223,1524.25   
"MO",1852,235,42526.53  
"MO",1852,241,4038.7    
"MO",1852,291,64762.65  
"MO",1852,292,31974.5   
"MO",1852,294,650       
"MO",1853,100,296556.49 
"MO",1853,183,82236.17  
"MO",1853,235,28633.16  
"MO",1853,241,2054.22   
"MO",1853,250,39405.84  
"MO",1853,291,71636.4   
"MO",1853,292,768.54    
"MO",1853,293,208875.63 
"MO",1853,294,3809.25   
"MO",1854,100,336138.99 
"MO",1854,183,83222.28  
"MO",1854,184,10119.36  
"MO",1854,193,391.65    
"MO",1854,235,26748.79  
"MO",1854,241,1170.39   
"MO",1854,250,8457.63   
"MO",1854,291,98587.92  
"MO",1854,292,1066.54   
"MO",1854,294,4286.87   
"MO",1854,298,59.99     
"MO",1855,100,417947.22 
"MO",1855,183,62503.28  
"MO",1855,184,8399.74   
"MO",1855,193,279.95    
"MO",1855,235,32075.39  
"MO",1855,241,3891.19   
"MO",1855,250,58716.72  
"MO",1855,261,1346      
"MO",1855,291,79430.47  
"MO",1855,292,862.62    
"MO",1855,293,205000    
"MO",1855,294,3393.17   
"MO",1856,100,430879.36 
"MO",1856,183,76919.83  
"MO",1856,184,9979.41   
"MO",1856,193,204.74    
"MO",1856,235,46173.07  
"MO",1856,241,789.9     
"MO",1856,291,93546.05  
"MO",1856,292,1019.42   
"MO",1856,293,255158.34 
"MO",1856,294,4718.57   
"MO",1857,100,525708.62 
"MO",1857,183,76927.59  
"MO",1857,184,8711.43   
"MO",1857,193,115.09    
"MO",1857,235,36450.79  
"MO",1857,241,2113.13   
"MO",1857,261,664.85    
"MO",1857,291,96424.39  
"MO",1857,292,1050.76   
"MO",1857,294,4921.04   
"MO",1858,100,685403.9  
"MO",1858,183,64801.76  
"MO",1858,184,7297.3    
"MO",1858,193,221.6     
"MO",1858,225,15000     
"MO",1858,235,31313.63  
"MO",1858,241,987.11    
"MO",1858,250,79030.09  
"MO",1858,261,429       
"MO",1858,291,152312.8  
"MO",1858,292,2691.27   
"MO",1858,294,3073.52   
"MO",1859,100,805975.34 
"MO",1859,183,111195.52 
"MO",1859,184,10479.09  
"MO",1859,193,205.18    
"MO",1859,235,19638.63  
"MO",1859,241,1022.64   
"MO",1859,261,212       
"MO",1859,291,58766.8   
"MO",1859,292,1555.8    
"MO",1859,293,382238    
"MO",1859,294,6105.04   
"MO",1860,100,952340.67 
"MO",1860,183,96821.2   
"MO",1860,184,13943.5   
"MO",1860,193,323.19    
"MO",1860,241,544.81    
"MO",1860,250,43377.58  
"MO",1860,261,199       
"MO",1860,291,940024.54 
"MO",1860,292,1558.8    
"MO",1860,294,8254.11   
"MO",1863,100,941913.87 
"MO",1863,110,256001.24 
"MO",1863,183,82227.46  
"MO",1863,184,7214.05   
"MO",1863,241,4318.85   
"MO",1863,291,40318.1   
"MO",1863,292,933.5     
"MO",1863,294,1431.13   
"MO",1864,100,2059803.98
"MO",1864,183,111219.13 
"MO",1864,184,5815.19   
"MO",1864,241,3469.47   
"MO",1864,291,21559.05  
"MO",1864,292,466.75    
"MO",1864,294,1966.02   
"MO",1865,100,1719206.68
"MO",1865,241,2156.7    
"MO",1865,291,21659.05  
"MO",1865,292,466.75    
"MO",1865,294,2222.86   
"MO",1866,100,2432026.98
"MO",1866,235,102.05    
"MO",1866,241,1173.83   
"MO",1866,290,1178635.5 
"MO",1866,291,44000     
"MO",1866,292,325000    
"MO",1866,294,604.51    
"MO",1867,100,3780374.47
"MO",1867,235,3291596.72
"MO",1867,241,2385.2    
"MO",1867,261,3489      
"MO",1867,262,54.32     
"MO",1867,263,37035.31  
"MO",1867,291,47771.91  
"MO",1867,294,4650.9    
"MO",1868,100,2208675.12
"MO",1868,141,635016.42 
"MO",1868,142,24770.77  
"MO",1868,235,6376540.87
"MO",1868,241,1515.7    
"MO",1868,261,615       
"MO",1868,262,122.03    
"MO",1868,291,203258.52 
"MO",1869,100,2692266.74
"MO",1869,141,4636.81   
"MO",1869,235,1599.63   
"MO",1869,241,1104.56   
"MO",1869,262,283.15    
"MO",1869,291,136986.57 
"MO",1870,100,2639354   
"MO",1870,141,375       
"MO",1870,223,7393.76   
"MO",1870,235,246.88    
"MO",1870,241,1655.86   
"MO",1870,262,186.71    
"MO",1870,291,183252.5  
"MO",1870,292,1362.92   
"MO",1870,294,13208.35  
"MO",1871,100,3174622.24
"MO",1871,223,11500     
"MO",1871,241,1904.9    
"MO",1871,250,15652.38  
"MO",1871,262,120       
"MO",1871,291,118707.98 
"MO",1871,298,300000    
"MO",1872,100,2731531.47
"MO",1872,223,10182.67  
"MO",1872,241,2263.52   
"MO",1872,250,897.35    
"MO",1872,291,128982.41 
"MO",1872,292,21000     
"MO",1872,294,1265.44   
"MO",1873,100,2650125.42
"MO",1873,141,126598.04 
"MO",1873,142,12292     
"MO",1873,183,361925.36 
"MO",1873,223,23172.54  
"MO",1873,227,6088.86   
"MO",1873,235,50        
"MO",1873,236,14346.31  
"MO",1873,241,1032.91   
"MO",1873,250,1537.57   
"MO",1873,261,66        
"MO",1873,290,13349.27  
"MO",1873,291,131958.7  
"MO",1873,293,212888.05 
"MO",1873,296,7707.25   
"MO",1874,100,2576590.93
"MO",1874,141,37289.51  
"MO",1874,142,12228     
"MO",1874,222,59.7      
"MO",1874,223,13508.22  
"MO",1874,235,50        
"MO",1874,236,23072.5   
"MO",1874,241,2011.84   
"MO",1874,250,300.32    
"MO",1874,261,390       
"MO",1874,290,11312.83  
"MO",1874,291,122967.63 
"MO",1874,293,488018.91 
"MO",1874,294,19348.97  
"MO",1874,296,179.45    
"MO",1874,298,90.75     
"MO",1875,100,2373120.08
"MO",1875,141,164409.07 
"MO",1875,142,12228     
"MO",1875,146,14234.83  
"MO",1875,223,10594.27  
"MO",1875,236,7704.25   
"MO",1875,241,2260.33   
"MO",1875,250,201.73    
"MO",1875,262,750       
"MO",1875,290,9932.54   
"MO",1875,291,103333.59 
"MO",1875,293,5537682.1 
"MO",1875,294,10565.14  
"MO",1875,296,789.77    
"MO",1876,100,2665744.2 
"MO",1876,140,13570     
"MO",1876,141,142246.96 
"MO",1876,142,12228     
"MO",1876,223,21541.24  
"MO",1876,235,50        
"MO",1876,236,31        
"MO",1876,241,4839.11   
"MO",1876,290,152.98    
"MO",1876,291,198350.42 
"MO",1876,293,445046.39 
"MO",1876,294,31933.08  
"MO",1876,296,31222.9   
"MO",1877,100,1954349.42
"MO",1877,102,251220.18 
"MO",1877,140,8755      
"MO",1877,141,135319.59 
"MO",1877,142,11915     
"MO",1877,223,19088.19  
"MO",1877,241,3930.32   
"MO",1877,290,252.4     
"MO",1877,291,63797.57  
"MO",1877,293,1120126   
"MO",1877,294,14703.47  
"MO",1878,100,2364378.44
"MO",1878,140,12725     
"MO",1878,141,89679.16  
"MO",1878,142,11138     
"MO",1878,145,892.91    
"MO",1878,146,115713.06 
"MO",1878,183,152973.54 
"MO",1878,223,21672.38  
"MO",1878,241,2220.22   
"MO",1878,290,868.43    
"MO",1878,291,188103.73 
"MO",1878,294,1092.35   
"MO",1879,100,2559881.05
"MO",1879,140,10690     
"MO",1879,141,79860.3   
"MO",1879,142,11000     
"MO",1879,145,6549.55   
"MO",1879,146,321.12    
"MO",1879,221,2029.03   
"MO",1879,223,17890.28  
"MO",1879,225,971.17    
"MO",1879,241,2425.98   
"MO",1879,264,82.25     
"MO",1879,266,130       
"MO",1879,290,1699.94   
"MO",1879,291,132315.32 
"MO",1879,293,256875    
"MO",1879,294,3486.86   
"MO",1879,296,64145.18  
"MO",1880,100,2259456.24
"MO",1880,102,157916.16 
"MO",1880,140,39811.58  
"MO",1880,141,21210.74  
"MO",1880,142,6000      
"MO",1880,143,8471.28   
"MO",1880,145,4246.13   
"MO",1880,146,121.83    
"MO",1880,190,546.66    
"MO",1880,221,586.56    
"MO",1880,223,21755.02  
"MO",1880,227,285.55    
"MO",1880,235,50        
"MO",1880,241,4364.09   
"MO",1880,266,5582.03   
"MO",1880,290,568.26    
"MO",1880,291,122118.8  
"MO",1880,294,12276.59  
"MO",1880,296,150213.79 
"MO",1881,100,2230944.16
"MO",1881,102,200297.69 
"MO",1881,140,30135     
"MO",1881,141,3133916.12
"MO",1881,142,6000      
"MO",1881,143,14297.19  
"MO",1881,145,3130.11   
"MO",1881,146,167285.46 
"MO",1881,220,2600      
"MO",1881,221,145.88    
"MO",1881,223,25035.04  
"MO",1881,236,36.33     
"MO",1881,241,5455.41   
"MO",1881,250,77.26     
"MO",1881,264,34.91     
"MO",1881,266,1922.67   
"MO",1881,290,412.15    
"MO",1881,291,78769.99  
"MO",1881,293,150000    
"MO",1881,294,5603.32   
"MO",1881,296,156438.99 
"MO",1882,100,2059180.57
"MO",1882,102,375326.98 
"MO",1882,140,25640     
"MO",1882,141,229934.9  
"MO",1882,142,6000      
"MO",1882,143,13373.02  
"MO",1882,145,3644.33   
"MO",1882,146,181262.19 
"MO",1882,220,150       
"MO",1882,223,24823.6   
"MO",1882,235,222677.4  
"MO",1882,241,6269.19   
"MO",1882,264,1096      
"MO",1882,266,1169.47   
"MO",1882,290,30.15     
"MO",1882,291,20628.86  
"MO",1882,294,15966.52  
"MO",1882,296,101470.6  
"MO",1883,100,2071627.68
"MO",1883,102,392340.99 
"MO",1883,140,31680     
"MO",1883,141,105785.63 
"MO",1883,142,6000      
"MO",1883,143,17315.14  
"MO",1883,145,1570.45   
"MO",1883,146,195807.99 
"MO",1883,216,347000    
"MO",1883,220,125       
"MO",1883,221,201.2     
"MO",1883,223,22696.89  
"MO",1883,264,132.85    
"MO",1883,266,1281.6    
"MO",1883,290,159.28    
"MO",1883,291,6983.28   
"MO",1883,294,5533.01   
"MO",1883,296,132756.88 
"MO",1884,100,2168482.33
"MO",1884,102,316549.24 
"MO",1884,140,29350     
"MO",1884,141,117181.19 
"MO",1884,143,24912.35  
"MO",1884,145,3134.1    
"MO",1884,146,207877.96 
"MO",1884,216,40000     
"MO",1884,220,200       
"MO",1884,223,20542.2   
"MO",1884,224,1000      
"MO",1884,266,766.88    
"MO",1884,290,331.3     
"MO",1884,291,10208.79  
"MO",1884,294,9234.32   
"MO",1884,296,155873.13 
"MO",1885,100,2884789.37
"MO",1885,140,34860     
"MO",1885,141,127447.11 
"MO",1885,143,18937.62  
"MO",1885,145,4221.73   
"MO",1885,146,1554.46   
"MO",1885,220,2125      
"MO",1885,223,30245.67  
"MO",1885,235,1709.81   
"MO",1885,241,9369.75   
"MO",1885,261,5000      
"MO",1885,264,118       
"MO",1885,266,771.15    
"MO",1885,290,253.12    
"MO",1885,291,8204.22   
"MO",1885,294,18119.68  
"MO",1885,296,172271.21 
"MO",1886,100,2884342.34
"MO",1886,102,151477.74 
"MO",1886,140,43345     
"MO",1886,141,69182.71  
"MO",1886,143,22619.14  
"MO",1886,145,7845.1    
"MO",1886,146,1342.44   
"MO",1886,220,268.65    
"MO",1886,223,23774     
"MO",1886,235,6638.36   
"MO",1886,241,4551.94   
"MO",1886,261,5000      
"MO",1886,264,8         
"MO",1886,266,802       
"MO",1886,290,23.5      
"MO",1886,291,6684.42   
"MO",1886,294,13000.95  
"MO",1886,296,184656.07 
"MO",1887,100,3268426.25
"MO",1887,140,90130     
"MO",1887,143,26788.24  
"MO",1887,220,150       
"MO",1887,223,28011.34  
"MO",1887,235,2372.58   
"MO",1887,241,3319.25   
"MO",1887,261,5000      
"MO",1887,266,1241.8    
"MO",1887,290,173735.48 
"MO",1887,291,8171.61   
"MO",1887,294,10609.4   
"MO",1887,296,148499.77 
"MO",1888,100,2957898.81
"MO",1888,102,155382.96 
"MO",1888,140,63250     
"MO",1888,143,22426.83  
"MO",1888,220,300       
"MO",1888,223,28837.1   
"MO",1888,241,5797.86   
"MO",1888,261,11008.5   
"MO",1888,266,596.25    
"MO",1888,290,1487.39   
"MO",1888,291,8002.33   
"MO",1888,294,9553.21   
"MO",1888,296,198669.95 
"MO",1889,100,3048812.67
"MO",1889,140,86805     
"MO",1889,143,30711.62  
"MO",1889,183,136162.31 
"MO",1889,184,9250.74   
"MO",1889,193,12275.09  
"MO",1889,220,1650      
"MO",1889,221,.32       
"MO",1889,223,39909.66  
"MO",1889,225,6658.91   
"MO",1889,235,7184.98   
"MO",1889,241,7740.75   
"MO",1889,266,850.5     
"MO",1889,290,784.5     
"MO",1889,291,190125.75 
"MO",1889,294,352.1     
"MO",1889,296,178577.02 
"MO",1890,100,2765384.33
"MO",1890,140,105065    
"MO",1890,143,83197.54  
"MO",1890,145,5433.84   
"MO",1890,183,146716.03 
"MO",1890,184,8763.1    
"MO",1890,193,14067.21  
"MO",1890,221,195.79    
"MO",1890,223,40655.15  
"MO",1890,225,58.61     
"MO",1890,235,219.96    
"MO",1890,241,9342.09   
"MO",1890,266,4778.9    
"MO",1890,290,1676.9    
"MO",1890,291,14371.81  
"MO",1890,294,314.85    
"MO",1890,296,193272.88 
"MO",1891,100,2633131.34
"MO",1891,140,123810    
"MO",1891,143,82579.29  
"MO",1891,145,5830.49   
"MO",1891,183,155453.53 
"MO",1891,184,7506.79   
"MO",1891,193,14980.78  
"MO",1891,221,472.5     
"MO",1891,223,39767.69  
"MO",1891,224,1596.25   
"MO",1891,235,652721.65 
"MO",1891,241,10225.1   
"MO",1891,246,2.13      
"MO",1891,261,489.9     
"MO",1891,266,3306.85   
"MO",1891,290,6741.91   
"MO",1891,291,15727.74  
"MO",1891,294,301       
"MO",1891,296,194547.17 
"MO",1892,100,2563377.96
"MO",1892,140,87645     
"MO",1892,143,94599.11  
"MO",1892,145,5665.73   
"MO",1892,183,168293.07 
"MO",1892,184,8308.32   
"MO",1892,193,16157.68  
"MO",1892,221,935.67    
"MO",1892,223,39528.7   
"MO",1892,235,375.51    
"MO",1892,241,4279.86   
"MO",1892,261,51934.67  
"MO",1892,266,1530.3    
"MO",1892,290,147583.76 
"MO",1892,291,13864.13  
"MO",1892,294,285.4     
"MO",1892,296,192902.76 
"MO",1893,100,2554367.65
"MO",1893,140,84400     
"MO",1893,143,105489.81 
"MO",1893,145,8547.13   
"MO",1893,183,154009.29 
"MO",1893,184,7053.13   
"MO",1893,193,13468.34  
"MO",1893,221,156.39    
"MO",1893,223,40367.88  
"MO",1893,235,7903.37   
"MO",1893,241,3989.98   
"MO",1893,243,1811.07   
"MO",1893,261,1275.63   
"MO",1893,262,178624.17 
"MO",1893,266,1107.5    
"MO",1893,290,343.25    
"MO",1893,291,13083.73  
"MO",1893,296,206935.66 
"MO",1894,100,2490063.99
"MO",1894,140,54100     
"MO",1894,143,121700.02 
"MO",1894,145,7258.36   
"MO",1894,183,305888.26 
"MO",1894,184,7608      
"MO",1894,193,11497.18  
"MO",1894,221,433.42    
"MO",1894,223,40718.96  
"MO",1894,235,825.03    
"MO",1894,241,5688.7    
"MO",1894,243,2455.42   
"MO",1894,261,1069.75   
"MO",1894,262,247590.63 
"MO",1894,266,1255.95   
"MO",1894,290,12549.24  
"MO",1894,291,11974.89  
"MO",1894,296,232734.36 
"MO",1895,100,2638645.15
"MO",1895,140,57820     
"MO",1895,143,215397.81 
"MO",1895,145,7920.32   
"MO",1895,183,347218.31 
"MO",1895,193,11331.17  
"MO",1895,221,334.17    
"MO",1895,223,41542.49  
"MO",1895,235,5401.24   
"MO",1895,241,3918.36   
"MO",1895,243,340.41    
"MO",1895,261,998.79    
"MO",1895,262,261783.6  
"MO",1895,266,1120.65   
"MO",1895,290,985.61    
"MO",1895,291,9875.74   
"MO",1895,296,194681.78 
"MO",1895,299,6661.89   
"MO",1896,100,2295138.35
"MO",1896,140,76510     
"MO",1896,143,218586.33 
"MO",1896,145,16639.15  
"MO",1896,183,325512.28 
"MO",1896,193,10162.43  
"MO",1896,221,475.87    
"MO",1896,223,40122     
"MO",1896,235,464.17    
"MO",1896,241,3893.38   
"MO",1896,261,986.54    
"MO",1896,262,292649.87 
"MO",1896,266,1087.02   
"MO",1896,290,80.25     
"MO",1896,291,11966.1   
"MO",1896,296,249141.98 
"MO",1896,299,11613.28  
"MO",1897,100,2912145.23
"MO",1897,140,58061     
"MO",1897,143,219419.81 
"MO",1897,145,15710.62  
"MO",1897,183,324924.1  
"MO",1897,193,9706.08   
"MO",1897,220,3062      
"MO",1897,221,231.42    
"MO",1897,223,43423.05  
"MO",1897,235,647.94    
"MO",1897,241,7560.64   
"MO",1897,243,33.68     
"MO",1897,261,1046.27   
"MO",1897,262,297838.84 
"MO",1897,266,946.64    
"MO",1897,290,1325.48   
"MO",1897,291,17098.85  
"MO",1897,296,234191.13 
"MO",1897,299,19117.67  
"MO",1898,100,2693141.11
"MO",1898,140,60235     
"MO",1898,143,233553.09 
"MO",1898,145,16719.42  
"MO",1898,183,336480.32 
"MO",1898,193,9193.9    
"MO",1898,220,2718      
"MO",1898,221,541.92    
"MO",1898,223,53436.3   
"MO",1898,235,228.22    
"MO",1898,241,4817.43   
"MO",1898,243,18156.25  
"MO",1898,261,771.38    
"MO",1898,262,331040.02 
"MO",1898,266,465.3     
"MO",1898,290,105.16    
"MO",1898,291,17683.34  
"MO",1898,296,334270.52 
"MO",1898,299,20359.93  
"MO",1899,100,2707453.62
"MO",1899,140,155190    
"MO",1899,143,244140.32 
"MO",1899,145,8261.53   
"MO",1899,183,363424.59 
"MO",1899,193,10808.74  
"MO",1899,220,2871      
"MO",1899,221,415.52    
"MO",1899,222,88000     
"MO",1899,223,57843.35  
"MO",1899,227,202.59    
"MO",1899,235,275       
"MO",1899,241,3863.35   
"MO",1899,243,186.2     
"MO",1899,261,911.59    
"MO",1899,262,387828.91 
"MO",1899,264,102.16    
"MO",1899,266,466.25    
"MO",1899,290,905.81    
"MO",1899,291,23361.45  
"MO",1899,296,295301.73 
"MO",1899,299,18435.83  
"MO",1900,100,2927485.38
"MO",1900,122,3989.45   
"MO",1900,140,117950    
"MO",1900,143,272377.99 
"MO",1900,145,7996.28   
"MO",1900,183,380797.25 
"MO",1900,193,11285.35  
"MO",1900,220,9811      
"MO",1900,221,429.57    
"MO",1900,222,5000      
"MO",1900,223,78174.29  
"MO",1900,227,3178.16   
"MO",1900,235,2919.15   
"MO",1900,241,4266.26   
"MO",1900,243,29        
"MO",1900,261,1033.62   
"MO",1900,262,384056.37 
"MO",1900,266,4902.23   
"MO",1900,290,25073.36  
"MO",1900,291,19096.9   
"MO",1900,294,714.3     
"MO",1900,296,339884.14 
"MO",1900,299,17916.38  
"MO",1901,100,2315672.75
"MO",1901,122,213285.49 
"MO",1901,140,152775    
"MO",1901,143,294947.64 
"MO",1901,145,8738.52   
"MO",1901,181,19190.55  
"MO",1901,183,754811.18 
"MO",1901,193,472873.79 
"MO",1901,200,7780      
"MO",1901,221,316.27    
"MO",1901,223,82283.32  
"MO",1901,227,100.52    
"MO",1901,228,3909      
"MO",1901,235,4919.82   
"MO",1901,241,6800.06   
"MO",1901,243,170.96    
"MO",1901,261,33        
"MO",1901,262,432126.62 
"MO",1901,264,47.62     
"MO",1901,266,2632.51   
"MO",1901,290,9539.85   
"MO",1901,291,33393.69  
"MO",1901,294,50        
"MO",1901,296,293918.92 
"MO",1901,299,17097.59  
"MO",1902,100,2589880.7 
"MO",1902,122,229853.63 
"MO",1902,140,181700    
"MO",1902,143,329627.28 
"MO",1902,145,8943.39   
"MO",1902,181,1552.41   
"MO",1902,183,796116.47 
"MO",1902,193,321122.19 
"MO",1902,200,21820     
"MO",1902,221,521.42    
"MO",1902,223,89901.41  
"MO",1902,227,508.74    
"MO",1902,228,8612      
"MO",1902,235,992.93    
"MO",1902,241,7188.76   
"MO",1902,243,2503.38   
"MO",1902,261,38.4      
"MO",1902,262,435764.49 
"MO",1902,266,1196      
"MO",1902,290,12673.9   
"MO",1902,291,42768.61  
"MO",1902,296,325904.75 
"MO",1902,299,17254.31  
"MO",1903,100,2867509.5 
"MO",1903,122,142564.03 
"MO",1903,140,167945    
"MO",1903,143,373412.05 
"MO",1903,145,9387.33   
"MO",1903,183,383265.86 
"MO",1903,193,379659.43 
"MO",1903,200,20370     
"MO",1903,221,883.8     
"MO",1903,222,25001     
"MO",1903,223,95827.54  
"MO",1903,228,7541      
"MO",1903,235,969.65    
"MO",1903,241,5682.88   
"MO",1903,243,313.92    
"MO",1903,257,10000     
"MO",1903,262,480405.72 
"MO",1903,266,1807.25   
"MO",1903,290,3640.8    
"MO",1903,291,50594.72  
"MO",1903,294,764.35    
"MO",1903,296,285411.1  
"MO",1903,299,18573.36  
"MO",1904,100,2520420.01
"MO",1904,122,122030.2  
"MO",1904,140,147035    
"MO",1904,143,411069.52 
"MO",1904,145,11233.71  
"MO",1904,183,437414.37 
"MO",1904,193,433618.41 
"MO",1904,200,33230     
"MO",1904,221,1114.52   
"MO",1904,223,108446.25 
"MO",1904,227,180.62    
"MO",1904,228,37984.5   
"MO",1904,235,2709.32   
"MO",1904,241,5542.82   
"MO",1904,243,1567.46   
"MO",1904,262,493632.4  
"MO",1904,266,985.75    
"MO",1904,290,37115.35  
"MO",1904,291,52367.86  
"MO",1904,294,2301.92   
"MO",1904,296,335636.92 
"MO",1904,299,16893.56  
"MO",1905,100,2369014.69
"MO",1905,122,305550.61 
"MO",1905,140,134765    
"MO",1905,143,465708.87 
"MO",1905,145,11605.68  
"MO",1905,183,455667.14 
"MO",1905,184,48609.4   
"MO",1905,193,377146.08 
"MO",1905,200,13385     
"MO",1905,221,527.05    
"MO",1905,222,10        
"MO",1905,223,120608.14 
"MO",1905,228,13618.29  
"MO",1905,229,1088.45   
"MO",1905,235,476647.88 
"MO",1905,241,2482.19   
"MO",1905,243,2548.12   
"MO",1905,262,538857.79 
"MO",1905,266,1842.45   
"MO",1905,290,11766.33  
"MO",1905,291,76018.81  
"MO",1905,294,509.7     
"MO",1905,296,367279.55 
"MO",1905,299,21778.05  
"MO",1906,100,2295494.98
"MO",1906,122,213131.09 
"MO",1906,140,172830    
"MO",1906,143,494067.07 
"MO",1906,145,12200.86  
"MO",1906,183,446776.4  
"MO",1906,184,32134.19  
"MO",1906,193,403955.74 
"MO",1906,221,1733.07   
"MO",1906,222,500       
"MO",1906,223,139314.44 
"MO",1906,227,5502.24   
"MO",1906,228,13856.52  
"MO",1906,229,613.56    
"MO",1906,235,1564.45   
"MO",1906,241,3157.27   
"MO",1906,243,54.22     
"MO",1906,262,579269.62 
"MO",1906,266,2542.82   
"MO",1906,290,53077.59  
"MO",1906,291,77529.73  
"MO",1906,294,897.13    
"MO",1906,296,434980.66 
"MO",1906,299,23594.45  
"MO",1907,100,2634731.27
"MO",1907,122,248699.41 
"MO",1907,140,207795    
"MO",1907,143,519723.08 
"MO",1907,145,19676.76  
"MO",1907,183,537628.68 
"MO",1907,184,6701.12   
"MO",1907,193,437788.42 
"MO",1907,221,1718.7    
"MO",1907,222,1000      
"MO",1907,223,132871.88 
"MO",1907,228,17051.42  
"MO",1907,229,7869.48   
"MO",1907,235,5626.44   
"MO",1907,243,10617.85  
"MO",1907,251,13168     
"MO",1907,262,609848.19 
"MO",1907,266,1952.66   
"MO",1907,290,6980.45   
"MO",1907,291,81258.94  
"MO",1907,294,810.31    
"MO",1907,296,419550.39 
"MO",1907,299,26124.56  
"MO",1908,100,2638153.6 
"MO",1908,122,185965.95 
"MO",1908,140,117270    
"MO",1908,143,531836.06 
"MO",1908,145,21033.53  
"MO",1908,183,783616.46 
"MO",1908,193,427969.26 
"MO",1908,221,1995.15   
"MO",1908,223,124066.09 
"MO",1908,228,19775.9   
"MO",1908,229,1814.9    
"MO",1908,235,5318.16   
"MO",1908,243,8416.25   
"MO",1908,251,11123     
"MO",1908,262,660671    
"MO",1908,266,632.15    
"MO",1908,290,6667.33   
"MO",1908,291,56062.62  
"MO",1908,294,5459.35   
"MO",1908,296,437752.08 
"MO",1908,299,26806.74  
"MO",1909,100,2932158.2 
"MO",1909,122,279920.99 
"MO",1909,140,266461    
"MO",1909,143,525261.84 
"MO",1909,145,23198.09  
"MO",1909,183,800002.54 
"MO",1909,184,84864.1   
"MO",1909,193,411666.87 
"MO",1909,221,1911.2    
"MO",1909,222,50000     
"MO",1909,223,134485.1  
"MO",1909,228,65526.18  
"MO",1909,229,1248.2    
"MO",1909,243,10152.98  
"MO",1909,251,20503     
"MO",1909,261,6000      
"MO",1909,262,707385.9  
"MO",1909,266,861.6     
"MO",1909,290,5990.33   
"MO",1909,291,87904.02  
"MO",1909,294,537.22    
"MO",1909,296,405801.23 
"MO",1909,299,30920.92  
"MO",1910,100,2718241.64
"MO",1910,122,314288.05 
"MO",1910,140,170675    
"MO",1910,143,570667.48 
"MO",1910,145,24947.7   
"MO",1910,183,1044058.42
"MO",1910,184,83540.8   
"MO",1910,193,502199.8  
"MO",1910,220,25        
"MO",1910,221,2593.6    
"MO",1910,223,170770.55 
"MO",1910,228,127269.28 
"MO",1910,229,1845.93   
"MO",1910,235,3258.92   
"MO",1910,243,13080.14  
"MO",1910,251,31527.5   
"MO",1910,261,5000      
"MO",1910,262,729146.5  
"MO",1910,264,26.05     
"MO",1910,265,398.85    
"MO",1910,266,10964.6   
"MO",1910,290,5989.62   
"MO",1910,291,86128.5   
"MO",1910,294,602.09    
"MO",1910,296,501645.96 
"MO",1910,299,32233.14  
"MO",1911,100,2991973.66
"MO",1911,122,480783.06 
"MO",1911,140,132450    
"MO",1911,143,598011.3  
"MO",1911,145,25669.4   
"MO",1911,180,55506     
"MO",1911,183,1014376.29
"MO",1911,184,72054.9   
"MO",1911,193,461620.58 
"MO",1911,220,83135.25  
"MO",1911,221,1815.49   
"MO",1911,223,173655.22 
"MO",1911,228,92837.87  
"MO",1911,229,103238.8  
"MO",1911,235,790.31    
"MO",1911,241,9127.93   
"MO",1911,243,2127.36   
"MO",1911,262,726206.16 
"MO",1911,264,1.5       
"MO",1911,266,8955.7    
"MO",1911,290,9667.61   
"MO",1911,291,98320.03  
"MO",1911,294,436.1     
"MO",1911,296,414207.91 
"MO",1911,299,41099.07  
"MO",1912,100,3090154.26
"MO",1912,110,114266.18 
"MO",1912,122,479517.35 
"MO",1912,140,138435    
"MO",1912,143,624578.12 
"MO",1912,145,28449.18  
"MO",1912,180,117362.25 
"MO",1912,183,995162.68 
"MO",1912,184,54176.13  
"MO",1912,193,518709.13 
"MO",1912,220,24841.5   
"MO",1912,221,4143.1    
"MO",1912,222,50010     
"MO",1912,223,170761.12 
"MO",1912,228,117775.61 
"MO",1912,229,118995.09 
"MO",1912,235,669.87    
"MO",1912,241,7828.15   
"MO",1912,243,5834.96   
"MO",1912,262,822802.4  
"MO",1912,265,1246.97   
"MO",1912,266,4808.15   
"MO",1912,290,8112.27   
"MO",1912,291,119525.54 
"MO",1912,293,285054.97 
"MO",1912,294,563.85    
"MO",1912,296,512184.61 
"MO",1912,299,45862.95  
"MO",1913,100,3083893.06
"MO",1913,110,344200.05 
"MO",1913,122,412815.49 
"MO",1913,140,118290    
"MO",1913,143,651399.89 
"MO",1913,145,30330.27  
"MO",1913,180,173810.5  
"MO",1913,183,1003561.81
"MO",1913,184,54335.47  
"MO",1913,193,509430.44 
"MO",1913,220,26846     
"MO",1913,221,2809.46   
"MO",1913,223,173208.78 
"MO",1913,228,59487.12  
"MO",1913,229,298824.35 
"MO",1913,235,235.6     
"MO",1913,241,15002.14  
"MO",1913,262,864399.89 
"MO",1913,265,1368.43   
"MO",1913,266,3929.75   
"MO",1913,290,10251.5   
"MO",1913,291,140908.81 
"MO",1913,293,1638656.02
"MO",1913,294,599.95    
"MO",1913,296,466738.08 
"MO",1913,299,42990.8   
"MO",1914,100,3058192.15
"MO",1914,110,352220.4  
"MO",1914,122,411160.94 
"MO",1914,140,94677.45  
"MO",1914,143,346056.41 
"MO",1914,145,45013.82  
"MO",1914,180,235873.5  
"MO",1914,183,1000813.71
"MO",1914,184,61595.46  
"MO",1914,193,497292.73 
"MO",1914,220,25865.7   
"MO",1914,221,3329.75   
"MO",1914,222,253728.65 
"MO",1914,223,190850.21 
"MO",1914,224,27980.03  
"MO",1914,228,35858     
"MO",1914,229,401937.77 
"MO",1914,241,17036.5   
"MO",1914,254,4.6       
"MO",1914,262,922925.23 
"MO",1914,265,5420.17   
"MO",1914,266,2099.6    
"MO",1914,290,22019.39  
"MO",1914,291,146019.78 
"MO",1914,293,1457619.26
"MO",1914,294,571.52    
"MO",1914,296,525725.43 
"MO",1914,299,50323.86  
"MO",1915,100,3104490.01
"MO",1915,110,368994.52 
"MO",1915,122,391024.47 
"MO",1915,140,101112.5  
"MO",1915,143,730823.59 
"MO",1915,145,45595.21  
"MO",1915,180,323292.5  
"MO",1915,183,953058.22 
"MO",1915,184,56562.28  
"MO",1915,193,418789.14 
"MO",1915,220,31438     
"MO",1915,221,6177.39   
"MO",1915,222,5000      
"MO",1915,223,186677.14 
"MO",1915,228,12265     
"MO",1915,229,368729.24 
"MO",1915,235,151.6     
"MO",1915,241,19730.71  
"MO",1915,262,888164.87 
"MO",1915,265,4381.44   
"MO",1915,266,3208.67   
"MO",1915,288,20572.5   
"MO",1915,290,11560.44  
"MO",1915,291,135796.71 
"MO",1915,293,84657.11  
"MO",1915,294,626.1     
"MO",1915,296,397750    
"MO",1915,299,55382.97  
