"MO",1849,3,534524.42    
"MO",1851,3,1157146.42   
"MO",1853,3,1230815.78   
"MO",1855,3,1856252.49   
"MO",1857,3,1819254.47   
"MO",1859,3,2143263.87   
"MO",1863,3,4753676.73   
"MO",1865,3,1920708.12   
"MO",1866,3,946162.9     
"MO",1867,3,8611103.87   
"MO",1868,3,3989808.06   
"MO",1869,3,3793580.17   
"MO",1870,3,11118200.17  
"MO",1871,3,3210135.63   
"MO",1872,3,3244220.08   
"MO",1873,3,3612598.42   
"MO",1874,3,3321639.93   
"MO",1875,3,6030615.61   
"MO",1876,3,6030615.61   
"MO",1877,3,3720816.98   
"MO",1878,3,2784698.39   
"MO",1879,3,2949626.2    
"MO",1880,3,2878734.66   
"MO",1881,3,3155712.59   
"MO",1882,3,5672788.45   
"MO",1883,3,3193495.5    
"MO",1884,3,2730988.47   
"MO",1885,3,4241363.87   
"MO",1886,3,3322131.32   
"MO",1887,3,3870644.21   
"MO",1888,3,3334194.04   
"MO",1889,3,4002096.45   
"MO",1890,3,2832280.92   
"MO",1891,3,4456221.72   
"MO",1892,3,3232444.31   
"MO",1893,3,3497909.1    
"MO",1894,3,3282749.09   
"MO",1895,3,4191688.77   
"MO",1896,3,3311580.1    
"MO",1897,3,4094822.31   
"MO",1898,3,3885563.32   
"MO",1899,3,4690351.22   
"MO",1900,3,4116348.79   
"MO",1901,3,4963215.23   
"MO",1902,3,4668173.38   
"MO",1903,3,5494647.47   
"MO",1904,3,4929752.35   
"MO",1905,3,6047148.13   
"MO",1906,3,4981942.81   
"MO",1907,3,7310329.34   
"MO",1908,3,5615406.72   
"MO",1909,3,6808912.1    
"MO",1910,3,6769111.46   
"MO",1911,3,7388347.12   
"MO",1912,3,7568703.31   
"MO",1913,3,9089592.87   
"MO",1914,3,9616818.96   
"MO",1915,3,9719943.05   
                         
"MO",1849,31,89255.53    
"MO",1849,32,26687.22    
"MO",1849,33,157432.1    
"MO",1849,34,16043.12    
"MO",1849,35,1122.97     
"MO",1849,36,210428.94   
"MO",1849,38,1632.7      
"MO",1849,39,15441.84    
"MO",1849,40,1480        
"MO",1849,41,15000       
"MO",1851,31,130866.4    
"MO",1851,32,56219       
"MO",1851,33,129973.76   
"MO",1851,34,5883.68     
"MO",1851,35,22508.24    
"MO",1851,36,231274.79   
"MO",1851,38,510.49      
"MO",1851,39,19334.47    
"MO",1851,40,486214.59   
"MO",1851,41,74361       
"MO",1853,31,231091.36   
"MO",1853,32,121167.24   
"MO",1853,33,124396.67   
"MO",1853,34,27843.14    
"MO",1853,35,34957.01    
"MO",1853,36,309756.14   
"MO",1853,38,1280.74     
"MO",1853,39,25776.4     
"MO",1853,40,98731.48    
"MO",1853,41,255815.6    
"MO",1855,31,402342.62   
"MO",1855,32,142266.04   
"MO",1855,33,659709.53   
"MO",1855,34,15255.98    
"MO",1855,35,34799.34    
"MO",1855,36,462900.32   
"MO",1855,38,1597.67     
"MO",1855,39,29598.49    
"MO",1855,40,107782.5    
"MO",1857,31,495838.39   
"MO",1857,32,128296.62   
"MO",1857,33,221331.8    
"MO",1857,34,49081.87    
"MO",1857,35,24066.96    
"MO",1857,36,614687.95   
"MO",1857,38,442.96      
"MO",1857,39,52834.14    
"MO",1857,40,43388.9     
"MO",1857,41,189284.88   
"MO",1859,31,611156.91   
"MO",1859,32,245946.56   
"MO",1859,33,93410.69    
"MO",1859,34,167775.11   
"MO",1859,35,21979.45    
"MO",1859,36,770624.62   
"MO",1859,38,731.1       
"MO",1859,39,68750.34    
"MO",1859,40,162889.09   
"MO",1863,31,132933.01   
"MO",1863,32,92616.95    
"MO",1863,33,5441.76     
"MO",1863,34,778840.55   
"MO",1863,35,23439.79    
"MO",1863,36,659718.18   
"MO",1863,38,664.29      
"MO",1863,39,155226.69   
"MO",1863,40,1774867.26  
"MO",1863,41,1129928.25  
"MO",1865,31,29185.69    
"MO",1865,32,56487.37    
"MO",1865,33,430         
"MO",1865,34,127349.65   
"MO",1865,35,5198.75     
"MO",1865,36,524449.02   
"MO",1865,38,625.78      
"MO",1865,39,9794.62     
"MO",1865,40,78936.44    
"MO",1865,41,1088250.8   
"MO",1866,31,44216.43    
"MO",1866,32,84593.63    
"MO",1866,33,19863.54    
"MO",1866,34,30284.89    
"MO",1866,35,20271.53    
"MO",1866,36,644180      
"MO",1866,37,892.6       
"MO",1866,38,1077        
"MO",1866,39,19514.91    
"MO",1866,40,11539.37    
"MO",1866,41,69729       
"MO",1867,31,95761.57    
"MO",1867,32,61704.35    
"MO",1867,33,27379.22    
"MO",1867,34,40200.59    
"MO",1867,35,7841.21     
"MO",1867,36,850134.68   
"MO",1867,37,99          
"MO",1867,38,2150.42     
"MO",1867,39,49807.29    
"MO",1867,40,806351.54   
"MO",1867,41,6669674     
"MO",1868,30,1061446.31  
"MO",1868,31,466050.92   
"MO",1868,33,12234.25    
"MO",1868,34,36605.77    
"MO",1868,35,176.55      
"MO",1868,38,1076.31     
"MO",1868,39,2538.5      
"MO",1868,40,2027956.12  
"MO",1868,41,381723.33   
"MO",1869,30,1024467.23  
"MO",1869,31,448116.17   
"MO",1869,32,101589.31   
"MO",1869,33,3869.68     
"MO",1869,34,193335.085  
"MO",1869,35,7125.43     
"MO",1869,36,782739.315  
"MO",1869,38,2083.05     
"MO",1869,39,6820.33     
"MO",1869,40,1223268.395 
"MO",1869,41,166.175     
"MO",1870,30,1147658.98  
"MO",1870,31,1966068.45  
"MO",1870,32,101589.31   
"MO",1870,33,7034.43     
"MO",1870,34,130757.375  
"MO",1870,35,20127.76    
"MO",1870,36,790641.435  
"MO",1870,38,892.02      
"MO",1870,39,6796.44     
"MO",1870,40,6256418.915 
"MO",1870,41,690215.055  
"MO",1871,31,396774.34   
"MO",1871,32,141095.84   
"MO",1871,33,304294.19   
"MO",1871,34,233856      
"MO",1871,35,10383.38    
"MO",1871,36,672620.7    
"MO",1871,38,767.93      
"MO",1871,39,5024.61     
"MO",1871,40,1093927.75  
"MO",1871,41,351390.89   
"MO",1872,30,1183779.6   
"MO",1872,31,577643.22   
"MO",1872,32,40979.2     
"MO",1872,33,30697.79    
"MO",1872,35,1283.88     
"MO",1872,36,12990.87    
"MO",1872,38,1045.36     
"MO",1872,40,1085044.2   
"MO",1872,41,310755.96   
"MO",1873,0,3874.84      
"MO",1873,31,461306.37   
"MO",1873,32,248019.605  
"MO",1873,33,35729.03    
"MO",1873,34,130308.615  
"MO",1873,35,18544.385   
"MO",1873,36,897774.65   
"MO",1873,38,1069.475    
"MO",1873,39,41521.26    
"MO",1873,40,1065891.425 
"MO",1873,41,708558.765  
"MO",1874,0,1342.22      
"MO",1874,31,441317.51   
"MO",1874,32,268188.525  
"MO",1874,33,16554.63    
"MO",1874,34,21764.825   
"MO",1874,35,16949.025   
"MO",1874,36,762445.46   
"MO",1874,38,1069.475    
"MO",1874,39,19482.23    
"MO",1874,40,1061339.845 
"MO",1874,41,711186.185  
"MO",1875,30,1040061.165 
"MO",1875,31,1481688.095 
"MO",1875,33,1197.84     
"MO",1875,34,17542.71    
"MO",1875,35,25363.41    
"MO",1875,36,9490.555    
"MO",1875,38,19394.79    
"MO",1875,40,1057874.43  
"MO",1875,41,2378002.615 
"MO",1876,30,1040061.165 
"MO",1876,31,1481688.095 
"MO",1876,33,1197.84     
"MO",1876,34,17542.71    
"MO",1876,35,25363.41    
"MO",1876,36,9490.555    
"MO",1876,38,19394.79    
"MO",1876,40,1057874.43  
"MO",1876,41,2378002.615 
"MO",1877,0,375.43       
"MO",1877,31,593499.27   
"MO",1877,32,166365.85   
"MO",1877,33,10131.7     
"MO",1877,34,65421.75    
"MO",1877,35,22322.1     
"MO",1877,36,1068991.51  
"MO",1877,38,2627.69     
"MO",1877,39,8539.45     
"MO",1877,40,895545.14   
"MO",1877,41,886997.09   
"MO",1878,31,593626.55   
"MO",1878,32,134586.73   
"MO",1878,33,2144.46     
"MO",1878,34,16802.63    
"MO",1878,35,1041.28     
"MO",1878,36,510506.91   
"MO",1878,38,575.5       
"MO",1878,39,2877.47     
"MO",1878,40,1022980     
"MO",1878,41,499556.86   
"MO",1879,31,549594.1    
"MO",1879,32,195444.84   
"MO",1879,33,800         
"MO",1879,34,85442.32    
"MO",1879,35,11784.72    
"MO",1879,36,863193.23   
"MO",1879,38,1188.62     
"MO",1879,39,12543.58    
"MO",1879,40,978330      
"MO",1879,41,251304.79   
"MO",1880,31,557424.04   
"MO",1880,32,151242.66   
"MO",1880,33,800         
"MO",1880,34,166857.43   
"MO",1880,35,18120.13    
"MO",1880,36,524869.76   
"MO",1880,38,865.06      
"MO",1880,39,3389.64     
"MO",1880,40,954860      
"MO",1880,41,500305.94   
"MO",1881,31,595651.18   
"MO",1881,32,137330.74   
"MO",1881,33,706.95      
"MO",1881,34,53876.36    
"MO",1881,35,15307.68    
"MO",1881,36,672177.26   
"MO",1881,38,3338.67     
"MO",1881,39,7815.45     
"MO",1881,40,977230      
"MO",1881,41,692278.3    
"MO",1882,31,603904.59   
"MO",1882,32,145897.03   
"MO",1882,33,480.55      
"MO",1882,34,20079.13    
"MO",1882,35,24731.56    
"MO",1882,36,546187.5    
"MO",1882,38,1300.97     
"MO",1882,39,1823.33     
"MO",1882,40,831480      
"MO",1882,41,3496903.79  
"MO",1883,30,1187068.2   
"MO",1883,31,574102.14   
"MO",1883,34,152756.88   
"MO",1883,35,5459.18     
"MO",1883,36,15473.2     
"MO",1883,38,875.4       
"MO",1883,40,619560.5    
"MO",1883,41,638200      
"MO",1884,30,1020306.78  
"MO",1884,31,627053.9    
"MO",1884,34,153630.92   
"MO",1884,35,8800.47     
"MO",1884,36,15552.72    
"MO",1884,38,1950.13     
"MO",1884,40,566893.55   
"MO",1884,41,336800      
"MO",1885,31,833532.45   
"MO",1885,32,287248.18   
"MO",1885,33,1253.52     
"MO",1885,34,299881.32   
"MO",1885,35,32545.08    
"MO",1885,36,858548.44   
"MO",1885,38,19829.27    
"MO",1885,39,23373.74    
"MO",1885,40,1265834.7   
"MO",1885,41,619317.17   
"MO",1886,31,793733      
"MO",1886,32,244901.5    
"MO",1886,33,10449.6     
"MO",1886,34,291143.65   
"MO",1886,35,22073.96    
"MO",1886,36,559054.41   
"MO",1886,38,5658.42     
"MO",1886,39,7311.08     
"MO",1886,40,634997.84   
"MO",1886,41,752807.86   
"MO",1887,31,912652.86   
"MO",1887,32,504122.29   
"MO",1887,33,550.47      
"MO",1887,34,268771.9    
"MO",1887,35,46364.77    
"MO",1887,36,1074860.37  
"MO",1887,38,5504.08     
"MO",1887,39,8592.61     
"MO",1887,40,523734.77   
"MO",1887,41,525490.09   
"MO",1888,31,873533.21   
"MO",1888,32,329047.76   
"MO",1888,33,2542.29     
"MO",1888,34,363540.35   
"MO",1888,35,25344.2     
"MO",1888,36,862860.16   
"MO",1888,38,2273.51     
"MO",1888,39,2457.1      
"MO",1888,40,415492.94   
"MO",1888,41,457102.52   
"MO",1889,31,981138.55   
"MO",1889,32,231544.12   
"MO",1889,33,13390.99    
"MO",1889,34,286253.26   
"MO",1889,35,13458.7     
"MO",1889,36,1147387.85  
"MO",1889,38,2927.94     
"MO",1889,39,22203.65    
"MO",1889,40,560094.47   
"MO",1889,41,743696.92   
"MO",1890,31,961024.24   
"MO",1890,32,252000.21   
"MO",1890,33,14964.41    
"MO",1890,34,258086.68   
"MO",1890,35,27219.12    
"MO",1890,36,719185.23   
"MO",1890,38,697.44      
"MO",1890,39,3879.05     
"MO",1890,40,342701.87   
"MO",1890,41,252522.67   
"MO",1891,31,1042086.59  
"MO",1891,32,249571.12   
"MO",1891,33,26737.69    
"MO",1891,34,298737.54   
"MO",1891,35,39488.96    
"MO",1891,36,1016876.77  
"MO",1891,38,7046.12     
"MO",1891,39,19091.36    
"MO",1891,40,304956.11   
"MO",1891,41,1451629.46  
"MO",1892,31,1132304.38  
"MO",1892,32,232349.03   
"MO",1892,33,26858.51    
"MO",1892,34,251030.62   
"MO",1892,35,35729.93    
"MO",1892,36,809773.27   
"MO",1892,38,5083.37     
"MO",1892,39,56931.63    
"MO",1892,40,278075.2    
"MO",1892,41,404308.37   
"MO",1893,31,1176833.1   
"MO",1893,32,377326.69   
"MO",1893,33,21599.79    
"MO",1893,34,267502.16   
"MO",1893,35,27992.43    
"MO",1893,36,1003813.2   
"MO",1893,38,1846.43     
"MO",1893,39,102880.65   
"MO",1893,40,267220      
"MO",1893,41,250894.65   
"MO",1894,31,1092179.77  
"MO",1894,32,430471.7    
"MO",1894,33,17393.3     
"MO",1894,34,340259.22   
"MO",1894,35,31881.61    
"MO",1894,36,697333.56   
"MO",1894,38,4033.24     
"MO",1894,39,9151.15     
"MO",1894,40,245237.29   
"MO",1894,41,414808.25   
"MO",1895,31,1328840.51  
"MO",1895,32,449870.1    
"MO",1895,33,27586.64    
"MO",1895,34,354626.31   
"MO",1895,35,30378.92    
"MO",1895,36,1196411.32  
"MO",1895,38,3443.28     
"MO",1895,39,13161.44    
"MO",1895,40,205370.25   
"MO",1895,41,582000      
"MO",1896,31,1218513.11  
"MO",1896,32,439919.89   
"MO",1896,33,19040.92    
"MO",1896,34,393014.76   
"MO",1896,35,35627.41    
"MO",1896,36,558789.44   
"MO",1896,38,3734.81     
"MO",1896,39,19724.46    
"MO",1896,40,188780      
"MO",1896,41,434435.3    
"MO",1897,31,1103405.45  
"MO",1897,32,513758.3    
"MO",1897,33,13175.3     
"MO",1897,34,407096.85   
"MO",1897,35,26152.44    
"MO",1897,36,1343464     
"MO",1897,38,3450.57     
"MO",1897,39,10527.1     
"MO",1897,40,173547.3    
"MO",1897,41,500245      
"MO",1898,31,1085537     
"MO",1898,32,523336.57   
"MO",1898,33,14998.25    
"MO",1898,34,402611.82   
"MO",1898,35,33558.64    
"MO",1898,36,813102.84   
"MO",1898,38,2198.69     
"MO",1898,39,6928.43     
"MO",1898,40,145089.08   
"MO",1898,41,858202      
"MO",1899,31,1360183.5   
"MO",1899,32,602328.1    
"MO",1899,33,14971.39    
"MO",1899,34,409936.71   
"MO",1899,35,26857.78    
"MO",1899,36,1341844.03  
"MO",1899,38,2005.46     
"MO",1899,39,9634.25     
"MO",1899,40,127470      
"MO",1899,41,795120      
"MO",1900,31,1215629.97  
"MO",1900,32,678018.16   
"MO",1900,33,15596.65    
"MO",1900,34,410875.63   
"MO",1900,35,63708.86    
"MO",1900,36,657063.59   
"MO",1900,38,3054.44     
"MO",1900,39,19064.46    
"MO",1900,40,92996.43    
"MO",1900,41,960340.6    
"MO",1901,31,1656908.77  
"MO",1901,32,802505.68   
"MO",1901,33,16250.4     
"MO",1901,34,440195.84   
"MO",1901,35,115072.49   
"MO",1901,36,1206247.99  
"MO",1901,38,3234.61     
"MO",1901,39,59153.1     
"MO",1901,40,63441.6     
"MO",1901,41,600204.75   
"MO",1902,31,1685572.73  
"MO",1902,32,897438.61   
"MO",1902,33,15688.42    
"MO",1902,34,401503.94   
"MO",1902,35,64205.73    
"MO",1902,36,750459.61   
"MO",1902,38,2389.21     
"MO",1902,39,21612.23    
"MO",1902,40,29295       
"MO",1902,41,800007.9    
"MO",1903,31,2119832.69  
"MO",1903,32,921665.17   
"MO",1903,33,17312.27    
"MO",1903,34,453683.77   
"MO",1903,35,136603.72   
"MO",1903,36,1163390.57  
"MO",1903,38,3357.6      
"MO",1903,39,33047.28    
"MO",1903,40,2840.83     
"MO",1903,41,642913.57   
"MO",1904,31,1834924.89  
"MO",1904,32,980157.6    
"MO",1904,33,40194.85    
"MO",1904,34,523012.66   
"MO",1904,35,100986.76   
"MO",1904,36,803234.96   
"MO",1904,38,2370.93     
"MO",1904,39,14874.1     
"MO",1904,41,629995.6    
"MO",1905,31,2631471.42  
"MO",1905,32,1166255.64  
"MO",1905,33,17300.34    
"MO",1905,34,670202.69   
"MO",1905,35,173436.6    
"MO",1905,36,1313181.8   
"MO",1905,38,2877.74     
"MO",1905,39,72361.9     
"MO",1905,41,60          
"MO",1906,31,2055972.78  
"MO",1906,32,1212794.08  
"MO",1906,33,17641.36    
"MO",1906,34,618089.74   
"MO",1906,35,127355.25   
"MO",1906,36,928057.89   
"MO",1906,38,3766.03     
"MO",1906,39,14219.68    
"MO",1906,41,4046        
"MO",1907,31,3049687.69  
"MO",1907,32,1187525.65  
"MO",1907,33,29864.3     
"MO",1907,34,727898.35   
"MO",1907,35,143281.2    
"MO",1907,36,1611626.9   
"MO",1907,38,3290.05     
"MO",1907,39,555154.2    
"MO",1907,41,2001        
"MO",1908,31,2667706.23  
"MO",1908,32,1123978.76  
"MO",1908,33,31988.55    
"MO",1908,34,777821.52   
"MO",1908,35,91127.21    
"MO",1908,36,904205.21   
"MO",1908,38,1741.38     
"MO",1908,39,10802.86    
"MO",1908,41,6035        
"MO",1909,31,3002629.51  
"MO",1909,32,1222293.41  
"MO",1909,33,60494.97    
"MO",1909,34,688646.64   
"MO",1909,35,144503.47   
"MO",1909,36,1597875.19  
"MO",1909,38,3044.11     
"MO",1909,39,82489.24    
"MO",1909,41,6935.56     
"MO",1910,31,3209191.86  
"MO",1910,32,1363809.92  
"MO",1910,33,56574.34    
"MO",1910,34,789302.16   
"MO",1910,35,257220.32   
"MO",1910,36,1070584.55  
"MO",1910,38,2357.16     
"MO",1910,39,14144.48    
"MO",1910,41,5926.67     
"MO",1911,31,3240678.75  
"MO",1911,32,1415732.33  
"MO",1911,33,88391.7     
"MO",1911,34,775600.54   
"MO",1911,35,297789.8    
"MO",1911,36,1539906.88  
"MO",1911,38,1814.07     
"MO",1911,39,28433.05    
"MO",1912,31,3508886.3   
"MO",1912,32,1397384.74  
"MO",1912,33,140008.89   
"MO",1912,34,831588.04   
"MO",1912,35,306020.93   
"MO",1912,36,1349990.22  
"MO",1912,38,3632.15     
"MO",1912,39,21078.54    
"MO",1912,41,10113.5     
"MO",1913,30,4110511.06  
"MO",1913,31,2741345.15  
"MO",1913,32,873934.82   
"MO",1913,33,321730.27   
"MO",1913,34,592007.89   
"MO",1913,35,97842       
"MO",1913,36,312600.86   
"MO",1913,38,5395.62     
"MO",1913,41,34225.2     
"MO",1914,30,3819037.14  
"MO",1914,31,2837797.65  
"MO",1914,32,842977.49   
"MO",1914,33,309650.23   
"MO",1914,34,612665.23   
"MO",1914,35,64206.34    
"MO",1914,36,722773.43   
"MO",1914,38,3636.62     
"MO",1914,41,404074.83   
"MO",1915,30,4316636.4   
"MO",1915,31,2544424.42  
"MO",1915,32,929167.54   
"MO",1915,33,410939.59   
"MO",1915,34,602110.94   
"MO",1915,35,67251.93    
"MO",1915,36,465746.39   
"MO",1915,38,1906.74     
"MO",1915,39,528.52      
"MO",1915,41,381230.58   
                         
"MO",1849,311,88904.93   
"MO",1849,316,200.6      
"MO",1849,318,150        
"MO",1849,322,4080       
"MO",1849,323,22607.22   
"MO",1849,330,23594.5    
"MO",1849,336,133837.6   
"MO",1849,343,200        
"MO",1849,345,15843.12   
"MO",1849,358,1122.97    
"MO",1849,360,285        
"MO",1849,361,59151.42   
"MO",1849,362,60292.02   
"MO",1849,363,46040.16   
"MO",1849,364,1798.8     
"MO",1849,365,29966.78   
"MO",1849,366,696.48     
"MO",1849,367,5633.28    
"MO",1849,368,6565       
"MO",1849,382,1632.7     
"MO",1849,391,6119.1     
"MO",1849,393,3362.58    
"MO",1849,395,1935       
"MO",1849,398,4025.16    
"MO",1849,400,1480       
"MO",1849,410,15000      
"MO",1851,311,129517.96  
"MO",1851,313,1220.44    
"MO",1851,316,128        
"MO",1851,322,4899.91    
"MO",1851,323,51319.09   
"MO",1851,330,1615       
"MO",1851,333,8000       
"MO",1851,336,120358.76  
"MO",1851,342,1400       
"MO",1851,345,4483.68    
"MO",1851,358,22508.24   
"MO",1851,361,77445.26   
"MO",1851,362,70193.11   
"MO",1851,363,45679.63   
"MO",1851,364,439.71     
"MO",1851,365,35681.8    
"MO",1851,366,1264.86    
"MO",1851,367,532.92     
"MO",1851,368,37.5       
"MO",1851,382,510.49     
"MO",1851,391,7129.6     
"MO",1851,393,2166.71    
"MO",1851,395,4790       
"MO",1851,398,5248.16    
"MO",1851,400,486214.59  
"MO",1851,416,74261      
"MO",1851,418,100        
"MO",1853,311,229974.29  
"MO",1853,313,1117.07    
"MO",1853,322,67571.05   
"MO",1853,323,53596.19   
"MO",1853,330,39377.63   
"MO",1853,333,1325.8     
"MO",1853,336,83693.24   
"MO",1853,343,26050      
"MO",1853,345,1793.14    
"MO",1853,357,2000       
"MO",1853,358,32957.01   
"MO",1853,360,2091.1     
"MO",1853,361,80376.29   
"MO",1853,362,94185.54   
"MO",1853,363,53387.87   
"MO",1853,364,69.3       
"MO",1853,365,35861.44   
"MO",1853,366,1745.8     
"MO",1853,367,33769.52   
"MO",1853,368,8269.28    
"MO",1853,382,1280.74    
"MO",1853,391,13082.1    
"MO",1853,393,3579.01    
"MO",1853,395,3813.5     
"MO",1853,398,5301.79    
"MO",1853,400,98731.48   
"MO",1853,416,255000     
"MO",1853,418,815.6      
"MO",1855,311,398128.24  
"MO",1855,313,1050.48    
"MO",1855,316,3163.9     
"MO",1855,322,68366.04   
"MO",1855,323,73900      
"MO",1855,330,63329.5    
"MO",1855,333,43334      
"MO",1855,336,99001.28   
"MO",1855,337,454044.75  
"MO",1855,341,392.3      
"MO",1855,343,14133      
"MO",1855,345,730.68     
"MO",1855,357,4300       
"MO",1855,358,27812.63   
"MO",1855,359,2686.71    
"MO",1855,360,7025       
"MO",1855,361,202979.57  
"MO",1855,362,130676.29  
"MO",1855,363,69245.27   
"MO",1855,364,25         
"MO",1855,365,48505.13   
"MO",1855,366,221.72     
"MO",1855,367,3283.66    
"MO",1855,368,938.68     
"MO",1855,382,1597.67    
"MO",1855,391,14302.29   
"MO",1855,393,3864.73    
"MO",1855,395,4359.5     
"MO",1855,398,7071.97    
"MO",1855,400,107782.5   
"MO",1857,311,492203.58  
"MO",1857,316,3634.81    
"MO",1857,322,58259.27   
"MO",1857,323,70037.35   
"MO",1857,330,79297.5    
"MO",1857,333,16666      
"MO",1857,336,114640.52  
"MO",1857,337,10727.78   
"MO",1857,343,46151.75   
"MO",1857,344,1762.1     
"MO",1857,345,1168.02    
"MO",1857,357,9600       
"MO",1857,358,14466.96   
"MO",1857,360,4425       
"MO",1857,361,227519.89  
"MO",1857,362,151565.01  
"MO",1857,363,99998.44   
"MO",1857,364,684.02     
"MO",1857,365,67024.42   
"MO",1857,366,343.47     
"MO",1857,367,52481.2    
"MO",1857,368,10646.5    
"MO",1857,382,442.96     
"MO",1857,390,663.12     
"MO",1857,391,10501.12   
"MO",1857,393,9762.9     
"MO",1857,395,23051      
"MO",1857,398,8856       
"MO",1857,400,43125      
"MO",1857,401,263.9      
"MO",1857,411,9284.88    
"MO",1857,416,180000     
"MO",1859,311,609498.78  
"MO",1859,313,26.36      
"MO",1859,316,1631.77    
"MO",1859,322,47183.86   
"MO",1859,323,198762.7   
"MO",1859,330,42375      
"MO",1859,336,38965.06   
"MO",1859,337,12070.63   
"MO",1859,343,118303.85  
"MO",1859,344,36509.9    
"MO",1859,345,12961.36   
"MO",1859,357,8500       
"MO",1859,358,13479.45   
"MO",1859,360,2200       
"MO",1859,361,320567.26  
"MO",1859,362,207020.43  
"MO",1859,363,120936.3   
"MO",1859,364,4.5        
"MO",1859,365,105984.62  
"MO",1859,366,446.02     
"MO",1859,367,13393.49   
"MO",1859,368,72         
"MO",1859,382,731.1      
"MO",1859,391,11958.43   
"MO",1859,393,36730.75   
"MO",1859,395,5644.7     
"MO",1859,398,14416.46   
"MO",1859,400,162622.49  
"MO",1859,401,266.6      
"MO",1863,311,132922.98  
"MO",1863,316,10.03      
"MO",1863,322,23500      
"MO",1863,323,32962.11   
"MO",1863,325,36154.84   
"MO",1863,336,5441.76    
"MO",1863,341,198.26     
"MO",1863,343,24507.98   
"MO",1863,344,6558.23    
"MO",1863,345,747576.08  
"MO",1863,358,23439.79   
"MO",1863,360,22417.85   
"MO",1863,361,248018.13  
"MO",1863,362,189095.01  
"MO",1863,363,94617.3    
"MO",1863,364,18.5       
"MO",1863,365,102149.31  
"MO",1863,367,2669.08    
"MO",1863,368,733        
"MO",1863,382,664.29     
"MO",1863,390,59862.55   
"MO",1863,391,5716.55    
"MO",1863,393,83324.09   
"MO",1863,398,6323.5     
"MO",1863,400,287956.85  
"MO",1863,401,1486910.41 
"MO",1863,416,1128928.25 
"MO",1863,418,1000       
"MO",1865,311,28888.36   
"MO",1865,316,297.33     
"MO",1865,321,5000       
"MO",1865,322,27784.83   
"MO",1865,323,18733.33   
"MO",1865,325,4969.21    
"MO",1865,337,430        
"MO",1865,341,551.5      
"MO",1865,343,15420.52   
"MO",1865,344,4416.66    
"MO",1865,345,106960.97  
"MO",1865,358,5198.75    
"MO",1865,360,51000      
"MO",1865,361,151310.34  
"MO",1865,362,121630.73  
"MO",1865,363,93839.59   
"MO",1865,364,3200.96    
"MO",1865,365,78820.1    
"MO",1865,367,5980.96    
"MO",1865,368,10759.94   
"MO",1865,369,7906.4     
"MO",1865,382,625.78     
"MO",1865,391,6136.91    
"MO",1865,393,2759.61    
"MO",1865,395,516        
"MO",1865,398,382.1      
"MO",1865,400,78936.44   
"MO",1865,416,1088250.8  
"MO",1866,310,1299.98    
"MO",1866,311,36387.35   
"MO",1866,313,3000       
"MO",1866,316,3529.1     
"MO",1866,321,5000       
"MO",1866,322,40586.34   
"MO",1866,323,35000      
"MO",1866,325,4007.29    
"MO",1866,337,19863.54   
"MO",1866,341,4847.17    
"MO",1866,343,22151.64   
"MO",1866,344,3102.96    
"MO",1866,345,183.12     
"MO",1866,353,582.59     
"MO",1866,357,4600       
"MO",1866,358,15088.94   
"MO",1866,360,2000       
"MO",1866,361,296021.64  
"MO",1866,362,144131.87  
"MO",1866,363,87728.35   
"MO",1866,364,216.36     
"MO",1866,365,97230.55   
"MO",1866,366,179.36     
"MO",1866,367,924.25     
"MO",1866,368,6293.68    
"MO",1866,369,9453.94    
"MO",1866,372,892.6      
"MO",1866,381,300        
"MO",1866,382,777        
"MO",1866,391,16398.68   
"MO",1866,393,2891.23    
"MO",1866,398,225        
"MO",1866,400,1543.8     
"MO",1866,401,9995.57    
"MO",1866,416,69729      
"MO",1867,311,78406.63   
"MO",1867,313,13185.55   
"MO",1867,316,4169.39    
"MO",1867,322,34186.3    
"MO",1867,323,23500      
"MO",1867,325,4018.05    
"MO",1867,336,14106.42   
"MO",1867,337,13272.8    
"MO",1867,341,9390.8     
"MO",1867,343,30150      
"MO",1867,345,659.79     
"MO",1867,357,2200       
"MO",1867,358,5641.21    
"MO",1867,360,1490       
"MO",1867,361,232309.65  
"MO",1867,362,147247.67  
"MO",1867,363,155119.02  
"MO",1867,364,340.7      
"MO",1867,365,104293.3   
"MO",1867,366,550.15     
"MO",1867,367,3663.29    
"MO",1867,368,3967.65    
"MO",1867,369,201153.25  
"MO",1867,372,99         
"MO",1867,381,200        
"MO",1867,382,1950.42    
"MO",1867,391,26623.09   
"MO",1867,393,15932.95   
"MO",1867,395,3353       
"MO",1867,398,3898.25    
"MO",1867,400,806351.54  
"MO",1867,411,21.08      
"MO",1867,416,6669234.37 
"MO",1867,418,418.55     
"MO",1868,300,1061446.31 
"MO",1868,311,335758.27  
"MO",1868,313,127640.5   
"MO",1868,316,2652.15    
"MO",1868,336,12234.25   
"MO",1868,345,36605.77   
"MO",1868,358,176.55     
"MO",1868,382,1076.31    
"MO",1868,393,54.73      
"MO",1868,395,2483.77    
"MO",1868,400,2027956.12 
"MO",1868,416,381723.33  
"MO",1869,300,1024467.23 
"MO",1869,310,13507.195  
"MO",1869,311,408402.285 
"MO",1869,313,25625.72   
"MO",1869,316,580.97     
"MO",1869,322,57445.27   
"MO",1869,323,43500      
"MO",1869,325,644.04     
"MO",1869,336,3869.68    
"MO",1869,341,7050.4     
"MO",1869,343,90621.31   
"MO",1869,345,95663.375  
"MO",1869,357,5100       
"MO",1869,358,2025.43    
"MO",1869,360,3439.025   
"MO",1869,361,205127.715 
"MO",1869,362,192236.605 
"MO",1869,363,222471.835 
"MO",1869,364,5807.78    
"MO",1869,365,119442.26  
"MO",1869,366,3806.975   
"MO",1869,367,8575.98    
"MO",1869,368,21634.75   
"MO",1869,369,196.39     
"MO",1869,381,250        
"MO",1869,382,1833.05    
"MO",1869,391,1277.135   
"MO",1869,393,643.12     
"MO",1869,395,3072.1     
"MO",1869,398,1827.975   
"MO",1869,400,1223268.395
"MO",1869,416,166.175    
"MO",1870,300,1147658.98 
"MO",1870,310,13507.195  
"MO",1870,311,1917113.275
"MO",1870,313,34747.26   
"MO",1870,316,700.72     
"MO",1870,322,57445.27   
"MO",1870,323,43500      
"MO",1870,325,644.04     
"MO",1870,336,1773.35    
"MO",1870,337,5261.08    
"MO",1870,341,7050.4     
"MO",1870,343,90621.31   
"MO",1870,345,33085.665  
"MO",1870,357,5100       
"MO",1870,358,15027.76   
"MO",1870,360,3439.025   
"MO",1870,361,205127.715 
"MO",1870,362,192236.605 
"MO",1870,363,222471.835 
"MO",1870,364,5807.78    
"MO",1870,365,119442.26  
"MO",1870,366,3806.975   
"MO",1870,367,8575.98    
"MO",1870,368,29536.87   
"MO",1870,369,196.39     
"MO",1870,381,250        
"MO",1870,382,642.02     
"MO",1870,391,1277.135   
"MO",1870,393,857.36     
"MO",1870,395,2833.97    
"MO",1870,398,1827.975   
"MO",1870,400,6256418.915
"MO",1870,411,690048.88  
"MO",1870,416,166.175    
"MO",1871,310,9655.96    
"MO",1871,311,338612.76  
"MO",1871,313,47976.98   
"MO",1871,316,528.64     
"MO",1871,322,111295.84  
"MO",1871,323,29800      
"MO",1871,336,4294.19    
"MO",1871,337,300000     
"MO",1871,341,179097.58  
"MO",1871,343,49181.03   
"MO",1871,345,5577.39    
"MO",1871,357,6750       
"MO",1871,358,3633.38    
"MO",1871,360,1975.5     
"MO",1871,361,256701     
"MO",1871,362,207346     
"MO",1871,363,26283.44   
"MO",1871,364,782        
"MO",1871,365,117130.69  
"MO",1871,366,618.4      
"MO",1871,367,47580.25   
"MO",1871,368,14203.42   
"MO",1871,381,200        
"MO",1871,382,567.93     
"MO",1871,391,4673.55    
"MO",1871,395,1.06       
"MO",1871,398,350        
"MO",1871,400,1093927.75 
"MO",1871,411,334269.45  
"MO",1871,418,17121.44   
"MO",1872,300,1183779.6  
"MO",1872,311,556796.4   
"MO",1872,313,20846.82   
"MO",1872,323,40979.2    
"MO",1872,330,30697.79   
"MO",1872,358,1283.88    
"MO",1872,368,12990.87   
"MO",1872,382,1045.36    
"MO",1872,400,1085044.2  
"MO",1872,411,310755.96  
"MO",1873,4,3874.84      
"MO",1873,310,3028.81    
"MO",1873,311,395607.355 
"MO",1873,313,62045.27   
"MO",1873,316,624.935    
"MO",1873,321,7500       
"MO",1873,322,75911.82   
"MO",1873,323,164461.725 
"MO",1873,325,146.06     
"MO",1873,330,135.83     
"MO",1873,336,35593.2    
"MO",1873,341,2989.61    
"MO",1873,343,125382.005 
"MO",1873,345,1937       
"MO",1873,357,6470.8     
"MO",1873,358,12073.585  
"MO",1873,360,1260       
"MO",1873,361,169405.18  
"MO",1873,362,236502.92  
"MO",1873,363,206451.92  
"MO",1873,364,21.52      
"MO",1873,365,196795.32  
"MO",1873,366,648.69     
"MO",1873,367,31563.69   
"MO",1873,368,11399.72   
"MO",1873,369,43725.69   
"MO",1873,381,200        
"MO",1873,382,869.475    
"MO",1873,391,6654       
"MO",1873,393,32696.7    
"MO",1873,398,2089.29    
"MO",1873,399,81.27      
"MO",1873,400,1054223.535
"MO",1873,401,11667.89   
"MO",1873,410,706841.445 
"MO",1873,416,1717.32    
"MO",1874,4,1342.22      
"MO",1874,310,2285.77    
"MO",1874,311,395399.565 
"MO",1874,313,43007.24   
"MO",1874,316,624.935    
"MO",1874,321,40000      
"MO",1874,322,47757.68   
"MO",1874,323,180430.845 
"MO",1874,330,135.83     
"MO",1874,333,12         
"MO",1874,336,16406.8    
"MO",1874,341,7173.94    
"MO",1874,343,13443.375  
"MO",1874,345,1147.51    
"MO",1874,357,7663.72    
"MO",1874,358,9285.305   
"MO",1874,360,2624.4     
"MO",1874,361,176271.21  
"MO",1874,362,174545.23  
"MO",1874,363,228888.07  
"MO",1874,364,74.25      
"MO",1874,365,128725.46  
"MO",1874,367,6836.52    
"MO",1874,368,11399.72   
"MO",1874,369,33080.6    
"MO",1874,381,200        
"MO",1874,382,869.475    
"MO",1874,391,3367.27    
"MO",1874,393,4720.06    
"MO",1874,398,11394.9    
"MO",1874,400,1049671.955
"MO",1874,401,11667.89   
"MO",1874,410,706841.445 
"MO",1874,416,4344.74    
"MO",1875,300,1040061.165
"MO",1875,311,1448448.51 
"MO",1875,313,32699.71   
"MO",1875,316,539.875    
"MO",1875,330,1197.84    
"MO",1875,343,17542.71   
"MO",1875,358,25363.41   
"MO",1875,368,9490.555   
"MO",1875,382,19394.79   
"MO",1875,400,1050758.68 
"MO",1875,401,7115.75    
"MO",1875,410,2378002.615
"MO",1876,300,1040061.165
"MO",1876,311,1448448.51 
"MO",1876,313,32699.71   
"MO",1876,316,539.875    
"MO",1876,330,1197.84    
"MO",1876,343,17542.71   
"MO",1876,358,25363.41   
"MO",1876,368,9490.555   
"MO",1876,382,19394.79   
"MO",1876,400,1050758.68 
"MO",1876,401,7115.75    
"MO",1876,410,2378002.615
"MO",1877,4,375.43       
"MO",1877,310,935.5      
"MO",1877,311,540308.43  
"MO",1877,313,50660      
"MO",1877,316,1595.34    
"MO",1877,321,7328.13    
"MO",1877,322,68112.36   
"MO",1877,323,90925.36   
"MO",1877,330,77.28      
"MO",1877,333,1664.97    
"MO",1877,336,5000       
"MO",1877,337,3389.45    
"MO",1877,341,5297.61    
"MO",1877,343,59427.33   
"MO",1877,345,696.81     
"MO",1877,357,6335.23    
"MO",1877,358,15986.87   
"MO",1877,360,6999.65    
"MO",1877,361,185649.36  
"MO",1877,362,210557.76  
"MO",1877,363,398765.56  
"MO",1877,365,138415.54  
"MO",1877,366,8774.15    
"MO",1877,367,15287.34   
"MO",1877,368,73017.41   
"MO",1877,369,31524.74   
"MO",1877,381,200        
"MO",1877,382,2427.69    
"MO",1877,391,6372.16    
"MO",1877,393,80.97      
"MO",1877,398,2086.32    
"MO",1877,400,895524.13  
"MO",1877,401,21.01      
"MO",1877,411,883579     
"MO",1877,416,3418.09    
"MO",1878,310,268.74     
"MO",1878,311,537852.66  
"MO",1878,313,54070      
"MO",1878,316,1435.15    
"MO",1878,321,13.87      
"MO",1878,322,66972.86   
"MO",1878,323,67600      
"MO",1878,330,77.28      
"MO",1878,333,145.5      
"MO",1878,336,1121.68    
"MO",1878,337,800        
"MO",1878,341,2811.55    
"MO",1878,343,13457.21   
"MO",1878,345,533.87     
"MO",1878,358,1041.28    
"MO",1878,360,205        
"MO",1878,361,1179.28    
"MO",1878,362,204552.55  
"MO",1878,363,170852.73  
"MO",1878,365,95482.69   
"MO",1878,366,609.2      
"MO",1878,367,10977.75   
"MO",1878,368,16999.18   
"MO",1878,369,9648.53    
"MO",1878,381,200        
"MO",1878,382,375.5      
"MO",1878,391,2877.47    
"MO",1878,400,1022980    
"MO",1878,411,490000     
"MO",1878,415,9517.5     
"MO",1878,416,39.36      
"MO",1879,310,308.58     
"MO",1879,311,503487.92  
"MO",1879,313,44549.38   
"MO",1879,316,1248.22    
"MO",1879,322,65400      
"MO",1879,323,130044.84  
"MO",1879,337,800        
"MO",1879,341,7728.57    
"MO",1879,343,77275.27   
"MO",1879,345,438.48     
"MO",1879,351,3487.55    
"MO",1879,357,3911.38    
"MO",1879,358,4385.79    
"MO",1879,360,1849.25    
"MO",1879,361,228108.96  
"MO",1879,362,205153.96  
"MO",1879,363,263180.69  
"MO",1879,365,110951.96  
"MO",1879,366,403.47     
"MO",1879,367,4660.56    
"MO",1879,368,24413.95   
"MO",1879,369,24470.43   
"MO",1879,381,100        
"MO",1879,382,1088.62    
"MO",1879,391,2087.41    
"MO",1879,395,6458       
"MO",1879,398,3998.17    
"MO",1879,400,978330     
"MO",1879,416,251304.79  
"MO",1880,310,436.5      
"MO",1880,311,515823.6   
"MO",1880,313,39500      
"MO",1880,316,1663.94    
"MO",1880,322,67912.5    
"MO",1880,323,83330.16   
"MO",1880,337,800        
"MO",1880,341,5785.85    
"MO",1880,343,159271.58  
"MO",1880,345,1800       
"MO",1880,351,3000       
"MO",1880,357,1890       
"MO",1880,358,13230.13   
"MO",1880,360,37.5       
"MO",1880,361,22099      
"MO",1880,362,202975.33  
"MO",1880,363,136725.21  
"MO",1880,364,805        
"MO",1880,365,115553.45  
"MO",1880,366,302.47     
"MO",1880,367,10088.09   
"MO",1880,368,24528.97   
"MO",1880,369,11754.74   
"MO",1880,381,100        
"MO",1880,382,765.06     
"MO",1880,391,1911.14    
"MO",1880,395,1428.5     
"MO",1880,398,50         
"MO",1880,400,954860     
"MO",1880,411,500000     
"MO",1880,416,305.94     
"MO",1881,310,224.15     
"MO",1881,311,537263.5   
"MO",1881,313,56977      
"MO",1881,316,1186.53    
"MO",1881,322,77821.17   
"MO",1881,323,59509.57   
"MO",1881,337,706.95     
"MO",1881,341,7542.34    
"MO",1881,343,45574.12   
"MO",1881,345,759.9      
"MO",1881,351,3500       
"MO",1881,357,4469.14    
"MO",1881,358,7338.54    
"MO",1881,360,18         
"MO",1881,361,122478.23  
"MO",1881,362,206233.13  
"MO",1881,363,158379.05  
"MO",1881,365,123811.44  
"MO",1881,366,314.68     
"MO",1881,367,13536.53   
"MO",1881,368,22182.33   
"MO",1881,369,25223.87   
"MO",1881,381,100        
"MO",1881,382,3238.67    
"MO",1881,391,4223.82    
"MO",1881,395,1007.25    
"MO",1881,398,2584.38    
"MO",1881,400,977230     
"MO",1881,411,261000     
"MO",1881,416,431278.3   
"MO",1882,310,203.95     
"MO",1882,311,549874.49  
"MO",1882,313,50977      
"MO",1882,316,2849.15    
"MO",1882,322,70206.25   
"MO",1882,323,75690.78   
"MO",1882,337,480.55     
"MO",1882,341,7510.95    
"MO",1882,343,11950.04   
"MO",1882,345,618.14     
"MO",1882,351,3500       
"MO",1882,357,3817.68    
"MO",1882,358,17413.88   
"MO",1882,361,30175.71   
"MO",1882,362,207436.61  
"MO",1882,363,166062.31  
"MO",1882,365,122382.43  
"MO",1882,366,1432.01    
"MO",1882,367,3151.65    
"MO",1882,368,5917.17    
"MO",1882,369,9629.61    
"MO",1882,381,100        
"MO",1882,382,1200.97    
"MO",1882,391,802.83     
"MO",1882,395,955.5      
"MO",1882,398,65         
"MO",1882,400,831480     
"MO",1882,411,3496490    
"MO",1882,416,413.79     
"MO",1883,300,1187068.2  
"MO",1883,311,566782.14  
"MO",1883,313,7320       
"MO",1883,342,152756.88  
"MO",1883,358,5459.18    
"MO",1883,368,15473.2    
"MO",1883,382,875.4      
"MO",1883,400,619560.5   
"MO",1883,411,638200     
"MO",1884,300,1020306.78 
"MO",1884,311,602295.93  
"MO",1884,313,24757.97   
"MO",1884,342,153630.92  
"MO",1884,358,8800.47    
"MO",1884,368,15552.72   
"MO",1884,382,1950.13    
"MO",1884,400,566893.55  
"MO",1884,411,336800     
"MO",1885,310,737.18     
"MO",1885,311,665049.22  
"MO",1885,313,166200     
"MO",1885,316,1546.05    
"MO",1885,322,79945.29   
"MO",1885,323,207302.89  
"MO",1885,336,801.66     
"MO",1885,337,451.86     
"MO",1885,341,7511.58    
"MO",1885,343,288396.4   
"MO",1885,345,3973.34    
"MO",1885,351,5000       
"MO",1885,356,1000       
"MO",1885,357,6447       
"MO",1885,358,20098.08   
"MO",1885,360,8190       
"MO",1885,361,142170.34  
"MO",1885,362,206660.11  
"MO",1885,363,291219.82  
"MO",1885,364,915        
"MO",1885,365,133144.42  
"MO",1885,366,10579.01   
"MO",1885,367,13571.86   
"MO",1885,368,20608.74   
"MO",1885,369,31489.14   
"MO",1885,381,300        
"MO",1885,382,19529.27   
"MO",1885,391,2933.76    
"MO",1885,393,13000      
"MO",1885,395,1689.75    
"MO",1885,398,5750.23    
"MO",1885,400,680130     
"MO",1885,401,585704.7   
"MO",1885,411,618045     
"MO",1885,416,1272.17    
"MO",1886,310,262.82     
"MO",1886,311,701085.96  
"MO",1886,313,90911.8    
"MO",1886,316,1472.42    
"MO",1886,322,72487.5    
"MO",1886,323,172414     
"MO",1886,330,9912.3     
"MO",1886,337,537.3      
"MO",1886,341,2820.71    
"MO",1886,343,287957.44  
"MO",1886,345,365.5      
"MO",1886,351,3000       
"MO",1886,357,4360       
"MO",1886,358,14713.96   
"MO",1886,361,1221.59    
"MO",1886,362,201215.42  
"MO",1886,363,173470.8   
"MO",1886,365,146523.59  
"MO",1886,366,614.97     
"MO",1886,367,2858.02    
"MO",1886,368,21813      
"MO",1886,369,11337.02   
"MO",1886,381,100        
"MO",1886,382,5558.42    
"MO",1886,391,2202.83    
"MO",1886,393,4000       
"MO",1886,395,1033.25    
"MO",1886,398,75         
"MO",1886,400,634997.84  
"MO",1886,411,747237.81  
"MO",1886,416,5570.05    
"MO",1887,310,564.91     
"MO",1887,311,761127.4   
"MO",1887,313,149599.5   
"MO",1887,316,1361.05    
"MO",1887,322,82027.7    
"MO",1887,323,422094.59  
"MO",1887,337,550.47     
"MO",1887,341,7702.84    
"MO",1887,343,255528.46  
"MO",1887,344,1618.75    
"MO",1887,345,3921.85    
"MO",1887,351,3000       
"MO",1887,356,1209.39    
"MO",1887,357,30104.13   
"MO",1887,358,12051.25   
"MO",1887,360,4080       
"MO",1887,361,226189.45  
"MO",1887,362,197136.22  
"MO",1887,363,381780.01  
"MO",1887,365,134237.61  
"MO",1887,366,10158.42   
"MO",1887,367,48339.64   
"MO",1887,368,11434.81   
"MO",1887,369,61504.21   
"MO",1887,381,100        
"MO",1887,382,5404.08    
"MO",1887,391,6253.56    
"MO",1887,395,562.25     
"MO",1887,398,1776.8     
"MO",1887,400,523734.77  
"MO",1887,411,519679.63  
"MO",1887,416,5810.46    
"MO",1888,310,435.05     
"MO",1888,311,773328.99  
"MO",1888,313,99075      
"MO",1888,316,694.17     
"MO",1888,322,69550      
"MO",1888,323,259497.76  
"MO",1888,337,2542.29    
"MO",1888,341,6297.05    
"MO",1888,343,353706.09  
"MO",1888,344,1870       
"MO",1888,345,1667.21    
"MO",1888,351,3000       
"MO",1888,357,10510      
"MO",1888,358,11834.2    
"MO",1888,360,35         
"MO",1888,361,558.95     
"MO",1888,362,204333.01  
"MO",1888,363,313611.34  
"MO",1888,365,153545.15  
"MO",1888,366,325.75     
"MO",1888,367,159828.75  
"MO",1888,368,22148.93   
"MO",1888,369,8473.28    
"MO",1888,381,100        
"MO",1888,382,2173.51    
"MO",1888,391,2341       
"MO",1888,395,66.1       
"MO",1888,398,50         
"MO",1888,400,415492.94  
"MO",1888,411,449000     
"MO",1888,416,8102.52    
"MO",1889,310,506.35     
"MO",1889,311,844595.85  
"MO",1889,313,134604.5   
"MO",1889,316,1431.85    
"MO",1889,322,122464.04  
"MO",1889,323,109080.08  
"MO",1889,330,9582.4     
"MO",1889,336,1484.1     
"MO",1889,337,2324.49    
"MO",1889,341,3532.25    
"MO",1889,343,277291.09  
"MO",1889,344,3796.09    
"MO",1889,345,1633.83    
"MO",1889,351,2749.99    
"MO",1889,356,2769.24    
"MO",1889,357,6390.53    
"MO",1889,358,1548.94    
"MO",1889,361,310322.95  
"MO",1889,362,213263.87  
"MO",1889,363,320437.99  
"MO",1889,364,883        
"MO",1889,365,146544.44  
"MO",1889,366,834.99     
"MO",1889,367,93592.44   
"MO",1889,368,19281.45   
"MO",1889,369,42226.72   
"MO",1889,381,100        
"MO",1889,382,2827.94    
"MO",1889,391,6941.75    
"MO",1889,395,1935.75    
"MO",1889,398,13326.15   
"MO",1889,400,560094.47  
"MO",1889,411,742000     
"MO",1889,416,1696.92    
"MO",1890,310,493.65     
"MO",1890,311,862580.57  
"MO",1890,313,96881.87   
"MO",1890,316,1068.15    
"MO",1890,322,110689.71  
"MO",1890,323,141310.5   
"MO",1890,336,13286.29   
"MO",1890,337,1678.12    
"MO",1890,341,2900.51    
"MO",1890,343,248871.75  
"MO",1890,344,5387.27    
"MO",1890,345,927.15     
"MO",1890,351,3000.01    
"MO",1890,356,2005.57    
"MO",1890,357,21609.83   
"MO",1890,358,603.71     
"MO",1890,361,5222.01    
"MO",1890,362,217308.74  
"MO",1890,363,278604.31  
"MO",1890,365,161031.67  
"MO",1890,366,475.23     
"MO",1890,367,17229.65   
"MO",1890,368,21329.12   
"MO",1890,369,17984.5    
"MO",1890,381,100        
"MO",1890,382,597.44     
"MO",1890,391,2201.05    
"MO",1890,395,1578       
"MO",1890,398,100        
"MO",1890,400,342701.87  
"MO",1890,411,251840     
"MO",1890,416,682.67     
"MO",1891,310,454.85     
"MO",1891,311,880470.59  
"MO",1891,313,157736.63  
"MO",1891,316,3424.52    
"MO",1891,322,84421.27   
"MO",1891,323,165149.85  
"MO",1891,336,25197      
"MO",1891,337,1540.69    
"MO",1891,341,5477.98    
"MO",1891,343,279213.69  
"MO",1891,344,4689.75    
"MO",1891,345,9356.12    
"MO",1891,351,4374.84    
"MO",1891,356,2390.15    
"MO",1891,357,31577.05   
"MO",1891,358,1146.92    
"MO",1891,360,4517.26    
"MO",1891,361,171741.37  
"MO",1891,362,232057.2   
"MO",1891,363,347915.53  
"MO",1891,365,142455.94  
"MO",1891,366,5467.45    
"MO",1891,367,39523.9    
"MO",1891,368,29944.77   
"MO",1891,369,43253.35   
"MO",1891,381,100        
"MO",1891,382,6946.12    
"MO",1891,391,8707.26    
"MO",1891,395,159        
"MO",1891,398,10225.1    
"MO",1891,400,304956.11  
"MO",1891,411,1450000    
"MO",1891,416,1629.46    
"MO",1892,310,526.79     
"MO",1892,311,903125.48  
"MO",1892,313,222229.94  
"MO",1892,316,6422.17    
"MO",1892,322,82196.99   
"MO",1892,323,150152.04  
"MO",1892,336,25735.67   
"MO",1892,337,1122.84    
"MO",1892,341,3879.34    
"MO",1892,343,223244.15  
"MO",1892,344,6652.4     
"MO",1892,345,17254.73   
"MO",1892,351,4833.36    
"MO",1892,356,2166.4     
"MO",1892,357,28346.57   
"MO",1892,358,383.6      
"MO",1892,361,59368.89   
"MO",1892,362,233139.47  
"MO",1892,363,275072.59  
"MO",1892,365,170281.47  
"MO",1892,366,2864.44    
"MO",1892,367,17959.81   
"MO",1892,368,24831.28   
"MO",1892,369,26255.32   
"MO",1892,381,100        
"MO",1892,382,4983.37    
"MO",1892,391,4831.63    
"MO",1892,398,52100      
"MO",1892,400,278075.2   
"MO",1892,411,403000     
"MO",1892,416,1308.37    
"MO",1893,310,15.95      
"MO",1893,311,798760.59  
"MO",1893,313,372814.33  
"MO",1893,316,2305.3     
"MO",1893,317,2936.93    
"MO",1893,322,92557.28   
"MO",1893,323,284769.41  
"MO",1893,336,19714.14   
"MO",1893,337,1885.65    
"MO",1893,341,2315.65    
"MO",1893,343,261859.37  
"MO",1893,344,1463.71    
"MO",1893,345,1863.43    
"MO",1893,351,3458.45    
"MO",1893,356,1814.6     
"MO",1893,357,22691.78   
"MO",1893,358,27.6       
"MO",1893,360,1711.65    
"MO",1893,361,152145.71  
"MO",1893,362,232137.34  
"MO",1893,363,377706.43  
"MO",1893,364,966        
"MO",1893,365,153438.01  
"MO",1893,366,1497.64    
"MO",1893,367,17236.66   
"MO",1893,368,25158.88   
"MO",1893,369,41814.88   
"MO",1893,381,100        
"MO",1893,382,1746.43    
"MO",1893,391,8621.15    
"MO",1893,395,2498.5     
"MO",1893,398,91761      
"MO",1893,400,267220     
"MO",1893,411,250627.15  
"MO",1893,416,267.5      
"MO",1894,311,805191.02  
"MO",1894,313,283229.54  
"MO",1894,316,2641.35    
"MO",1894,317,1117.86    
"MO",1894,322,92064.17   
"MO",1894,323,338407.53  
"MO",1894,336,15543.73   
"MO",1894,337,1849.57    
"MO",1894,341,3585.08    
"MO",1894,343,320875.99  
"MO",1894,344,3141.75    
"MO",1894,345,12656.4    
"MO",1894,351,5132.5     
"MO",1894,356,2705.5     
"MO",1894,357,24043.61   
"MO",1894,361,289.69     
"MO",1894,362,230467.71  
"MO",1894,363,240418.07  
"MO",1894,365,172437.08  
"MO",1894,366,1246.35    
"MO",1894,367,6247.42    
"MO",1894,368,31076.97   
"MO",1894,369,15150.27   
"MO",1894,381,100        
"MO",1894,382,3933.24    
"MO",1894,391,7738.4     
"MO",1894,395,1312.75    
"MO",1894,398,100        
"MO",1894,400,245237.29  
"MO",1894,411,414000     
"MO",1894,416,808.25     
"MO",1895,311,982652.92  
"MO",1895,313,342128.35  
"MO",1895,316,3100.24    
"MO",1895,317,959        
"MO",1895,322,97944.28   
"MO",1895,323,351925.82  
"MO",1895,336,25412.06   
"MO",1895,337,2174.58    
"MO",1895,341,6513.67    
"MO",1895,343,324588.74  
"MO",1895,344,11556.8    
"MO",1895,345,11967.1    
"MO",1895,351,7325.64    
"MO",1895,356,4679.87    
"MO",1895,357,18373.41   
"MO",1895,360,3676.5     
"MO",1895,361,221022.98  
"MO",1895,362,238821.73  
"MO",1895,363,492175.66  
"MO",1895,365,174548.74  
"MO",1895,366,2862.5     
"MO",1895,367,9646.04    
"MO",1895,368,26938.15   
"MO",1895,369,26719.02   
"MO",1895,381,100        
"MO",1895,382,3343.28    
"MO",1895,391,7020.18    
"MO",1895,395,92.5       
"MO",1895,398,1049.75    
"MO",1895,399,4999.01    
"MO",1895,400,205370.25  
"MO",1895,411,582000     
"MO",1896,311,1038843.62 
"MO",1896,313,177504.91  
"MO",1896,316,1133.78    
"MO",1896,317,1030.8     
"MO",1896,322,89386.64   
"MO",1896,323,350533.25  
"MO",1896,336,17183.16   
"MO",1896,337,1857.76    
"MO",1896,341,5902.07    
"MO",1896,343,358928.84  
"MO",1896,344,14606.76   
"MO",1896,345,13577.09   
"MO",1896,351,7499.96    
"MO",1896,356,1346.85    
"MO",1896,357,26780.6    
"MO",1896,362,241509.48  
"MO",1896,363,123755.95  
"MO",1896,365,138280.95  
"MO",1896,366,783.33     
"MO",1896,367,6043.8     
"MO",1896,368,28775.08   
"MO",1896,369,19640.85   
"MO",1896,381,100        
"MO",1896,382,3634.81    
"MO",1896,391,8061.52    
"MO",1896,398,11662.94   
"MO",1896,400,188780     
"MO",1896,411,434135.3   
"MO",1896,416,300        
"MO",1897,311,882893.28  
"MO",1897,313,214832.12  
"MO",1897,316,4646.48    
"MO",1897,317,1033.57    
"MO",1897,320,968.48     
"MO",1897,322,110387.93  
"MO",1897,323,385305.11  
"MO",1897,325,17096.78   
"MO",1897,336,10781.88   
"MO",1897,337,2393.42    
"MO",1897,341,5789.24    
"MO",1897,343,364388.87  
"MO",1897,344,19546.31   
"MO",1897,345,17372.43   
"MO",1897,351,3376.12    
"MO",1897,356,5724.13    
"MO",1897,357,17052.19   
"MO",1897,360,10350      
"MO",1897,361,178513.42  
"MO",1897,362,244380.91  
"MO",1897,363,596592.06  
"MO",1897,364,870        
"MO",1897,365,225619.99  
"MO",1897,366,716.92     
"MO",1897,367,15130.01   
"MO",1897,368,36674.23   
"MO",1897,369,34616.46   
"MO",1897,381,100        
"MO",1897,382,3350.57    
"MO",1897,391,6866.47    
"MO",1897,398,3660.63    
"MO",1897,400,173547.3   
"MO",1897,411,500000     
"MO",1897,416,245        
"MO",1898,311,917701.45  
"MO",1898,313,162806.1   
"MO",1898,316,4367.81    
"MO",1898,317,661.64     
"MO",1898,320,1539.51    
"MO",1898,322,99765.88   
"MO",1898,323,400952.33  
"MO",1898,325,21078.85   
"MO",1898,330,2805.78    
"MO",1898,336,9400.88    
"MO",1898,337,2791.59    
"MO",1898,341,4052.43    
"MO",1898,343,363776.26  
"MO",1898,344,23942.74   
"MO",1898,345,10840.39   
"MO",1898,351,2724.13    
"MO",1898,356,875.87     
"MO",1898,357,29958.64   
"MO",1898,362,242503.33  
"MO",1898,363,344963.11  
"MO",1898,365,177099.96  
"MO",1898,366,871.71     
"MO",1898,367,5140.98    
"MO",1898,368,28191.04   
"MO",1898,369,14332.71   
"MO",1898,381,100        
"MO",1898,382,2098.69    
"MO",1898,391,6828.43    
"MO",1898,398,100        
"MO",1898,400,145089.08  
"MO",1898,411,858000     
"MO",1898,416,202        
"MO",1899,311,1152742.74 
"MO",1899,313,202699.34  
"MO",1899,316,3730.92    
"MO",1899,317,1010.5     
"MO",1899,320,1718.49    
"MO",1899,322,113383     
"MO",1899,323,444705.49  
"MO",1899,325,42521.12   
"MO",1899,330,1151.24    
"MO",1899,336,11390.5    
"MO",1899,337,2429.65    
"MO",1899,341,3404.26    
"MO",1899,343,348092.85  
"MO",1899,344,25781.34   
"MO",1899,345,32658.26   
"MO",1899,351,3566.36    
"MO",1899,356,2321.19    
"MO",1899,357,20970.23   
"MO",1899,361,406228.92  
"MO",1899,362,248272.6   
"MO",1899,363,423889.74  
"MO",1899,365,185822.17  
"MO",1899,366,1409.03    
"MO",1899,367,4652.23    
"MO",1899,368,26612.85   
"MO",1899,369,44956.49   
"MO",1899,382,2005.46    
"MO",1899,391,6194.05    
"MO",1899,393,103.05     
"MO",1899,398,3337.15    
"MO",1899,400,127470     
"MO",1899,411,795000     
"MO",1899,416,120        
"MO",1900,311,993595.73  
"MO",1900,313,217173.47  
"MO",1900,316,3865.77    
"MO",1900,317,995        
"MO",1900,320,1295.78    
"MO",1900,322,121936.74  
"MO",1900,323,520874.78  
"MO",1900,325,33910.86   
"MO",1900,330,107.92     
"MO",1900,336,12545.27   
"MO",1900,337,2943.46    
"MO",1900,341,3728.58    
"MO",1900,343,345070.88  
"MO",1900,344,35912.03   
"MO",1900,345,26164.14   
"MO",1900,351,3000       
"MO",1900,356,2678.36    
"MO",1900,357,58030.5    
"MO",1900,361,17783.98   
"MO",1900,362,251246.41  
"MO",1900,363,162401.03  
"MO",1900,365,174341.59  
"MO",1900,366,2096.87    
"MO",1900,367,6715.45    
"MO",1900,368,30057.09   
"MO",1900,369,12421.17   
"MO",1900,382,3054.44    
"MO",1900,391,8251.22    
"MO",1900,393,9123.46    
"MO",1900,398,1689.78    
"MO",1900,400,92996.43   
"MO",1900,411,960000     
"MO",1900,416,340.6      
"MO",1901,311,1346389.7  
"MO",1901,313,305665.29  
"MO",1901,316,3253.78    
"MO",1901,318,1600       
"MO",1901,320,1954.02    
"MO",1901,322,186307.29  
"MO",1901,323,557255.92  
"MO",1901,325,56988.45   
"MO",1901,336,13304.96   
"MO",1901,337,2945.44    
"MO",1901,341,3032.26    
"MO",1901,343,367932.33  
"MO",1901,344,42719.41   
"MO",1901,345,26511.84   
"MO",1901,351,8150       
"MO",1901,356,10081.15   
"MO",1901,357,94515.89   
"MO",1901,358,2325.45    
"MO",1901,360,13615.75   
"MO",1901,361,198067.27  
"MO",1901,362,250323.51  
"MO",1901,363,425886.22  
"MO",1901,364,986        
"MO",1901,365,210330.7   
"MO",1901,366,1757.26    
"MO",1901,367,7628.36    
"MO",1901,368,42027.76   
"MO",1901,369,55625.16   
"MO",1901,382,3234.61    
"MO",1901,391,10063.22   
"MO",1901,398,48461.11   
"MO",1901,399,628.77     
"MO",1901,400,63441.6    
"MO",1901,411,600000     
"MO",1901,416,204.75     
"MO",1902,311,1172540.19 
"MO",1902,313,505825.43  
"MO",1902,316,4307.11    
"MO",1902,318,2900       
"MO",1902,320,1773.72    
"MO",1902,322,197585.78  
"MO",1902,323,640077.32  
"MO",1902,325,58001.79   
"MO",1902,330,2149.14    
"MO",1902,336,10991.79   
"MO",1902,337,2547.49    
"MO",1902,341,3483.83    
"MO",1902,343,342487.52  
"MO",1902,344,48147.35   
"MO",1902,345,7385.24    
"MO",1902,351,3975       
"MO",1902,356,6669.55    
"MO",1902,357,53561.18   
"MO",1902,361,1514.17    
"MO",1902,362,260908.58  
"MO",1902,363,260581.43  
"MO",1902,365,174943.58  
"MO",1902,366,1726.62    
"MO",1902,367,5676.27    
"MO",1902,368,35198.12   
"MO",1902,369,9910.84    
"MO",1902,382,2389.21    
"MO",1902,390,1687.13    
"MO",1902,391,5644.02    
"MO",1902,398,14129.2    
"MO",1902,399,151.88     
"MO",1902,400,29295      
"MO",1902,411,800000     
"MO",1902,416,7.9        
"MO",1903,311,1547491.39 
"MO",1903,313,565205.84  
"MO",1903,316,4635.46    
"MO",1903,318,2500       
"MO",1903,320,2326.81    
"MO",1903,322,226307.28  
"MO",1903,323,645054.73  
"MO",1903,325,47976.35   
"MO",1903,330,2850.86    
"MO",1903,334,1215.2     
"MO",1903,336,9818.45    
"MO",1903,337,3427.76    
"MO",1903,341,9169.12    
"MO",1903,343,373800.66  
"MO",1903,344,47390.12   
"MO",1903,345,23323.87   
"MO",1903,351,11925      
"MO",1903,356,7925.51    
"MO",1903,357,116753.21  
"MO",1903,360,24051.28   
"MO",1903,361,202009.28  
"MO",1903,362,263446.37  
"MO",1903,363,294486.98  
"MO",1903,365,220171.25  
"MO",1903,366,17910.43   
"MO",1903,367,38068.9    
"MO",1903,368,36456.89   
"MO",1903,369,66789.19   
"MO",1903,382,3357.6     
"MO",1903,391,27589.96   
"MO",1903,398,5444.72    
"MO",1903,399,12.6       
"MO",1903,401,2840.83    
"MO",1903,411,642913.57  
"MO",1904,311,1288274.22 
"MO",1904,313,539809.6   
"MO",1904,316,4341.07    
"MO",1904,318,2500       
"MO",1904,320,2754.1     
"MO",1904,322,257935.71  
"MO",1904,323,672280.79  
"MO",1904,325,47187      
"MO",1904,330,3148       
"MO",1904,334,1736       
"MO",1904,336,30904.24   
"MO",1904,337,4406.61    
"MO",1904,341,4156.17    
"MO",1904,343,443753.09  
"MO",1904,344,51896.61   
"MO",1904,345,23206.79   
"MO",1904,351,4200       
"MO",1904,356,9985.92    
"MO",1904,357,86800.84   
"MO",1904,361,1129.12    
"MO",1904,362,263794.14  
"MO",1904,363,277118.49  
"MO",1904,365,186771.95  
"MO",1904,366,17178.06   
"MO",1904,367,11571.21   
"MO",1904,368,36390.08   
"MO",1904,369,9281.91    
"MO",1904,382,2370.93    
"MO",1904,391,8077.1     
"MO",1904,398,6797       
"MO",1904,411,629995.6   
"MO",1905,311,1736044.11 
"MO",1905,313,886804.22  
"MO",1905,316,5173.09    
"MO",1905,318,3450       
"MO",1905,320,2013.59    
"MO",1905,322,346297.49  
"MO",1905,323,743286.26  
"MO",1905,324,3302.22    
"MO",1905,325,71356.08   
"MO",1905,330,884.25     
"MO",1905,336,10404.15   
"MO",1905,337,6011.94    
"MO",1905,341,10386.32   
"MO",1905,343,581355.85  
"MO",1905,344,51484.66   
"MO",1905,345,26975.86   
"MO",1905,351,13523.26   
"MO",1905,356,13613.8    
"MO",1905,357,146204.88  
"MO",1905,358,94.66      
"MO",1905,360,12351.55   
"MO",1905,361,210679.83  
"MO",1905,362,285687.92  
"MO",1905,363,357975.75  
"MO",1905,364,976        
"MO",1905,365,206525.26  
"MO",1905,366,15966.54   
"MO",1905,367,109148.28  
"MO",1905,368,35487.49   
"MO",1905,369,78383.18   
"MO",1905,382,2877.74    
"MO",1905,391,6943.49    
"MO",1905,398,65418.41   
"MO",1905,416,60         
"MO",1906,311,1363115.89 
"MO",1906,313,685790.04  
"MO",1906,316,3016.85    
"MO",1906,318,4050       
"MO",1906,320,2023.88    
"MO",1906,322,382082.5   
"MO",1906,323,723411.68  
"MO",1906,324,15064.99   
"MO",1906,325,90211.03   
"MO",1906,330,2688.41    
"MO",1906,336,10088.42   
"MO",1906,337,4864.53    
"MO",1906,341,4174.77    
"MO",1906,343,501806.74  
"MO",1906,344,63125.99   
"MO",1906,345,48982.24   
"MO",1906,351,31223.71   
"MO",1906,356,8290.9     
"MO",1906,357,86344.9    
"MO",1906,358,1495.74    
"MO",1906,361,869.35     
"MO",1906,362,285930.25  
"MO",1906,363,204354.37  
"MO",1906,365,196490.54  
"MO",1906,366,4649.31    
"MO",1906,367,184322.69  
"MO",1906,368,37624.34   
"MO",1906,369,13817.04   
"MO",1906,382,3766.03    
"MO",1906,391,8807.75    
"MO",1906,398,5411.93    
"MO",1906,415,4000       
"MO",1906,416,46         
"MO",1907,311,2156490.3  
"MO",1907,313,869009.87  
"MO",1907,316,21092.52   
"MO",1907,318,3095       
"MO",1907,320,2035.26    
"MO",1907,322,305768.88  
"MO",1907,323,763670.69  
"MO",1907,324,46755.06   
"MO",1907,325,69295.76   
"MO",1907,330,1062.09    
"MO",1907,331,2000       
"MO",1907,336,18731.85   
"MO",1907,337,8070.36    
"MO",1907,341,9018.2     
"MO",1907,343,588108.66  
"MO",1907,344,83038.21   
"MO",1907,345,47733.28   
"MO",1907,351,26188.76   
"MO",1907,356,12783.89   
"MO",1907,357,101791.05  
"MO",1907,358,517.5      
"MO",1907,359,2000       
"MO",1907,360,5022.05    
"MO",1907,361,270166.51  
"MO",1907,362,308405.14  
"MO",1907,363,455710.41  
"MO",1907,365,220938.02  
"MO",1907,366,48129.03   
"MO",1907,367,202946.27  
"MO",1907,368,45913.25   
"MO",1907,369,54396.22   
"MO",1907,382,3290.05    
"MO",1907,391,10327.38   
"MO",1907,393,475198.13  
"MO",1907,398,69628.69   
"MO",1907,415,2000       
"MO",1907,416,1          
"MO",1908,311,1826537.99 
"MO",1908,313,828944.8   
"MO",1908,316,7818.44    
"MO",1908,318,4405       
"MO",1908,320,1823.53    
"MO",1908,322,273700.27  
"MO",1908,323,696779.49  
"MO",1908,324,75684.21   
"MO",1908,325,75991.26   
"MO",1908,331,8480.71    
"MO",1908,333,1332.71    
"MO",1908,336,15606.46   
"MO",1908,337,6568.67    
"MO",1908,341,4393.55    
"MO",1908,343,624368.89  
"MO",1908,344,86013.15   
"MO",1908,345,63045.93   
"MO",1908,351,13656.87   
"MO",1908,356,11596.65   
"MO",1908,357,63873.69   
"MO",1908,359,2000       
"MO",1908,361,5151.11    
"MO",1908,362,303605.29  
"MO",1908,363,278291.19  
"MO",1908,365,213494.37  
"MO",1908,366,6154.88    
"MO",1908,367,17178.37   
"MO",1908,368,51784.9    
"MO",1908,369,28545.1    
"MO",1908,382,1741.38    
"MO",1908,391,8807.6     
"MO",1908,398,1995.26    
"MO",1908,415,6000       
"MO",1908,416,35         
"MO",1909,311,1867830.84 
"MO",1909,313,1122975.86 
"MO",1909,316,8372.81    
"MO",1909,318,3450       
"MO",1909,320,1676.26    
"MO",1909,322,255141.94  
"MO",1909,323,807795.22  
"MO",1909,324,87609.75   
"MO",1909,325,70070.24   
"MO",1909,331,29559.37   
"MO",1909,333,1384.84    
"MO",1909,336,22484.06   
"MO",1909,337,7066.7     
"MO",1909,341,4604.41    
"MO",1909,343,535494.67  
"MO",1909,344,83650.89   
"MO",1909,345,59847.28   
"MO",1909,347,5049.39    
"MO",1909,351,28235.08   
"MO",1909,356,20282.46   
"MO",1909,357,92551.5    
"MO",1909,359,3434.43    
"MO",1909,360,21168.05   
"MO",1909,361,453953.42  
"MO",1909,362,318099.67  
"MO",1909,363,382172.64  
"MO",1909,364,940        
"MO",1909,365,215243.6   
"MO",1909,366,54300.65   
"MO",1909,367,28824.97   
"MO",1909,368,48323.12   
"MO",1909,369,74849.07   
"MO",1909,382,3044.11    
"MO",1909,391,18353.56   
"MO",1909,398,64135.68   
"MO",1909,415,6935.56    
"MO",1910,311,2126290.78 
"MO",1910,313,1068008.41 
"MO",1910,316,11142.67   
"MO",1910,318,3750       
"MO",1910,320,3496.53    
"MO",1910,322,274882.51  
"MO",1910,323,896231.54  
"MO",1910,324,105541.29  
"MO",1910,325,83658.05   
"MO",1910,331,21984.22   
"MO",1910,333,1858.29    
"MO",1910,336,25584.14   
"MO",1910,337,7147.69    
"MO",1910,341,2815       
"MO",1910,343,606512.08  
"MO",1910,344,73926.34   
"MO",1910,345,82952.83   
"MO",1910,347,23095.91   
"MO",1910,351,114344.04  
"MO",1910,356,39651.81   
"MO",1910,357,97667.67   
"MO",1910,359,5556.8     
"MO",1910,361,49738.7    
"MO",1910,362,343492.86  
"MO",1910,363,306115.24  
"MO",1910,365,247089.81  
"MO",1910,366,19728.57   
"MO",1910,367,19680.93   
"MO",1910,368,50050.99   
"MO",1910,369,34687.45   
"MO",1910,382,2357.16    
"MO",1910,391,11463.41   
"MO",1910,398,2681.07    
"MO",1910,415,5926.67    
"MO",1911,311,2082566.57 
"MO",1911,313,1144320.92 
"MO",1911,316,10141.26   
"MO",1911,318,3650       
"MO",1911,320,2760.75    
"MO",1911,322,267736.25  
"MO",1911,323,943897.64  
"MO",1911,324,114170.62  
"MO",1911,325,87167.07   
"MO",1911,331,44544.37   
"MO",1911,333,5187.85    
"MO",1911,336,29069.69   
"MO",1911,337,9589.79    
"MO",1911,341,5706.27    
"MO",1911,343,602344.22  
"MO",1911,344,80435.11   
"MO",1911,345,64891.86   
"MO",1911,347,22223.08   
"MO",1911,351,117955.21  
"MO",1911,354,3589.57    
"MO",1911,356,42713.59   
"MO",1911,357,113138.92  
"MO",1911,359,20392.51   
"MO",1911,360,26979      
"MO",1911,361,298913.71  
"MO",1911,362,353513.29  
"MO",1911,363,397449.06  
"MO",1911,365,226472.18  
"MO",1911,366,21972.33   
"MO",1911,367,32879.33   
"MO",1911,368,89335.08   
"MO",1911,369,92392.9    
"MO",1911,382,1814.07    
"MO",1911,391,20684.76   
"MO",1911,398,7748.29    
"MO",1912,311,2234524.65 
"MO",1912,313,1260010.54 
"MO",1912,316,9701.11    
"MO",1912,318,4650       
"MO",1912,320,2239.09    
"MO",1912,322,263349.69  
"MO",1912,323,959351.96  
"MO",1912,324,92917.13   
"MO",1912,325,79526.87   
"MO",1912,330,15000      
"MO",1912,331,78136.05   
"MO",1912,333,8257.85    
"MO",1912,336,32500.7    
"MO",1912,337,6114.29    
"MO",1912,341,3516.07    
"MO",1912,343,673534.7   
"MO",1912,344,80398.95   
"MO",1912,345,61082.17   
"MO",1912,347,13056.15   
"MO",1912,351,143709.22  
"MO",1912,354,7104.38    
"MO",1912,356,48604.86   
"MO",1912,357,92772.17   
"MO",1912,359,13830.3    
"MO",1912,360,5000       
"MO",1912,361,17798.55   
"MO",1912,362,371481.74  
"MO",1912,363,360986.28  
"MO",1912,365,242135.42  
"MO",1912,366,10441.16   
"MO",1912,367,259104.16  
"MO",1912,368,48726.77   
"MO",1912,369,34316.14   
"MO",1912,382,3632.15    
"MO",1912,391,8324.87    
"MO",1912,398,12753.67   
"MO",1912,411,9957.5     
"MO",1912,416,156        
"MO",1913,300,4110511.06 
"MO",1913,311,2171035.04 
"MO",1913,313,570310.11  
"MO",1913,322,14055.91   
"MO",1913,323,810128.8   
"MO",1913,324,49750.11   
"MO",1913,331,321730.27  
"MO",1913,343,520771.84  
"MO",1913,344,61733.13   
"MO",1913,347,9502.92    
"MO",1913,351,92874.36   
"MO",1913,356,4967.64    
"MO",1913,367,274874.54  
"MO",1913,368,37726.32   
"MO",1913,382,5395.62    
"MO",1913,411,24398.29   
"MO",1913,415,9826.91    
"MO",1914,300,3819037.14 
"MO",1914,311,2254052.77 
"MO",1914,313,583744.88  
"MO",1914,322,16064.79   
"MO",1914,323,801296.08  
"MO",1914,324,25616.62   
"MO",1914,331,309650.23  
"MO",1914,343,533467.31  
"MO",1914,344,69724.81   
"MO",1914,347,9473.11    
"MO",1914,351,57770.04   
"MO",1914,356,6436.3     
"MO",1914,367,688445.33  
"MO",1914,368,34328.1    
"MO",1914,382,3636.62    
"MO",1914,411,401982.5   
"MO",1914,415,2092.33    
"MO",1915,300,4316636.4  
"MO",1915,311,2028880.5  
"MO",1915,313,515543.92  
"MO",1915,322,16170.96   
"MO",1915,323,832846.08  
"MO",1915,324,80150.5    
"MO",1915,331,410939.59  
"MO",1915,343,516807.17  
"MO",1915,344,76870.75   
"MO",1915,347,8433.02    
"MO",1915,351,62332.79   
"MO",1915,356,4919.14    
"MO",1915,367,419400.19  
"MO",1915,368,46346.2    
"MO",1915,382,1906.74    
"MO",1915,398,528.52     
"MO",1915,411,377330.7   
"MO",1915,415,3899.88    
