"SD",1890,1,500542.7    
"SD",1893,1,1499606.59  
"SD",1894,1,1309877.1   
"SD",1895,1,1542515.37  
"SD",1896,1,1312582.89  
"SD",1897,1,1419056.86  
"SD",1898,1,1244069.9   
"SD",1899,1,1569855.37  
"SD",1900,1,1162559.68  
"SD",1901,1,1738587.24  
"SD",1902,1,2173807.47  
"SD",1903,1,2350842.57  
"SD",1904,1,1922757.47  
"SD",1905,1,2753113.63  
"SD",1906,1,2779657.66  
"SD",1907,1,2085822.14  
"SD",1908,1,2417218.9   
"SD",1909,1,4148734.32  
"SD",1910,1,5232407.03  
"SD",1911,1,5199778.56  
"SD",1912,1,4200808.41  
"SD",1913,1,5048406.61  
"SD",1914,1,5263063.7   
"SD",1915,1,4714176.93  
"SD",1916,1,5174944.8   
"SD",1917,1,6007239.99  
                        
"SD",1890,1,500542.7    
"SD",1893,1,821800.7    
"SD",1893,18,4101       
"SD",1893,26,406605.38  
"SD",1893,29,267099.51  
"SD",1894,1,741315.71   
"SD",1894,18,17066.88   
"SD",1894,26,170778.6   
"SD",1894,29,380715.91  
"SD",1895,1,807604.56   
"SD",1895,14,11010.7    
"SD",1895,26,122514.37  
"SD",1895,29,601385.74  
"SD",1896,1,826303.58   
"SD",1896,18,12772.78   
"SD",1896,26,81613.03   
"SD",1896,29,391893.5   
"SD",1897,1,800072.55   
"SD",1897,18,9595.27    
"SD",1897,26,342057.65  
"SD",1897,29,267331.39  
"SD",1898,1,589924.34   
"SD",1898,18,9849.41    
"SD",1898,26,310210.8   
"SD",1898,29,334085.35  
"SD",1899,1,605755      
"SD",1899,18,10579.97   
"SD",1899,26,600444.84  
"SD",1899,29,353075.56  
"SD",1900,1,493434.39   
"SD",1900,8,5064.53     
"SD",1900,18,3438.65    
"SD",1900,26,590537.93  
"SD",1900,29,70084.18   
"SD",1901,1,797363.56   
"SD",1901,18,9077.33    
"SD",1901,26,838169.71  
"SD",1901,29,93976.64   
"SD",1902,1,730506.99   
"SD",1902,18,9617.2     
"SD",1902,26,1234064.2  
"SD",1902,29,199619.08  
"SD",1903,1,896393.38   
"SD",1903,18,11205.91   
"SD",1903,26,1297867.24 
"SD",1903,29,145376.04  
"SD",1904,1,1129440.05  
"SD",1904,18,13346.13   
"SD",1904,26,666339.83  
"SD",1904,29,113631.46  
"SD",1905,1,1215932.11  
"SD",1905,18,26896.1    
"SD",1905,26,1036422.34 
"SD",1905,29,473863.08  
"SD",1906,0,592858.18   
"SD",1906,1,1218092.65  
"SD",1906,18,15699.24   
"SD",1906,26,856917.73  
"SD",1906,29,96089.86   
"SD",1907,1,1109416.15  
"SD",1907,18,23197.81   
"SD",1907,26,386325.33  
"SD",1907,29,566882.85  
"SD",1908,1,1166204.52  
"SD",1908,18,23632.44   
"SD",1908,26,523365.67  
"SD",1908,29,704016.27  
"SD",1909,1,1626933.8   
"SD",1909,18,70228.4    
"SD",1909,26,1779654.3  
"SD",1909,29,671917.82  
"SD",1910,1,2208864.26  
"SD",1910,18,58215.67   
"SD",1910,26,1316663.03 
"SD",1910,28,30926.24   
"SD",1910,29,1617737.83 
"SD",1911,1,2373551.8   
"SD",1911,18,66414.14   
"SD",1911,26,1410577.65 
"SD",1911,28,35848.46   
"SD",1911,29,1313386.51 
"SD",1912,1,2131070.91  
"SD",1912,18,29390.96   
"SD",1912,26,1065961.06 
"SD",1912,28,35507.6    
"SD",1912,29,938877.88  
"SD",1913,1,2403591.8   
"SD",1913,18,24879.06   
"SD",1913,26,1136817.97 
"SD",1913,28,32818.95   
"SD",1913,29,1450298.83 
"SD",1914,1,2688993.07  
"SD",1914,18,21892.77   
"SD",1914,22,8326.76    
"SD",1914,26,1021936.74 
"SD",1914,28,30695.45   
"SD",1914,29,1491218.91 
"SD",1915,1,2112667.66  
"SD",1915,18,23010.75   
"SD",1915,22,11567.93   
"SD",1915,26,1118943.26 
"SD",1915,28,31540.62   
"SD",1915,29,1416446.71 
"SD",1916,1,2133272.77  
"SD",1916,18,21315.81   
"SD",1916,22,9992.42    
"SD",1916,25,17289.64   
"SD",1916,26,1486359.2  
"SD",1916,28,38147.3    
"SD",1916,29,1468567.66 
"SD",1917,1,2598492.85  
"SD",1917,18,22975.92   
"SD",1917,22,7692.63    
"SD",1917,25,36087.62   
"SD",1917,26,1308783.88 
"SD",1917,28,36862.56   
"SD",1917,29,1996344.53 
                        
"SD",1890,10,500542.7   
"SD",1893,10,821800.7   
"SD",1893,181,4101      
"SD",1893,261,375189.94 
"SD",1893,264,2200      
"SD",1893,268,29214.08  
"SD",1893,269,1.36      
"SD",1893,291,159034.83 
"SD",1893,293,104157.37 
"SD",1893,299,3907.31   
"SD",1894,10,741315.71  
"SD",1894,181,17066.88  
"SD",1894,261,170356.25 
"SD",1894,264,33.2      
"SD",1894,268,389.15    
"SD",1894,291,225294.98 
"SD",1894,293,105491.24 
"SD",1894,299,49929.69  
"SD",1895,10,807604.56  
"SD",1895,141,5200.36   
"SD",1895,146,5810.34   
"SD",1895,261,121593.64 
"SD",1895,265,37.5      
"SD",1895,268,883.23    
"SD",1895,293,114112.98 
"SD",1895,294,318424.04 
"SD",1895,299,168848.72 
"SD",1896,10,826303.58  
"SD",1896,181,12772.78  
"SD",1896,261,80324.72  
"SD",1896,265,37.5      
"SD",1896,266,23.57     
"SD",1896,268,1227.24   
"SD",1896,293,131825.49 
"SD",1896,299,260068.01 
"SD",1897,10,800072.55  
"SD",1897,181,9595.27   
"SD",1897,261,341358.04 
"SD",1897,264,468       
"SD",1897,265,50.3      
"SD",1897,266,103.31    
"SD",1897,268,78        
"SD",1897,293,261717.94 
"SD",1897,299,5613.45   
"SD",1898,10,589924.34  
"SD",1898,181,9849.41   
"SD",1898,261,309906.16 
"SD",1898,264,304.64    
"SD",1898,293,334047.85 
"SD",1898,298,37.5      
"SD",1899,10,605755     
"SD",1899,181,10579.97  
"SD",1899,261,598069.67 
"SD",1899,264,291.7     
"SD",1899,265,453.3     
"SD",1899,266,1042.27   
"SD",1899,268,587.9     
"SD",1899,293,352575.86 
"SD",1899,298,499.7     
"SD",1900,10,493434.39  
"SD",1900,81,5064.53    
"SD",1900,181,3438.65   
"SD",1900,261,587779.02 
"SD",1900,264,35.85     
"SD",1900,265,967.89    
"SD",1900,266,1268.18   
"SD",1900,268,486.99    
"SD",1900,293,69334.56  
"SD",1900,298,749.62    
"SD",1901,10,797363.56  
"SD",1901,181,9077.33   
"SD",1901,261,834600.54 
"SD",1901,264,15        
"SD",1901,265,914.25    
"SD",1901,266,1761.31   
"SD",1901,268,878.61    
"SD",1901,290,88.84     
"SD",1901,293,93887.8   
"SD",1902,10,730506.99  
"SD",1902,181,9617.2    
"SD",1902,260,307.57    
"SD",1902,261,1220745.42
"SD",1902,264,1200.66   
"SD",1902,265,3924.81   
"SD",1902,266,2236.51   
"SD",1902,268,5649.23   
"SD",1902,290,1012.81   
"SD",1902,293,181616.82 
"SD",1902,296,16989.45  
"SD",1903,10,896393.38  
"SD",1903,181,11205.91  
"SD",1903,260,300.87    
"SD",1903,261,1281323.81
"SD",1903,264,1254.25   
"SD",1903,265,2658.27   
"SD",1903,266,3283.65   
"SD",1903,268,9046.39   
"SD",1903,290,          
"SD",1903,293,129000.76 
"SD",1903,296,16375.28  
"SD",1904,10,1129440.05 
"SD",1904,181,13346.13  
"SD",1904,260,59.83     
"SD",1904,261,649873.31 
"SD",1904,264,1881.06   
"SD",1904,265,3225.22   
"SD",1904,268,11300.41  
"SD",1904,290,119.39    
"SD",1904,293,101045.13 
"SD",1904,296,12466.94  
"SD",1905,10,1215932.11 
"SD",1905,181,26896.1   
"SD",1905,260,201.46    
"SD",1905,261,876456.71 
"SD",1905,264,2602.76   
"SD",1905,265,5420.99   
"SD",1905,266,16607.5   
"SD",1905,268,135132.92 
"SD",1905,290,2138.77   
"SD",1905,293,307567.9  
"SD",1905,296,22853.13  
"SD",1905,299,141303.28 
"SD",1906,0,592858.18   
"SD",1906,10,1218092.65 
"SD",1906,181,15699.24  
"SD",1906,260,29        
"SD",1906,261,807139.24 
"SD",1906,264,3406.93   
"SD",1906,265,3826.63   
"SD",1906,266,30682.08  
"SD",1906,268,11833.85  
"SD",1906,290,275.69    
"SD",1906,293,74255.95  
"SD",1906,296,21558.22  
"SD",1907,10,1109416.15 
"SD",1907,181,23197.81  
"SD",1907,261,365300.62 
"SD",1907,264,1963.81   
"SD",1907,265,7988.57   
"SD",1907,268,11072.33  
"SD",1907,290,230.2     
"SD",1907,291,539259.61 
"SD",1907,293,512.69    
"SD",1907,296,26880.35  
"SD",1908,10,1166204.52 
"SD",1908,181,23632.44  
"SD",1908,260,36.75     
"SD",1908,261,420265.59 
"SD",1908,264,1482.94   
"SD",1908,265,9023.5    
"SD",1908,266,81797.34  
"SD",1908,268,10759.55  
"SD",1908,291,463039.2  
"SD",1908,296,20517.47  
"SD",1908,297,11079.48  
"SD",1908,298,209380.12 
"SD",1909,10,1626933.8  
"SD",1909,181,70228.4   
"SD",1909,260,126.47    
"SD",1909,261,1336065.02
"SD",1909,264,6758.77   
"SD",1909,265,18233.79  
"SD",1909,266,260855.38 
"SD",1909,268,157614.87 
"SD",1909,290,1775.38   
"SD",1909,296,47288.9   
"SD",1909,298,344404.04 
"SD",1909,299,278449.5  
"SD",1910,10,2208864.26 
"SD",1910,181,58215.67  
"SD",1910,260,17.25     
"SD",1910,261,1025844.69
"SD",1910,264,3569.1    
"SD",1910,265,35527.39  
"SD",1910,266,76316.92  
"SD",1910,268,170261.89 
"SD",1910,269,5125.79   
"SD",1910,289,30926.24  
"SD",1910,291,744083.25 
"SD",1910,296,28357.17  
"SD",1910,297,16194.34  
"SD",1910,298,305369.75 
"SD",1910,299,523733.32 
"SD",1911,10,2373551.8  
"SD",1911,181,66414.14  
"SD",1911,261,788616.47 
"SD",1911,264,6763.58   
"SD",1911,265,125257.87 
"SD",1911,266,336674.35 
"SD",1911,268,144806.89 
"SD",1911,269,8458.49   
"SD",1911,289,35848.46  
"SD",1911,291,840218.06 
"SD",1911,296,24327.64  
"SD",1911,297,232151.39 
"SD",1911,298,2096.51   
"SD",1911,299,214592.91 
"SD",1912,10,2131070.91 
"SD",1912,181,29390.96  
"SD",1912,261,733501.09 
"SD",1912,264,4434.4    
"SD",1912,265,115817.97 
"SD",1912,266,7907.87   
"SD",1912,268,193087.27 
"SD",1912,269,11212.46  
"SD",1912,289,35507.6   
"SD",1912,291,845650.13 
"SD",1912,294,61.51     
"SD",1912,296,23160.79  
"SD",1912,297,60532.23  
"SD",1912,298,2275.25   
"SD",1912,299,7197.97   
"SD",1913,10,2403591.8  
"SD",1913,181,24879.06  
"SD",1913,261,784664.68 
"SD",1913,264,3546.71   
"SD",1913,265,113739.34 
"SD",1913,266,15385.1   
"SD",1913,268,209148.31 
"SD",1913,269,10333.83  
"SD",1913,289,32818.95  
"SD",1913,291,1099953.17
"SD",1913,294,61.51     
"SD",1913,296,25738.59  
"SD",1913,297,314642.9  
"SD",1913,298,2221.66   
"SD",1913,299,7681      
"SD",1914,10,2688993.07 
"SD",1914,181,21892.77  
"SD",1914,223,8326.76   
"SD",1914,261,654315.13 
"SD",1914,264,2884.34   
"SD",1914,265,132976.86 
"SD",1914,266,12075.97  
"SD",1914,268,203235    
"SD",1914,269,16449.44  
"SD",1914,289,30695.45  
"SD",1914,291,1059475.61
"SD",1914,294,61.51     
"SD",1914,296,33413.08  
"SD",1914,297,385015.81 
"SD",1914,298,6971.78   
"SD",1914,299,6281.12   
"SD",1915,10,2112667.66 
"SD",1915,181,23010.75  
"SD",1915,223,11567.93  
"SD",1915,261,735486.56 
"SD",1915,264,2633.11   
"SD",1915,265,134324.48 
"SD",1915,266,12075.97  
"SD",1915,268,215985.26 
"SD",1915,269,18437.88  
"SD",1915,289,31540.62  
"SD",1915,291,1029805.56
"SD",1915,294,61.51     
"SD",1915,296,17223.09  
"SD",1915,297,358158.76 
"SD",1915,298,2842.39   
"SD",1915,299,8355.4    
"SD",1916,10,2133272.77 
"SD",1916,181,21315.81  
"SD",1916,223,9992.42   
"SD",1916,251,17289.64  
"SD",1916,261,1131093.53
"SD",1916,264,5982.44   
"SD",1916,265,145207.12 
"SD",1916,266,12075.97  
"SD",1916,268,188744.08 
"SD",1916,269,3256.06   
"SD",1916,289,38147.3   
"SD",1916,291,1020426.91
"SD",1916,296,20897.64  
"SD",1916,297,393712.13 
"SD",1916,298,9053.44   
"SD",1916,299,24477.54  
"SD",1917,10,2598492.85 
"SD",1917,181,22975.92  
"SD",1917,223,7692.63   
"SD",1917,251,36087.62  
"SD",1917,261,1103013.97
"SD",1917,264,7275.36   
"SD",1917,265,167323.3  
"SD",1917,266,12075.97  
"SD",1917,268,14249.61  
"SD",1917,269,4845.67   
"SD",1917,289,36862.56  
"SD",1917,291,1411172.13
"SD",1917,296,14395.13  
"SD",1917,297,531890.91 
"SD",1917,298,13892.42  
"SD",1917,299,24993.94  
