"NY",1789,3,161792    
"NY",1790,3,143418    
"NY",1791,3,124048    
"NY",1792,3,729637    
"NY",1793,3,278253    
"NY",1794,3,294028    
"NY",1795,3,309317    
"NY",1796,3,535853    
"NY",1797,3,343326    
"NY",1798,3,346887    
"NY",1799,3,251765    
"NY",1800,3,315560    
"NY",1801,3,335552    
"NY",1802,3,373508    
"NY",1803,3,258510    
"NY",1804,3,340628    
"NY",1805,3,346469    
"NY",1806,3,438365    
"NY",1807,3,425677    
"NY",1808,3,883139    
"NY",1809,3,627572    
"NY",1810,3,606157    
"NY",1811,3,589387    
"NY",1812,3,755384    
"NY",1813,3,873379    
"NY",1814,3,1311271   
"NY",1815,3,2037903   
"NY",1816,3,2008901   
"NY",1817,3,1294428   
"NY",1818,3,3005612   
"NY",1819,3,1209635   
"NY",1820,3,1202493   
"NY",1821,3,1070684   
"NY",1822,3,924095    
"NY",1823,3,1104964   
"NY",1824,3,2327213   
"NY",1825,3,1766656   
"NY",1826,3,1784666   
"NY",1827,3,1908347   
"NY",1828,3,1988804   
"NY",1829,3,3030266   
"NY",1830,3,1968723   
"NY",1831,3,1748087   
"NY",1832,3,2172456   
"NY",1833,3,2415564   
"NY",1834,3,493588    
"NY",1835,3,434772    
"NY",1836,3,499138    
"NY",1837,3,749895    
"NY",1838,3,1000487   
"NY",1839,3,1249193   
"NY",1840,3,1607838   
"NY",1841,3,1466475   
"NY",1842,3,1205367   
"NY",1843,3,1155873   
"NY",1844,3,1823835   
"NY",1845,3,1808735   
"NY",1846,3,1223816   
"NY",1847,3,822119    
"NY",1848,3,884780    
"NY",1849,3,827293    
"NY",1850,3,807340    
"NY",1851,3,890940    
"NY",1852,3,1271445   
"NY",1853,3,1005096   
"NY",1854,3,1785458   
"NY",1855,3,1753767   
"NY",1856,3,1817176   
"NY",1857,3,2428882   
"NY",1858,3,4373992   
"NY",1859,3,5071402   
"NY",1860,3,3103404   
"NY",1861,3,5344479   
"NY",1862,3,7146966   
"NY",1863,3,9804599   
"NY",1864,3,7417162   
"NY",1865,3,12176010  
"NY",1866,3,8854289   
"NY",1867,3,8269280   
"NY",1868,3,10114775  
"NY",1869,3,10187417  
"NY",1870,3,10199731  
"NY",1871,3,13513182  
"NY",1872,3,12110166  
"NY",1873,3,13833673  
"NY",1874,3,12109586  
"NY",1875,3,11766662  
"NY",1876,3,9500272   
"NY",1877,3,8465588   
"NY",1878,3,10035238  
"NY",1879,3,9661509   
"NY",1880,3,9429024   
"NY",1881,3,11308166  
"NY",1882,3,12255816  
"NY",1883,3,15481109  
"NY",1884,3,12007899  
"NY",1885,3,13338417  
"NY",1886,3,12518037  
"NY",1887,3,14460894  
"NY",1888,3,15054513  
"NY",1889,3,13553434  
"NY",1890,3,15230405  
"NY",1891,3,17417430  
"NY",1892,3,17690215  
"NY",1893,3,16816915  
"NY",1894,3,18906969  
"NY",1895,3,18585668  
"NY",1896,3,24179448  
"NY",1897,3,27628989  
"NY",1898,3,30916899  
"NY",1899,3,23305023  
"NY",1900,3,25884757  
"NY",1901,3,34597840  
"NY",1902,3,23220277  
"NY",1903,3,24346722  
"NY",1904,3,25900796  
"NY",1905,3,28478751  
"NY",1906,3,30250096  
"NY",1907,3,39012685  
"NY",1908,3,40767479  
"NY",1909,3,64109228  
"NY",1910,3,57422289  
"NY",1911,3,69163624  
"NY",1912,3,74428835  
"NY",1789,33,8103     
"NY",1789,34,5050     
"NY",1789,35,9484     
"NY",1789,36,114928   
"NY",1789,39,23327    
"NY",1789,40,900      
"NY",1790,31,2500     
"NY",1790,33,2839     
"NY",1790,34,13994    
"NY",1790,35,9100     
"NY",1790,36,100395   
"NY",1790,39,5832     
"NY",1790,40,833      
"NY",1790,41,7925     
"NY",1791,33,4707     
"NY",1791,34,2843     
"NY",1791,35,1675     
"NY",1791,36,104290   
"NY",1791,39,2085     
"NY",1791,40,348      
"NY",1791,41,8100     
"NY",1792,31,19250    
"NY",1792,33,1986     
"NY",1792,34,17781    
"NY",1792,35,5432     
"NY",1792,36,127645   
"NY",1792,39,2943     
"NY",1792,41,554600   
"NY",1793,31,4000     
"NY",1793,33,54625    
"NY",1793,34,9685     
"NY",1793,35,6100     
"NY",1793,36,153393   
"NY",1793,39,5078     
"NY",1793,41,45372    
"NY",1794,31,5625     
"NY",1794,32,1000     
"NY",1794,33,5775     
"NY",1794,34,160958   
"NY",1794,35,15466    
"NY",1794,36,105200   
"NY",1794,39,4        
"NY",1795,31,9375     
"NY",1795,32,7750     
"NY",1795,33,5215     
"NY",1795,34,59136    
"NY",1795,35,40235    
"NY",1795,36,128301   
"NY",1795,39,2555     
"NY",1795,41,56750    
"NY",1796,31,61125    
"NY",1796,33,5780     
"NY",1796,34,180917   
"NY",1796,35,52153    
"NY",1796,36,176773   
"NY",1796,39,1605     
"NY",1796,41,57500    
"NY",1797,31,49999    
"NY",1797,32,4500     
"NY",1797,33,7500     
"NY",1797,34,100045   
"NY",1797,35,26115    
"NY",1797,36,125167   
"NY",1797,41,30000    
"NY",1798,31,4125     
"NY",1798,32,2886     
"NY",1798,34,97404    
"NY",1798,35,26863    
"NY",1798,36,153637   
"NY",1798,39,3327     
"NY",1798,40,2400     
"NY",1798,41,56245    
"NY",1799,31,3125     
"NY",1799,32,17286    
"NY",1799,33,6950     
"NY",1799,34,17384    
"NY",1799,35,24844    
"NY",1799,36,143814   
"NY",1799,39,25292    
"NY",1799,40,13070    
"NY",1800,31,50122    
"NY",1800,32,16230    
"NY",1800,33,500      
"NY",1800,34,41207    
"NY",1800,35,30064    
"NY",1800,36,116262   
"NY",1800,39,28113    
"NY",1800,40,12696    
"NY",1800,41,20366    
"NY",1801,31,1978     
"NY",1801,32,27912    
"NY",1801,33,2221     
"NY",1801,34,22553    
"NY",1801,35,28551    
"NY",1801,36,97272    
"NY",1801,39,22913    
"NY",1801,40,24847    
"NY",1801,41,107305   
"NY",1802,31,6422     
"NY",1802,32,37365    
"NY",1802,33,4730     
"NY",1802,34,46186    
"NY",1802,35,36756    
"NY",1802,36,101015   
"NY",1802,39,24674    
"NY",1802,41,116360   
"NY",1803,31,1200     
"NY",1803,32,28034    
"NY",1803,34,25485    
"NY",1803,35,33274    
"NY",1803,36,91733    
"NY",1803,39,25685    
"NY",1803,41,53099    
"NY",1804,31,17190    
"NY",1804,32,37462    
"NY",1804,33,14231    
"NY",1804,34,44867    
"NY",1804,35,28213    
"NY",1804,36,132064   
"NY",1804,39,14981    
"NY",1804,41,51620    
"NY",1805,31,12709    
"NY",1805,32,37126    
"NY",1805,33,9482     
"NY",1805,34,40625    
"NY",1805,35,25745    
"NY",1805,36,113790   
"NY",1805,39,33639    
"NY",1805,41,73353    
"NY",1806,31,24941    
"NY",1806,32,36853    
"NY",1806,33,26439    
"NY",1806,34,83694    
"NY",1806,35,23504    
"NY",1806,36,89874    
"NY",1806,39,24585    
"NY",1806,41,128475   
"NY",1807,31,15351    
"NY",1807,32,32598    
"NY",1807,33,13769    
"NY",1807,34,48309    
"NY",1807,35,31332    
"NY",1807,36,124596   
"NY",1807,39,22815    
"NY",1807,41,136907   
"NY",1808,31,17017    
"NY",1808,32,2718     
"NY",1808,33,15910    
"NY",1808,34,119927   
"NY",1808,35,27414    
"NY",1808,36,169139   
"NY",1808,39,20539    
"NY",1808,41,510475   
"NY",1809,31,22168    
"NY",1809,32,27481    
"NY",1809,33,13398    
"NY",1809,34,127445   
"NY",1809,35,30492    
"NY",1809,36,140060   
"NY",1809,39,18253    
"NY",1809,41,248275   
"NY",1810,31,33510    
"NY",1810,32,30517    
"NY",1810,33,19097    
"NY",1810,34,141391   
"NY",1810,35,30238    
"NY",1810,36,135799   
"NY",1810,39,11793    
"NY",1810,41,203812   
"NY",1811,32,44139    
"NY",1811,33,19787    
"NY",1811,34,108270   
"NY",1811,35,31404    
"NY",1811,36,150554   
"NY",1811,39,48533    
"NY",1811,40,53158    
"NY",1811,41,133542   
"NY",1812,31,2847     
"NY",1812,32,38080    
"NY",1812,33,55851    
"NY",1812,34,226633   
"NY",1812,35,31263    
"NY",1812,36,179609   
"NY",1812,39,37982    
"NY",1812,40,59911    
"NY",1812,41,123208   
"NY",1813,31,500      
"NY",1813,32,52800    
"NY",1813,33,43026    
"NY",1813,34,137618   
"NY",1813,35,31451    
"NY",1813,36,274282   
"NY",1813,39,23252    
"NY",1813,40,144353   
"NY",1813,41,166097   
"NY",1814,31,48876    
"NY",1814,32,84440    
"NY",1814,33,60043    
"NY",1814,34,366705   
"NY",1814,35,32318    
"NY",1814,36,259772   
"NY",1814,39,17004    
"NY",1814,40,101657   
"NY",1814,41,340456   
"NY",1815,31,46898    
"NY",1815,32,45246    
"NY",1815,33,26121    
"NY",1815,34,180545   
"NY",1815,35,33311    
"NY",1815,36,992940   
"NY",1815,39,25391    
"NY",1815,40,166143   
"NY",1815,41,521308   
"NY",1816,31,56101    
"NY",1816,32,74195    
"NY",1816,33,44405    
"NY",1816,34,163125   
"NY",1816,35,45110    
"NY",1816,36,669314   
"NY",1816,39,39329    
"NY",1816,41,917322   
"NY",1817,31,70433    
"NY",1817,32,46503    
"NY",1817,33,108796   
"NY",1817,34,140244   
"NY",1817,35,41909    
"NY",1817,36,281026   
"NY",1817,39,15542    
"NY",1817,40,190298   
"NY",1817,41,399677   
"NY",1818,31,65920    
"NY",1818,32,10804    
"NY",1818,33,259958   
"NY",1818,34,175588   
"NY",1818,35,45253    
"NY",1818,36,229712   
"NY",1818,39,27997    
"NY",1818,40,138335   
"NY",1818,41,2052045  
"NY",1819,31,79281    
"NY",1819,32,20780    
"NY",1819,33,172874   
"NY",1819,34,208834   
"NY",1819,35,46773    
"NY",1819,36,227886   
"NY",1819,39,22572    
"NY",1819,40,88709    
"NY",1819,41,341926   
"NY",1820,31,91199    
"NY",1820,32,10970    
"NY",1820,33,225259   
"NY",1820,34,119120   
"NY",1820,35,53638    
"NY",1820,36,218415   
"NY",1820,39,23003    
"NY",1820,40,107730   
"NY",1820,41,353159   
"NY",1821,31,113220   
"NY",1821,32,13659    
"NY",1821,33,197103   
"NY",1821,34,149369   
"NY",1821,35,52893    
"NY",1821,36,172000   
"NY",1821,39,61647    
"NY",1821,40,86737    
"NY",1821,41,224056   
"NY",1822,31,87983    
"NY",1822,32,11914    
"NY",1822,33,273202   
"NY",1822,34,88288    
"NY",1822,35,50527    
"NY",1822,36,200061   
"NY",1822,39,29478    
"NY",1822,40,60000    
"NY",1822,41,122642   
"NY",1823,31,96833    
"NY",1823,32,15437    
"NY",1823,33,448542   
"NY",1823,34,60671    
"NY",1823,35,50175    
"NY",1823,36,199349   
"NY",1823,39,11401    
"NY",1823,40,60000    
"NY",1823,41,162556   
"NY",1824,31,85783    
"NY",1824,32,15633    
"NY",1824,33,1104639  
"NY",1824,34,50332    
"NY",1824,35,44919    
"NY",1824,36,183441   
"NY",1824,39,13689    
"NY",1824,41,828777   
"NY",1825,31,85245    
"NY",1825,32,16912    
"NY",1825,33,878889   
"NY",1825,34,76028    
"NY",1825,35,43451    
"NY",1825,36,202657   
"NY",1825,39,19592    
"NY",1825,40,44       
"NY",1825,41,443838   
"NY",1826,31,91823    
"NY",1826,32,15009    
"NY",1826,33,1082325  
"NY",1826,34,70342    
"NY",1826,35,41495    
"NY",1826,36,217530   
"NY",1826,39,34142    
"NY",1826,41,232000   
"NY",1827,31,104907   
"NY",1827,32,16601    
"NY",1827,33,1386236  
"NY",1827,34,58090    
"NY",1827,35,40492    
"NY",1827,36,246977   
"NY",1827,39,54783    
"NY",1827,41,261      
"NY",1828,31,104703   
"NY",1828,32,19002    
"NY",1828,33,1239150  
"NY",1828,34,75167    
"NY",1828,35,40524    
"NY",1828,36,358240   
"NY",1828,39,44251    
"NY",1828,41,107767   
"NY",1829,31,6966     
"NY",1829,32,12623    
"NY",1829,33,1212247  
"NY",1829,34,78111    
"NY",1829,35,40493    
"NY",1829,36,285632   
"NY",1829,38,1347137  
"NY",1829,39,46557    
"NY",1829,40,500      
"NY",1830,32,7737     
"NY",1830,33,43115    
"NY",1830,34,67104    
"NY",1830,35,18061    
"NY",1830,36,222699   
"NY",1830,38,1553704  
"NY",1830,39,56303    
"NY",1831,33,24228    
"NY",1831,34,52827    
"NY",1831,35,18144    
"NY",1831,36,189535   
"NY",1831,38,1404566  
"NY",1831,39,58787    
"NY",1832,32,8839     
"NY",1832,33,23178    
"NY",1832,34,39290    
"NY",1832,35,20168    
"NY",1832,36,266791   
"NY",1832,38,1755384  
"NY",1832,39,52000    
"NY",1832,40,6806     
"NY",1833,32,8730     
"NY",1833,33,91345    
"NY",1833,34,27786    
"NY",1833,35,18240    
"NY",1833,36,204343   
"NY",1833,38,2009572  
"NY",1833,39,26625    
"NY",1833,40,28923    
"NY",1834,32,12194    
"NY",1834,33,93881    
"NY",1834,34,30002    
"NY",1834,35,17872    
"NY",1834,36,268346   
"NY",1834,39,38046    
"NY",1834,40,33247    
"NY",1835,32,21848    
"NY",1835,33,62040    
"NY",1835,34,21295    
"NY",1835,35,21861    
"NY",1835,36,254907   
"NY",1835,39,14528    
"NY",1835,40,38293    
"NY",1836,32,32210    
"NY",1836,33,94508    
"NY",1836,34,13536    
"NY",1836,35,17921    
"NY",1836,36,296603   
"NY",1836,39,2448     
"NY",1836,40,41912    
"NY",1837,32,68084    
"NY",1837,33,217385   
"NY",1837,34,39888    
"NY",1837,35,17796    
"NY",1837,36,269175   
"NY",1837,39,88881    
"NY",1837,40,48686    
"NY",1838,32,89887    
"NY",1838,33,229161   
"NY",1838,34,39915    
"NY",1838,35,18018    
"NY",1838,36,274088   
"NY",1838,39,137449   
"NY",1838,40,111969   
"NY",1838,41,100000   
"NY",1839,32,124833   
"NY",1839,33,182688   
"NY",1839,34,17615    
"NY",1839,35,15431    
"NY",1839,36,494256   
"NY",1839,39,72173    
"NY",1839,40,123246   
"NY",1839,41,218951   
"NY",1840,32,141820   
"NY",1840,33,385613   
"NY",1840,34,50108    
"NY",1840,35,33020    
"NY",1840,36,414551   
"NY",1840,39,158983   
"NY",1840,40,120243   
"NY",1840,41,303500   
"NY",1841,32,110642   
"NY",1841,34,33135    
"NY",1841,35,61789    
"NY",1841,36,547718   
"NY",1841,39,112109   
"NY",1841,40,71082    
"NY",1841,41,530000   
"NY",1842,31,9255     
"NY",1842,32,97703    
"NY",1842,34,55372    
"NY",1842,35,14811    
"NY",1842,36,475596   
"NY",1842,39,54285    
"NY",1842,40,210345   
"NY",1842,41,288000   
"NY",1843,31,4154     
"NY",1843,32,11448    
"NY",1843,33,9565     
"NY",1843,34,76936    
"NY",1843,35,15825    
"NY",1843,36,409324   
"NY",1843,39,145908   
"NY",1843,40,191986   
"NY",1843,41,290727   
"NY",1844,31,6216     
"NY",1844,32,80920    
"NY",1844,33,319514   
"NY",1844,34,117559   
"NY",1844,35,14075    
"NY",1844,36,423475   
"NY",1844,39,25479    
"NY",1844,40,294713   
"NY",1844,41,541884   
"NY",1845,31,6899     
"NY",1845,32,100063   
"NY",1845,33,41134    
"NY",1845,34,215761   
"NY",1845,35,16233    
"NY",1845,36,442077   
"NY",1845,39,100550   
"NY",1845,40,268633   
"NY",1845,41,617385   
"NY",1846,31,7182     
"NY",1846,32,128951   
"NY",1846,33,75421    
"NY",1846,34,234812   
"NY",1846,35,15489    
"NY",1846,36,410341   
"NY",1846,39,50850    
"NY",1846,40,300770   
"NY",1847,31,11921    
"NY",1847,32,97291    
"NY",1847,33,149958   
"NY",1847,34,105356   
"NY",1847,35,7121     
"NY",1847,36,278450   
"NY",1847,39,172022   
"NY",1848,31,8759     
"NY",1848,32,124779   
"NY",1848,33,25520    
"NY",1848,34,208384   
"NY",1848,35,7417     
"NY",1848,36,427380   
"NY",1848,39,82541    
"NY",1849,31,12166    
"NY",1849,32,152362   
"NY",1849,33,38224    
"NY",1849,34,151969   
"NY",1849,35,6563     
"NY",1849,36,400342   
"NY",1849,39,65667    
"NY",1850,31,9238     
"NY",1850,32,126633   
"NY",1850,33,47399    
"NY",1850,34,117558   
"NY",1850,36,353900   
"NY",1850,39,121176   
"NY",1850,40,1436     
"NY",1850,41,30000    
"NY",1851,31,7187     
"NY",1851,32,106485   
"NY",1851,33,30000    
"NY",1851,34,116334   
"NY",1851,35,7358     
"NY",1851,36,520128   
"NY",1851,39,91876    
"NY",1851,40,11572    
"NY",1852,31,59267    
"NY",1852,32,215933   
"NY",1852,33,34912    
"NY",1852,34,153114   
"NY",1852,35,7027     
"NY",1852,36,445173   
"NY",1852,39,339349   
"NY",1852,40,16670    
"NY",1853,31,53250    
"NY",1853,32,192895   
"NY",1853,33,43058    
"NY",1853,34,137001   
"NY",1853,35,7762     
"NY",1853,36,469155   
"NY",1853,39,88266    
"NY",1853,40,13709    
"NY",1854,31,22017    
"NY",1854,32,282012   
"NY",1854,33,700536   
"NY",1854,34,227160   
"NY",1854,35,9325     
"NY",1854,36,438588   
"NY",1854,39,58352    
"NY",1854,40,47468    
"NY",1855,31,31656    
"NY",1855,32,351434   
"NY",1855,33,107317   
"NY",1855,34,517079   
"NY",1855,35,9204     
"NY",1855,36,522835   
"NY",1855,39,133016   
"NY",1855,40,31226    
"NY",1855,41,50000    
"NY",1856,31,42215    
"NY",1856,32,227784   
"NY",1856,33,439514   
"NY",1856,34,372499   
"NY",1856,35,7018     
"NY",1856,36,465524   
"NY",1856,39,72014    
"NY",1856,40,40608    
"NY",1856,41,150000   
"NY",1857,31,44996    
"NY",1857,32,342454   
"NY",1857,33,463768   
"NY",1857,34,253104   
"NY",1857,35,57044    
"NY",1857,36,520021   
"NY",1857,39,417802   
"NY",1857,40,42693    
"NY",1857,41,287000   
"NY",1858,31,49864    
"NY",1858,32,368574   
"NY",1858,33,1407534  
"NY",1858,34,1838697  
"NY",1858,35,19749    
"NY",1858,36,505598   
"NY",1858,39,106379   
"NY",1858,40,27597    
"NY",1858,41,50000    
"NY",1859,31,47836    
"NY",1859,32,275750   
"NY",1859,33,1438360  
"NY",1859,34,533337   
"NY",1859,35,106584   
"NY",1859,36,523753   
"NY",1859,38,1730747  
"NY",1859,39,238246   
"NY",1859,40,26789    
"NY",1859,41,150000   
"NY",1860,31,25980    
"NY",1860,32,263079   
"NY",1860,33,70711    
"NY",1860,34,529432   
"NY",1860,35,37580    
"NY",1860,36,584851   
"NY",1860,38,1421972  
"NY",1860,39,143010   
"NY",1860,40,26789    
"NY",1861,31,36746    
"NY",1861,32,253183   
"NY",1861,33,63500    
"NY",1861,34,462174   
"NY",1861,35,11521    
"NY",1861,36,521416   
"NY",1861,38,852552   
"NY",1861,39,2909098  
"NY",1861,40,34289    
"NY",1861,41,200000   
"NY",1862,31,19704    
"NY",1862,32,256456   
"NY",1862,33,43074    
"NY",1862,34,1216838  
"NY",1862,35,23116    
"NY",1862,36,1022231  
"NY",1862,38,2769623  
"NY",1862,39,81427    
"NY",1862,40,174497   
"NY",1862,41,1540000  
"NY",1863,31,32503    
"NY",1863,32,258134   
"NY",1863,33,54655    
"NY",1863,34,5737307  
"NY",1863,35,13807    
"NY",1863,36,576103   
"NY",1863,38,1420188  
"NY",1863,39,104458   
"NY",1863,40,102444   
"NY",1863,41,1505000  
"NY",1864,31,29871    
"NY",1864,32,303579   
"NY",1864,33,203263   
"NY",1864,34,5187916  
"NY",1864,35,62529    
"NY",1864,36,618849   
"NY",1864,38,535374   
"NY",1864,39,443992   
"NY",1864,40,26789    
"NY",1864,41,5000     
"NY",1865,31,43337    
"NY",1865,32,440421   
"NY",1865,33,140206   
"NY",1865,34,6502577  
"NY",1865,35,66128    
"NY",1865,36,1260028  
"NY",1865,38,931779   
"NY",1865,39,125887   
"NY",1865,40,665647   
"NY",1865,41,2000000  
"NY",1866,31,44260    
"NY",1866,32,565907   
"NY",1866,33,322800   
"NY",1866,34,2096090  
"NY",1866,35,105531   
"NY",1866,36,853172   
"NY",1866,38,2147614  
"NY",1866,39,164593   
"NY",1866,40,1554322  
"NY",1866,41,1000000  
"NY",1867,31,29964    
"NY",1867,32,759482   
"NY",1867,33,193632   
"NY",1867,34,1540103  
"NY",1867,35,109953   
"NY",1867,36,772215   
"NY",1867,38,1406817  
"NY",1867,39,268328   
"NY",1867,41,3188786  
"NY",1868,31,106767   
"NY",1868,32,775256   
"NY",1868,33,431811   
"NY",1868,34,1445015  
"NY",1868,35,259593   
"NY",1868,36,904115   
"NY",1868,38,1019266  
"NY",1868,39,280476   
"NY",1868,41,4892476  
"NY",1869,31,78906    
"NY",1869,32,1046074  
"NY",1869,33,224028   
"NY",1869,34,1614591  
"NY",1869,35,368309   
"NY",1869,36,1411951  
"NY",1869,38,1828400  
"NY",1869,39,135162   
"NY",1869,41,3479996  
"NY",1870,31,2911094  
"NY",1870,32,1316182  
"NY",1870,33,1667917  
"NY",1870,34,1301510  
"NY",1870,35,331600   
"NY",1870,36,2525914  
"NY",1870,39,145514   
"NY",1871,31,3034177  
"NY",1871,32,1773371  
"NY",1871,33,4009083  
"NY",1871,34,1460794  
"NY",1871,35,363786   
"NY",1871,36,1882337  
"NY",1871,39,279517   
"NY",1871,41,710117   
"NY",1872,31,3080163  
"NY",1872,32,2155033  
"NY",1872,33,2502141  
"NY",1872,34,1245365  
"NY",1872,35,264098   
"NY",1872,36,2330097  
"NY",1872,39,217519   
"NY",1872,41,315750   
"NY",1873,31,3047624  
"NY",1873,32,1194944  
"NY",1873,33,3008789  
"NY",1873,34,1552861  
"NY",1873,35,384486   
"NY",1873,36,1484270  
"NY",1873,39,1313873  
"NY",1873,41,1846826  
"NY",1874,31,3316041  
"NY",1874,32,796752   
"NY",1874,33,3406381  
"NY",1874,34,1418783  
"NY",1874,35,233476   
"NY",1874,36,1946477  
"NY",1874,39,265908   
"NY",1874,41,725768   
"NY",1875,31,3478421  
"NY",1875,32,1172571  
"NY",1875,33,2629838  
"NY",1875,34,1420570  
"NY",1875,35,86805    
"NY",1875,36,2775938  
"NY",1875,39,202519   
"NY",1876,31,3459600  
"NY",1876,32,1256922  
"NY",1876,33,816579   
"NY",1876,34,1522819  
"NY",1876,35,45713    
"NY",1876,36,2289781  
"NY",1876,39,108858   
"NY",1877,31,3563530  
"NY",1877,32,1199626  
"NY",1877,33,113710   
"NY",1877,34,1397180  
"NY",1877,35,36806    
"NY",1877,36,2024819  
"NY",1877,39,129917   
"NY",1878,31,3592689  
"NY",1878,32,983451   
"NY",1878,33,994655   
"NY",1878,34,1500587  
"NY",1878,35,57754    
"NY",1878,36,2506408  
"NY",1878,39,399694   
"NY",1879,31,3454822  
"NY",1879,32,1074650  
"NY",1879,33,892009   
"NY",1879,34,1646963  
"NY",1879,35,72698    
"NY",1879,36,2220805  
"NY",1879,39,299562   
"NY",1880,31,3460086  
"NY",1880,32,1229776  
"NY",1880,33,825429   
"NY",1880,34,1454173  
"NY",1880,35,104005   
"NY",1880,36,2325191  
"NY",1880,39,30364    
"NY",1881,31,3265924  
"NY",1881,32,681143   
"NY",1881,33,3689127  
"NY",1881,34,1224603  
"NY",1881,35,27020    
"NY",1881,36,1118683  
"NY",1881,38,589432   
"NY",1881,39,212234   
"NY",1881,41,500000   
"NY",1882,31,3285043  
"NY",1882,32,699590   
"NY",1882,33,2630249  
"NY",1882,34,1282569  
"NY",1882,35,75910    
"NY",1882,36,978421   
"NY",1882,38,3105483  
"NY",1882,39,198551   
"NY",1883,31,3330782  
"NY",1883,32,758947   
"NY",1883,33,5012776  
"NY",1883,34,1280534  
"NY",1883,35,49524    
"NY",1883,36,1005966  
"NY",1883,38,3868091  
"NY",1883,39,174489   
"NY",1884,31,3516141  
"NY",1884,32,591704   
"NY",1884,33,4382024  
"NY",1884,34,1440856  
"NY",1884,35,51147    
"NY",1884,36,1139217  
"NY",1884,38,681928   
"NY",1884,39,204882   
"NY",1885,31,3500605  
"NY",1885,32,788888   
"NY",1885,33,3636912  
"NY",1885,34,2105087  
"NY",1885,35,97183    
"NY",1885,36,2559486  
"NY",1885,38,650256   
"NY",1886,31,3537203  
"NY",1886,32,1129473  
"NY",1886,33,3040524  
"NY",1886,34,2394840  
"NY",1886,35,103734   
"NY",1886,36,1569253  
"NY",1886,38,618010   
"NY",1886,39,125000   
"NY",1887,31,4040088  
"NY",1887,32,1252507  
"NY",1887,33,3678292  
"NY",1887,34,2753145  
"NY",1887,35,122823   
"NY",1887,36,1327939  
"NY",1887,38,927121   
"NY",1887,39,236479   
"NY",1887,40,122500   
"NY",1888,31,4066212  
"NY",1888,32,1661988  
"NY",1888,33,2848014  
"NY",1888,34,3461403  
"NY",1888,35,137924   
"NY",1888,36,1349926  
"NY",1888,38,1184035  
"NY",1888,39,225011   
"NY",1888,40,120000   
"NY",1889,31,4281911  
"NY",1889,32,1626103  
"NY",1889,33,2594045  
"NY",1889,34,2360681  
"NY",1889,35,218059   
"NY",1889,36,1426993  
"NY",1889,38,654697   
"NY",1889,39,273445   
"NY",1889,40,117500   
"NY",1890,31,4136914  
"NY",1890,32,1835734  
"NY",1890,33,4086146  
"NY",1890,34,2551489  
"NY",1890,35,224241   
"NY",1890,36,1449621  
"NY",1890,38,621569   
"NY",1890,39,209691   
"NY",1890,40,115000   
"NY",1891,31,4366662  
"NY",1891,32,2095685  
"NY",1891,33,4285219  
"NY",1891,34,2282984  
"NY",1891,35,234482   
"NY",1891,36,1402478  
"NY",1891,38,2395837  
"NY",1891,39,241582   
"NY",1891,40,112501   
"NY",1892,31,4422394  
"NY",1892,32,2109894  
"NY",1892,33,4314431  
"NY",1892,34,2441152  
"NY",1892,35,277261   
"NY",1892,36,1763874  
"NY",1892,38,1921729  
"NY",1892,39,329480   
"NY",1892,40,110000   
"NY",1893,31,4849949  
"NY",1893,32,2296188  
"NY",1893,33,2459246  
"NY",1893,34,3225930  
"NY",1893,35,291770   
"NY",1893,36,1686684  
"NY",1893,38,1333099  
"NY",1893,39,366549   
"NY",1893,40,307500   
"NY",1894,31,4610947  
"NY",1894,32,3427814  
"NY",1894,33,2283312  
"NY",1894,34,2681391  
"NY",1894,35,379353   
"NY",1894,36,2104772  
"NY",1894,38,2788566  
"NY",1894,39,280814   
"NY",1894,41,350000   
"NY",1895,31,4632458  
"NY",1895,32,4010718  
"NY",1895,33,1580237  
"NY",1895,34,2770175  
"NY",1895,35,376081   
"NY",1895,36,2145414  
"NY",1895,38,1124840  
"NY",1895,39,345745   
"NY",1895,41,1600000  
"NY",1896,31,4604405  
"NY",1896,32,5644279  
"NY",1896,33,2674116  
"NY",1896,34,2616958  
"NY",1896,35,429489   
"NY",1896,36,2364918  
"NY",1896,38,2743654  
"NY",1896,39,301629   
"NY",1896,41,2800000  
"NY",1897,31,4691634  
"NY",1897,32,7000329  
"NY",1897,33,6495241  
"NY",1897,34,3025893  
"NY",1897,35,414832   
"NY",1897,36,2263146  
"NY",1897,38,3353353  
"NY",1897,39,384561   
"NY",1898,31,4604412  
"NY",1898,32,6642608  
"NY",1898,33,8703403  
"NY",1898,34,4866393  
"NY",1898,35,438849   
"NY",1898,36,2507710  
"NY",1898,38,1537850  
"NY",1898,39,615674   
"NY",1898,41,1000000  
"NY",1899,31,4578468  
"NY",1899,32,6230432  
"NY",1899,33,2394381  
"NY",1899,34,3788456  
"NY",1899,35,572504   
"NY",1899,36,2507360  
"NY",1899,38,1242535  
"NY",1899,39,740887   
"NY",1899,41,1250000  
"NY",1900,31,5067098  
"NY",1900,32,6498350  
"NY",1900,33,3274525  
"NY",1900,34,3883186  
"NY",1900,35,663398   
"NY",1900,36,2771327  
"NY",1900,38,995864   
"NY",1900,39,731009   
"NY",1900,41,2000000  
"NY",1901,31,5073007  
"NY",1901,32,6747637  
"NY",1901,33,3773011  
"NY",1901,34,3702482  
"NY",1901,35,721448   
"NY",1901,36,2898614  
"NY",1901,38,11086920 
"NY",1901,39,594721   
"NY",1902,31,5205218  
"NY",1902,32,6508669  
"NY",1902,33,3050771  
"NY",1902,34,3606526  
"NY",1902,35,724894   
"NY",1902,36,2871165  
"NY",1902,38,664846   
"NY",1902,39,588188   
"NY",1903,31,5439930  
"NY",1903,32,6538126  
"NY",1903,33,4715813  
"NY",1903,34,3167849  
"NY",1903,35,726108   
"NY",1903,36,2496062  
"NY",1903,38,626057   
"NY",1903,39,636777   
"NY",1904,31,5776379  
"NY",1904,32,7394088  
"NY",1904,33,3910496  
"NY",1904,34,4049212  
"NY",1904,35,773195   
"NY",1904,36,2552673  
"NY",1904,38,624361   
"NY",1904,39,820392   
"NY",1905,31,5861528  
"NY",1905,32,7852623  
"NY",1905,33,4612247  
"NY",1905,34,3914881  
"NY",1905,35,746137   
"NY",1905,36,3104018  
"NY",1905,38,926011   
"NY",1905,39,1461306  
"NY",1906,31,6276796  
"NY",1906,32,8040143  
"NY",1906,33,6335526  
"NY",1906,34,4173717  
"NY",1906,35,991490   
"NY",1906,36,3042837  
"NY",1906,38,372270   
"NY",1906,39,1017317  
"NY",1907,31,7079841  
"NY",1907,32,8262467  
"NY",1907,33,12431313 
"NY",1907,34,4591092  
"NY",1907,35,1037378  
"NY",1907,36,3100036  
"NY",1907,38,1720989  
"NY",1907,39,789569   
"NY",1908,31,7237654  
"NY",1908,32,8475807  
"NY",1908,33,15114767 
"NY",1908,34,4446807  
"NY",1908,35,1356737  
"NY",1908,36,3308635  
"NY",1908,38,54743    
"NY",1908,39,772329   
"NY",1909,31,8041675  
"NY",1909,32,9389133  
"NY",1909,33,35272901 
"NY",1909,34,4758782  
"NY",1909,35,1495118  
"NY",1909,36,3561780  
"NY",1909,38,746712   
"NY",1909,39,843127   
"NY",1910,31,8331624  
"NY",1910,32,10627167 
"NY",1910,33,25512505 
"NY",1910,34,5471459  
"NY",1910,35,1575957  
"NY",1910,36,4017659  
"NY",1910,38,895002   
"NY",1910,39,990916   
"NY",1911,31,8454252  
"NY",1911,32,10208316 
"NY",1911,33,30404606 
"NY",1911,34,5732775  
"NY",1911,35,1585957  
"NY",1911,36,4178463  
"NY",1911,38,4862186  
"NY",1911,39,3737069  
"NY",1912,31,9052991  
"NY",1912,32,10396490 
"NY",1912,33,34607772 
"NY",1912,34,7402437  
"NY",1912,35,2055338  
"NY",1912,36,5061638  
"NY",1912,38,883457   
"NY",1912,39,4968712  
"NY",1789,336,8103    
"NY",1789,340,390     
"NY",1789,345,4660    
"NY",1789,351,9484    
"NY",1789,360,67624   
"NY",1789,361,3622    
"NY",1789,367,6516    
"NY",1789,369,37166   
"NY",1789,399,23327   
"NY",1789,400,900     
"NY",1790,310,2500    
"NY",1790,336,2839    
"NY",1790,340,565     
"NY",1790,345,13429   
"NY",1790,351,9100    
"NY",1790,360,23891   
"NY",1790,361,1957    
"NY",1790,367,33458   
"NY",1790,369,41089   
"NY",1790,399,5832    
"NY",1790,400,833     
"NY",1790,415,7925    
"NY",1791,336,4707    
"NY",1791,340,562     
"NY",1791,345,2281    
"NY",1791,351,1675    
"NY",1791,360,57731   
"NY",1791,367,9274    
"NY",1791,369,37285   
"NY",1791,399,2085    
"NY",1791,400,348     
"NY",1791,415,8100    
"NY",1792,310,19250   
"NY",1792,336,1986    
"NY",1792,340,684     
"NY",1792,345,17097   
"NY",1792,351,1682    
"NY",1792,356,3750    
"NY",1792,360,72793   
"NY",1792,367,9554    
"NY",1792,369,45298   
"NY",1792,399,2943    
"NY",1792,415,554600  
"NY",1793,310,4000    
"NY",1793,336,54625   
"NY",1793,340,952     
"NY",1793,345,8733    
"NY",1793,351,5100    
"NY",1793,356,1000    
"NY",1793,360,58219   
"NY",1793,367,34748   
"NY",1793,369,60426   
"NY",1793,399,5078    
"NY",1793,415,45372   
"NY",1794,310,5625    
"NY",1794,320,1000    
"NY",1794,336,5775    
"NY",1794,340,883     
"NY",1794,345,160075  
"NY",1794,351,4459    
"NY",1794,356,11007   
"NY",1794,360,50775   
"NY",1794,367,11231   
"NY",1794,369,43194   
"NY",1794,399,4       
"NY",1795,310,9375    
"NY",1795,320,7750    
"NY",1795,336,5215    
"NY",1795,340,808     
"NY",1795,345,58328   
"NY",1795,351,25235   
"NY",1795,356,15000   
"NY",1795,360,56202   
"NY",1795,361,6899    
"NY",1795,367,15382   
"NY",1795,369,49818   
"NY",1795,399,2555    
"NY",1795,415,56750   
"NY",1796,310,61125   
"NY",1796,336,5780    
"NY",1796,343,112500  
"NY",1796,345,68417   
"NY",1796,351,28236   
"NY",1796,356,23917   
"NY",1796,360,28926   
"NY",1796,361,832     
"NY",1796,367,44626   
"NY",1796,369,102389  
"NY",1796,399,1605    
"NY",1796,415,57500   
"NY",1797,310,49999   
"NY",1797,320,4500    
"NY",1797,336,7500    
"NY",1797,340,2050    
"NY",1797,343,87562   
"NY",1797,345,10433   
"NY",1797,351,14240   
"NY",1797,356,11875   
"NY",1797,360,22125   
"NY",1797,367,2437    
"NY",1797,369,100605  
"NY",1797,415,30000   
"NY",1798,310,4125    
"NY",1798,320,2886    
"NY",1798,343,87168   
"NY",1798,345,10236   
"NY",1798,351,12669   
"NY",1798,356,14194   
"NY",1798,360,12759   
"NY",1798,361,74985   
"NY",1798,363,7596    
"NY",1798,367,20776   
"NY",1798,369,37521   
"NY",1798,399,3327    
"NY",1798,400,2400    
"NY",1798,413,41245   
"NY",1798,415,15000   
"NY",1799,310,3125    
"NY",1799,320,17286   
"NY",1799,336,6950    
"NY",1799,343,17384   
"NY",1799,351,12498   
"NY",1799,356,12346   
"NY",1799,361,54868   
"NY",1799,363,9462    
"NY",1799,367,50700   
"NY",1799,369,28784   
"NY",1799,398,800     
"NY",1799,399,24492   
"NY",1799,400,13070   
"NY",1800,310,50122   
"NY",1800,320,16230   
"NY",1800,336,500     
"NY",1800,343,19442   
"NY",1800,345,21765   
"NY",1800,351,12314   
"NY",1800,356,17750   
"NY",1800,361,45088   
"NY",1800,363,10041   
"NY",1800,367,15102   
"NY",1800,369,46031   
"NY",1800,399,28113   
"NY",1800,400,12696   
"NY",1800,413,20366   
"NY",1801,310,1978    
"NY",1801,320,27912   
"NY",1801,336,2221    
"NY",1801,343,20591   
"NY",1801,345,1962    
"NY",1801,351,15532   
"NY",1801,356,13019   
"NY",1801,361,46488   
"NY",1801,363,8201    
"NY",1801,367,1995    
"NY",1801,369,40588   
"NY",1801,399,22913   
"NY",1801,400,24847   
"NY",1801,413,107305  
"NY",1802,310,6422    
"NY",1802,320,37365   
"NY",1802,336,4730    
"NY",1802,343,36635   
"NY",1802,345,9551    
"NY",1802,351,20021   
"NY",1802,356,16735   
"NY",1802,361,49638   
"NY",1802,363,17165   
"NY",1802,367,10542   
"NY",1802,369,23670   
"NY",1802,399,24674   
"NY",1802,413,112360  
"NY",1802,415,4000    
"NY",1803,310,1200    
"NY",1803,320,28034   
"NY",1803,345,25485   
"NY",1803,351,20774   
"NY",1803,356,12500   
"NY",1803,360,16920   
"NY",1803,361,35992   
"NY",1803,363,14637   
"NY",1803,367,1856    
"NY",1803,369,22328   
"NY",1803,399,25685   
"NY",1803,413,39599   
"NY",1803,415,13500   
"NY",1804,310,17190   
"NY",1804,320,37462   
"NY",1804,336,14231   
"NY",1804,343,40253   
"NY",1804,345,4614    
"NY",1804,351,13008   
"NY",1804,356,15205   
"NY",1804,361,46192   
"NY",1804,363,18290   
"NY",1804,367,47624   
"NY",1804,369,19958   
"NY",1804,399,14981   
"NY",1804,413,50620   
"NY",1804,415,1000    
"NY",1805,310,12709   
"NY",1805,320,37126   
"NY",1805,336,9482    
"NY",1805,343,35658   
"NY",1805,345,4967    
"NY",1805,351,13245   
"NY",1805,356,12500   
"NY",1805,361,56051   
"NY",1805,363,20141   
"NY",1805,367,17048   
"NY",1805,369,20550   
"NY",1805,399,33639   
"NY",1805,413,51353   
"NY",1805,415,22000   
"NY",1806,310,24941   
"NY",1806,320,36853   
"NY",1806,336,26439   
"NY",1806,343,48957   
"NY",1806,345,34737   
"NY",1806,351,11004   
"NY",1806,356,12500   
"NY",1806,361,45752   
"NY",1806,363,20031   
"NY",1806,367,4716    
"NY",1806,369,19375   
"NY",1806,399,24585   
"NY",1806,413,109075  
"NY",1806,415,19400   
"NY",1807,310,15351   
"NY",1807,320,32598   
"NY",1807,336,13769   
"NY",1807,343,31034   
"NY",1807,345,17275   
"NY",1807,351,18832   
"NY",1807,356,12500   
"NY",1807,361,54690   
"NY",1807,363,20106   
"NY",1807,367,30566   
"NY",1807,369,19234   
"NY",1807,399,22815   
"NY",1807,413,102582  
"NY",1807,415,34325   
"NY",1808,310,17017   
"NY",1808,320,2718    
"NY",1808,336,15910   
"NY",1808,343,43309   
"NY",1808,345,76618   
"NY",1808,351,14914   
"NY",1808,356,12500   
"NY",1808,361,66345   
"NY",1808,363,25439   
"NY",1808,367,42449   
"NY",1808,369,34906   
"NY",1808,399,20539   
"NY",1808,413,34314   
"NY",1808,415,476161  
"NY",1809,310,22168   
"NY",1809,320,27481   
"NY",1809,336,13398   
"NY",1809,340,2870    
"NY",1809,343,35730   
"NY",1809,345,88845   
"NY",1809,351,14994   
"NY",1809,356,15498   
"NY",1809,361,55354   
"NY",1809,363,24180   
"NY",1809,367,29242   
"NY",1809,369,31284   
"NY",1809,399,18253   
"NY",1809,413,105286  
"NY",1809,415,142989  
"NY",1810,310,33510   
"NY",1810,320,30517   
"NY",1810,336,19097   
"NY",1810,340,3840    
"NY",1810,343,25900   
"NY",1810,345,111651  
"NY",1810,351,14979   
"NY",1810,356,15259   
"NY",1810,361,50077   
"NY",1810,363,36563   
"NY",1810,367,24689   
"NY",1810,369,24470   
"NY",1810,399,11793   
"NY",1810,413,153266  
"NY",1810,415,50546   
"NY",1811,320,44139   
"NY",1811,336,19787   
"NY",1811,340,4095    
"NY",1811,343,45740   
"NY",1811,345,58435   
"NY",1811,351,15404   
"NY",1811,356,16000   
"NY",1811,361,59507   
"NY",1811,363,48374   
"NY",1811,367,18385   
"NY",1811,369,24288   
"NY",1811,399,48533   
"NY",1811,400,53158   
"NY",1811,415,133542  
"NY",1812,310,2847    
"NY",1812,320,38080   
"NY",1812,336,55851   
"NY",1812,343,31608   
"NY",1812,345,195025  
"NY",1812,351,15263   
"NY",1812,356,16000   
"NY",1812,361,89015   
"NY",1812,363,58370   
"NY",1812,367,6230    
"NY",1812,369,25994   
"NY",1812,399,37982   
"NY",1812,400,59911   
"NY",1812,413,65000   
"NY",1812,415,58208   
"NY",1813,310,500     
"NY",1813,320,52800   
"NY",1813,336,43026   
"NY",1813,340,2790    
"NY",1813,343,33215   
"NY",1813,345,101613  
"NY",1813,351,15451   
"NY",1813,356,16000   
"NY",1813,360,91833   
"NY",1813,361,88983   
"NY",1813,363,58961   
"NY",1813,367,2439    
"NY",1813,369,32066   
"NY",1813,399,23252   
"NY",1813,400,144353  
"NY",1813,413,1075    
"NY",1813,415,165022  
"NY",1814,310,48876   
"NY",1814,320,84440   
"NY",1814,336,60043   
"NY",1814,340,3790    
"NY",1814,343,40640   
"NY",1814,345,322275  
"NY",1814,351,16318   
"NY",1814,356,16000   
"NY",1814,360,55656   
"NY",1814,361,107216  
"NY",1814,363,61142   
"NY",1814,367,3792    
"NY",1814,369,31966   
"NY",1814,399,17004   
"NY",1814,400,101657  
"NY",1814,415,340456  
"NY",1815,310,46898   
"NY",1815,320,45246   
"NY",1815,336,26121   
"NY",1815,340,5612    
"NY",1815,343,42076   
"NY",1815,345,132857  
"NY",1815,351,17311   
"NY",1815,356,16000   
"NY",1815,360,784868  
"NY",1815,361,82955   
"NY",1815,363,64647   
"NY",1815,367,21725   
"NY",1815,369,38745   
"NY",1815,399,25391   
"NY",1815,400,166143  
"NY",1815,413,70000   
"NY",1815,415,451308  
"NY",1816,310,56101   
"NY",1816,320,74195   
"NY",1816,334,21783   
"NY",1816,336,22622   
"NY",1816,340,7917    
"NY",1816,343,71216   
"NY",1816,345,83992   
"NY",1816,351,21610   
"NY",1816,356,23500   
"NY",1816,360,365903  
"NY",1816,361,100287  
"NY",1816,363,80310   
"NY",1816,367,55119   
"NY",1816,369,67695   
"NY",1816,399,39329   
"NY",1816,413,577832  
"NY",1816,415,339490  
"NY",1817,310,70433   
"NY",1817,320,46503   
"NY",1817,334,95498   
"NY",1817,336,13298   
"NY",1817,340,11727   
"NY",1817,343,95734   
"NY",1817,345,32783   
"NY",1817,351,17805   
"NY",1817,356,24104   
"NY",1817,360,8201    
"NY",1817,361,99768   
"NY",1817,363,74351   
"NY",1817,367,57372   
"NY",1817,369,41334   
"NY",1817,399,15542   
"NY",1817,400,190298  
"NY",1817,413,195247  
"NY",1817,415,204430  
"NY",1818,310,65920   
"NY",1818,320,10804   
"NY",1818,334,218690  
"NY",1818,336,41268   
"NY",1818,340,8077    
"NY",1818,343,146264  
"NY",1818,345,21247   
"NY",1818,351,22753   
"NY",1818,356,22500   
"NY",1818,360,10512   
"NY",1818,361,92673   
"NY",1818,363,72037   
"NY",1818,367,12690   
"NY",1818,369,41800   
"NY",1818,399,27997   
"NY",1818,400,138335  
"NY",1818,413,1980088 
"NY",1818,415,71957   
"NY",1819,310,79281   
"NY",1819,320,20780   
"NY",1819,334,168741  
"NY",1819,336,4133    
"NY",1819,340,11977   
"NY",1819,343,162570  
"NY",1819,345,34287   
"NY",1819,351,24273   
"NY",1819,356,22500   
"NY",1819,360,18743   
"NY",1819,361,110033  
"NY",1819,363,51034   
"NY",1819,367,10611   
"NY",1819,369,37465   
"NY",1819,399,22572   
"NY",1819,400,88709   
"NY",1819,413,60000   
"NY",1819,415,281926  
"NY",1820,310,91199   
"NY",1820,320,10970   
"NY",1820,334,207450  
"NY",1820,336,17809   
"NY",1820,340,10484   
"NY",1820,343,71572   
"NY",1820,345,37064   
"NY",1820,351,31138   
"NY",1820,356,22500   
"NY",1820,360,19393   
"NY",1820,361,109934  
"NY",1820,363,44797   
"NY",1820,367,8348    
"NY",1820,369,35943   
"NY",1820,399,23003   
"NY",1820,400,107730  
"NY",1820,413,252096  
"NY",1820,415,101063  
"NY",1821,310,113220  
"NY",1821,320,13659   
"NY",1821,334,173773  
"NY",1821,336,23330   
"NY",1821,340,22659   
"NY",1821,343,88167   
"NY",1821,345,38543   
"NY",1821,351,30393   
"NY",1821,356,22500   
"NY",1821,360,20134   
"NY",1821,361,82592   
"NY",1821,363,28194   
"NY",1821,367,14755   
"NY",1821,369,26325   
"NY",1821,399,61647   
"NY",1821,400,86737   
"NY",1821,413,210000  
"NY",1821,415,14056   
"NY",1822,310,87983   
"NY",1822,320,11914   
"NY",1822,334,268363  
"NY",1822,336,4839    
"NY",1822,340,14869   
"NY",1822,343,56326   
"NY",1822,345,17093   
"NY",1822,351,28027   
"NY",1822,356,22500   
"NY",1822,360,33040   
"NY",1822,361,95708   
"NY",1822,363,27362   
"NY",1822,367,19454   
"NY",1822,369,24497   
"NY",1822,398,1000    
"NY",1822,399,28478   
"NY",1822,400,60000   
"NY",1822,413,116800  
"NY",1822,415,5842    
"NY",1823,310,96833   
"NY",1823,320,15437   
"NY",1823,334,444505  
"NY",1823,336,4037    
"NY",1823,340,1635    
"NY",1823,343,48624   
"NY",1823,345,10412   
"NY",1823,351,27675   
"NY",1823,356,22500   
"NY",1823,360,22515   
"NY",1823,361,90499   
"NY",1823,363,20463   
"NY",1823,367,41320   
"NY",1823,369,24552   
"NY",1823,399,11401   
"NY",1823,400,60000   
"NY",1823,413,142108  
"NY",1823,415,20448   
"NY",1824,310,85783   
"NY",1824,320,15633   
"NY",1824,334,1103570 
"NY",1824,336,1069    
"NY",1824,340,1337    
"NY",1824,343,43589   
"NY",1824,345,5406    
"NY",1824,351,22419   
"NY",1824,356,22500   
"NY",1824,360,13746   
"NY",1824,361,105667  
"NY",1824,363,18865   
"NY",1824,367,12985   
"NY",1824,369,32178   
"NY",1824,399,13689   
"NY",1824,413,828777  
"NY",1825,310,85245   
"NY",1825,320,16912   
"NY",1825,334,859503  
"NY",1825,336,19386   
"NY",1825,340,975     
"NY",1825,343,67143   
"NY",1825,345,7910    
"NY",1825,351,20951   
"NY",1825,356,22500   
"NY",1825,360,23604   
"NY",1825,361,99179   
"NY",1825,363,25482   
"NY",1825,367,28452   
"NY",1825,369,25940   
"NY",1825,399,19592   
"NY",1825,400,44      
"NY",1825,413,280138  
"NY",1825,415,163700  
"NY",1826,310,91823   
"NY",1826,320,15009   
"NY",1826,334,1036399 
"NY",1826,336,45926   
"NY",1826,340,1257    
"NY",1826,343,59994   
"NY",1826,345,9091    
"NY",1826,351,18995   
"NY",1826,356,22500   
"NY",1826,360,24988   
"NY",1826,361,87291   
"NY",1826,363,21327   
"NY",1826,367,46838   
"NY",1826,369,37086   
"NY",1826,399,34142   
"NY",1826,415,232000  
"NY",1827,310,104907  
"NY",1827,320,16601   
"NY",1827,334,1364515 
"NY",1827,336,21721   
"NY",1827,340,2228    
"NY",1827,343,44597   
"NY",1827,345,11265   
"NY",1827,351,17992   
"NY",1827,356,22500   
"NY",1827,360,48328   
"NY",1827,361,100746  
"NY",1827,363,27317   
"NY",1827,367,29696   
"NY",1827,369,40890   
"NY",1827,399,54783   
"NY",1827,415,261     
"NY",1828,310,104703  
"NY",1828,320,19002   
"NY",1828,334,1208471 
"NY",1828,336,30679   
"NY",1828,340,4210    
"NY",1828,343,57488   
"NY",1828,345,13469   
"NY",1828,351,18024   
"NY",1828,356,22500   
"NY",1828,360,47878   
"NY",1828,361,167617  
"NY",1828,363,32605   
"NY",1828,367,77651   
"NY",1828,369,32489   
"NY",1828,399,44251   
"NY",1828,415,107767  
"NY",1829,310,6966    
"NY",1829,320,12623   
"NY",1829,334,1170080 
"NY",1829,336,42167   
"NY",1829,340,4511    
"NY",1829,343,60487   
"NY",1829,345,13113   
"NY",1829,351,17993   
"NY",1829,356,22500   
"NY",1829,360,50909   
"NY",1829,361,142638  
"NY",1829,363,25393   
"NY",1829,367,21278   
"NY",1829,369,45414   
"NY",1829,382,1347137 
"NY",1829,399,46557   
"NY",1829,400,500     
"NY",1830,320,7737    
"NY",1830,334,35279   
"NY",1830,336,7836    
"NY",1830,343,56459   
"NY",1830,345,10645   
"NY",1830,351,18061   
"NY",1830,360,57868   
"NY",1830,361,84436   
"NY",1830,363,30222   
"NY",1830,367,18845   
"NY",1830,369,31328   
"NY",1830,382,1553704 
"NY",1830,399,56303   
"NY",1831,334,24228   
"NY",1831,343,44831   
"NY",1831,345,7996    
"NY",1831,351,18144   
"NY",1831,360,57183   
"NY",1831,361,88717   
"NY",1831,363,18579   
"NY",1831,369,25056   
"NY",1831,382,1404566 
"NY",1831,399,58787   
"NY",1832,320,8839    
"NY",1832,334,23178   
"NY",1832,343,39290   
"NY",1832,351,20168   
"NY",1832,360,93764   
"NY",1832,361,108601  
"NY",1832,363,32657   
"NY",1832,369,31769   
"NY",1832,382,1755384 
"NY",1832,399,52000   
"NY",1832,400,6806    
"NY",1833,320,8730    
"NY",1833,334,73079   
"NY",1833,336,18266   
"NY",1833,340,1455    
"NY",1833,343,11848   
"NY",1833,345,14483   
"NY",1833,351,18240   
"NY",1833,360,43253   
"NY",1833,361,99878   
"NY",1833,363,28507   
"NY",1833,369,32705   
"NY",1833,382,2009572 
"NY",1833,399,26625   
"NY",1833,400,28923   
"NY",1834,320,12194   
"NY",1834,334,93881   
"NY",1834,340,1305    
"NY",1834,343,9537    
"NY",1834,345,19160   
"NY",1834,351,17872   
"NY",1834,360,36422   
"NY",1834,361,106901  
"NY",1834,363,36920   
"NY",1834,367,55235   
"NY",1834,369,32868   
"NY",1834,399,38046   
"NY",1834,400,33247   
"NY",1835,320,21848   
"NY",1835,334,44465   
"NY",1835,336,17575   
"NY",1835,343,7759    
"NY",1835,345,13536   
"NY",1835,351,21861   
"NY",1835,360,50876   
"NY",1835,361,110963  
"NY",1835,363,30400   
"NY",1835,367,27650   
"NY",1835,369,35018   
"NY",1835,399,14528   
"NY",1835,400,38293   
"NY",1836,320,32210   
"NY",1836,334,94508   
"NY",1836,343,537     
"NY",1836,345,12999   
"NY",1836,351,17921   
"NY",1836,360,79959   
"NY",1836,361,135008  
"NY",1836,363,24303   
"NY",1836,367,20002   
"NY",1836,369,37331   
"NY",1836,399,2448    
"NY",1836,400,41912   
"NY",1837,320,68084   
"NY",1837,334,217385  
"NY",1837,343,25467   
"NY",1837,345,14421   
"NY",1837,351,17796   
"NY",1837,360,46694   
"NY",1837,361,138396  
"NY",1837,363,24553   
"NY",1837,367,18461   
"NY",1837,369,41071   
"NY",1837,399,88881   
"NY",1837,400,48686   
"NY",1838,320,89887   
"NY",1838,334,229161  
"NY",1838,343,3334    
"NY",1838,345,36581   
"NY",1838,351,18018   
"NY",1838,360,54156   
"NY",1838,361,112516  
"NY",1838,363,24068   
"NY",1838,367,41300   
"NY",1838,369,42048   
"NY",1838,399,137449  
"NY",1838,400,111969  
"NY",1838,413,100000  
"NY",1839,320,124833  
"NY",1839,334,182688  
"NY",1839,340,756     
"NY",1839,343,265     
"NY",1839,345,16594   
"NY",1839,351,15431   
"NY",1839,360,41409   
"NY",1839,361,119470  
"NY",1839,363,128345  
"NY",1839,367,152123  
"NY",1839,369,52909   
"NY",1839,399,72173   
"NY",1839,400,123246  
"NY",1839,413,218951  
"NY",1840,320,141820  
"NY",1840,334,385613  
"NY",1840,343,21702   
"NY",1840,345,28406   
"NY",1840,351,10520   
"NY",1840,356,22500   
"NY",1840,360,86336   
"NY",1840,361,127770  
"NY",1840,363,79290   
"NY",1840,367,81259   
"NY",1840,369,39896   
"NY",1840,399,158983  
"NY",1840,400,120243  
"NY",1840,413,303500  
"NY",1841,320,110642  
"NY",1841,343,15351   
"NY",1841,345,17784   
"NY",1841,351,39289   
"NY",1841,356,22500   
"NY",1841,360,125737  
"NY",1841,361,164722  
"NY",1841,363,72683   
"NY",1841,367,141303  
"NY",1841,369,43273   
"NY",1841,399,112109  
"NY",1841,400,71082   
"NY",1841,413,530000  
"NY",1842,310,9255    
"NY",1842,320,97703   
"NY",1842,340,1840    
"NY",1842,343,14840   
"NY",1842,344,14776   
"NY",1842,345,23916   
"NY",1842,351,14811   
"NY",1842,360,95499   
"NY",1842,361,156526  
"NY",1842,363,93030   
"NY",1842,367,86284   
"NY",1842,369,44257   
"NY",1842,399,54285   
"NY",1842,400,210345  
"NY",1842,413,288000  
"NY",1843,310,4154    
"NY",1843,320,11448   
"NY",1843,336,9565    
"NY",1843,340,21477   
"NY",1843,343,18926   
"NY",1843,344,13035   
"NY",1843,345,23498   
"NY",1843,351,15825   
"NY",1843,360,23588   
"NY",1843,361,121089  
"NY",1843,363,103595  
"NY",1843,367,125199  
"NY",1843,369,35853   
"NY",1843,399,145908  
"NY",1843,400,191986  
"NY",1843,413,290727  
"NY",1844,310,6216    
"NY",1844,320,80920   
"NY",1844,334,278198  
"NY",1844,336,41316   
"NY",1844,340,36078   
"NY",1844,343,42560   
"NY",1844,344,17354   
"NY",1844,345,21567   
"NY",1844,351,14075   
"NY",1844,360,92022   
"NY",1844,361,130704  
"NY",1844,363,99833   
"NY",1844,367,64890   
"NY",1844,369,36026   
"NY",1844,399,25479   
"NY",1844,400,294713  
"NY",1844,413,541884  
"NY",1845,310,6899    
"NY",1845,320,100063  
"NY",1845,334,9606    
"NY",1845,336,31528   
"NY",1845,340,80627   
"NY",1845,343,95266   
"NY",1845,344,11875   
"NY",1845,345,27993   
"NY",1845,351,16233   
"NY",1845,360,84944   
"NY",1845,361,148391  
"NY",1845,363,100479  
"NY",1845,367,70207   
"NY",1845,369,38056   
"NY",1845,399,100550  
"NY",1845,400,268633  
"NY",1845,413,617385  
"NY",1846,310,7182    
"NY",1846,320,128951  
"NY",1846,334,56503   
"NY",1846,336,18918   
"NY",1846,340,20569   
"NY",1846,343,103584  
"NY",1846,344,10788   
"NY",1846,345,99871   
"NY",1846,351,15489   
"NY",1846,360,62665   
"NY",1846,361,170989  
"NY",1846,363,100182  
"NY",1846,367,40016   
"NY",1846,369,36489   
"NY",1846,399,50850   
"NY",1846,400,300770  
"NY",1847,310,11921   
"NY",1847,320,97291   
"NY",1847,334,119410  
"NY",1847,336,30548   
"NY",1847,343,68532   
"NY",1847,345,36824   
"NY",1847,351,7121    
"NY",1847,361,132132  
"NY",1847,363,70303   
"NY",1847,367,37139   
"NY",1847,369,38876   
"NY",1847,399,172022  
"NY",1848,310,8759    
"NY",1848,320,124779  
"NY",1848,336,25520   
"NY",1848,343,138400  
"NY",1848,344,16215   
"NY",1848,345,53769   
"NY",1848,351,7417    
"NY",1848,360,30352   
"NY",1848,361,209106  
"NY",1848,363,90449   
"NY",1848,367,36398   
"NY",1848,369,61075   
"NY",1848,399,82541   
"NY",1849,310,12166   
"NY",1849,320,152362  
"NY",1849,336,38224   
"NY",1849,343,84395   
"NY",1849,344,17400   
"NY",1849,345,50174   
"NY",1849,351,6563    
"NY",1849,360,44259   
"NY",1849,361,157738  
"NY",1849,363,109272  
"NY",1849,367,24220   
"NY",1849,369,64853   
"NY",1849,399,65667   
"NY",1850,310,9238    
"NY",1850,320,126633  
"NY",1850,336,47399   
"NY",1850,343,83490   
"NY",1850,344,19348   
"NY",1850,345,14720   
"NY",1850,360,24568   
"NY",1850,361,188537  
"NY",1850,363,100405  
"NY",1850,369,40390   
"NY",1850,399,121176  
"NY",1850,400,1436    
"NY",1850,413,30000   
"NY",1851,310,7187    
"NY",1851,320,106485  
"NY",1851,336,30000   
"NY",1851,343,70390   
"NY",1851,344,19803   
"NY",1851,345,26141   
"NY",1851,351,7358    
"NY",1851,360,118734  
"NY",1851,361,263712  
"NY",1851,363,95918   
"NY",1851,369,41764   
"NY",1851,399,91876   
"NY",1851,400,11572   
"NY",1852,310,59267   
"NY",1852,320,215933  
"NY",1852,336,34912   
"NY",1852,343,81365   
"NY",1852,344,19066   
"NY",1852,345,52683   
"NY",1852,351,7027    
"NY",1852,360,14970   
"NY",1852,361,243611  
"NY",1852,363,95061   
"NY",1852,367,24901   
"NY",1852,369,66630   
"NY",1852,399,339349  
"NY",1852,400,16670   
"NY",1853,310,53250   
"NY",1853,320,192895  
"NY",1853,336,43058   
"NY",1853,343,101627  
"NY",1853,344,20292   
"NY",1853,345,15082   
"NY",1853,351,7762    
"NY",1853,360,15474   
"NY",1853,361,274208  
"NY",1853,363,96328   
"NY",1853,367,27852   
"NY",1853,369,55293   
"NY",1853,399,88266   
"NY",1853,400,13709   
"NY",1854,310,22017   
"NY",1854,320,282012  
"NY",1854,334,621467  
"NY",1854,336,79069   
"NY",1854,343,183651  
"NY",1854,344,22956   
"NY",1854,345,20553   
"NY",1854,351,9325    
"NY",1854,360,35862   
"NY",1854,361,223750  
"NY",1854,363,97875   
"NY",1854,367,24875   
"NY",1854,369,56226   
"NY",1854,399,58352   
"NY",1854,400,47468   
"NY",1855,310,31656   
"NY",1855,320,351434  
"NY",1855,336,107317  
"NY",1855,343,480266  
"NY",1855,344,21902   
"NY",1855,345,14911   
"NY",1855,351,9204    
"NY",1855,360,41077   
"NY",1855,361,267613  
"NY",1855,363,97914   
"NY",1855,367,51544   
"NY",1855,369,64687   
"NY",1855,399,133016  
"NY",1855,400,31226   
"NY",1855,413,50000   
"NY",1856,310,42215   
"NY",1856,320,227784  
"NY",1856,334,320000  
"NY",1856,336,119514  
"NY",1856,343,270136  
"NY",1856,344,88046   
"NY",1856,345,14317   
"NY",1856,351,7018    
"NY",1856,360,91193   
"NY",1856,361,189893  
"NY",1856,363,97171   
"NY",1856,367,10790   
"NY",1856,369,76477   
"NY",1856,399,72014   
"NY",1856,400,40608   
"NY",1856,413,150000  
"NY",1857,310,44996   
"NY",1857,320,342454  
"NY",1857,334,262500  
"NY",1857,336,201268  
"NY",1857,341,183190  
"NY",1857,344,38505   
"NY",1857,345,31409   
"NY",1857,351,7026    
"NY",1857,356,50018   
"NY",1857,360,35523   
"NY",1857,361,263918  
"NY",1857,363,98052   
"NY",1857,367,40767   
"NY",1857,369,81761   
"NY",1857,399,417802  
"NY",1857,400,42693   
"NY",1857,413,287000  
"NY",1858,310,49864   
"NY",1858,320,368574  
"NY",1858,334,1240500 
"NY",1858,336,167034  
"NY",1858,341,1319595 
"NY",1858,343,311179  
"NY",1858,344,33475   
"NY",1858,345,174448  
"NY",1858,351,8258    
"NY",1858,356,11491   
"NY",1858,360,22647   
"NY",1858,361,264006  
"NY",1858,363,105511  
"NY",1858,367,30945   
"NY",1858,369,82489   
"NY",1858,399,106379  
"NY",1858,400,27597   
"NY",1858,413,50000   
"NY",1859,310,47836   
"NY",1859,320,275750  
"NY",1859,331,1367827 
"NY",1859,336,70533   
"NY",1859,343,343398  
"NY",1859,344,30907   
"NY",1859,345,159032  
"NY",1859,351,10225   
"NY",1859,356,96359   
"NY",1859,360,14759   
"NY",1859,361,284835  
"NY",1859,363,111000  
"NY",1859,367,29767   
"NY",1859,369,83392   
"NY",1859,382,1730747 
"NY",1859,399,238246  
"NY",1859,400,26789   
"NY",1859,413,150000  
"NY",1860,310,25980   
"NY",1860,320,263079  
"NY",1860,336,70711   
"NY",1860,343,426632  
"NY",1860,344,50075   
"NY",1860,345,52725   
"NY",1860,351,9219    
"NY",1860,356,28361   
"NY",1860,360,33222   
"NY",1860,361,306096  
"NY",1860,363,115413  
"NY",1860,367,52814   
"NY",1860,369,77306   
"NY",1860,382,1421972 
"NY",1860,399,143010  
"NY",1860,400,26789   
"NY",1861,310,36746   
"NY",1861,320,253183  
"NY",1861,336,63500   
"NY",1861,343,388931  
"NY",1861,344,50227   
"NY",1861,345,23016   
"NY",1861,351,11521   
"NY",1861,360,42071   
"NY",1861,361,249453  
"NY",1861,363,123662  
"NY",1861,367,34652   
"NY",1861,369,71578   
"NY",1861,382,852552  
"NY",1861,399,2909098 
"NY",1861,400,34289   
"NY",1861,413,200000  
"NY",1862,310,19704   
"NY",1862,320,256456  
"NY",1862,336,43074   
"NY",1862,343,311745  
"NY",1862,344,50814   
"NY",1862,345,854279  
"NY",1862,351,16475   
"NY",1862,356,6641    
"NY",1862,360,583524  
"NY",1862,361,219570  
"NY",1862,363,123808  
"NY",1862,367,21483   
"NY",1862,369,73846   
"NY",1862,382,2769623 
"NY",1862,399,81427   
"NY",1862,400,174497  
"NY",1862,413,300000  
"NY",1862,415,1240000 
"NY",1863,310,32503   
"NY",1863,320,258134  
"NY",1863,336,54655   
"NY",1863,343,385542  
"NY",1863,344,61373   
"NY",1863,345,5290392 
"NY",1863,351,13807   
"NY",1863,360,45895   
"NY",1863,361,247676  
"NY",1863,363,134523  
"NY",1863,367,74901   
"NY",1863,369,73108   
"NY",1863,382,1420188 
"NY",1863,399,104458  
"NY",1863,400,102444  
"NY",1863,413,1505000 
"NY",1864,310,29871   
"NY",1864,320,303579  
"NY",1864,336,203263  
"NY",1864,343,409996  
"NY",1864,344,69523   
"NY",1864,345,4708397 
"NY",1864,351,12092   
"NY",1864,356,50437   
"NY",1864,360,36150   
"NY",1864,361,320715  
"NY",1864,363,140207  
"NY",1864,367,37741   
"NY",1864,369,84036   
"NY",1864,382,535374  
"NY",1864,399,443992  
"NY",1864,400,26789   
"NY",1864,413,5000    
"NY",1865,310,43337   
"NY",1865,320,440421  
"NY",1865,336,140206  
"NY",1865,343,578909  
"NY",1865,344,79207   
"NY",1865,345,5844461 
"NY",1865,351,15888   
"NY",1865,356,50240   
"NY",1865,360,565538  
"NY",1865,361,412318  
"NY",1865,363,142295  
"NY",1865,367,39212   
"NY",1865,369,100665  
"NY",1865,382,931779  
"NY",1865,399,125887  
"NY",1865,400,665647  
"NY",1865,413,2000000 
"NY",1866,310,44260   
"NY",1866,320,565907  
"NY",1866,336,322800  
"NY",1866,343,692295  
"NY",1866,344,63458   
"NY",1866,345,1340337 
"NY",1866,351,9969    
"NY",1866,356,95562   
"NY",1866,360,83114   
"NY",1866,361,376253  
"NY",1866,363,145028  
"NY",1866,367,96672   
"NY",1866,369,152105  
"NY",1866,382,2147614 
"NY",1866,399,164593  
"NY",1866,400,1554322 
"NY",1866,413,1000000 
"NY",1867,310,29964   
"NY",1867,320,759482  
"NY",1867,336,193632  
"NY",1867,343,896909  
"NY",1867,344,78785   
"NY",1867,345,564409  
"NY",1867,351,13613   
"NY",1867,356,96340   
"NY",1867,360,44109   
"NY",1867,361,427868  
"NY",1867,363,152201  
"NY",1867,367,32665   
"NY",1867,369,115372  
"NY",1867,382,1406817 
"NY",1867,399,268328  
"NY",1867,411,3188786 
"NY",1868,310,106767  
"NY",1868,320,775256  
"NY",1868,336,431811  
"NY",1868,343,988188  
"NY",1868,344,81414   
"NY",1868,345,375413  
"NY",1868,351,19748   
"NY",1868,356,239845  
"NY",1868,360,72820   
"NY",1868,361,467579  
"NY",1868,363,156585  
"NY",1868,367,80881   
"NY",1868,369,126250  
"NY",1868,382,1019266 
"NY",1868,399,280476  
"NY",1868,411,4892476 
"NY",1869,310,78906   
"NY",1869,320,1046074 
"NY",1869,336,224028  
"NY",1869,343,1147052 
"NY",1869,344,91618   
"NY",1869,345,375921  
"NY",1869,351,25814   
"NY",1869,356,342495  
"NY",1869,360,123633  
"NY",1869,361,487561  
"NY",1869,363,161273  
"NY",1869,367,477006  
"NY",1869,369,162478  
"NY",1869,382,1828400 
"NY",1869,398,10292   
"NY",1869,399,124870  
"NY",1869,411,3479996 
"NY",1870,310,20943   
"NY",1870,311,2890151 
"NY",1870,320,1316182 
"NY",1870,334,1595053 
"NY",1870,336,72864   
"NY",1870,343,981679  
"NY",1870,344,10744   
"NY",1870,345,309087  
"NY",1870,351,40956   
"NY",1870,356,290644  
"NY",1870,360,64358   
"NY",1870,361,674933  
"NY",1870,363,202454  
"NY",1870,367,1252788 
"NY",1870,369,331381  
"NY",1870,398,11445   
"NY",1870,399,134069  
"NY",1871,310,26614   
"NY",1871,311,3007563 
"NY",1871,320,1773371 
"NY",1871,334,3880035 
"NY",1871,336,129048  
"NY",1871,343,929884  
"NY",1871,344,29355   
"NY",1871,345,501555  
"NY",1871,351,19457   
"NY",1871,356,344329  
"NY",1871,360,43449   
"NY",1871,361,660855  
"NY",1871,363,361509  
"NY",1871,367,515413  
"NY",1871,369,301111  
"NY",1871,398,11744   
"NY",1871,399,267773  
"NY",1871,413,710117  
"NY",1872,310,46577   
"NY",1872,311,3033586 
"NY",1872,320,2155033 
"NY",1872,334,2238096 
"NY",1872,336,264045  
"NY",1872,343,923200  
"NY",1872,344,54378   
"NY",1872,345,267787  
"NY",1872,351,22593   
"NY",1872,356,241505  
"NY",1872,360,134368  
"NY",1872,361,599198  
"NY",1872,363,391365  
"NY",1872,367,893595  
"NY",1872,369,311571  
"NY",1872,398,200     
"NY",1872,399,217319  
"NY",1872,413,315750  
"NY",1873,310,35091   
"NY",1873,311,3012533 
"NY",1873,320,1194944 
"NY",1873,334,2863070 
"NY",1873,336,145719  
"NY",1873,343,1005264 
"NY",1873,344,52000   
"NY",1873,345,495597  
"NY",1873,351,19157   
"NY",1873,356,365329  
"NY",1873,360,109560  
"NY",1873,361,513350  
"NY",1873,363,393622  
"NY",1873,367,129810  
"NY",1873,369,337928  
"NY",1873,398,36500   
"NY",1873,399,1277373 
"NY",1873,413,1846826 
"NY",1874,310,37184   
"NY",1874,311,3278857 
"NY",1874,320,796752  
"NY",1874,334,3281985 
"NY",1874,336,124396  
"NY",1874,343,1014263 
"NY",1874,344,48360   
"NY",1874,345,356160  
"NY",1874,351,17993   
"NY",1874,356,215483  
"NY",1874,360,141161  
"NY",1874,361,421279  
"NY",1874,363,400579  
"NY",1874,367,650469  
"NY",1874,369,332989  
"NY",1874,398,6403    
"NY",1874,399,259505  
"NY",1874,413,725768  
"NY",1875,310,175375  
"NY",1875,311,3303046 
"NY",1875,320,1172571 
"NY",1875,334,2537819 
"NY",1875,336,92019   
"NY",1875,343,963155  
"NY",1875,344,92821   
"NY",1875,345,364594  
"NY",1875,351,24352   
"NY",1875,356,62453   
"NY",1875,360,41266   
"NY",1875,361,603061  
"NY",1875,363,387754  
"NY",1875,367,1442476 
"NY",1875,369,301381  
"NY",1875,399,202519  
"NY",1876,310,57140   
"NY",1876,311,3402460 
"NY",1876,320,1256922 
"NY",1876,334,712820  
"NY",1876,336,103759  
"NY",1876,343,980895  
"NY",1876,344,201305  
"NY",1876,345,340619  
"NY",1876,351,19800   
"NY",1876,356,25913   
"NY",1876,360,47626   
"NY",1876,361,616157  
"NY",1876,363,343994  
"NY",1876,367,944808  
"NY",1876,369,337196  
"NY",1876,399,108858  
"NY",1877,310,55094   
"NY",1877,311,3508436 
"NY",1877,320,1199626 
"NY",1877,336,113710  
"NY",1877,343,737076  
"NY",1877,344,326684  
"NY",1877,345,333420  
"NY",1877,351,19306   
"NY",1877,356,17500   
"NY",1877,360,81838   
"NY",1877,361,521554  
"NY",1877,363,330992  
"NY",1877,367,769434  
"NY",1877,369,321001  
"NY",1877,399,129917  
"NY",1878,310,48103   
"NY",1878,311,3544586 
"NY",1878,320,983451  
"NY",1878,334,900208  
"NY",1878,336,94447   
"NY",1878,343,662366  
"NY",1878,344,282414  
"NY",1878,345,555807  
"NY",1878,351,19254   
"NY",1878,356,38500   
"NY",1878,360,83191   
"NY",1878,361,572223  
"NY",1878,363,336897  
"NY",1878,367,1152071 
"NY",1878,369,362026  
"NY",1878,398,2500    
"NY",1878,399,397194  
"NY",1879,310,99009   
"NY",1879,311,3355813 
"NY",1879,320,1074650 
"NY",1879,334,805083  
"NY",1879,336,86926   
"NY",1879,343,729254  
"NY",1879,344,235902  
"NY",1879,345,681807  
"NY",1879,351,40390   
"NY",1879,356,32308   
"NY",1879,360,63657   
"NY",1879,361,494381  
"NY",1879,363,326243  
"NY",1879,367,1026030 
"NY",1879,369,310494  
"NY",1879,398,1000    
"NY",1879,399,298562  
"NY",1880,310,100868  
"NY",1880,311,3359218 
"NY",1880,320,1229776 
"NY",1880,334,789725  
"NY",1880,336,35704   
"NY",1880,343,668411  
"NY",1880,344,301824  
"NY",1880,345,483938  
"NY",1880,351,68234   
"NY",1880,356,35771   
"NY",1880,360,128192  
"NY",1880,361,500378  
"NY",1880,363,357149  
"NY",1880,367,1186398 
"NY",1880,369,153074  
"NY",1880,398,4000    
"NY",1880,399,26364   
"NY",1881,310,288154  
"NY",1881,311,2977770 
"NY",1881,320,453074  
"NY",1881,322,228069  
"NY",1881,334,2225344 
"NY",1881,336,1463783 
"NY",1881,343,560876  
"NY",1881,344,357783  
"NY",1881,345,305944  
"NY",1881,351,27020   
"NY",1881,361,507035  
"NY",1881,362,37777   
"NY",1881,363,439901  
"NY",1881,369,133970  
"NY",1881,382,589432  
"NY",1881,399,212234  
"NY",1881,413,500000  
"NY",1882,310,274306  
"NY",1882,311,3010737 
"NY",1882,320,523453  
"NY",1882,322,176137  
"NY",1882,334,1260228 
"NY",1882,336,1370021 
"NY",1882,343,533627  
"NY",1882,344,405738  
"NY",1882,345,343204  
"NY",1882,351,75910   
"NY",1882,361,457030  
"NY",1882,362,36983   
"NY",1882,363,358460  
"NY",1882,369,125948  
"NY",1882,382,3105483 
"NY",1882,399,198551  
"NY",1883,310,323070  
"NY",1883,311,3007712 
"NY",1883,320,585741  
"NY",1883,322,173206  
"NY",1883,334,3545695 
"NY",1883,336,1467081 
"NY",1883,343,548171  
"NY",1883,344,348628  
"NY",1883,345,383735  
"NY",1883,351,49524   
"NY",1883,361,460334  
"NY",1883,362,34409   
"NY",1883,363,369096  
"NY",1883,369,142127  
"NY",1883,382,3868091 
"NY",1883,399,174489  
"NY",1884,310,481192  
"NY",1884,311,3034949 
"NY",1884,320,465888  
"NY",1884,322,125816  
"NY",1884,334,2984172 
"NY",1884,336,1397852 
"NY",1884,343,544382  
"NY",1884,344,400203  
"NY",1884,345,496271  
"NY",1884,351,51147   
"NY",1884,361,492428  
"NY",1884,362,31775   
"NY",1884,363,456527  
"NY",1884,369,158487  
"NY",1884,382,681928  
"NY",1884,399,204882  
"NY",1885,310,471702  
"NY",1885,311,3028903 
"NY",1885,320,613578  
"NY",1885,322,175310  
"NY",1885,334,2495425 
"NY",1885,336,1141487 
"NY",1885,343,1076327 
"NY",1885,344,541637  
"NY",1885,345,487123  
"NY",1885,351,97183   
"NY",1885,361,469919  
"NY",1885,362,32341   
"NY",1885,363,489920  
"NY",1885,367,1405299 
"NY",1885,369,162007  
"NY",1885,382,650256  
"NY",1886,310,479593  
"NY",1886,311,3057610 
"NY",1886,320,807271  
"NY",1886,322,322202  
"NY",1886,334,2094812 
"NY",1886,336,945712  
"NY",1886,343,1392063 
"NY",1886,344,542706  
"NY",1886,345,460071  
"NY",1886,351,103734  
"NY",1886,361,521648  
"NY",1886,362,83942   
"NY",1886,363,489374  
"NY",1886,367,300000  
"NY",1886,369,174289  
"NY",1886,382,618010  
"NY",1886,399,125000  
"NY",1887,310,470261  
"NY",1887,311,3569827 
"NY",1887,320,826294  
"NY",1887,322,426213  
"NY",1887,334,3518886 
"NY",1887,336,159406  
"NY",1887,343,1741298 
"NY",1887,344,586572  
"NY",1887,345,425275  
"NY",1887,351,122823  
"NY",1887,361,530266  
"NY",1887,362,116984  
"NY",1887,363,501426  
"NY",1887,369,179263  
"NY",1887,382,927121  
"NY",1887,399,236479  
"NY",1887,400,122500  
"NY",1888,310,487296  
"NY",1888,311,3578916 
"NY",1888,320,1015698 
"NY",1888,322,646290  
"NY",1888,334,2537542 
"NY",1888,336,310472  
"NY",1888,343,2174698 
"NY",1888,344,740150  
"NY",1888,345,546555  
"NY",1888,351,137924  
"NY",1888,361,613458  
"NY",1888,362,45498   
"NY",1888,363,526823  
"NY",1888,369,164147  
"NY",1888,382,1184035 
"NY",1888,399,225011  
"NY",1888,400,120000  
"NY",1889,310,694278  
"NY",1889,311,3587633 
"NY",1889,320,938072  
"NY",1889,322,688031  
"NY",1889,334,2047990 
"NY",1889,336,546055  
"NY",1889,343,880002  
"NY",1889,344,807706  
"NY",1889,345,672973  
"NY",1889,351,218059  
"NY",1889,361,661891  
"NY",1889,362,36450   
"NY",1889,363,554404  
"NY",1889,369,174248  
"NY",1889,382,654697  
"NY",1889,399,273445  
"NY",1889,400,117500  
"NY",1890,310,527552  
"NY",1890,311,3609362 
"NY",1890,320,958113  
"NY",1890,322,877621  
"NY",1890,334,3799415 
"NY",1890,336,286731  
"NY",1890,343,1081362 
"NY",1890,344,856806  
"NY",1890,345,613321  
"NY",1890,351,224241  
"NY",1890,361,623189  
"NY",1890,362,36095   
"NY",1890,363,588474  
"NY",1890,369,201863  
"NY",1890,382,621569  
"NY",1890,399,209691  
"NY",1890,400,115000  
"NY",1891,310,482771  
"NY",1891,311,3883891 
"NY",1891,320,1026265 
"NY",1891,322,1069420 
"NY",1891,334,3661102 
"NY",1891,336,624117  
"NY",1891,343,995550  
"NY",1891,344,758678  
"NY",1891,345,528756  
"NY",1891,351,234482  
"NY",1891,361,535964  
"NY",1891,362,35401   
"NY",1891,363,616538  
"NY",1891,369,214575  
"NY",1891,382,2395837 
"NY",1891,399,241582  
"NY",1891,400,112501  
"NY",1892,310,513495  
"NY",1892,311,3908899 
"NY",1892,320,1007115 
"NY",1892,322,1102779 
"NY",1892,334,3408644 
"NY",1892,336,905787  
"NY",1892,343,952805  
"NY",1892,344,828208  
"NY",1892,345,660139  
"NY",1892,351,277261  
"NY",1892,361,658188  
"NY",1892,362,64611   
"NY",1892,363,642708  
"NY",1892,369,398367  
"NY",1892,382,1921729 
"NY",1892,399,329480  
"NY",1892,400,110000  
"NY",1893,310,938380  
"NY",1893,311,3911569 
"NY",1893,320,1334212 
"NY",1893,322,961976  
"NY",1893,334,1576138 
"NY",1893,336,883108  
"NY",1893,343,891298  
"NY",1893,344,1326478 
"NY",1893,345,1008154 
"NY",1893,351,291770  
"NY",1893,361,810392  
"NY",1893,362,44535   
"NY",1893,363,602710  
"NY",1893,369,229047  
"NY",1893,382,1333099 
"NY",1893,399,366549  
"NY",1893,400,307500  
"NY",1894,310,639956  
"NY",1894,311,3970991 
"NY",1894,320,1233575 
"NY",1894,322,2194239 
"NY",1894,334,1451211 
"NY",1894,336,832101  
"NY",1894,343,880079  
"NY",1894,344,1031658 
"NY",1894,345,769654  
"NY",1894,351,379353  
"NY",1894,361,1198159 
"NY",1894,362,36165   
"NY",1894,363,616736  
"NY",1894,369,253712  
"NY",1894,382,2788566 
"NY",1894,399,280814  
"NY",1894,413,350000  
"NY",1895,310,602038  
"NY",1895,311,4030420 
"NY",1895,320,1509410 
"NY",1895,322,2501308 
"NY",1895,334,1363760 
"NY",1895,336,216477  
"NY",1895,343,845549  
"NY",1895,344,1071898 
"NY",1895,345,852728  
"NY",1895,351,376081  
"NY",1895,361,1210454 
"NY",1895,362,35214   
"NY",1895,363,628413  
"NY",1895,369,271333  
"NY",1895,382,1124840 
"NY",1895,399,345745  
"NY",1895,413,1600000 
"NY",1896,310,587982  
"NY",1896,311,4016423 
"NY",1896,320,1616785 
"NY",1896,322,4027494 
"NY",1896,334,1822917 
"NY",1896,336,851199  
"NY",1896,343,698282  
"NY",1896,344,1178698 
"NY",1896,345,739978  
"NY",1896,351,429489  
"NY",1896,361,1226060 
"NY",1896,362,53159   
"NY",1896,363,753646  
"NY",1896,369,332053  
"NY",1896,382,2743654 
"NY",1896,399,301629  
"NY",1896,413,2800000 
"NY",1897,310,642991  
"NY",1897,311,4048643 
"NY",1897,320,1708772 
"NY",1897,322,5291557 
"NY",1897,334,5249035 
"NY",1897,336,1246206 
"NY",1897,343,737601  
"NY",1897,344,1428127 
"NY",1897,345,860165  
"NY",1897,351,414832  
"NY",1897,361,1062924 
"NY",1897,362,38456   
"NY",1897,363,836511  
"NY",1897,369,325255  
"NY",1897,382,3353353 
"NY",1897,399,384561  
"NY",1898,310,576797  
"NY",1898,311,4027615 
"NY",1898,320,1605826 
"NY",1898,322,5036782 
"NY",1898,334,7626954 
"NY",1898,336,1076449 
"NY",1898,343,885078  
"NY",1898,344,2351567 
"NY",1898,345,1629748 
"NY",1898,351,438849  
"NY",1898,361,1220067 
"NY",1898,362,36444   
"NY",1898,363,896757  
"NY",1898,369,354442  
"NY",1898,382,1537850 
"NY",1898,399,615674  
"NY",1898,413,1000000 
"NY",1899,310,587062  
"NY",1899,311,3991406 
"NY",1899,320,1801165 
"NY",1899,322,4429267 
"NY",1899,334,2177881 
"NY",1899,336,216500  
"NY",1899,343,874149  
"NY",1899,344,1821000 
"NY",1899,345,1093307 
"NY",1899,351,572504  
"NY",1899,361,1216253 
"NY",1899,362,50680   
"NY",1899,363,880572  
"NY",1899,369,359855  
"NY",1899,382,1242535 
"NY",1899,399,740887  
"NY",1899,413,1250000 
"NY",1900,310,749931  
"NY",1900,311,4317167 
"NY",1900,320,1737282 
"NY",1900,322,4761068 
"NY",1900,334,2875327 
"NY",1900,336,399198  
"NY",1900,343,942272  
"NY",1900,344,1931050 
"NY",1900,345,1009864 
"NY",1900,351,663398  
"NY",1900,361,1309547 
"NY",1900,362,52877   
"NY",1900,363,975766  
"NY",1900,369,433137  
"NY",1900,382,995864  
"NY",1900,399,731009  
"NY",1900,413,2000000 
"NY",1901,310,871666  
"NY",1901,311,4201341 
"NY",1901,320,1944441 
"NY",1901,322,4803196 
"NY",1901,334,3308741 
"NY",1901,336,464270  
"NY",1901,343,900567  
"NY",1901,344,2044776 
"NY",1901,345,757139  
"NY",1901,351,721448  
"NY",1901,361,1369440 
"NY",1901,362,54562   
"NY",1901,363,1012569 
"NY",1901,369,462043  
"NY",1901,382,11086920
"NY",1901,399,594721  
"NY",1902,310,803416  
"NY",1902,311,4401802 
"NY",1902,320,1822306 
"NY",1902,322,4686363 
"NY",1902,334,2263093 
"NY",1902,336,787678  
"NY",1902,343,1076245 
"NY",1902,344,1748751 
"NY",1902,345,781530  
"NY",1902,351,724894  
"NY",1902,361,1343369 
"NY",1902,362,46317   
"NY",1902,363,1032077 
"NY",1902,369,449402  
"NY",1902,382,664846  
"NY",1902,399,588188  
"NY",1903,310,755170  
"NY",1903,311,4684760 
"NY",1903,320,1857338 
"NY",1903,322,4680788 
"NY",1903,334,3515884 
"NY",1903,336,1199929 
"NY",1903,343,725932  
"NY",1903,344,1470219 
"NY",1903,345,971698  
"NY",1903,351,726108  
"NY",1903,361,1019970 
"NY",1903,362,51573   
"NY",1903,363,1009841 
"NY",1903,369,414678  
"NY",1903,382,626057  
"NY",1903,399,636777  
"NY",1904,310,1380364 
"NY",1904,311,4396015 
"NY",1904,320,2159463 
"NY",1904,322,5234625 
"NY",1904,334,2680016 
"NY",1904,336,1230480 
"NY",1904,343,1094434 
"NY",1904,344,1746508 
"NY",1904,345,1208270 
"NY",1904,351,773195  
"NY",1904,361,1041773 
"NY",1904,362,44568   
"NY",1904,363,1043011 
"NY",1904,369,423321  
"NY",1904,382,624361  
"NY",1904,399,820392  
"NY",1905,310,1843709 
"NY",1905,311,4017819 
"NY",1905,320,2121035 
"NY",1905,322,5731588 
"NY",1905,334,3041393 
"NY",1905,336,1570854 
"NY",1905,343,1032822 
"NY",1905,344,1647463 
"NY",1905,345,1234596 
"NY",1905,351,746137  
"NY",1905,361,1324658 
"NY",1905,362,52537   
"NY",1905,363,1031497 
"NY",1905,369,695326  
"NY",1905,382,926011  
"NY",1905,399,1461306 
"NY",1906,310,2191809 
"NY",1906,311,4084987 
"NY",1906,320,2345039 
"NY",1906,322,5695104 
"NY",1906,334,4980053 
"NY",1906,336,1355473 
"NY",1906,343,1071296 
"NY",1906,344,1841804 
"NY",1906,345,1260617 
"NY",1906,351,991490  
"NY",1906,361,1369848 
"NY",1906,362,63566   
"NY",1906,363,1093714 
"NY",1906,369,515709  
"NY",1906,382,372270  
"NY",1906,399,1017317 
"NY",1907,310,2699394 
"NY",1907,311,4380447 
"NY",1907,320,2311173 
"NY",1907,322,5951294 
"NY",1907,331,2474139 
"NY",1907,334,8760034 
"NY",1907,336,1197140 
"NY",1907,343,912729  
"NY",1907,344,2608624 
"NY",1907,345,1069739 
"NY",1907,351,1037378 
"NY",1907,361,1208950 
"NY",1907,362,63520   
"NY",1907,363,1235856 
"NY",1907,369,591710  
"NY",1907,382,1720989 
"NY",1907,399,789569  
"NY",1908,310,2692653 
"NY",1908,311,4545001 
"NY",1908,320,2466234 
"NY",1908,322,6009573 
"NY",1908,331,6051500 
"NY",1908,334,7236348 
"NY",1908,336,1826919 
"NY",1908,343,1040329 
"NY",1908,344,2611643 
"NY",1908,345,794835  
"NY",1908,351,1356737 
"NY",1908,361,1280031 
"NY",1908,362,86867   
"NY",1908,363,1338263 
"NY",1908,369,603474  
"NY",1908,382,54743   
"NY",1908,399,772329  
"NY",1909,310,3360377 
"NY",1909,311,4681298 
"NY",1909,320,2924371 
"NY",1909,322,6464762 
"NY",1909,331,6326711 
"NY",1909,334,25465258
"NY",1909,336,3480932 
"NY",1909,343,1339740 
"NY",1909,344,2654628 
"NY",1909,345,764414  
"NY",1909,351,1495118 
"NY",1909,361,1436317 
"NY",1909,362,79065   
"NY",1909,363,1370874 
"NY",1909,369,675524  
"NY",1909,382,746712  
"NY",1909,399,843127  
"NY",1910,310,3530861 
"NY",1910,311,4800763 
"NY",1910,320,2943371 
"NY",1910,322,7683796 
"NY",1910,331,5292612 
"NY",1910,334,16443101
"NY",1910,336,3776792 
"NY",1910,343,1648384 
"NY",1910,344,2967352 
"NY",1910,345,855723  
"NY",1910,351,1575957 
"NY",1910,361,1503764 
"NY",1910,362,83656   
"NY",1910,363,1547595 
"NY",1910,369,882644  
"NY",1910,382,895002  
"NY",1910,399,990916  
"NY",1911,310,3546931 
"NY",1911,311,4907321 
"NY",1911,320,2945432 
"NY",1911,322,7262884 
"NY",1911,331,8664240 
"NY",1911,334,21507561
"NY",1911,336,232805  
"NY",1911,343,1663942 
"NY",1911,344,3061090 
"NY",1911,345,1007743 
"NY",1911,351,1585957 
"NY",1911,361,1446984 
"NY",1911,362,107725  
"NY",1911,363,1620780 
"NY",1911,369,1002974 
"NY",1911,382,4862186 
"NY",1911,399,3737069 
"NY",1912,310,4018594 
"NY",1912,311,5034397 
"NY",1912,320,3038517 
"NY",1912,322,7357973 
"NY",1912,331,8486734 
"NY",1912,334,25824527
"NY",1912,336,296511  
"NY",1912,343,1572124 
"NY",1912,344,4896933 
"NY",1912,345,933380  
"NY",1912,351,2055338 
"NY",1912,361,2047420 
"NY",1912,362,80653   
"NY",1912,363,1757922 
"NY",1912,369,1175643 
"NY",1912,382,883457  
"NY",1912,399,4968712 
