"PA",1802,1,250969.11    
"PA",1803,1,299991.27    
"PA",1804,1,366413.89    
"PA",1805,1,215309.9     
"PA",1806,1,240609.18    
"PA",1807,1,247255.1     
"PA",1808,1,227350.11    
"PA",1809,1,510923.22    
"PA",1810,1,324767.43    
"PA",1811,1,408309.75    
"PA",1812,1,438913.82    
"PA",1813,1,492908.19    
"PA",1815,1,703547.67    
"PA",1818,1,533346.24    
"PA",1825,1,543790.3     
"PA",1826,1,677618.1     
"PA",1827,1,1588757.12   
"PA",1828,1,3129470.05   
"PA",1829,1,3610338.02   
"PA",1830,1,6331449.01   
"PA",1831,1,3033978.57   
"PA",1832,1,4594889.22   
"PA",1833,1,4047050.62   
"PA",1834,1,4877091.59   
"PA",1835,1,3273566.21   
"PA",1836,1,3804640.64   
"PA",1837,1,6069276.47   
"PA",1838,1,2769087.29   
"PA",1839,1,8209301.64   
"PA",1840,1,8304947.23   
"PA",1841,1,5380782.23   
"PA",1842,1,2780608.4    
"PA",1843,1,3404434.09   
"PA",1844,1,2331765.53   
"PA",1845,1,3010062.34   
"PA",1846,1,3529057.28   
"PA",1847,1,3977025.89   
"PA",1848,1,3831785.13   
"PA",1849,1,4433628.65   
"PA",1850,1,4438131.51   
"PA",1851,1,4570393.93   
"PA",1852,1,7716552.17   
"PA",1853,1,9486771.08   
"PA",1854,1,5953671.01   
"PA",1855,1,5390474.11   
"PA",1856,1,5378240.33   
"PA",1857,1,4690587.84   
"PA",1858,1,4139778.35   
"PA",1859,1,3867382.23   
"PA",1860,1,3479257.01   
"PA",1861,1,6784257.02   
"PA",1862,1,5211747.63   
"PA",1863,1,4289451.65   
"PA",1864,1,4733313.05   
"PA",1865,1,6219989.67   
"PA",1866,1,5829668.54   
"PA",1867,1,28423330.07  
"PA",1868,1,5216049.55   
"PA",1870,1,6336603.24   
"PA",1871,1,7197945.62   
"PA",1872,1,7148637.45   
"PA",1874,1,5871968.27   
"PA",1875,1,6480099.02   
"PA",1876,1,6078890.37   
"PA",1877,1,14659502.44  
"PA",1878,1,5513417.97   
"PA",1879,1,7422363.9    
"PA",1880,1,6720334.47   
"PA",1881,1,5471306.41   
"PA",1882,1,5294472.79   
"PA",1883,1,5034769.99   
"PA",1884,1,4711595.6    
"PA",1885,1,6362522.93   
"PA",1886,1,5828822.41   
"PA",1887,1,5950229.15   
"PA",1888,1,5924317.68   
"PA",1889,1,6528956.91   
"PA",1890,1,6895660.54   
"PA",1891,1,12567358.67  
"PA",1892,1,10060262.74  
"PA",1893,1,12947231.89  
"PA",1894,1,12322534.57  
"PA",1895,1,11746411.1   
"PA",1896,1,12635127.59  
"PA",1897,1,12844441.67  
"PA",1898,1,13042600.86  
"PA",1899,1,15158463.15  
"PA",1900,1,17192814.91  
"PA",1901,1,17424985.61  
"PA",1902,1,19605225.66  
"PA",1903,1,20822901.72  
"PA",1904,1,19560698.152 
"PA",1905,1,24067338.26  
"PA",1906,1,25653191.31  
"PA",1907,1,26250514.59  
"PA",1908,1,25670071.97  
"PA",1909,1,28945185.31  
"PA",1910,1,28895346.42  
"PA",1911,1,32100591.4   
"PA",1912,1,32348936.59  
"PA",1913,1,35333668.42  
"PA",1914,1,31410904.43  
"PA",1915,1,30156910.45  
"PA",1916,1,33750260.39  
                         
"PA",1802,14,24319.54    
"PA",1802,18,15129.13    
"PA",1802,19,8133.2      
"PA",1802,22,17745       
"PA",1802,26,13298.18    
"PA",1802,29,172344.06   
"PA",1803,14,24503.12    
"PA",1803,18,22192.38    
"PA",1803,19,4710.49     
"PA",1803,22,23016.63    
"PA",1803,29,225568.65   
"PA",1804,14,23147.9     
"PA",1804,18,16027.17    
"PA",1804,19,3617.08     
"PA",1804,22,158052.47   
"PA",1804,26,3948.65     
"PA",1804,29,161620.62   
"PA",1805,14,18349.21    
"PA",1805,18,21003.6     
"PA",1805,19,2528.73     
"PA",1805,22,15674.84    
"PA",1805,29,157753.52   
"PA",1806,14,26689.24    
"PA",1806,18,21645.72    
"PA",1806,19,2610.07     
"PA",1806,22,25362.62    
"PA",1806,29,164301.53   
"PA",1807,14,29882.64    
"PA",1807,18,29486.8     
"PA",1807,22,38483.18    
"PA",1807,29,149402.48   
"PA",1808,14,18819.7     
"PA",1808,18,19041.32    
"PA",1808,22,32537.75    
"PA",1808,29,156951.34   
"PA",1809,14,33635.22    
"PA",1809,18,24116.47    
"PA",1809,22,45709.22    
"PA",1809,29,407462.31   
"PA",1810,14,53706.67    
"PA",1810,18,29373.49    
"PA",1810,22,28175.95    
"PA",1810,29,213511.32   
"PA",1811,14,58341.67    
"PA",1811,18,29515.46    
"PA",1811,22,11511.64    
"PA",1811,29,308940.98   
"PA",1812,14,63518.65    
"PA",1812,18,26417.76    
"PA",1812,22,11716.86    
"PA",1812,29,337260.55   
"PA",1813,14,104551.72   
"PA",1813,18,25468.35    
"PA",1813,22,16468.87    
"PA",1813,29,346419.25   
"PA",1815,14,136260.38   
"PA",1815,18,24035.92    
"PA",1815,22,4107.99     
"PA",1815,29,539143.38   
"PA",1818,14,124587.13   
"PA",1818,18,30682.1     
"PA",1818,22,2592.22     
"PA",1818,23,2294.8      
"PA",1818,29,373189.99   
"PA",1825,14,157535.08   
"PA",1825,18,42573.44    
"PA",1825,22,24562.06    
"PA",1825,23,6610.56     
"PA",1825,26,30          
"PA",1825,29,312479.16   
"PA",1826,14,184428.42   
"PA",1826,18,34566.22    
"PA",1826,22,27008.82    
"PA",1826,26,636.89      
"PA",1826,29,430977.75   
"PA",1827,12,1790.39     
"PA",1827,14,214342.23   
"PA",1827,18,39218.15    
"PA",1827,22,24829.8     
"PA",1827,23,17577.6     
"PA",1827,26,4981.7      
"PA",1827,29,1286017.25  
"PA",1828,12,5993.41     
"PA",1828,14,235138.48   
"PA",1828,18,46761.85    
"PA",1828,22,20341.2     
"PA",1828,26,152698.54   
"PA",1828,29,2668536.57  
"PA",1829,12,10742.19    
"PA",1829,14,265556.07   
"PA",1829,18,50241.67    
"PA",1829,22,23779.94    
"PA",1829,26,200746.82   
"PA",1829,29,3059271.33  
"PA",1830,12,18686.69    
"PA",1830,14,213870.71   
"PA",1830,18,44991.42    
"PA",1830,19,2979.32     
"PA",1830,22,29613.02    
"PA",1830,25,25748.38    
"PA",1830,26,701.01      
"PA",1830,29,5994858.46  
"PA",1831,12,19062.81    
"PA",1831,14,215987.74   
"PA",1831,18,43769.87    
"PA",1831,19,18979.89    
"PA",1831,22,13930.01    
"PA",1831,25,38241.2     
"PA",1831,26,125528.14   
"PA",1831,29,2558478.91  
"PA",1832,12,23820.56    
"PA",1832,14,169472.7    
"PA",1832,18,133649.6    
"PA",1832,19,93765.3     
"PA",1832,22,18850.8     
"PA",1832,24,300000      
"PA",1832,25,50909.57    
"PA",1832,26,316.53      
"PA",1832,29,3804104.16  
"PA",1833,12,204311.63   
"PA",1833,14,200323.36   
"PA",1833,18,57754.54    
"PA",1833,19,209948.32   
"PA",1833,22,120419.23   
"PA",1833,25,151419.69   
"PA",1833,26,227.56      
"PA",1833,29,3102646.29  
"PA",1834,12,45039.32    
"PA",1834,14,152218.73   
"PA",1834,18,124252.06   
"PA",1834,19,215114.07   
"PA",1834,22,56632.57    
"PA",1834,25,309789.15   
"PA",1834,26,308.17      
"PA",1834,29,3973737.52  
"PA",1835,12,53109.66    
"PA",1835,14,140857.92   
"PA",1835,18,144405.45   
"PA",1835,19,212768.85   
"PA",1835,22,78752.63    
"PA",1835,25,684357.77   
"PA",1835,26,269.24      
"PA",1835,29,1959044.69  
"PA",1836,12,51504.75    
"PA",1836,14,166497.36   
"PA",1836,18,102095.14   
"PA",1836,19,219088.57   
"PA",1836,22,1733701.44  
"PA",1836,25,837805.72   
"PA",1836,26,227.27      
"PA",1836,29,693720.39   
"PA",1837,12,51104.72    
"PA",1837,14,204129.31   
"PA",1837,18,116560.78   
"PA",1837,19,56014.08    
"PA",1837,22,1302659.41  
"PA",1837,23,2867514.78  
"PA",1837,25,758765.12   
"PA",1837,26,312.18      
"PA",1837,29,712216.09   
"PA",1838,12,22676.16    
"PA",1838,14,203132.47   
"PA",1838,18,132538.14   
"PA",1838,19,31888.34    
"PA",1838,22,239441.04   
"PA",1838,25,721458.7    
"PA",1838,26,602.85      
"PA",1838,29,1417349.59  
"PA",1839,12,44902.71    
"PA",1839,14,223122.55   
"PA",1839,18,121526.39   
"PA",1839,19,35862.92    
"PA",1839,22,122654.22   
"PA",1839,25,1076045.47  
"PA",1839,26,270.85      
"PA",1839,29,6584916.53  
"PA",1840,12,3.48        
"PA",1840,14,141097.94   
"PA",1840,17,23548.91    
"PA",1840,18,144594.07   
"PA",1840,19,41591.74    
"PA",1840,22,184685.71   
"PA",1840,25,859569.02   
"PA",1840,26,380.29      
"PA",1840,29,6909476.07  
"PA",1841,12,54946.07    
"PA",1841,14,217696.68   
"PA",1841,18,129406.85   
"PA",1841,19,28751.93    
"PA",1841,22,14586.52    
"PA",1841,25,1055394.6   
"PA",1841,26,223.32      
"PA",1841,29,3879776.26  
"PA",1842,12,525353.29   
"PA",1842,13,1575.97     
"PA",1842,14,145655.85   
"PA",1842,18,141803.61   
"PA",1842,19,37755.47    
"PA",1842,22,22109.04    
"PA",1842,25,650613.99   
"PA",1842,26,263.11      
"PA",1842,29,1255478.07  
"PA",1843,12,576248.43   
"PA",1843,13,1386.05     
"PA",1843,14,127390.65   
"PA",1843,18,119950.34   
"PA",1843,19,38310.54    
"PA",1843,22,32647.66    
"PA",1843,23,60313.27    
"PA",1843,25,1019401.15  
"PA",1843,26,310.25      
"PA",1843,29,33063.91    
"PA",1843,50,1395411.84  
"PA",1844,12,772841.97   
"PA",1844,13,225.7       
"PA",1844,14,169064.38   
"PA",1844,18,112942.74   
"PA",1844,19,32921.88    
"PA",1844,22,26530.8     
"PA",1844,23,7425.68     
"PA",1844,25,1164325.84  
"PA",1844,26,338.34      
"PA",1844,29,45148.2     
"PA",1845,12,1351982.82  
"PA",1845,14,240667.54   
"PA",1845,16,55788.5     
"PA",1845,18,112161.21   
"PA",1845,19,32420.16    
"PA",1845,22,33942.18    
"PA",1845,25,1154591.55  
"PA",1845,26,99.45       
"PA",1845,29,28408.93    
"PA",1846,12,1490581.26  
"PA",1846,14,250923.65   
"PA",1846,16,110083.9    
"PA",1846,18,166458.75   
"PA",1846,19,59915.22    
"PA",1846,22,37834.7     
"PA",1846,25,1357203.37  
"PA",1846,26,392.08      
"PA",1846,29,55664.35    
"PA",1847,12,1423524.74  
"PA",1847,14,320105.33   
"PA",1847,16,118977.9    
"PA",1847,18,187467.18   
"PA",1847,19,50604.67    
"PA",1847,22,39065.85    
"PA",1847,25,1587995.61  
"PA",1847,26,398.29      
"PA",1847,29,248886.32   
"PA",1848,12,1405488.5   
"PA",1848,14,333956.2    
"PA",1848,16,113431.23   
"PA",1848,18,169789.41   
"PA",1848,19,32647.95    
"PA",1848,22,42427.55    
"PA",1848,25,1550555.03  
"PA",1848,26,305.54      
"PA",1848,29,183183.72   
"PA",1849,12,1484733.3   
"PA",1849,14,375923.43   
"PA",1849,16,121089.59   
"PA",1849,18,267063.64   
"PA",1849,19,45432.91    
"PA",1849,22,78312.32    
"PA",1849,25,1628800.13  
"PA",1849,26,1291.39     
"PA",1849,29,430981.94   
"PA",1850,12,1420116.62  
"PA",1850,14,352093.54   
"PA",1850,16,119356.3    
"PA",1850,18,310041.76   
"PA",1850,19,55679.47    
"PA",1850,22,131530.53   
"PA",1850,25,1713848.16  
"PA",1850,26,522.58      
"PA",1850,29,321257.11   
"PA",1850,50,13685.44    
"PA",1851,12,1522795.85  
"PA",1851,14,471631.13   
"PA",1851,16,138724.96   
"PA",1851,18,297829.9    
"PA",1851,19,49963.65    
"PA",1851,22,48836.13    
"PA",1851,25,1720264     
"PA",1851,26,5633.2      
"PA",1851,29,314715.11   
"PA",1852,12,1502777.95  
"PA",1852,14,448414.04   
"PA",1852,16,118444.16   
"PA",1852,18,233902.31   
"PA",1852,19,60447.59    
"PA",1852,22,96664.52    
"PA",1852,25,1948993.95  
"PA",1852,26,413.19      
"PA",1852,29,3306494.46  
"PA",1853,12,1536952.14  
"PA",1853,14,544744.68   
"PA",1853,16,136787.51   
"PA",1853,18,306019.43   
"PA",1853,19,58011.16    
"PA",1853,22,433904.73   
"PA",1853,25,1903621.29  
"PA",1853,29,4566730.14  
"PA",1854,12,1634445.79  
"PA",1854,14,751656.17   
"PA",1854,16,188336.4    
"PA",1854,18,535975.2    
"PA",1854,19,63006.5     
"PA",1854,22,32315.36    
"PA",1854,25,1928838.09  
"PA",1854,26,474.31      
"PA",1854,29,818623.19   
"PA",1855,12,1839085.05  
"PA",1855,14,856896.65   
"PA",1855,16,160092.12   
"PA",1855,18,404941.36   
"PA",1855,19,71438.23    
"PA",1855,22,35972.46    
"PA",1855,23,8143.9      
"PA",1855,25,1942376.71  
"PA",1855,26,1163.87     
"PA",1855,29,70363.76    
"PA",1856,12,1824369.43  
"PA",1856,14,849126.25   
"PA",1856,16,143236.52   
"PA",1856,18,343333.25   
"PA",1856,19,89303.98    
"PA",1856,22,37618.48    
"PA",1856,25,2016130.84  
"PA",1856,26,820.24      
"PA",1856,29,74301.34    
"PA",1857,12,1710673.53  
"PA",1857,14,837851.71   
"PA",1857,16,204756.05   
"PA",1857,18,388720.1    
"PA",1857,19,96948.22    
"PA",1857,22,70414.7     
"PA",1857,25,1318898.62  
"PA",1857,29,62324.91    
"PA",1858,12,1711388.08  
"PA",1858,14,959947.71   
"PA",1858,16,148363.11   
"PA",1858,18,419258.86   
"PA",1858,19,78586.97    
"PA",1858,22,144613.86   
"PA",1858,25,95070.06    
"PA",1858,29,582549.7    
"PA",1859,12,1513448.5   
"PA",1859,14,790227.72   
"PA",1859,16,185377.8    
"PA",1859,18,437882.12   
"PA",1859,19,70604.12    
"PA",1859,22,68688.27    
"PA",1859,25,24491.78    
"PA",1859,26,377.95      
"PA",1859,29,673997.85   
"PA",1859,50,102286.12   
"PA",1860,12,146846.96   
"PA",1860,14,572488.26   
"PA",1860,16,135018.69   
"PA",1860,18,496839.53   
"PA",1860,19,1512501.75  
"PA",1860,22,19442.85    
"PA",1860,25,12033.34    
"PA",1860,26,560.41      
"PA",1860,29,483525.22   
"PA",1860,50,100000      
"PA",1861,12,1404544.14  
"PA",1861,14,636688.42   
"PA",1861,16,135461.09   
"PA",1861,18,429238.11   
"PA",1861,19,62805.07    
"PA",1861,22,23349.74    
"PA",1861,23,606000      
"PA",1861,25,10381       
"PA",1861,26,665.1       
"PA",1861,29,3375124.35  
"PA",1861,50,100000      
"PA",1862,12,1943351.64  
"PA",1862,14,1057566.78  
"PA",1862,16,233966.4    
"PA",1862,18,543511.53   
"PA",1862,19,66125.27    
"PA",1862,22,25185.74    
"PA",1862,23,605740.52   
"PA",1862,25,15866.63    
"PA",1862,26,274.37      
"PA",1862,29,620158.75   
"PA",1862,50,100000      
"PA",1863,12,1920404.3   
"PA",1863,14,1150125.41  
"PA",1863,16,153301.66   
"PA",1863,18,449944.31   
"PA",1863,19,68539.96    
"PA",1863,22,33346.75    
"PA",1863,23,36221.84    
"PA",1863,25,10000       
"PA",1863,26,179.4       
"PA",1863,29,86388.02    
"PA",1863,50,381000      
"PA",1864,12,1861600.57  
"PA",1864,13,18660.66    
"PA",1864,14,1783049.26  
"PA",1864,16,166331.25   
"PA",1864,18,526149.66   
"PA",1864,19,96649       
"PA",1864,22,44808.62    
"PA",1864,25,10184.74    
"PA",1864,26,254.74      
"PA",1864,29,125624.55   
"PA",1864,50,100000      
"PA",1865,12,2253571.04  
"PA",1865,13,143073.24   
"PA",1865,14,2442781.92  
"PA",1865,16,315533.15   
"PA",1865,18,603685.68   
"PA",1865,19,101332.79   
"PA",1865,22,119364.45   
"PA",1865,25,10000       
"PA",1865,26,321.16      
"PA",1865,29,130326.24   
"PA",1865,50,100000      
"PA",1866,12,1200984.15  
"PA",1866,13,295712.7    
"PA",1866,14,2309912.92  
"PA",1866,16,278483.07   
"PA",1866,18,670126.25   
"PA",1866,19,106417.47   
"PA",1866,22,89228.41    
"PA",1866,23,667074.35   
"PA",1866,25,10000       
"PA",1866,26,220.37      
"PA",1866,29,101508.85   
"PA",1866,50,100000      
"PA",1867,12,761348.27   
"PA",1867,13,584456.53   
"PA",1867,14,2201846.81  
"PA",1867,15,102936.59   
"PA",1867,16,280158.56   
"PA",1867,18,752110.45   
"PA",1867,19,120258.98   
"PA",1867,22,116470.18   
"PA",1867,25,10000       
"PA",1867,26,279.7       
"PA",1867,29,23393464    
"PA",1867,50,100000      
"PA",1868,12,551953.63   
"PA",1868,13,806965.7    
"PA",1868,14,2248523.1   
"PA",1868,15,192433.89   
"PA",1868,16,354407.49   
"PA",1868,18,691416.03   
"PA",1868,19,102752.01   
"PA",1868,22,95909.03    
"PA",1868,25,10000       
"PA",1868,26,561.22      
"PA",1868,29,61127.45    
"PA",1868,50,100000      
"PA",1870,12,1043660.87  
"PA",1870,13,789003.71   
"PA",1870,14,2613117.24  
"PA",1870,15,251193.22   
"PA",1870,16,348569.67   
"PA",1870,18,806291.08   
"PA",1870,19,96725.06    
"PA",1870,22,90753.78    
"PA",1870,25,10000       
"PA",1870,26,473.17      
"PA",1870,29,186815.44   
"PA",1870,50,100000      
"PA",1871,12,894885.89   
"PA",1871,13,777249.54   
"PA",1871,14,2763434.58  
"PA",1871,15,164860.02   
"PA",1871,16,565084.5    
"PA",1871,18,858542.38   
"PA",1871,19,145379.6    
"PA",1871,22,118211.49   
"PA",1871,23,708710.67   
"PA",1871,25,10000       
"PA",1871,26,1203.77     
"PA",1871,29,90383.18    
"PA",1871,50,100000      
"PA",1872,12,914636.07   
"PA",1872,13,805579.99   
"PA",1872,14,2823120     
"PA",1872,15,300254.24   
"PA",1872,16,492007.28   
"PA",1872,18,839450.35   
"PA",1872,19,149460.32   
"PA",1872,22,133659.23   
"PA",1872,25,10000       
"PA",1872,26,410800.7    
"PA",1872,29,169669.27   
"PA",1872,50,100000      
"PA",1874,12,925199.69   
"PA",1874,13,171094.7    
"PA",1874,14,2704207.91  
"PA",1874,15,84201.26    
"PA",1874,16,418381.66   
"PA",1874,18,871803.22   
"PA",1874,19,131403.21   
"PA",1874,22,94886.39    
"PA",1874,25,10000       
"PA",1874,26,7768.51     
"PA",1874,29,253021.72   
"PA",1874,50,200000      
"PA",1875,12,995093.73   
"PA",1875,13,189264.65   
"PA",1875,14,3595311.03  
"PA",1875,15,1535.34     
"PA",1875,16,176453.61   
"PA",1875,18,963575.54   
"PA",1875,19,152133.19   
"PA",1875,22,69621.95    
"PA",1875,23,2865.61     
"PA",1875,25,10000       
"PA",1875,26,11324.4     
"PA",1875,29,212919.97   
"PA",1875,50,100000      
"PA",1876,12,880837.41   
"PA",1876,13,51937.96    
"PA",1876,14,3490290.48  
"PA",1876,15,1000        
"PA",1876,16,106786.47   
"PA",1876,18,952362.61   
"PA",1876,19,147486.78   
"PA",1876,22,59244.41    
"PA",1876,25,10000       
"PA",1876,26,13141.83    
"PA",1876,29,265802.42   
"PA",1876,50,100000      
"PA",1877,12,788337.65   
"PA",1877,13,120060.17   
"PA",1877,14,3937124.97  
"PA",1877,15,800         
"PA",1877,16,166131.02   
"PA",1877,18,873657.54   
"PA",1877,19,129102.64   
"PA",1877,22,51583.96    
"PA",1877,23,58490.41    
"PA",1877,25,10000       
"PA",1877,26,9015.92     
"PA",1877,29,8415198.16  
"PA",1877,50,100000      
"PA",1878,12,697004.18   
"PA",1878,13,587094.76   
"PA",1878,14,2865827.23  
"PA",1878,15,600         
"PA",1878,16,85662.51    
"PA",1878,18,745740.27   
"PA",1878,19,118284.9    
"PA",1878,22,55590.91    
"PA",1878,23,52084.98    
"PA",1878,25,15992.39    
"PA",1878,26,11051.29    
"PA",1878,29,178484.55   
"PA",1878,50,100000      
"PA",1879,12,773268.57   
"PA",1879,13,601734.18   
"PA",1879,14,2722649.76  
"PA",1879,15,1650        
"PA",1879,16,150323.79   
"PA",1879,18,800386.34   
"PA",1879,19,93340.82    
"PA",1879,22,65013.4     
"PA",1879,23,8236.56     
"PA",1879,25,10000       
"PA",1879,26,11064.37    
"PA",1879,29,2184646.82  
"PA",1879,50,49.29       
"PA",1880,12,1029118.17  
"PA",1880,13,707434.17   
"PA",1880,14,3196305.2   
"PA",1880,15,1170        
"PA",1880,16,300463.58   
"PA",1880,18,980694.86   
"PA",1880,19,104371.83   
"PA",1880,22,74336.35    
"PA",1880,23,39005.78    
"PA",1880,25,10000       
"PA",1880,26,6989.86     
"PA",1880,29,168318.01   
"PA",1880,50,102126.66   
"PA",1881,12,747128.48   
"PA",1881,13,850993.94   
"PA",1881,14,1889866.7   
"PA",1881,15,2660        
"PA",1881,16,205304.67   
"PA",1881,18,880718.69   
"PA",1881,19,517448.72   
"PA",1881,22,108941.38   
"PA",1881,23,5156.06     
"PA",1881,25,10000       
"PA",1881,26,11692.48    
"PA",1881,28,209116.01   
"PA",1881,29,32279.28    
"PA",1882,12,476852.02   
"PA",1882,13,734306.66   
"PA",1882,14,1506983.35  
"PA",1882,15,3780        
"PA",1882,16,696791.38   
"PA",1882,18,980444.49   
"PA",1882,19,538306.8    
"PA",1882,22,180634.43   
"PA",1882,23,94561.15    
"PA",1882,25,10000       
"PA",1882,26,11260.39    
"PA",1882,29,60552.12    
"PA",1883,12,604791.65   
"PA",1883,13,895975      
"PA",1883,14,1713318.95  
"PA",1883,15,5867.62     
"PA",1883,16,143305.95   
"PA",1883,18,962833.11   
"PA",1883,19,482806.72   
"PA",1883,22,150129.74   
"PA",1883,23,33766.58    
"PA",1883,25,10000       
"PA",1883,26,10950       
"PA",1883,29,21024.67    
"PA",1884,12,461465.48   
"PA",1884,13,859545.56   
"PA",1884,14,1461110.11  
"PA",1884,15,12261.68    
"PA",1884,16,140715.3    
"PA",1884,18,914265.44   
"PA",1884,19,623723.95   
"PA",1884,22,137629.41   
"PA",1884,25,10000       
"PA",1884,26,11739.06    
"PA",1884,29,79139.61    
"PA",1885,12,797369.33   
"PA",1885,13,978094.84   
"PA",1885,14,1729589.36  
"PA",1885,15,7792.75     
"PA",1885,16,555323.61   
"PA",1885,18,1354845.82  
"PA",1885,19,751495.75   
"PA",1885,22,127500.57   
"PA",1885,23,4378.3      
"PA",1885,25,10000       
"PA",1885,26,13622.45    
"PA",1885,29,32510.15    
"PA",1886,12,662976.61   
"PA",1886,13,1282912.14  
"PA",1886,14,1657280.21  
"PA",1886,15,6292.25     
"PA",1886,16,264885.04   
"PA",1886,18,947383.05   
"PA",1886,19,793085.9    
"PA",1886,22,183056.03   
"PA",1886,25,10000       
"PA",1886,26,11237.65    
"PA",1886,29,9713.53     
"PA",1887,12,763886.87   
"PA",1887,13,860470.1    
"PA",1887,14,1703229.38  
"PA",1887,15,9069.55     
"PA",1887,16,160850.58   
"PA",1887,18,1202516.66  
"PA",1887,19,981851.25   
"PA",1887,22,225560.46   
"PA",1887,25,10000       
"PA",1887,26,15977.6     
"PA",1887,29,16816.7     
"PA",1888,12,713434.11   
"PA",1888,13,683299.92   
"PA",1888,14,1830723.5   
"PA",1888,15,7710        
"PA",1888,16,150227.03   
"PA",1888,18,1084912.57  
"PA",1888,19,1164121.95  
"PA",1888,22,240099.48   
"PA",1888,23,6843.21     
"PA",1888,25,10000       
"PA",1888,26,12154.16    
"PA",1888,29,20791.75    
"PA",1889,12,1378453.71  
"PA",1889,13,592914.66   
"PA",1889,14,1970151.2   
"PA",1889,15,7600        
"PA",1889,16,248308.2    
"PA",1889,18,1093002.11  
"PA",1889,19,906129.53   
"PA",1889,22,266853.01   
"PA",1889,23,18667.04    
"PA",1889,25,10000       
"PA",1889,26,9780.37     
"PA",1889,29,27097.08    
"PA",1890,12,667838.45   
"PA",1890,13,618000.64   
"PA",1890,14,2263219.02  
"PA",1890,15,8190        
"PA",1890,16,696423.8    
"PA",1890,18,1070113.15  
"PA",1890,19,1078741.03  
"PA",1890,22,275673.41   
"PA",1890,23,45442.19    
"PA",1890,25,10000       
"PA",1890,26,13900.85    
"PA",1890,29,148118      
"PA",1891,12,1227302.43  
"PA",1891,13,768957.27   
"PA",1891,14,3128161.94  
"PA",1891,15,8710        
"PA",1891,16,1413996.19  
"PA",1891,18,1709294     
"PA",1891,19,2082908.42  
"PA",1891,22,354355.42   
"PA",1891,23,1693042.69  
"PA",1891,25,10000       
"PA",1891,26,20730.45    
"PA",1891,29,149899.86   
"PA",1892,12,1111120.65  
"PA",1892,13,1103565.27  
"PA",1892,14,2750666.67  
"PA",1892,15,9680        
"PA",1892,16,846697.27   
"PA",1892,18,1303486.21  
"PA",1892,19,2410977.55  
"PA",1892,22,303463.71   
"PA",1892,23,10662.64    
"PA",1892,25,104914.23   
"PA",1892,26,16073.57    
"PA",1892,29,88954.97    
"PA",1893,12,4626841.96  
"PA",1893,13,626719.23   
"PA",1893,14,4599732.1   
"PA",1893,15,10860       
"PA",1893,16,999506.54   
"PA",1893,18,1362884.62  
"PA",1893,19,165285.95   
"PA",1893,22,386331.4    
"PA",1893,23,25711.16    
"PA",1893,25,10000       
"PA",1893,26,14790.85    
"PA",1893,29,118568.08   
"PA",1894,12,3255583.84  
"PA",1894,13,858395.04   
"PA",1894,14,4698437.99  
"PA",1894,15,11840       
"PA",1894,16,1381746.84  
"PA",1894,18,1366198.06  
"PA",1894,19,162960.07   
"PA",1894,22,366842.25   
"PA",1894,23,25665.3     
"PA",1894,25,10000       
"PA",1894,26,14638.1     
"PA",1894,29,170227.08   
"PA",1895,12,3399929.37  
"PA",1895,13,685989.45   
"PA",1895,14,4616487.94  
"PA",1895,15,1440        
"PA",1895,16,981022.65   
"PA",1895,18,1342986.35  
"PA",1895,19,155231.22   
"PA",1895,22,404040.23   
"PA",1895,23,33238.73    
"PA",1895,25,10000       
"PA",1895,26,22631.9     
"PA",1895,29,93413.26    
"PA",1896,12,3641924.96  
"PA",1896,13,799591.91   
"PA",1896,14,4958121.5   
"PA",1896,16,1111538     
"PA",1896,18,1392435.46  
"PA",1896,19,145518.21   
"PA",1896,22,464658.39   
"PA",1896,23,44431.76    
"PA",1896,25,10000       
"PA",1896,26,14175.57    
"PA",1896,29,52731.83    
"PA",1897,12,3373872.1   
"PA",1897,13,765652.28   
"PA",1897,14,4922588.25  
"PA",1897,16,1199654.39  
"PA",1897,18,1374964.49  
"PA",1897,19,153133.63   
"PA",1897,22,769455.72   
"PA",1897,23,8855.32     
"PA",1897,25,10000       
"PA",1897,26,18391.96    
"PA",1897,29,247873.53   
"PA",1898,12,3560913.39  
"PA",1898,13,775019.91   
"PA",1898,14,4542770.56  
"PA",1898,16,1227590.64  
"PA",1898,18,2064935.13  
"PA",1898,19,146787.4    
"PA",1898,22,624067.76   
"PA",1898,23,131.56      
"PA",1898,25,10000       
"PA",1898,26,14992.99    
"PA",1898,29,75391.52    
"PA",1899,12,3698335.81  
"PA",1899,13,848461.1    
"PA",1899,14,5863418.38  
"PA",1899,16,1290935.25  
"PA",1899,18,2061827.66  
"PA",1899,19,144021.22   
"PA",1899,22,964812.82   
"PA",1899,23,164983.1    
"PA",1899,25,10000       
"PA",1899,26,22332.6     
"PA",1899,29,89335.21    
"PA",1900,12,4324692.38  
"PA",1900,13,1013749.5   
"PA",1900,14,6799008.9   
"PA",1900,16,1498653.24  
"PA",1900,18,2408005.43  
"PA",1900,19,153147.92   
"PA",1900,22,861482.87   
"PA",1900,25,10000       
"PA",1900,26,9902.17     
"PA",1900,29,114172.5    
"PA",1901,12,3795457.09  
"PA",1901,13,1079433.15  
"PA",1901,14,7015527.77  
"PA",1901,16,1407601.27  
"PA",1901,18,2489105.02  
"PA",1901,19,157053.6    
"PA",1901,22,1234576.93  
"PA",1901,23,103124.52   
"PA",1901,24,5125        
"PA",1901,25,10000       
"PA",1901,26,33140.15    
"PA",1901,29,94841.11    
"PA",1902,12,4762082.76  
"PA",1902,13,1025887.14  
"PA",1902,14,7166696.17  
"PA",1902,16,1339207.94  
"PA",1902,18,2691037.86  
"PA",1902,19,177373.22   
"PA",1902,22,1409693.55  
"PA",1902,23,791459.35   
"PA",1902,25,10000       
"PA",1902,26,13330.56    
"PA",1902,29,218457.11   
"PA",1903,12,4477238.03  
"PA",1903,13,1146611.5   
"PA",1903,14,8745775.41  
"PA",1903,16,1708277.82  
"PA",1903,18,2700027.02  
"PA",1903,19,181732.2    
"PA",1903,22,1510012.05  
"PA",1903,23,45239.9     
"PA",1903,25,10000       
"PA",1903,26,46272.46    
"PA",1903,29,251715.33   
"PA",1904,12,4308875.41  
"PA",1904,13,1264538.52  
"PA",1904,14,7502395.63  
"PA",1904,16,1456909.97  
"PA",1904,18,2792324.36  
"PA",1904,19,180142.4    
"PA",1904,22,805150.712  
"PA",1904,23,921134.36   
"PA",1904,25,10000       
"PA",1904,26,10425.19    
"PA",1904,29,308646.6    
"PA",1904,50,155         
"PA",1905,12,5124091.52  
"PA",1905,13,1241574.66  
"PA",1905,14,11113084.13 
"PA",1905,16,1933806.73  
"PA",1905,18,2911140.97  
"PA",1905,19,190653.69   
"PA",1905,22,1179463.71  
"PA",1905,25,12316.8     
"PA",1905,26,46521.71    
"PA",1905,29,314684.34   
"PA",1906,12,5447943.98  
"PA",1906,13,1593955.9   
"PA",1906,14,11321026.49 
"PA",1906,16,2352109.22  
"PA",1906,18,3025977.12  
"PA",1906,19,206926.86   
"PA",1906,22,994980.28   
"PA",1906,23,288762.65   
"PA",1906,25,74469.86    
"PA",1906,26,30542.03    
"PA",1906,29,316496.92   
"PA",1907,12,5966144.17  
"PA",1907,13,1500682.21  
"PA",1907,14,11523391.32 
"PA",1907,16,2160233.12  
"PA",1907,18,3232444.03  
"PA",1907,19,213811.29   
"PA",1907,22,1004681.77  
"PA",1907,23,30000       
"PA",1907,25,127872.06   
"PA",1907,26,66515.58    
"PA",1907,29,424739.04   
"PA",1908,12,5819366.5   
"PA",1908,13,1560848.5   
"PA",1908,14,11186227.31 
"PA",1908,16,2160572.38  
"PA",1908,18,3239471.59  
"PA",1908,19,195006.87   
"PA",1908,22,812207.56   
"PA",1908,23,35000       
"PA",1908,25,363238.65   
"PA",1908,26,12182.74    
"PA",1908,29,285949.87   
"PA",1909,12,6055264.59  
"PA",1909,13,1569337.36  
"PA",1909,14,12404752.28 
"PA",1909,16,2853146.71  
"PA",1909,18,3159312.42  
"PA",1909,19,204933.61   
"PA",1909,22,980862.97   
"PA",1909,23,50847.92    
"PA",1909,25,1182518.63  
"PA",1909,26,71061.19    
"PA",1909,29,413147.63   
"PA",1910,12,6272922.1   
"PA",1910,13,1666840.81  
"PA",1910,14,12129368.28 
"PA",1910,16,2621827.17  
"PA",1910,18,3586812.02  
"PA",1910,19,209812.06   
"PA",1910,22,1518615     
"PA",1910,23,85989.26    
"PA",1910,25,419464      
"PA",1910,26,67805.44    
"PA",1910,29,315890.28   
"PA",1911,12,6333366.21  
"PA",1911,13,1700536.8   
"PA",1911,14,14227874.48 
"PA",1911,16,2506855.87  
"PA",1911,18,3764882.4   
"PA",1911,19,209274.21   
"PA",1911,22,1307378.62  
"PA",1911,23,133281.39   
"PA",1911,25,247221.98   
"PA",1911,26,56472.75    
"PA",1911,29,1613446.69  
"PA",1912,12,7095166.11  
"PA",1912,13,1685536.55  
"PA",1912,14,15011230.63 
"PA",1912,16,2556827.79  
"PA",1912,18,3958740.97  
"PA",1912,19,210718.97   
"PA",1912,22,1149056.62  
"PA",1912,23,92500.27    
"PA",1912,25,196461.07   
"PA",1912,26,58783.3     
"PA",1912,29,333914.31   
"PA",1913,12,7350913.98  
"PA",1913,13,1925540.32  
"PA",1913,14,16436169.64 
"PA",1913,16,2823106.91  
"PA",1913,18,4439446.76  
"PA",1913,19,209677.27   
"PA",1913,22,1391399.54  
"PA",1913,23,29644.12    
"PA",1913,25,170976.73   
"PA",1913,26,87375.3     
"PA",1913,29,469417.85   
"PA",1914,12,3022737.55  
"PA",1914,13,1879360.4   
"PA",1914,14,15920389.66 
"PA",1914,16,3528134.74  
"PA",1914,18,5145071.96  
"PA",1914,19,215609.32   
"PA",1914,22,928073.84   
"PA",1914,23,79938.03    
"PA",1914,25,300572.98   
"PA",1914,26,49879.53    
"PA",1914,29,341136.42   
"PA",1915,12,2285427.08  
"PA",1915,13,1732177.12  
"PA",1915,14,16081126.76 
"PA",1915,16,3967467.3   
"PA",1915,18,3743903.18  
"PA",1915,19,213080.04   
"PA",1915,22,801431.61   
"PA",1915,23,89912.37    
"PA",1915,25,760603.03   
"PA",1915,26,119430.01   
"PA",1915,29,362351.95   
"PA",1916,12,2598093.02  
"PA",1916,13,2220069.79  
"PA",1916,14,18353717.03 
"PA",1916,16,3987271.18  
"PA",1916,18,3761734.58  
"PA",1916,19,233088.55   
"PA",1916,22,1156775.1   
"PA",1916,23,73133.11    
"PA",1916,25,749782.3    
"PA",1916,26,96411.99    
"PA",1916,29,520183.74   
                         
"PA",1802,147,24319.54   
"PA",1802,180,15129.13   
"PA",1802,190,7126.2     
"PA",1802,192,1007       
"PA",1802,222,6365.29    
"PA",1802,223,11379.71   
"PA",1802,261,13298.18   
"PA",1802,290,3575.08    
"PA",1802,292,112210.66  
"PA",1802,293,2624.94    
"PA",1802,294,44922.12   
"PA",1802,299,9011.26    
"PA",1803,147,24503.12   
"PA",1803,180,22192.38   
"PA",1803,191,2700.74    
"PA",1803,192,2009.75    
"PA",1803,222,13330.36   
"PA",1803,223,9686.27    
"PA",1803,290,69.37      
"PA",1803,292,105513.99  
"PA",1803,293,61885.6    
"PA",1803,294,50628.63   
"PA",1803,299,7471.06    
"PA",1804,147,23147.9    
"PA",1804,180,16027.17   
"PA",1804,191,1173.6     
"PA",1804,192,2443.48    
"PA",1804,222,12979.02   
"PA",1804,223,10073.45   
"PA",1804,226,135000     
"PA",1804,261,3948.65    
"PA",1804,290,2203.09    
"PA",1804,292,101560.23  
"PA",1804,293,3671.98    
"PA",1804,294,47034.67   
"PA",1804,299,7150.65    
"PA",1805,147,18349.21   
"PA",1805,180,21003.6    
"PA",1805,191,213.33     
"PA",1805,192,2315.4     
"PA",1805,221,732.59     
"PA",1805,222,5533.16    
"PA",1805,223,9409.09    
"PA",1805,290,9.74       
"PA",1805,291,1992.9     
"PA",1805,292,99500      
"PA",1805,293,1377.63    
"PA",1805,294,54303      
"PA",1805,299,570.25     
"PA",1806,147,26689.24   
"PA",1806,180,21645.72   
"PA",1806,192,2610.07    
"PA",1806,221,2822.41    
"PA",1806,222,10050.35   
"PA",1806,223,12489.86   
"PA",1806,290,1667.02    
"PA",1806,291,1969.97    
"PA",1806,292,105500     
"PA",1806,293,369.28     
"PA",1806,294,54795.26   
"PA",1807,147,29882.64   
"PA",1807,180,29486.8    
"PA",1807,221,8119.44    
"PA",1807,222,19522.3    
"PA",1807,223,10841.44   
"PA",1807,292,113000     
"PA",1807,294,36402.48   
"PA",1808,147,18819.7    
"PA",1808,180,19041.32   
"PA",1808,221,6934.67    
"PA",1808,222,14729.66   
"PA",1808,223,10873.42   
"PA",1808,292,114768     
"PA",1808,294,42183.34   
"PA",1809,147,33635.22   
"PA",1809,180,24116.47   
"PA",1809,221,4698.65    
"PA",1809,222,9346.17    
"PA",1809,223,31664.4    
"PA",1809,292,120108.15  
"PA",1809,294,287354.16  
"PA",1810,147,53706.67   
"PA",1810,180,29373.49   
"PA",1810,221,1781.96    
"PA",1810,222,10814.83   
"PA",1810,223,15579.16   
"PA",1810,292,134867.97  
"PA",1810,294,78643.35   
"PA",1811,146,4296.22    
"PA",1811,147,54045.45   
"PA",1811,180,29515.46   
"PA",1811,221,1805.51    
"PA",1811,222,9309.87    
"PA",1811,223,396.26     
"PA",1811,290,5528.99    
"PA",1811,292,159593.86  
"PA",1811,293,6582.31    
"PA",1811,294,137235.82  
"PA",1812,146,7804.74    
"PA",1812,147,55713.91   
"PA",1812,180,26417.76   
"PA",1812,221,1568.49    
"PA",1812,222,9413.2     
"PA",1812,223,735.17     
"PA",1812,290,6498.05    
"PA",1812,292,197422.03  
"PA",1812,293,8215.19    
"PA",1812,294,125125.28  
"PA",1813,146,8511.37    
"PA",1813,147,96040.35   
"PA",1813,180,25468.35   
"PA",1813,221,5029.36    
"PA",1813,222,11148.26   
"PA",1813,223,291.25     
"PA",1813,290,8521.26    
"PA",1813,292,200404     
"PA",1813,293,31369.63   
"PA",1813,294,106124.36  
"PA",1815,142,4550.52    
"PA",1815,146,8477.66    
"PA",1815,147,123232.2   
"PA",1815,180,24035.92   
"PA",1815,221,1139.7     
"PA",1815,222,2208.47    
"PA",1815,223,759.82     
"PA",1815,290,19245.25   
"PA",1815,292,313033.5   
"PA",1815,293,101301.19  
"PA",1815,294,105563.44  
"PA",1818,142,37631.37   
"PA",1818,146,13044.87   
"PA",1818,147,73910.89   
"PA",1818,180,30682.1    
"PA",1818,223,2592.22    
"PA",1818,235,2294.8     
"PA",1818,290,27426.27   
"PA",1818,292,193338     
"PA",1818,293,100000     
"PA",1818,294,52425.72   
"PA",1825,142,22059.5    
"PA",1825,146,8450.46    
"PA",1825,147,127025.12  
"PA",1825,180,42573.44   
"PA",1825,221,19100      
"PA",1825,222,4153.79    
"PA",1825,223,1308.27    
"PA",1825,235,6610.56    
"PA",1825,266,30         
"PA",1825,292,133881     
"PA",1825,293,150114.01  
"PA",1825,294,28484.15   
"PA",1826,142,23272.08   
"PA",1826,146,10790.4    
"PA",1826,147,150365.94  
"PA",1826,180,34566.22   
"PA",1826,221,20700      
"PA",1826,222,5120.5     
"PA",1826,223,1188.32    
"PA",1826,266,636.89     
"PA",1826,292,132154     
"PA",1826,293,255233.26  
"PA",1826,294,43590.49   
"PA",1827,122,1790.39    
"PA",1827,142,23466.34   
"PA",1827,146,8453.97    
"PA",1827,147,182421.92  
"PA",1827,180,39218.15   
"PA",1827,221,20900      
"PA",1827,222,1516.2     
"PA",1827,223,2413.6     
"PA",1827,235,17577.6    
"PA",1827,266,4981.7     
"PA",1827,292,92229      
"PA",1827,293,1117880.2  
"PA",1827,294,75908.05   
"PA",1828,122,5993.41    
"PA",1828,142,29649.51   
"PA",1828,146,8541.35    
"PA",1828,147,196947.62  
"PA",1828,180,46761.85   
"PA",1828,221,18050      
"PA",1828,222,890.7      
"PA",1828,223,1400.5     
"PA",1828,263,150000     
"PA",1828,266,2698.54    
"PA",1828,292,136637.5   
"PA",1828,293,2436080.75 
"PA",1828,294,95818.32   
"PA",1829,122,10742.19   
"PA",1829,142,53184.07   
"PA",1829,146,9245.33    
"PA",1829,147,203126.67  
"PA",1829,180,50241.67   
"PA",1829,221,19000      
"PA",1829,222,3000.71    
"PA",1829,223,1779.23    
"PA",1829,263,200000     
"PA",1829,266,746.82     
"PA",1829,292,140929     
"PA",1829,293,2820977.3  
"PA",1829,294,97365.03   
"PA",1830,122,18686.69   
"PA",1830,142,20112.83   
"PA",1830,146,9928.56    
"PA",1830,147,183829.32  
"PA",1830,180,44991.42   
"PA",1830,192,2979.32    
"PA",1830,221,19500      
"PA",1830,222,7847.13    
"PA",1830,223,2265.89    
"PA",1830,253,25748.38   
"PA",1830,266,701.01     
"PA",1830,290,15142.91   
"PA",1830,292,151431     
"PA",1830,293,5707034.46 
"PA",1830,294,121250.09  
"PA",1831,122,19062.81   
"PA",1831,142,30572.98   
"PA",1831,146,7464.53    
"PA",1831,147,177950.23  
"PA",1831,180,43769.87   
"PA",1831,192,18979.89   
"PA",1831,221,12100      
"PA",1831,222,1381.41    
"PA",1831,223,448.6      
"PA",1831,253,38241.2    
"PA",1831,263,125000     
"PA",1831,266,528.14     
"PA",1831,290,11087.66   
"PA",1831,292,140896.62  
"PA",1831,293,2303145.45 
"PA",1831,294,103349.18  
"PA",1832,121,11326.27   
"PA",1832,122,12494.29   
"PA",1832,142,43761.41   
"PA",1832,146,12174.2    
"PA",1832,147,113537.09  
"PA",1832,180,133649.6   
"PA",1832,190,73986.93   
"PA",1832,192,19778.37   
"PA",1832,221,16000      
"PA",1832,222,2313.27    
"PA",1832,223,537.53     
"PA",1832,240,300000     
"PA",1832,253,50909.57   
"PA",1832,266,316.53     
"PA",1832,290,273.43     
"PA",1832,292,194400     
"PA",1832,293,3543676.14 
"PA",1832,294,65754.59   
"PA",1833,121,43685.37   
"PA",1833,122,160626.26  
"PA",1833,142,45404.91   
"PA",1833,146,14399.51   
"PA",1833,147,140518.94  
"PA",1833,180,57754.54   
"PA",1833,190,185177.32  
"PA",1833,192,24771      
"PA",1833,221,15700      
"PA",1833,222,1693       
"PA",1833,223,728.33     
"PA",1833,226,102297.9   
"PA",1833,253,151419.69  
"PA",1833,266,227.56     
"PA",1833,292,171765.2   
"PA",1833,293,2880758.46 
"PA",1833,294,50122.63   
"PA",1834,121,27508.32   
"PA",1834,122,17531      
"PA",1834,142,74148.12   
"PA",1834,146,12653.9    
"PA",1834,147,65416.71   
"PA",1834,180,124252.06  
"PA",1834,190,190910.73  
"PA",1834,192,24203.34   
"PA",1834,221,12300      
"PA",1834,222,1160.7     
"PA",1834,223,665.7      
"PA",1834,226,42506.17   
"PA",1834,253,309789.15  
"PA",1834,266,308.17     
"PA",1834,290,101902.49  
"PA",1834,292,152509.67  
"PA",1834,293,3684627.83 
"PA",1834,294,34697.53   
"PA",1835,121,20943.1    
"PA",1835,122,32166.56   
"PA",1835,142,68508.13   
"PA",1835,146,15097.76   
"PA",1835,147,57252.03   
"PA",1835,180,144405.45  
"PA",1835,190,188019.94  
"PA",1835,192,24748.91   
"PA",1835,221,10900      
"PA",1835,222,787.63     
"PA",1835,223,456.01     
"PA",1835,226,66608.99   
"PA",1835,253,684357.77  
"PA",1835,266,269.24     
"PA",1835,290,2904.07    
"PA",1835,292,179188.08  
"PA",1835,293,1750556.6  
"PA",1835,294,26395.94   
"PA",1836,121,31020.68   
"PA",1836,122,20484.07   
"PA",1836,142,91415.6    
"PA",1836,146,7921.18    
"PA",1836,147,67160.58   
"PA",1836,180,102095.14  
"PA",1836,190,193360.63  
"PA",1836,192,25727.94   
"PA",1836,221,9900       
"PA",1836,222,3160.16    
"PA",1836,223,968.16     
"PA",1836,226,1719673.12 
"PA",1836,253,837805.72  
"PA",1836,266,227.27     
"PA",1836,290,1779.26    
"PA",1836,292,203223.02  
"PA",1836,293,422476.94  
"PA",1836,294,66241.17   
"PA",1837,121,24039.7    
"PA",1837,122,27065.02   
"PA",1837,142,117869.37  
"PA",1837,146,9382.72    
"PA",1837,147,76877.22   
"PA",1837,180,116560.78  
"PA",1837,190,30333.17   
"PA",1837,192,25680.91   
"PA",1837,221,11700      
"PA",1837,222,22.8       
"PA",1837,223,686.61     
"PA",1837,226,1290250    
"PA",1837,235,2867514.78 
"PA",1837,253,473261.11  
"PA",1837,254,285504.01  
"PA",1837,266,312.18     
"PA",1837,290,224235.52  
"PA",1837,291,22662.3    
"PA",1837,292,216374.2   
"PA",1837,293,175000     
"PA",1837,294,73944.07   
"PA",1838,121,380.46     
"PA",1838,122,22295.7    
"PA",1838,142,113826.89  
"PA",1838,146,11913.63   
"PA",1838,147,77391.95   
"PA",1838,180,132538.14  
"PA",1838,190,9916.33    
"PA",1838,192,21972.01   
"PA",1838,221,11400      
"PA",1838,222,288.58     
"PA",1838,223,698.93     
"PA",1838,226,227053.53  
"PA",1838,253,415631     
"PA",1838,254,305827.7   
"PA",1838,266,602.85     
"PA",1838,290,239749.27  
"PA",1838,291,137668.86  
"PA",1838,292,201619.08  
"PA",1838,293,775000     
"PA",1838,294,63312.38   
"PA",1839,121,8993.93    
"PA",1839,122,35908.78   
"PA",1839,142,133440.78  
"PA",1839,146,5122.9     
"PA",1839,147,84558.87   
"PA",1839,180,121526.39  
"PA",1839,190,9210.36    
"PA",1839,192,26652.56   
"PA",1839,221,17169.74   
"PA",1839,222,822.16     
"PA",1839,223,787.29     
"PA",1839,226,103875.03  
"PA",1839,253,1076045.47 
"PA",1839,266,270.85     
"PA",1839,290,15889.66   
"PA",1839,292,207097.29  
"PA",1839,293,6311837.5  
"PA",1839,294,50092.08   
"PA",1840,121,3.48       
"PA",1840,142,111155.77  
"PA",1840,146,6517.17    
"PA",1840,147,23425      
"PA",1840,172,23548.91   
"PA",1840,180,143796.72  
"PA",1840,181,797.35     
"PA",1840,190,2948.49    
"PA",1840,192,38643.25   
"PA",1840,221,77925.46   
"PA",1840,222,229        
"PA",1840,223,1317       
"PA",1840,226,105214.25  
"PA",1840,253,582933.22  
"PA",1840,254,276635.8   
"PA",1840,266,380.29     
"PA",1840,290,337139.02  
"PA",1840,291,18740.56   
"PA",1840,292,162934.32  
"PA",1840,293,6351250.56 
"PA",1840,294,39411.61   
"PA",1841,121,33354.64   
"PA",1841,122,21591.43   
"PA",1841,140,37333.92   
"PA",1841,142,96921.61   
"PA",1841,146,6419       
"PA",1841,147,77022.15   
"PA",1841,180,129406.85  
"PA",1841,190,180.31     
"PA",1841,192,28571.62   
"PA",1841,221,12600      
"PA",1841,222,446.58     
"PA",1841,223,825.66     
"PA",1841,226,714.28     
"PA",1841,253,1055394.6  
"PA",1841,266,223.32     
"PA",1841,290,1383.89    
"PA",1841,292,148447.62  
"PA",1841,293,3704949.46 
"PA",1841,294,24995.29   
"PA",1842,121,486635.85  
"PA",1842,122,38717.44   
"PA",1842,131,1575.97    
"PA",1842,140,37058.29   
"PA",1842,142,44950.5    
"PA",1842,146,6254.68    
"PA",1842,147,57392.38   
"PA",1842,180,141803.61  
"PA",1842,190,102.71     
"PA",1842,192,37652.76   
"PA",1842,221,19895      
"PA",1842,222,1831.27    
"PA",1842,223,382.77     
"PA",1842,253,445662.19  
"PA",1842,254,204951.8   
"PA",1842,266,263.11     
"PA",1842,290,260971.54  
"PA",1842,292,35778.79   
"PA",1842,293,934764.83  
"PA",1842,294,23962.91   
"PA",1843,121,553911.38  
"PA",1843,122,22337.05   
"PA",1843,131,1386.05    
"PA",1843,140,38510.79   
"PA",1843,142,25529.76   
"PA",1843,146,3688.12    
"PA",1843,147,59661.98   
"PA",1843,180,119950.34  
"PA",1843,190,540.68     
"PA",1843,192,37769.86   
"PA",1843,221,29310.5    
"PA",1843,222,1094.94    
"PA",1843,223,342.22     
"PA",1843,226,1900       
"PA",1843,235,60313.27   
"PA",1843,253,1019401.15 
"PA",1843,266,310.25     
"PA",1843,290,2111.35    
"PA",1843,292,19161.29   
"PA",1843,293,100        
"PA",1843,294,11691.27   
"PA",1843,501,1395411.84 
"PA",1844,121,751210.01  
"PA",1844,122,21631.96   
"PA",1844,131,225.7      
"PA",1844,140,52379.88   
"PA",1844,142,46705.55   
"PA",1844,146,1833.54    
"PA",1844,147,68145.41   
"PA",1844,180,112942.74  
"PA",1844,192,32921.88   
"PA",1844,221,24220      
"PA",1844,222,1165.93    
"PA",1844,223,44.87      
"PA",1844,226,1100       
"PA",1844,235,7425.68    
"PA",1844,253,1164325.84 
"PA",1844,266,338.34     
"PA",1844,290,2463.01    
"PA",1844,293,26075.96   
"PA",1844,294,16609.23   
"PA",1845,121,1318332.02 
"PA",1845,122,33650.8    
"PA",1845,140,80147.5    
"PA",1845,142,86675.88   
"PA",1845,146,2596.13    
"PA",1845,147,71248.03   
"PA",1845,161,55788.5    
"PA",1845,180,112161.21  
"PA",1845,190,1600       
"PA",1845,192,30820.16   
"PA",1845,221,26104      
"PA",1845,222,7838.18    
"PA",1845,253,1154591.55 
"PA",1845,266,99.45      
"PA",1845,290,10036.29   
"PA",1845,291,2335.06    
"PA",1845,292,1199       
"PA",1845,293,2150       
"PA",1845,294,12688.58   
"PA",1846,121,1445112.7  
"PA",1846,122,45468.56   
"PA",1846,140,94892.63   
"PA",1846,142,75384.82   
"PA",1846,146,12355.87   
"PA",1846,147,68290.33   
"PA",1846,161,110083.9   
"PA",1846,180,166458.75  
"PA",1846,190,2095       
"PA",1846,192,57820.22   
"PA",1846,221,20065.41   
"PA",1846,222,17769.29   
"PA",1846,253,1357203.37 
"PA",1846,266,392.08     
"PA",1846,290,21600.42   
"PA",1846,291,4204.01    
"PA",1846,292,1253.6     
"PA",1846,293,12490      
"PA",1846,294,16116.32   
"PA",1847,121,1380781.19 
"PA",1847,122,42743.55   
"PA",1847,140,124355.56  
"PA",1847,142,128307.13  
"PA",1847,146,13611.56   
"PA",1847,147,53831.08   
"PA",1847,161,118977.9   
"PA",1847,180,187467.18  
"PA",1847,190,3420       
"PA",1847,192,47184.67   
"PA",1847,221,22957.41   
"PA",1847,222,16108.44   
"PA",1847,253,1587995.61 
"PA",1847,266,398.29     
"PA",1847,290,8621.75    
"PA",1847,291,2043.5     
"PA",1847,292,1076.79    
"PA",1847,293,220089.89  
"PA",1847,294,17054.39   
"PA",1848,121,1350129.49 
"PA",1848,122,55359.01   
"PA",1848,140,140431.16  
"PA",1848,142,117977.28  
"PA",1848,146,19394.26   
"PA",1848,147,56153.5    
"PA",1848,161,113431.23  
"PA",1848,180,169789.41  
"PA",1848,190,1965       
"PA",1848,192,30682.95   
"PA",1848,221,25265.82   
"PA",1848,222,17161.73   
"PA",1848,253,1550555.03 
"PA",1848,266,305.54     
"PA",1848,290,16064.65   
"PA",1848,291,2808.17    
"PA",1848,292,1950       
"PA",1848,293,140000     
"PA",1848,294,22360.9    
"PA",1849,121,1293921.23 
"PA",1849,122,190812.07  
"PA",1849,140,151282.31  
"PA",1849,142,164838.7   
"PA",1849,146,12821.63   
"PA",1849,147,46980.79   
"PA",1849,161,121089.59  
"PA",1849,180,267063.64  
"PA",1849,190,10365      
"PA",1849,192,35067.91   
"PA",1849,221,22934.86   
"PA",1849,222,17979.5    
"PA",1849,226,37397.96   
"PA",1849,253,1628800.13 
"PA",1849,262,783.62     
"PA",1849,266,507.77     
"PA",1849,290,4292.44    
"PA",1849,291,6663.73    
"PA",1849,292,1950       
"PA",1849,293,392714.61  
"PA",1849,294,25361.16   
"PA",1850,121,1317821.55 
"PA",1850,122,102295.07  
"PA",1850,140,136510.14  
"PA",1850,142,153877.14  
"PA",1850,143,2760.83    
"PA",1850,146,14047.21   
"PA",1850,147,44898.22   
"PA",1850,161,119356.3   
"PA",1850,180,310041.76  
"PA",1850,190,10270      
"PA",1850,192,45409.47   
"PA",1850,221,22360.95   
"PA",1850,222,19907.37   
"PA",1850,226,89262.21   
"PA",1850,253,1713848.16 
"PA",1850,262,177        
"PA",1850,266,345.58     
"PA",1850,290,15018.94   
"PA",1850,291,17399.59   
"PA",1850,292,2460       
"PA",1850,293,270000     
"PA",1850,294,16378.58   
"PA",1850,501,13685.44   
"PA",1851,121,1372170.37 
"PA",1851,122,150625.48  
"PA",1851,140,159046.96  
"PA",1851,141,9514.71    
"PA",1851,142,233783.65  
"PA",1851,143,2023.54    
"PA",1851,146,16995.8    
"PA",1851,147,50266.47   
"PA",1851,161,138724.96  
"PA",1851,180,297829.9   
"PA",1851,190,5035       
"PA",1851,192,44928.65   
"PA",1851,221,25309.48   
"PA",1851,222,8946.65    
"PA",1851,226,14580      
"PA",1851,253,1720264    
"PA",1851,262,5229.5     
"PA",1851,266,403.7      
"PA",1851,290,22480.05   
"PA",1851,291,24983.43   
"PA",1851,293,98000      
"PA",1851,294,169251.63  
"PA",1852,121,1359636.3  
"PA",1852,122,143141.65  
"PA",1852,140,210542.3   
"PA",1852,141,21270.66   
"PA",1852,142,146960.07  
"PA",1852,143,1688.38    
"PA",1852,146,10841.87   
"PA",1852,147,57110.76   
"PA",1852,161,118444.16  
"PA",1852,180,233902.31  
"PA",1852,190,3775.85    
"PA",1852,192,56671.74   
"PA",1852,221,20793.21   
"PA",1852,222,12462.65   
"PA",1852,226,63408.66   
"PA",1852,251,10000      
"PA",1852,253,1938993.95 
"PA",1852,266,413.19     
"PA",1852,290,4398       
"PA",1852,291,23021.77   
"PA",1852,293,3184989.8  
"PA",1852,294,94084.89   
"PA",1853,121,1381550.59 
"PA",1853,122,155401.55  
"PA",1853,140,171589.92  
"PA",1853,141,67227.22   
"PA",1853,142,220004.33  
"PA",1853,143,753.59     
"PA",1853,146,28422.57   
"PA",1853,147,56747.05   
"PA",1853,161,124069.19  
"PA",1853,163,12718.32   
"PA",1853,180,306019.43  
"PA",1853,190,6715       
"PA",1853,192,51296.16   
"PA",1853,221,20618.48   
"PA",1853,222,15         
"PA",1853,226,413271.25  
"PA",1853,251,10000      
"PA",1853,253,1893621.29 
"PA",1853,290,4970.15    
"PA",1853,291,49121.03   
"PA",1853,293,4309337.33 
"PA",1853,294,203301.63  
"PA",1854,121,1510403.39 
"PA",1854,122,124042.4   
"PA",1854,140,256554.12  
"PA",1854,141,118205.11  
"PA",1854,142,274900.42  
"PA",1854,143,9235.44    
"PA",1854,146,27492.86   
"PA",1854,147,65268.22   
"PA",1854,161,159175.1   
"PA",1854,163,29161.3    
"PA",1854,180,535975.2   
"PA",1854,190,7019.17    
"PA",1854,192,55987.33   
"PA",1854,221,24784.36   
"PA",1854,222,10         
"PA",1854,226,7521       
"PA",1854,251,10000      
"PA",1854,253,1918838.09 
"PA",1854,261,57         
"PA",1854,266,417.31     
"PA",1854,290,5101.95    
"PA",1854,291,35839.75   
"PA",1854,293,735435.67  
"PA",1854,294,42245.82   
"PA",1855,121,1721114.79 
"PA",1855,122,117970.26  
"PA",1855,140,273631.48  
"PA",1855,141,161125.25  
"PA",1855,142,345138.09  
"PA",1855,143,4185.61    
"PA",1855,146,20889.66   
"PA",1855,147,51926.56   
"PA",1855,161,140464.33  
"PA",1855,163,19627.79   
"PA",1855,180,404941.36  
"PA",1855,190,11985      
"PA",1855,192,59453.23   
"PA",1855,221,25285.46   
"PA",1855,222,40         
"PA",1855,226,10647      
"PA",1855,235,8143.9     
"PA",1855,253,1942376.71 
"PA",1855,261,28.5       
"PA",1855,262,830.92     
"PA",1855,266,304.45     
"PA",1855,290,18195.46   
"PA",1855,291,23611.36   
"PA",1855,294,28556.94   
"PA",1856,121,1682035.21 
"PA",1856,122,142334.22  
"PA",1856,140,253011.07  
"PA",1856,141,250947.24  
"PA",1856,142,266184.36  
"PA",1856,143,7060.9     
"PA",1856,146,18492.23   
"PA",1856,147,53430.45   
"PA",1856,161,126335.52  
"PA",1856,163,16901      
"PA",1856,180,343333.25  
"PA",1856,190,9265       
"PA",1856,192,80038.98   
"PA",1856,221,24537.07   
"PA",1856,222,25         
"PA",1856,226,13056.41   
"PA",1856,251,10000      
"PA",1856,253,2006130.84 
"PA",1856,266,820.24     
"PA",1856,290,30058.99   
"PA",1856,291,4618.47    
"PA",1856,294,39623.88   
"PA",1857,121,1554667.34 
"PA",1857,122,156006.19  
"PA",1857,140,310240.93  
"PA",1857,141,204564.11  
"PA",1857,142,245242.03  
"PA",1857,143,7488.11    
"PA",1857,146,23689.86   
"PA",1857,147,46626.67   
"PA",1857,161,204756.05  
"PA",1857,180,388720.1   
"PA",1857,192,96948.22   
"PA",1857,221,20275      
"PA",1857,222,10364.94   
"PA",1857,223,4421.9     
"PA",1857,226,35352.86   
"PA",1857,251,10000      
"PA",1857,253,1308898.62 
"PA",1857,290,28089.17   
"PA",1857,291,3828.31    
"PA",1857,294,30407.43   
"PA",1858,121,1610229.19 
"PA",1858,122,101158.89  
"PA",1858,140,408406.87  
"PA",1858,141,224535.62  
"PA",1858,142,260740.31  
"PA",1858,143,9189.85    
"PA",1858,146,14791.96   
"PA",1858,147,42283.1    
"PA",1858,161,148363.11  
"PA",1858,180,419258.86  
"PA",1858,192,78586.97   
"PA",1858,220,3524.2     
"PA",1858,221,28350      
"PA",1858,222,12329.05   
"PA",1858,223,3324.41    
"PA",1858,226,97086.2    
"PA",1858,253,95070.06   
"PA",1858,290,7437.7     
"PA",1858,291,516201.87  
"PA",1858,292,100        
"PA",1858,293,40201.18   
"PA",1858,294,18608.95   
"PA",1859,121,1388502.18 
"PA",1859,122,124946.32  
"PA",1859,140,464784.59  
"PA",1859,141,47582.68   
"PA",1859,142,202017.34  
"PA",1859,143,15136.23   
"PA",1859,146,18725.6    
"PA",1859,147,41981.28   
"PA",1859,161,175784.49  
"PA",1859,163,9593.31    
"PA",1859,180,437882.12  
"PA",1859,190,7090       
"PA",1859,192,63514.12   
"PA",1859,221,22013.37   
"PA",1859,222,4027.21    
"PA",1859,226,42647.69   
"PA",1859,251,20000      
"PA",1859,253,4491.78    
"PA",1859,266,377.95     
"PA",1859,290,45819.91   
"PA",1859,291,569669.53  
"PA",1859,293,41573.87   
"PA",1859,294,16934.54   
"PA",1859,501,102286.12  
"PA",1860,122,146846.96  
"PA",1860,140,275525.18  
"PA",1860,141,31425.15   
"PA",1860,142,227868.81  
"PA",1860,143,20486.98   
"PA",1860,146,17182.14   
"PA",1860,161,130458.08  
"PA",1860,162,4560.61    
"PA",1860,180,496839.53  
"PA",1860,190,1452754.93 
"PA",1860,192,59746.82   
"PA",1860,221,4076.86    
"PA",1860,226,15365.99   
"PA",1860,251,10000      
"PA",1860,253,2033.34    
"PA",1860,266,560.41     
"PA",1860,290,54483.03   
"PA",1860,291,391590.58  
"PA",1860,293,25466.17   
"PA",1860,294,11985.44   
"PA",1860,501,100000     
"PA",1861,121,1269203.29 
"PA",1861,122,135340.85  
"PA",1861,140,323711.06  
"PA",1861,141,165052.01  
"PA",1861,142,93527.14   
"PA",1861,143,23185.82   
"PA",1861,146,8345.64    
"PA",1861,147,22866.75   
"PA",1861,161,131561.97  
"PA",1861,163,3899.12    
"PA",1861,180,429238.11  
"PA",1861,190,4675       
"PA",1861,192,58130.07   
"PA",1861,221,16295.98   
"PA",1861,226,7053.76    
"PA",1861,235,606000     
"PA",1861,251,10000      
"PA",1861,253,381        
"PA",1861,264,500        
"PA",1861,266,165.1      
"PA",1861,290,84512.91   
"PA",1861,291,195855.09  
"PA",1861,292,60         
"PA",1861,293,3087150    
"PA",1861,294,7546.35    
"PA",1861,501,100000     
"PA",1862,121,1762049.98 
"PA",1862,122,181301.66  
"PA",1862,140,423405.74  
"PA",1862,141,360000     
"PA",1862,142,203824.05  
"PA",1862,143,33328.23   
"PA",1862,146,13631.2    
"PA",1862,147,23377.56   
"PA",1862,161,213957.19  
"PA",1862,163,20009.21   
"PA",1862,180,543511.53  
"PA",1862,190,5055       
"PA",1862,192,61070.27   
"PA",1862,221,19329.99   
"PA",1862,226,5855.75    
"PA",1862,235,605740.52  
"PA",1862,251,10000      
"PA",1862,253,5866.63    
"PA",1862,266,274.37     
"PA",1862,290,171930.6   
"PA",1862,291,18801.9    
"PA",1862,293,420812.03  
"PA",1862,294,8614.22    
"PA",1862,501,100000     
"PA",1863,121,1733401.91 
"PA",1863,122,187002.39  
"PA",1863,140,438622.96  
"PA",1863,141,360000     
"PA",1863,142,257719.78  
"PA",1863,143,41630.74   
"PA",1863,146,13086.56   
"PA",1863,147,39065.37   
"PA",1863,161,147756.31  
"PA",1863,163,5545.35    
"PA",1863,180,449944.31  
"PA",1863,190,6810       
"PA",1863,192,61729.96   
"PA",1863,220,18.03      
"PA",1863,221,17683.87   
"PA",1863,226,15644.85   
"PA",1863,235,36221.84   
"PA",1863,251,10000      
"PA",1863,266,179.4      
"PA",1863,290,19990.29   
"PA",1863,291,46760.7    
"PA",1863,292,100        
"PA",1863,294,19537.03   
"PA",1863,501,381000     
"PA",1864,121,1621718.8  
"PA",1864,122,239881.77  
"PA",1864,130,18660.66   
"PA",1864,140,638292.92  
"PA",1864,141,558747.03  
"PA",1864,142,464867.57  
"PA",1864,143,51218.32   
"PA",1864,146,17670.85   
"PA",1864,147,52252.57   
"PA",1864,161,165859.83  
"PA",1864,163,471.42     
"PA",1864,180,526149.66  
"PA",1864,190,27405      
"PA",1864,192,69244      
"PA",1864,221,5903.27    
"PA",1864,222,2000       
"PA",1864,226,36905.35   
"PA",1864,251,10000      
"PA",1864,253,184.74     
"PA",1864,266,254.74     
"PA",1864,290,18583.51   
"PA",1864,291,6406.22    
"PA",1864,292,429.43     
"PA",1864,293,160.88     
"PA",1864,294,100044.51  
"PA",1864,501,100000     
"PA",1865,121,1959206.1  
"PA",1865,122,294364.94  
"PA",1865,130,143073.24  
"PA",1865,140,1237933.18 
"PA",1865,141,748993.9   
"PA",1865,142,259739.72  
"PA",1865,143,110551.96  
"PA",1865,146,17313.55   
"PA",1865,147,68249.61   
"PA",1865,161,315505.87  
"PA",1865,163,27.28      
"PA",1865,180,603685.68  
"PA",1865,190,29925      
"PA",1865,192,71407.79   
"PA",1865,221,25546.83   
"PA",1865,222,3083       
"PA",1865,226,90734.62   
"PA",1865,251,10000      
"PA",1865,266,321.16     
"PA",1865,290,970.71     
"PA",1865,291,13320.33   
"PA",1865,292,80         
"PA",1865,293,74501.84   
"PA",1865,294,41453.36   
"PA",1865,501,100000     
"PA",1866,121,919258     
"PA",1866,122,281726.15  
"PA",1866,130,163240.37  
"PA",1866,132,132472.33  
"PA",1866,140,1258960.05 
"PA",1866,141,761741.58  
"PA",1866,142,66208.6    
"PA",1866,143,128758.12  
"PA",1866,146,22391.4    
"PA",1866,147,71853.17   
"PA",1866,161,278483.07  
"PA",1866,180,670126.25  
"PA",1866,190,30200      
"PA",1866,192,76217.47   
"PA",1866,221,27197.29   
"PA",1866,222,4008       
"PA",1866,226,58023.12   
"PA",1866,235,667074.35  
"PA",1866,251,10000      
"PA",1866,266,220.37     
"PA",1866,290,1091.26    
"PA",1866,291,24060.23   
"PA",1866,292,217.57     
"PA",1866,293,56271.53   
"PA",1866,294,19868.26   
"PA",1866,501,100000     
"PA",1867,121,390960.35  
"PA",1867,122,370387.92  
"PA",1867,130,242124.26  
"PA",1867,132,342332.27  
"PA",1867,140,1209024.17 
"PA",1867,141,696317.06  
"PA",1867,142,11605.76   
"PA",1867,143,190952.29  
"PA",1867,146,25020.56   
"PA",1867,147,68926.97   
"PA",1867,150,102936.59  
"PA",1867,161,280158.56  
"PA",1867,180,752110.45  
"PA",1867,190,28760      
"PA",1867,192,91498.98   
"PA",1867,221,29730.8    
"PA",1867,222,30.5       
"PA",1867,226,86708.88   
"PA",1867,251,10000      
"PA",1867,266,279.7      
"PA",1867,290,1999.12    
"PA",1867,291,283582.86  
"PA",1867,292,231.48     
"PA",1867,293,23086002.83
"PA",1867,294,21647.71   
"PA",1867,501,100000     
"PA",1868,121,277337.66  
"PA",1868,122,274615.97  
"PA",1868,130,422803.74  
"PA",1868,132,384161.96  
"PA",1868,140,1064068.08 
"PA",1868,141,667537.78  
"PA",1868,142,216933.76  
"PA",1868,143,220392.76  
"PA",1868,146,23143      
"PA",1868,147,56447.72   
"PA",1868,150,192433.89  
"PA",1868,161,354407.49  
"PA",1868,180,691416.03  
"PA",1868,190,19300      
"PA",1868,192,83452.01   
"PA",1868,221,28326.7    
"PA",1868,222,46.9       
"PA",1868,226,67535.43   
"PA",1868,251,10000      
"PA",1868,266,561.22     
"PA",1868,290,773.87     
"PA",1868,291,22508.78   
"PA",1868,292,202.5      
"PA",1868,294,37642.3    
"PA",1868,501,100000     
"PA",1870,121,702165.04  
"PA",1870,122,341495.83  
"PA",1870,130,396193.92  
"PA",1870,132,392809.79  
"PA",1870,140,1241278.24 
"PA",1870,141,761493.58  
"PA",1870,142,285218.32  
"PA",1870,143,279878.89  
"PA",1870,146,10409.74   
"PA",1870,147,34838.47   
"PA",1870,150,251193.22  
"PA",1870,161,348569.67  
"PA",1870,180,806291.08  
"PA",1870,190,21280      
"PA",1870,192,75445.06   
"PA",1870,221,25456.53   
"PA",1870,222,6338.13    
"PA",1870,226,58959.12   
"PA",1870,251,10000      
"PA",1870,266,473.17     
"PA",1870,290,4044.99    
"PA",1870,291,11242.33   
"PA",1870,294,144878.12  
"PA",1870,298,26650      
"PA",1870,501,100000     
"PA",1871,121,499862.24  
"PA",1871,122,395023.65  
"PA",1871,130,339445.05  
"PA",1871,132,437804.49  
"PA",1871,140,1269550.53 
"PA",1871,141,831749.34  
"PA",1871,142,276483.81  
"PA",1871,143,332933.6   
"PA",1871,146,20344.23   
"PA",1871,147,32373.07   
"PA",1871,150,164860.02  
"PA",1871,161,564809.1   
"PA",1871,163,275.4      
"PA",1871,180,858542.38  
"PA",1871,190,29070      
"PA",1871,192,116309.6   
"PA",1871,221,33009.29   
"PA",1871,222,19         
"PA",1871,226,85183.2    
"PA",1871,235,708710.67  
"PA",1871,251,10000      
"PA",1871,266,1203.77    
"PA",1871,290,5220.36    
"PA",1871,291,6696.69    
"PA",1871,292,80         
"PA",1871,294,50348.25   
"PA",1871,298,28037.88   
"PA",1871,501,100000     
"PA",1872,121,559816.09  
"PA",1872,122,354819.98  
"PA",1872,130,348048.8   
"PA",1872,132,457531.19  
"PA",1872,140,1308124.09 
"PA",1872,141,862875.34  
"PA",1872,142,269523.48  
"PA",1872,143,351396.08  
"PA",1872,146,20770.56   
"PA",1872,147,10430.45   
"PA",1872,150,300254.24  
"PA",1872,161,492007.28  
"PA",1872,180,839450.35  
"PA",1872,190,30080      
"PA",1872,192,119380.32  
"PA",1872,221,32074.52   
"PA",1872,226,101584.71  
"PA",1872,251,10000      
"PA",1872,261,410290.5   
"PA",1872,266,510.2      
"PA",1872,290,5818.05    
"PA",1872,291,91684.04   
"PA",1872,292,240        
"PA",1872,294,71927.18   
"PA",1872,501,100000     
"PA",1874,121,545523.24  
"PA",1874,122,379676.45  
"PA",1874,130,89207.41   
"PA",1874,132,81887.29   
"PA",1874,140,1400118.8  
"PA",1874,141,620931.35  
"PA",1874,142,304064.93  
"PA",1874,143,292775.07  
"PA",1874,146,86317.76   
"PA",1874,150,84201.26   
"PA",1874,161,418381.66  
"PA",1874,180,871803.22  
"PA",1874,190,2620       
"PA",1874,192,128783.21  
"PA",1874,221,38376.26   
"PA",1874,222,12         
"PA",1874,226,56498.13   
"PA",1874,251,10000      
"PA",1874,266,7768.51    
"PA",1874,290,5049.86    
"PA",1874,291,185449.71  
"PA",1874,292,160        
"PA",1874,294,62362.15   
"PA",1874,501,200000     
"PA",1875,121,551339.76  
"PA",1875,122,443753.97  
"PA",1875,130,65050.28   
"PA",1875,132,124214.37  
"PA",1875,140,2135587.45 
"PA",1875,141,481513.47  
"PA",1875,142,285671.92  
"PA",1875,143,156460.23  
"PA",1875,146,536077.96  
"PA",1875,150,1535.34    
"PA",1875,161,176453.61  
"PA",1875,180,963575.54  
"PA",1875,192,152133.19  
"PA",1875,221,23549.91   
"PA",1875,222,24         
"PA",1875,226,46048.04   
"PA",1875,235,2865.61    
"PA",1875,251,10000      
"PA",1875,266,11324.4    
"PA",1875,290,2996.88    
"PA",1875,291,191306.67  
"PA",1875,294,18616.42   
"PA",1875,501,100000     
"PA",1876,121,530808.83  
"PA",1876,122,350028.58  
"PA",1876,130,49212.52   
"PA",1876,132,2725.44    
"PA",1876,140,2148252.46 
"PA",1876,141,460159.76  
"PA",1876,142,202747.62  
"PA",1876,143,146884.6   
"PA",1876,146,532246.04  
"PA",1876,150,1000       
"PA",1876,161,106786.47  
"PA",1876,180,952362.61  
"PA",1876,190,40         
"PA",1876,192,147446.78  
"PA",1876,221,24111.23   
"PA",1876,226,35133.18   
"PA",1876,251,10000      
"PA",1876,261,172.2      
"PA",1876,266,12969.63   
"PA",1876,291,260284.07  
"PA",1876,294,5518.35    
"PA",1876,501,100000     
"PA",1877,121,410308.95  
"PA",1877,122,378028.7   
"PA",1877,130,45654.92   
"PA",1877,132,74405.25   
"PA",1877,140,2086776.23 
"PA",1877,141,461529.89  
"PA",1877,142,393363.72  
"PA",1877,143,510518.23  
"PA",1877,146,484936.9   
"PA",1877,150,800        
"PA",1877,161,166131.02  
"PA",1877,180,873657.54  
"PA",1877,192,129102.64  
"PA",1877,221,26384.39   
"PA",1877,222,38.45      
"PA",1877,225,6.45       
"PA",1877,226,25154.67   
"PA",1877,235,58490.41   
"PA",1877,251,10000      
"PA",1877,261,133.55     
"PA",1877,266,8882.37    
"PA",1877,290,2097.5     
"PA",1877,291,133800.4   
"PA",1877,292,80         
"PA",1877,293,8271083.77 
"PA",1877,294,8136.49    
"PA",1877,501,100000     
"PA",1878,121,413117.64  
"PA",1878,122,283886.54  
"PA",1878,130,39456.15   
"PA",1878,132,547638.61  
"PA",1878,140,1364256.83 
"PA",1878,141,460404.23  
"PA",1878,142,251190.58  
"PA",1878,143,257638.43  
"PA",1878,146,532337.16  
"PA",1878,150,600        
"PA",1878,161,85662.51   
"PA",1878,180,745740.27  
"PA",1878,192,118284.9   
"PA",1878,221,32162.62   
"PA",1878,222,96.21      
"PA",1878,226,23332.08   
"PA",1878,235,52084.98   
"PA",1878,251,10000      
"PA",1878,252,5992.39    
"PA",1878,261,88         
"PA",1878,266,10963.29   
"PA",1878,290,6647.05    
"PA",1878,291,163260.18  
"PA",1878,292,80         
"PA",1878,294,8497.32    
"PA",1878,501,100000     
"PA",1879,121,379319.45  
"PA",1879,122,393949.12  
"PA",1879,130,31800.1    
"PA",1879,131,20         
"PA",1879,132,569914.08  
"PA",1879,140,1067453.02 
"PA",1879,141,460000     
"PA",1879,142,310064.89  
"PA",1879,143,239879.73  
"PA",1879,146,645252.12  
"PA",1879,150,1650       
"PA",1879,161,150323.79  
"PA",1879,180,800386.34  
"PA",1879,192,93340.82   
"PA",1879,221,43718.27   
"PA",1879,225,160.01     
"PA",1879,226,21135.12   
"PA",1879,235,8236.56    
"PA",1879,251,10000      
"PA",1879,261,93         
"PA",1879,266,10971.37   
"PA",1879,290,4252.22    
"PA",1879,291,140768.29  
"PA",1879,293,2030002.83 
"PA",1879,294,9623.48    
"PA",1879,501,49.29      
"PA",1880,121,423676.88  
"PA",1880,122,605441.29  
"PA",1880,130,51403.23   
"PA",1880,132,656030.94  
"PA",1880,140,1352048.98 
"PA",1880,141,460000     
"PA",1880,142,339512.56  
"PA",1880,143,233604.5   
"PA",1880,146,811139.16  
"PA",1880,150,1170       
"PA",1880,161,300066.14  
"PA",1880,162,397.44     
"PA",1880,180,980694.86  
"PA",1880,192,104371.83  
"PA",1880,221,39377.37   
"PA",1880,222,40         
"PA",1880,225,255.54     
"PA",1880,226,34663.44   
"PA",1880,235,39005.78   
"PA",1880,251,10000      
"PA",1880,266,6989.86    
"PA",1880,290,4398.69    
"PA",1880,291,159151.75  
"PA",1880,292,40         
"PA",1880,294,4727.57    
"PA",1880,501,102126.66  
"PA",1881,122,747128.48  
"PA",1881,130,64080.09   
"PA",1881,132,786913.85  
"PA",1881,140,847709.82  
"PA",1881,142,335032.17  
"PA",1881,143,449489.92  
"PA",1881,146,257634.79  
"PA",1881,150,2660       
"PA",1881,161,205304.67  
"PA",1881,180,880718.69  
"PA",1881,190,431904.64  
"PA",1881,192,85544.08   
"PA",1881,221,54156.98   
"PA",1881,225,2140.11    
"PA",1881,226,52644.29   
"PA",1881,235,5156.06    
"PA",1881,251,10000      
"PA",1881,266,11692.48   
"PA",1881,281,209116.01  
"PA",1881,290,11200.06   
"PA",1881,291,10703.12   
"PA",1881,294,10376.1    
"PA",1882,122,476852.02  
"PA",1882,130,74387.65   
"PA",1882,132,659919.01  
"PA",1882,140,800360.04  
"PA",1882,142,350171.59  
"PA",1882,143,265747.86  
"PA",1882,146,90703.86   
"PA",1882,150,3780       
"PA",1882,161,686791.38  
"PA",1882,162,10000      
"PA",1882,180,980444.49  
"PA",1882,190,427776.61  
"PA",1882,192,110530.19  
"PA",1882,221,49065.83   
"PA",1882,225,576.69     
"PA",1882,226,130991.91  
"PA",1882,235,94561.15   
"PA",1882,251,10000      
"PA",1882,266,11260.39   
"PA",1882,290,1365.35    
"PA",1882,291,50317.92   
"PA",1882,294,8868.85    
"PA",1883,122,604791.65  
"PA",1883,130,58587.74   
"PA",1883,132,837387.26  
"PA",1883,140,1045600.19 
"PA",1883,142,365468.56  
"PA",1883,143,295102.12  
"PA",1883,146,7148.08    
"PA",1883,150,5867.62    
"PA",1883,161,143305.95  
"PA",1883,180,962833.11  
"PA",1883,190,374819.47  
"PA",1883,192,107987.25  
"PA",1883,221,44177.23   
"PA",1883,225,129.52     
"PA",1883,226,105822.99  
"PA",1883,235,33766.58   
"PA",1883,251,10000      
"PA",1883,266,10950      
"PA",1883,290,4133.28    
"PA",1883,291,5861.45    
"PA",1883,294,11029.94   
"PA",1884,122,461465.48  
"PA",1884,130,71616.36   
"PA",1884,132,787929.2   
"PA",1884,140,767863.78  
"PA",1884,142,373135.41  
"PA",1884,143,319294.36  
"PA",1884,146,816.56     
"PA",1884,150,12261.68   
"PA",1884,161,140715.3   
"PA",1884,180,914265.44  
"PA",1884,190,502025.43  
"PA",1884,192,121698.52  
"PA",1884,221,52478.51   
"PA",1884,222,234        
"PA",1884,226,84916.9    
"PA",1884,251,10000      
"PA",1884,266,11739.06   
"PA",1884,290,33951      
"PA",1884,291,31874.71   
"PA",1884,294,13313.9    
"PA",1885,122,797369.33  
"PA",1885,130,63562.08   
"PA",1885,132,914532.76  
"PA",1885,140,1019691.34 
"PA",1885,142,363488.65  
"PA",1885,143,346409.37  
"PA",1885,150,7792.75    
"PA",1885,161,555323.61  
"PA",1885,180,1354845.82 
"PA",1885,190,620971.88  
"PA",1885,192,130523.87  
"PA",1885,221,45818.35   
"PA",1885,222,27.4       
"PA",1885,223,1750       
"PA",1885,226,79904.82   
"PA",1885,235,4378.3     
"PA",1885,251,10000      
"PA",1885,266,13622.45   
"PA",1885,290,17927.17   
"PA",1885,291,7317.65    
"PA",1885,294,7265.33    
"PA",1886,122,662976.61  
"PA",1886,130,68729.31   
"PA",1886,132,1214182.83 
"PA",1886,140,865382.72  
"PA",1886,142,415865.07  
"PA",1886,143,376032.42  
"PA",1886,150,6292.25    
"PA",1886,161,264885.04  
"PA",1886,180,947383.05  
"PA",1886,190,674624.14  
"PA",1886,192,118461.76  
"PA",1886,221,55494.88   
"PA",1886,222,189.5      
"PA",1886,223,10735.54   
"PA",1886,226,116636.11  
"PA",1886,251,10000      
"PA",1886,266,11237.65   
"PA",1886,290,3683.09    
"PA",1886,291,2759.43    
"PA",1886,294,3271.01    
"PA",1887,122,763886.87  
"PA",1887,130,81680.47   
"PA",1887,132,778789.63  
"PA",1887,140,851410.22  
"PA",1887,142,431628.14  
"PA",1887,143,420191.02  
"PA",1887,150,9069.55    
"PA",1887,161,160850.58  
"PA",1887,180,1202516.66 
"PA",1887,190,864355.36  
"PA",1887,192,117495.89  
"PA",1887,221,63322.77   
"PA",1887,222,98.01      
"PA",1887,223,13543.45   
"PA",1887,226,148596.23  
"PA",1887,251,10000      
"PA",1887,266,15977.6    
"PA",1887,290,10346      
"PA",1887,291,987.33     
"PA",1887,294,5483.37    
"PA",1888,122,713434.11  
"PA",1888,130,88074.77   
"PA",1888,132,595225.15  
"PA",1888,140,903610.73  
"PA",1888,142,455352.76  
"PA",1888,143,471760.01  
"PA",1888,150,7710       
"PA",1888,161,150227.03  
"PA",1888,180,1084912.57 
"PA",1888,190,1014823.2  
"PA",1888,192,149298.75  
"PA",1888,221,64589.67   
"PA",1888,222,56         
"PA",1888,223,9589.22    
"PA",1888,225,1463.51    
"PA",1888,226,164401.08  
"PA",1888,235,6843.21    
"PA",1888,251,10000      
"PA",1888,266,12154.16   
"PA",1888,290,2000.32    
"PA",1888,291,10972.93   
"PA",1888,294,7818.5     
"PA",1889,122,1378453.71 
"PA",1889,130,71668.19   
"PA",1889,132,521246.47  
"PA",1889,140,975997.49  
"PA",1889,142,469900.82  
"PA",1889,143,524252.89  
"PA",1889,150,7600       
"PA",1889,161,248308.2   
"PA",1889,180,1093002.11 
"PA",1889,190,747871.32  
"PA",1889,192,158258.21  
"PA",1889,221,83029      
"PA",1889,222,105        
"PA",1889,223,18741.77   
"PA",1889,225,422.19     
"PA",1889,226,164555.05  
"PA",1889,235,18667.04   
"PA",1889,251,10000      
"PA",1889,266,9780.37    
"PA",1889,290,11897.33   
"PA",1889,291,7970.91    
"PA",1889,294,7228.84    
"PA",1890,122,667838.45  
"PA",1890,130,100393.36  
"PA",1890,132,517607.28  
"PA",1890,140,1451566.9  
"PA",1890,142,414067.18  
"PA",1890,143,397584.94  
"PA",1890,150,8190       
"PA",1890,161,696423.8   
"PA",1890,180,1070113.15 
"PA",1890,190,923938.94  
"PA",1890,192,154802.09  
"PA",1890,221,89386.85   
"PA",1890,223,18306.1    
"PA",1890,225,10         
"PA",1890,226,167970.46  
"PA",1890,235,45442.19   
"PA",1890,251,10000      
"PA",1890,266,13900.85   
"PA",1890,290,30968.84   
"PA",1890,291,106887.79  
"PA",1890,294,10261.37   
"PA",1891,122,1227302.43 
"PA",1891,130,68378.44   
"PA",1891,132,700578.83  
"PA",1891,140,2264608.84 
"PA",1891,142,413204.45  
"PA",1891,143,450348.65  
"PA",1891,150,8710       
"PA",1891,161,1413996.19 
"PA",1891,180,1709294    
"PA",1891,190,1904987.47 
"PA",1891,192,177920.95  
"PA",1891,221,92641.1    
"PA",1891,222,226.45     
"PA",1891,223,18531      
"PA",1891,226,242956.87  
"PA",1891,235,1693042.69 
"PA",1891,251,10000      
"PA",1891,266,20730.45   
"PA",1891,290,132035.92  
"PA",1891,291,14518.46   
"PA",1891,294,3345.48    
"PA",1892,122,1111120.65 
"PA",1892,130,535694.76  
"PA",1892,132,567870.51  
"PA",1892,140,2211127.16 
"PA",1892,142,421772.69  
"PA",1892,143,117766.82  
"PA",1892,150,9680       
"PA",1892,161,846697.27  
"PA",1892,180,1303486.21 
"PA",1892,190,2235838.46 
"PA",1892,192,175139.09  
"PA",1892,221,61022.3    
"PA",1892,222,180        
"PA",1892,223,263.07     
"PA",1892,226,241998.34  
"PA",1892,235,10662.64   
"PA",1892,251,104914.23  
"PA",1892,266,16073.57   
"PA",1892,290,53209.51   
"PA",1892,291,389.96     
"PA",1892,294,31623      
"PA",1892,295,3732.5     
"PA",1893,121,3502476.39 
"PA",1893,122,1124365.57 
"PA",1893,130,79732      
"PA",1893,132,546987.23  
"PA",1893,140,3525168.36 
"PA",1893,142,530222.79  
"PA",1893,143,544340.95  
"PA",1893,150,10860      
"PA",1893,161,999506.54  
"PA",1893,180,1362884.62 
"PA",1893,192,165285.95  
"PA",1893,221,143026.73  
"PA",1893,222,153.5      
"PA",1893,225,285.22     
"PA",1893,226,242865.95  
"PA",1893,235,25711.16   
"PA",1893,251,10000      
"PA",1893,266,14790.85   
"PA",1893,290,49536.21   
"PA",1893,291,60821.33   
"PA",1893,294,6126.8     
"PA",1893,295,2083.74    
"PA",1894,121,2386750.99 
"PA",1894,122,868832.85  
"PA",1894,130,78086.43   
"PA",1894,132,780308.61  
"PA",1894,140,3635794.67 
"PA",1894,142,511068.96  
"PA",1894,143,551574.36  
"PA",1894,150,11840      
"PA",1894,161,1381746.84 
"PA",1894,180,1366198.06 
"PA",1894,192,162960.07  
"PA",1894,221,128553.38  
"PA",1894,222,59         
"PA",1894,223,23424.41   
"PA",1894,225,182.9      
"PA",1894,226,214622.56  
"PA",1894,235,25665.3    
"PA",1894,251,10000      
"PA",1894,266,14638.1    
"PA",1894,290,90258.34   
"PA",1894,291,35213.27   
"PA",1894,294,20682.2    
"PA",1894,295,24073.27   
"PA",1895,121,2307936.32 
"PA",1895,122,1091993.05 
"PA",1895,130,83100.84   
"PA",1895,132,602888.61  
"PA",1895,140,3537840.65 
"PA",1895,142,514074.27  
"PA",1895,143,564573.02  
"PA",1895,150,1440       
"PA",1895,161,981022.65  
"PA",1895,180,1342986.35 
"PA",1895,192,155231.22  
"PA",1895,221,135717.96  
"PA",1895,222,716        
"PA",1895,223,21104.47   
"PA",1895,225,4712.22    
"PA",1895,226,241789.58  
"PA",1895,235,33238.73   
"PA",1895,251,10000      
"PA",1895,266,22631.9    
"PA",1895,290,53115.93   
"PA",1895,291,18070.66   
"PA",1895,294,7079.49    
"PA",1895,295,15147.18   
"PA",1896,121,2716207.94 
"PA",1896,122,925717.02  
"PA",1896,130,83337.9    
"PA",1896,132,716254.01  
"PA",1896,140,3828252.84 
"PA",1896,142,526655.29  
"PA",1896,143,603213.37  
"PA",1896,161,1111538    
"PA",1896,180,1392435.46 
"PA",1896,192,145518.21  
"PA",1896,221,125834.28  
"PA",1896,222,3883.3     
"PA",1896,223,24029.4    
"PA",1896,225,38.07      
"PA",1896,226,310873.34  
"PA",1896,235,44431.76   
"PA",1896,251,10000      
"PA",1896,266,14175.57   
"PA",1896,290,17057.43   
"PA",1896,291,13913.88   
"PA",1896,294,6482.58    
"PA",1896,295,15277.94   
"PA",1897,121,2476241.77 
"PA",1897,122,897630.33  
"PA",1897,130,85729.18   
"PA",1897,132,679923.1   
"PA",1897,140,3696445.27 
"PA",1897,142,596011.2   
"PA",1897,143,630131.78  
"PA",1897,161,1199654.39 
"PA",1897,180,1374964.49 
"PA",1897,192,153133.63  
"PA",1897,221,144832.22  
"PA",1897,222,3893.76    
"PA",1897,223,17995.58   
"PA",1897,225,16.93      
"PA",1897,226,602717.23  
"PA",1897,235,8855.32    
"PA",1897,251,10000      
"PA",1897,266,18391.96   
"PA",1897,290,208541.54  
"PA",1897,291,14642.91   
"PA",1897,294,11111.81   
"PA",1897,295,13577.27   
"PA",1898,121,2722245.58 
"PA",1898,122,838667.81  
"PA",1898,130,80957.54   
"PA",1898,132,694062.37  
"PA",1898,140,3304860.64 
"PA",1898,142,560458.71  
"PA",1898,143,677451.21  
"PA",1898,161,1227590.64 
"PA",1898,180,2064935.13 
"PA",1898,192,146787.4   
"PA",1898,221,140432.81  
"PA",1898,222,9884.91    
"PA",1898,223,23548.28   
"PA",1898,225,191.57     
"PA",1898,226,450010.19  
"PA",1898,235,131.56     
"PA",1898,251,10000      
"PA",1898,266,14992.99   
"PA",1898,290,12142.56   
"PA",1898,291,32305.14   
"PA",1898,294,16167.24   
"PA",1898,295,14776.58   
"PA",1899,121,2764258.48 
"PA",1899,122,934077.33  
"PA",1899,130,96126.06   
"PA",1899,132,752335.04  
"PA",1899,140,4605949.59 
"PA",1899,142,548810.17  
"PA",1899,143,708658.62  
"PA",1899,161,1290935.25 
"PA",1899,180,2061827.66 
"PA",1899,192,144021.22  
"PA",1899,221,151599.65  
"PA",1899,222,5286.16    
"PA",1899,223,27240.53   
"PA",1899,225,59.78      
"PA",1899,226,780626.7   
"PA",1899,235,164983.1   
"PA",1899,251,10000      
"PA",1899,266,22332.6    
"PA",1899,290,21755.66   
"PA",1899,291,44634.56   
"PA",1899,294,7891.55    
"PA",1899,295,15053.44   
"PA",1900,121,3157026.67 
"PA",1900,122,1167665.71 
"PA",1900,130,154139.23  
"PA",1900,132,859610.27  
"PA",1900,140,5452702.94 
"PA",1900,142,570282.12  
"PA",1900,143,776023.84  
"PA",1900,161,1498653.24 
"PA",1900,180,2408005.43 
"PA",1900,192,153147.92  
"PA",1900,221,169640.53  
"PA",1900,222,10756.91   
"PA",1900,223,40139.26   
"PA",1900,225,533.92     
"PA",1900,226,640412.25  
"PA",1900,251,10000      
"PA",1900,265,952.53     
"PA",1900,266,8949.64    
"PA",1900,290,15603.24   
"PA",1900,291,65535.76   
"PA",1900,294,17040.68   
"PA",1900,295,15992.82   
"PA",1901,121,2563375.02 
"PA",1901,122,1232082.07 
"PA",1901,130,128852.22  
"PA",1901,132,950580.93  
"PA",1901,140,5532609.51 
"PA",1901,142,605688.92  
"PA",1901,143,877229.34  
"PA",1901,161,1407601.27 
"PA",1901,180,2489105.02 
"PA",1901,192,157053.6   
"PA",1901,221,211080.22  
"PA",1901,222,11422.53   
"PA",1901,223,37772      
"PA",1901,225,104.2      
"PA",1901,226,974197.98  
"PA",1901,235,103124.52  
"PA",1901,240,5125       
"PA",1901,251,10000      
"PA",1901,266,33140.15   
"PA",1901,290,18706.71   
"PA",1901,291,39585.25   
"PA",1901,294,19267.67   
"PA",1901,295,17281.48   
"PA",1902,121,3530377    
"PA",1902,122,1231705.76 
"PA",1902,130,35989.78   
"PA",1902,132,989897.36  
"PA",1902,140,5477681.85 
"PA",1902,142,733951.04  
"PA",1902,143,955063.28  
"PA",1902,161,1339207.94 
"PA",1902,180,2691037.86 
"PA",1902,192,177373.22  
"PA",1902,221,226036.4   
"PA",1902,222,22935.62   
"PA",1902,223,29395.86   
"PA",1902,225,180.06     
"PA",1902,226,1131145.61 
"PA",1902,235,791459.35  
"PA",1902,251,10000      
"PA",1902,265,1772.64    
"PA",1902,266,11557.92   
"PA",1902,290,16839.84   
"PA",1902,291,152431.43  
"PA",1902,294,18916.99   
"PA",1902,295,30268.85   
"PA",1903,121,3176403.27 
"PA",1903,122,1300834.76 
"PA",1903,130,47191.55   
"PA",1903,132,1099419.95 
"PA",1903,140,6862056.34 
"PA",1903,142,798927.45  
"PA",1903,143,1084791.62 
"PA",1903,161,1708277.82 
"PA",1903,180,2700027.02 
"PA",1903,192,181732.2   
"PA",1903,221,204957.39  
"PA",1903,222,42558.51   
"PA",1903,223,46781.1    
"PA",1903,225,45.35      
"PA",1903,226,1215669.7  
"PA",1903,235,45239.9    
"PA",1903,251,10000      
"PA",1903,265,9709.2     
"PA",1903,266,36563.26   
"PA",1903,290,6379.82    
"PA",1903,291,198347.04  
"PA",1903,294,13316.83   
"PA",1903,295,33671.64   
"PA",1904,121,3228297.33 
"PA",1904,122,1080578.08 
"PA",1904,130,52440.64   
"PA",1904,132,1212097.88 
"PA",1904,140,5462438.51 
"PA",1904,142,838498.89  
"PA",1904,143,1201458.23 
"PA",1904,161,1456909.97 
"PA",1904,180,2792324.36 
"PA",1904,192,180142.4   
"PA",1904,221,182595.83  
"PA",1904,222,78052.16   
"PA",1904,223,36229.742  
"PA",1904,225,188.5      
"PA",1904,226,508084.48  
"PA",1904,235,921134.36  
"PA",1904,251,10000      
"PA",1904,265,1076.98    
"PA",1904,266,9348.21    
"PA",1904,290,20653.65   
"PA",1904,291,232795.36  
"PA",1904,294,16890.53   
"PA",1904,295,38307.06   
"PA",1904,501,155        
"PA",1905,121,3446906.04 
"PA",1905,122,1677185.48 
"PA",1905,130,50999.59   
"PA",1905,132,1190575.07 
"PA",1905,140,8939853.2  
"PA",1905,142,879700.71  
"PA",1905,143,1293530.22 
"PA",1905,161,1933806.73 
"PA",1905,180,2911140.97 
"PA",1905,192,190653.69  
"PA",1905,221,177284.07  
"PA",1905,222,50051.75   
"PA",1905,223,36235.65   
"PA",1905,226,915892.24  
"PA",1905,251,10000      
"PA",1905,252,2316.8     
"PA",1905,265,2524.26    
"PA",1905,266,43997.45   
"PA",1905,290,58911.36   
"PA",1905,291,195499.62  
"PA",1905,294,19036      
"PA",1905,295,41237.36   
"PA",1906,121,3940174.95 
"PA",1906,122,1507769.03 
"PA",1906,130,53680.88   
"PA",1906,132,1540275.02 
"PA",1906,140,8991353.31 
"PA",1906,142,962190.15  
"PA",1906,143,1367483.03 
"PA",1906,161,2352109.22 
"PA",1906,180,3025977.12 
"PA",1906,192,206926.86  
"PA",1906,221,240854.02  
"PA",1906,222,62347.78   
"PA",1906,223,55363.32   
"PA",1906,225,92         
"PA",1906,226,636323.16  
"PA",1906,235,288762.65  
"PA",1906,251,10000      
"PA",1906,252,60969.86   
"PA",1906,253,3500       
"PA",1906,262,14799.1    
"PA",1906,265,3137.31    
"PA",1906,266,12605.62   
"PA",1906,290,71521.57   
"PA",1906,291,188654.36  
"PA",1906,294,12312.28   
"PA",1906,295,44008.71   
"PA",1907,121,4587051.91 
"PA",1907,122,1379092.26 
"PA",1907,130,58504.98   
"PA",1907,132,1442177.23 
"PA",1907,140,9087344.11 
"PA",1907,142,1016631.54 
"PA",1907,143,1419415.67 
"PA",1907,161,2160233.12 
"PA",1907,180,3232444.03 
"PA",1907,192,213811.29  
"PA",1907,221,308683.67  
"PA",1907,222,47155.43   
"PA",1907,223,8456.04    
"PA",1907,225,1621.86    
"PA",1907,226,638764.77  
"PA",1907,235,30000      
"PA",1907,251,10000      
"PA",1907,252,98774.06   
"PA",1907,253,19098      
"PA",1907,262,15198.97   
"PA",1907,265,5820.56    
"PA",1907,266,45496.05   
"PA",1907,290,130240.95  
"PA",1907,291,231281.45  
"PA",1907,294,17013.94   
"PA",1907,295,46202.7    
"PA",1908,121,4209361.35 
"PA",1908,122,1610005.15 
"PA",1908,130,60116.91   
"PA",1908,132,1500731.59 
"PA",1908,140,8698176.1  
"PA",1908,142,1027545.13 
"PA",1908,143,1460506.08 
"PA",1908,161,2160572.38 
"PA",1908,180,3239471.59 
"PA",1908,192,195006.87  
"PA",1908,221,317737.31  
"PA",1908,222,35155.86   
"PA",1908,223,267        
"PA",1908,225,1087.91    
"PA",1908,226,457959.48  
"PA",1908,235,35000      
"PA",1908,251,10000      
"PA",1908,252,338238.65  
"PA",1908,253,15000      
"PA",1908,265,2167.46    
"PA",1908,266,10015.28   
"PA",1908,290,8300.64    
"PA",1908,291,201900.99  
"PA",1908,293,1361.61    
"PA",1908,294,23765.9    
"PA",1908,295,50620.73   
"PA",1909,121,4315411.86 
"PA",1909,122,1739852.73 
"PA",1909,130,44533.29   
"PA",1909,132,1524804.07 
"PA",1909,140,9931300.1  
"PA",1909,142,1007073.02 
"PA",1909,143,1466379.16 
"PA",1909,161,2853146.71 
"PA",1909,180,3159312.42 
"PA",1909,192,204933.61  
"PA",1909,221,401864.49  
"PA",1909,222,58505.7    
"PA",1909,225,4227.23    
"PA",1909,226,516265.55  
"PA",1909,235,50847.92   
"PA",1909,251,1182518.63 
"PA",1909,262,17526.59   
"PA",1909,265,5480.51    
"PA",1909,266,48054.09   
"PA",1909,290,152992.91  
"PA",1909,291,182990.7   
"PA",1909,293,1505.38    
"PA",1909,294,26626.24   
"PA",1909,295,49032.4    
"PA",1910,121,4469834.37 
"PA",1910,122,1803087.73 
"PA",1910,130,45270.44   
"PA",1910,132,1621570.37 
"PA",1910,140,9546434.32 
"PA",1910,142,1037327.31 
"PA",1910,143,1545606.65 
"PA",1910,161,2621827.17 
"PA",1910,180,3586812.02 
"PA",1910,192,209812.06  
"PA",1910,221,286716.34  
"PA",1910,222,56244.62   
"PA",1910,225,24561.89   
"PA",1910,226,1151092.15 
"PA",1910,235,81193.75   
"PA",1910,236,4795.51    
"PA",1910,251,419464     
"PA",1910,262,37817.85   
"PA",1910,265,9168.77    
"PA",1910,266,20818.82   
"PA",1910,290,69210.99   
"PA",1910,291,164615.72  
"PA",1910,293,883.5      
"PA",1910,294,29636.87   
"PA",1910,295,51543.2    
"PA",1911,121,4745700.58 
"PA",1911,122,1587665.63 
"PA",1911,130,48423.17   
"PA",1911,132,1652113.63 
"PA",1911,140,11534071.01
"PA",1911,142,1070236.11 
"PA",1911,143,1623567.36 
"PA",1911,161,2506855.87 
"PA",1911,180,3764882.4  
"PA",1911,192,209274.21  
"PA",1911,221,305936.98  
"PA",1911,222,54844.28   
"PA",1911,225,24101.64   
"PA",1911,226,922495.72  
"PA",1911,235,128076.95  
"PA",1911,236,5204.44    
"PA",1911,251,247221.98  
"PA",1911,262,375.43     
"PA",1911,265,6231.94    
"PA",1911,266,49865.38   
"PA",1911,290,1323225.51 
"PA",1911,291,198847.01  
"PA",1911,294,37453.29   
"PA",1911,295,53920.88   
"PA",1912,121,5030567.46 
"PA",1912,122,2064598.65 
"PA",1912,130,39807.12   
"PA",1912,132,1645729.43 
"PA",1912,140,12237766.35
"PA",1912,142,1089801.55 
"PA",1912,143,1683662.73 
"PA",1912,161,2556827.79 
"PA",1912,180,3958740.97 
"PA",1912,192,210718.97  
"PA",1912,221,372285.07  
"PA",1912,222,60890.59   
"PA",1912,225,10020.54   
"PA",1912,226,705860.42  
"PA",1912,235,86500      
"PA",1912,236,6000.27    
"PA",1912,251,196461.07  
"PA",1912,262,36641.92   
"PA",1912,265,10155.61   
"PA",1912,266,11985.77   
"PA",1912,290,15593.25   
"PA",1912,291,214650.54  
"PA",1912,293,274.31     
"PA",1912,294,46662.14   
"PA",1912,295,56734.07   
"PA",1913,121,5312175.71 
"PA",1913,122,2038738.27 
"PA",1913,130,39325.15   
"PA",1913,132,1886215.17 
"PA",1913,140,13570402.48
"PA",1913,142,1097295.23 
"PA",1913,143,1768471.93 
"PA",1913,161,2823106.91 
"PA",1913,180,4439446.76 
"PA",1913,192,209677.27  
"PA",1913,221,364491.91  
"PA",1913,222,55596.83   
"PA",1913,225,15633.72   
"PA",1913,226,955677.08  
"PA",1913,235,28550      
"PA",1913,236,1094.12    
"PA",1913,251,170976.73  
"PA",1913,262,19969.12   
"PA",1913,265,14942.88   
"PA",1913,266,52463.3    
"PA",1913,290,70139.85   
"PA",1913,291,279262.42  
"PA",1913,294,60339.4    
"PA",1913,295,59676.18   
"PA",1914,121,505947.12  
"PA",1914,122,2516790.43 
"PA",1914,130,46675.14   
"PA",1914,132,1832685.26 
"PA",1914,140,12954684.06
"PA",1914,142,1102809.72 
"PA",1914,143,1843229.15 
"PA",1914,146,19666.73   
"PA",1914,161,3528134.74 
"PA",1914,180,5145071.96 
"PA",1914,192,215609.32  
"PA",1914,221,334281.22  
"PA",1914,222,46355.06   
"PA",1914,225,38586.28   
"PA",1914,226,508851.28  
"PA",1914,235,74429.18   
"PA",1914,236,5508.85    
"PA",1914,251,300572.98  
"PA",1914,262,22539.57   
"PA",1914,265,13956.68   
"PA",1914,266,13383.28   
"PA",1914,290,34195.72   
"PA",1914,291,197227.42  
"PA",1914,293,705.94     
"PA",1914,294,38960.5    
"PA",1914,295,70046.84   
"PA",1915,122,2285427.08 
"PA",1915,130,50929.39   
"PA",1915,132,1681247.73 
"PA",1915,140,12911244.09
"PA",1915,142,1111221.69 
"PA",1915,143,2058384.66 
"PA",1915,146,276.32     
"PA",1915,161,3967467.3  
"PA",1915,180,3743903.18 
"PA",1915,192,213080.04  
"PA",1915,221,310764.94  
"PA",1915,222,62893.3    
"PA",1915,225,25299.13   
"PA",1915,226,402474.24  
"PA",1915,235,83499.18   
"PA",1915,236,6413.19    
"PA",1915,251,760603.03  
"PA",1915,262,51112.27   
"PA",1915,265,7578.49    
"PA",1915,266,60739.25   
"PA",1915,290,48053.76   
"PA",1915,291,189683.61  
"PA",1915,293,676.58     
"PA",1915,294,19140.26   
"PA",1915,295,104797.74  
"PA",1916,121,8.64       
"PA",1916,122,2598084.38 
"PA",1916,130,50551.71   
"PA",1916,132,2169518.08 
"PA",1916,140,15456885.66
"PA",1916,142,1107828.49 
"PA",1916,143,1789002.88 
"PA",1916,161,3987271.18 
"PA",1916,180,3761734.58 
"PA",1916,192,233088.55  
"PA",1916,221,352210.9   
"PA",1916,222,53841.02   
"PA",1916,225,22180.62   
"PA",1916,226,728542.56  
"PA",1916,235,73000.82   
"PA",1916,236,132.29     
"PA",1916,251,749782.3   
"PA",1916,262,80138.17   
"PA",1916,266,16273.82   
"PA",1916,290,255652.77  
"PA",1916,291,87035.02   
"PA",1916,293,657.38     
"PA",1916,294,43164.99   
"PA",1916,295,133673.58  
