"WY",1891,3,179578.9    
"WY",1892,3,139427.05   
"WY",1893,3,199383.17   
"WY",1894,3,196381.76   
"WY",1895,3,222182.74   
"WY",1896,3,229909.71   
"WY",1897,3,245227.59   
"WY",1898,3,263290.97   
"WY",1899,3,497210.655  
"WY",1900,3,332184.325  
"WY",1901,3,419605.5    
"WY",1902,3,407136.53   
"WY",1903,3,559591.71   
"WY",1904,3,532441.98   
"WY",1905,3,539421.12   
"WY",1906,3,538247.8    
"WY",1907,3,706479.78   
"WY",1908,3,788424.27   
"WY",1909,3,1055312.715 
"WY",1910,3,1073419.115 
"WY",1911,3,1061930.835 
"WY",1912,3,1070942.165 
"WY",1913,3,1185464.65  
"WY",1914,3,1408899.7   
"WY",1915,3,1734282.08  
"WY",1916,3,1809568.67  
                        
"WY",1891,30,135173.01  
"WY",1891,31,15061.52   
"WY",1891,32,5500.42    
"WY",1891,35,353.31     
"WY",1891,36,4290.64    
"WY",1891,40,19200      
"WY",1892,30,94955.54   
"WY",1892,31,4435.47    
"WY",1892,32,12953.93   
"WY",1892,35,63.33      
"WY",1892,36,7818.78    
"WY",1892,40,19200      
"WY",1893,31,8774.54    
"WY",1893,32,35204.14   
"WY",1893,33,10150.24   
"WY",1893,34,14702.98   
"WY",1893,35,9523.41    
"WY",1893,36,72668.75   
"WY",1893,39,23424.72   
"WY",1893,40,19200      
"WY",1893,41,5734.39    
"WY",1894,30,102097.91  
"WY",1894,31,3797.08    
"WY",1894,32,34745      
"WY",1894,34,23255.79   
"WY",1894,35,7133.62    
"WY",1894,36,6152.36    
"WY",1894,40,19200      
"WY",1895,30,160249.69  
"WY",1895,31,3691.71    
"WY",1895,32,16736.23   
"WY",1895,34,12494.31   
"WY",1895,35,2298.46    
"WY",1895,36,7512.34    
"WY",1895,40,19200      
"WY",1896,30,132978.39  
"WY",1896,31,28047.02   
"WY",1896,32,25492.14   
"WY",1896,34,16005.53   
"WY",1896,35,800.23     
"WY",1896,36,7386.4     
"WY",1896,40,19200      
"WY",1897,30,112709.41  
"WY",1897,31,20628.19   
"WY",1897,32,30175.64   
"WY",1897,33,3475.35    
"WY",1897,34,19296.46   
"WY",1897,35,9693.69    
"WY",1897,36,30048.85   
"WY",1897,40,19200      
"WY",1898,30,484.75     
"WY",1898,31,50816.99   
"WY",1898,32,78683.94   
"WY",1898,33,10213.34   
"WY",1898,34,9369.21    
"WY",1898,35,35182.72   
"WY",1898,36,58705.14   
"WY",1898,39,5.9        
"WY",1898,40,19828.98   
"WY",1899,31,117397.335 
"WY",1899,32,33549.315  
"WY",1899,33,20671.23   
"WY",1899,34,13510.935  
"WY",1899,35,70284.09   
"WY",1899,36,138442.395 
"WY",1899,39,3244.95    
"WY",1899,40,1751.715   
"WY",1899,41,98358.69   
"WY",1900,30,12512.29   
"WY",1900,31,105251.175 
"WY",1900,32,51812.875  
"WY",1900,33,6890.41    
"WY",1900,34,4638.395   
"WY",1900,35,36173.95   
"WY",1900,36,61081.425  
"WY",1900,39,1081.65    
"WY",1900,40,19783.905  
"WY",1900,41,32958.25   
"WY",1901,30,10860.23   
"WY",1901,31,111767.45  
"WY",1901,32,87446.9    
"WY",1901,33,11425.49   
"WY",1901,34,18643.47   
"WY",1901,35,46629.55   
"WY",1901,36,83194.22   
"WY",1901,39,6676.3     
"WY",1901,40,19200      
"WY",1901,41,23761.89   
"WY",1902,30,10364.73   
"WY",1902,31,126184.62  
"WY",1902,32,89001.8    
"WY",1902,33,11827.09   
"WY",1902,34,16746.84   
"WY",1902,35,37286.36   
"WY",1902,36,57834.59   
"WY",1902,40,19140      
"WY",1902,41,38750.5    
"WY",1903,30,19920.16   
"WY",1903,31,160679.93  
"WY",1903,32,85586.18   
"WY",1903,33,14490.46   
"WY",1903,34,20879.68   
"WY",1903,35,60297.23   
"WY",1903,36,102922.24  
"WY",1903,39,2819.44    
"WY",1903,40,18060      
"WY",1903,41,73936.39   
"WY",1904,31,123112.73  
"WY",1904,32,107980.07  
"WY",1904,33,18208.32   
"WY",1904,34,24699.47   
"WY",1904,35,67282.18   
"WY",1904,36,82964.7    
"WY",1904,39,18544.51   
"WY",1904,40,16620      
"WY",1904,41,73030      
"WY",1905,30,13027.5    
"WY",1905,31,132412.89  
"WY",1905,32,113553.12  
"WY",1905,33,19525.78   
"WY",1905,34,30665.62   
"WY",1905,35,59867.63   
"WY",1905,36,115640.37  
"WY",1905,39,18509.32   
"WY",1905,40,15780      
"WY",1905,41,20438.89   
"WY",1906,30,10314.52   
"WY",1906,31,173569.68  
"WY",1906,32,126246.28  
"WY",1906,33,20561.74   
"WY",1906,34,32954.33   
"WY",1906,35,62280.29   
"WY",1906,36,72945.96   
"WY",1906,39,4391.03    
"WY",1906,40,14400      
"WY",1906,41,20583.97   
"WY",1907,30,15423      
"WY",1907,31,163589.76  
"WY",1907,32,123904.79  
"WY",1907,33,24957.05   
"WY",1907,34,25637.08   
"WY",1907,35,102410.58  
"WY",1907,36,110044.14  
"WY",1907,39,10886.08   
"WY",1907,40,13241.16   
"WY",1907,41,116386.14  
"WY",1908,30,6625.07    
"WY",1908,31,222387.25  
"WY",1908,32,173220.92  
"WY",1908,33,25311.69   
"WY",1908,34,26981.84   
"WY",1908,35,105506.86  
"WY",1908,36,84723.13   
"WY",1908,39,21741.69   
"WY",1908,40,12238.64   
"WY",1908,41,109687.18  
"WY",1909,30,23505.86   
"WY",1909,31,243313.75  
"WY",1909,32,210949.48  
"WY",1909,33,28793      
"WY",1909,34,32156.59   
"WY",1909,35,134087.02  
"WY",1909,36,147180.69  
"WY",1909,39,40174.03   
"WY",1909,40,10560      
"WY",1909,41,184592.295 
"WY",1910,31,287924.93  
"WY",1910,32,229169.9   
"WY",1910,33,27027.19   
"WY",1910,34,41930.67   
"WY",1910,35,137689.66  
"WY",1910,36,101388.5   
"WY",1910,39,43069.57   
"WY",1910,40,10956.93   
"WY",1910,41,194261.765 
"WY",1911,30,11385.015  
"WY",1911,31,267431.1   
"WY",1911,32,220492.745 
"WY",1911,33,29216.83   
"WY",1911,34,38494.455  
"WY",1911,35,123568.18  
"WY",1911,36,167392.165 
"WY",1911,39,36951.19   
"WY",1911,40,9526.72    
"WY",1911,41,157472.435 
"WY",1912,30,11385.015  
"WY",1912,31,376224.79  
"WY",1912,32,229457.045 
"WY",1912,33,25832.02   
"WY",1912,34,43056.785  
"WY",1912,35,96246.04   
"WY",1912,36,106495.955 
"WY",1912,39,31685.06   
"WY",1912,40,7694.55    
"WY",1912,41,142864.905 
"WY",1913,30,10879.67   
"WY",1913,31,361427.625 
"WY",1913,32,166270.04  
"WY",1913,33,31809.15   
"WY",1913,34,87860.65   
"WY",1913,35,157673.37  
"WY",1913,36,172496.685 
"WY",1913,39,46016.85   
"WY",1913,40,6960       
"WY",1913,41,144070.61  
"WY",1914,30,10879.67   
"WY",1914,31,452061.325 
"WY",1914,32,178619.53  
"WY",1914,33,35244.62   
"WY",1914,34,255284.65  
"WY",1914,35,166276.76  
"WY",1914,36,133376.115 
"WY",1914,39,25962.51   
"WY",1914,40,6780       
"WY",1914,41,144414.52  
"WY",1915,30,12564.965  
"WY",1915,31,445526.41  
"WY",1915,32,146572.965 
"WY",1915,33,37839.2    
"WY",1915,34,223076.625 
"WY",1915,35,209006.44  
"WY",1915,36,193837.11  
"WY",1915,39,37234.8    
"WY",1915,40,9000.52    
"WY",1915,41,419623.045 
"WY",1916,30,15280.485  
"WY",1916,31,537731.09  
"WY",1916,32,220178.875 
"WY",1916,33,25706.92   
"WY",1916,34,152215.855 
"WY",1916,35,187437.94  
"WY",1916,36,187831.53  
"WY",1916,39,46090.27   
"WY",1916,40,9180.52    
"WY",1916,41,427915.185 
                        
"WY",1891,300,135173.01 
"WY",1891,313,15061.52  
"WY",1891,323,5500.42   
"WY",1891,358,353.31    
"WY",1891,367,4290.64   
"WY",1891,400,19200     
"WY",1892,300,94955.54  
"WY",1892,313,4435.47   
"WY",1892,323,12953.93  
"WY",1892,358,63.33     
"WY",1892,367,7818.78   
"WY",1892,400,19200     
"WY",1893,311,3480.67   
"WY",1893,313,3907.24   
"WY",1893,316,1386.63   
"WY",1893,320,25424.45  
"WY",1893,322,279.06    
"WY",1893,323,9500.63   
"WY",1893,336,10150.24  
"WY",1893,343,5343.05   
"WY",1893,344,6182.54   
"WY",1893,345,3177.39   
"WY",1893,351,5108.61   
"WY",1893,357,2216.65   
"WY",1893,358,750       
"WY",1893,359,1448.15   
"WY",1893,361,21539.66  
"WY",1893,362,8866.98   
"WY",1893,363,22377.79  
"WY",1893,364,428.1     
"WY",1893,365,7192.08   
"WY",1893,366,1908.9    
"WY",1893,367,6512.99   
"WY",1893,368,1917.8    
"WY",1893,369,1924.45   
"WY",1893,398,23424.72  
"WY",1893,400,19200     
"WY",1893,416,5734.39   
"WY",1894,300,102097.91 
"WY",1894,313,3797.08   
"WY",1894,323,11583.53  
"WY",1894,324,23161.47  
"WY",1894,343,23255.79  
"WY",1894,358,7133.62   
"WY",1894,367,6152.36   
"WY",1894,400,19200     
"WY",1895,300,160249.69 
"WY",1895,313,3691.71   
"WY",1895,323,10405.04  
"WY",1895,324,6331.19   
"WY",1895,343,12494.31  
"WY",1895,358,2298.46   
"WY",1895,367,7512.34   
"WY",1895,400,19200     
"WY",1896,300,132978.39 
"WY",1896,311,24888.24  
"WY",1896,313,3158.78   
"WY",1896,320,7226.54   
"WY",1896,323,11189.42  
"WY",1896,324,7076.18   
"WY",1896,343,16005.53  
"WY",1896,358,800.23    
"WY",1896,367,7386.4    
"WY",1896,400,19200     
"WY",1897,300,112709.41 
"WY",1897,311,11687.44  
"WY",1897,313,8534.74   
"WY",1897,316,406.01    
"WY",1897,320,7379.81   
"WY",1897,322,73.68     
"WY",1897,323,13873.07  
"WY",1897,324,7452.59   
"WY",1897,325,1396.49   
"WY",1897,336,3475.35   
"WY",1897,343,16700.18  
"WY",1897,344,1216.74   
"WY",1897,345,1379.54   
"WY",1897,351,7032.81   
"WY",1897,357,571.37    
"WY",1897,358,1389.51   
"WY",1897,359,700       
"WY",1897,360,5246.5    
"WY",1897,361,424       
"WY",1897,362,2458.39   
"WY",1897,363,11983.32  
"WY",1897,365,2000      
"WY",1897,366,700       
"WY",1897,367,6336.64   
"WY",1897,368,900       
"WY",1897,400,19200     
"WY",1898,300,484.75    
"WY",1898,311,16328.26  
"WY",1898,313,31043.69  
"WY",1898,316,2798.21   
"WY",1898,317,646.83    
"WY",1898,320,31528.45  
"WY",1898,322,1788.42   
"WY",1898,323,15558.39  
"WY",1898,324,24399.16  
"WY",1898,325,5409.52   
"WY",1898,336,10213.34  
"WY",1898,343,3075.23   
"WY",1898,344,3221.54   
"WY",1898,345,3072.44   
"WY",1898,351,19932.21  
"WY",1898,357,9280.38   
"WY",1898,358,4474.43   
"WY",1898,359,1495.7    
"WY",1898,362,10948.95  
"WY",1898,363,30640.7   
"WY",1898,364,190.8     
"WY",1898,365,7309.67   
"WY",1898,366,2234.14   
"WY",1898,367,3606.17   
"WY",1898,368,3724.71   
"WY",1898,369,50        
"WY",1898,398,5.9       
"WY",1898,400,19828.98  
"WY",1899,311,113749.485
"WY",1899,316,3185.835  
"WY",1899,317,462.015   
"WY",1899,320,33230.565 
"WY",1899,323,318.75    
"WY",1899,336,20671.23  
"WY",1899,344,5817.105  
"WY",1899,345,7693.83   
"WY",1899,351,49906.725 
"WY",1899,357,16334.145 
"WY",1899,358,933.57    
"WY",1899,359,3109.65   
"WY",1899,361,7171.425  
"WY",1899,362,20856.75  
"WY",1899,363,77927.475 
"WY",1899,365,17504.61  
"WY",1899,366,6792.885  
"WY",1899,368,8189.25   
"WY",1899,398,3244.95   
"WY",1899,400,1751.715  
"WY",1899,415,94720.74  
"WY",1899,416,3637.95   
"WY",1900,300,12512.29  
"WY",1900,311,37916.495 
"WY",1900,313,64847.97  
"WY",1900,316,2332.705  
"WY",1900,317,154.005   
"WY",1900,320,11076.855 
"WY",1900,322,1764.81   
"WY",1900,323,16601.29  
"WY",1900,324,19182.08  
"WY",1900,325,3187.84   
"WY",1900,336,6890.41   
"WY",1900,344,2073.785  
"WY",1900,345,2564.61   
"WY",1900,351,24062.505 
"WY",1900,352,446.03    
"WY",1900,357,5444.715  
"WY",1900,358,5184.15   
"WY",1900,359,1036.55   
"WY",1900,361,2390.475  
"WY",1900,362,6952.25   
"WY",1900,363,26850.825 
"WY",1900,364,353.32    
"WY",1900,365,5834.87   
"WY",1900,366,2264.295  
"WY",1900,367,13655.64  
"WY",1900,368,2729.75   
"WY",1900,369,50        
"WY",1900,398,1081.65   
"WY",1900,400,19783.905 
"WY",1900,415,31745.6   
"WY",1900,416,1212.65   
"WY",1901,300,10860.23  
"WY",1901,311,62331.16  
"WY",1901,313,45365.53  
"WY",1901,316,3917.48   
"WY",1901,317,153.28    
"WY",1901,320,23481.21  
"WY",1901,322,948.84    
"WY",1901,323,33804.03  
"WY",1901,324,25039     
"WY",1901,325,4173.82   
"WY",1901,336,11425.49  
"WY",1901,343,9964.88   
"WY",1901,344,3697.75   
"WY",1901,345,4980.84   
"WY",1901,351,23059.09  
"WY",1901,352,11141.36  
"WY",1901,356,93.1      
"WY",1901,357,5733.84   
"WY",1901,358,5314.11   
"WY",1901,359,1288.05   
"WY",1901,360,241.93    
"WY",1901,361,26146.18  
"WY",1901,362,7738.99   
"WY",1901,363,24588.82  
"WY",1901,364,238.6     
"WY",1901,365,5834.27   
"WY",1901,366,3186.25   
"WY",1901,367,9565.32   
"WY",1901,368,5603.86   
"WY",1901,369,50        
"WY",1901,398,6676.3    
"WY",1901,400,19200     
"WY",1901,415,18850     
"WY",1901,416,70        
"WY",1901,418,4841.89   
"WY",1902,300,10364.73  
"WY",1902,311,72143.55  
"WY",1902,313,50417.81  
"WY",1902,316,3487.75   
"WY",1902,317,135.51    
"WY",1902,320,37113.71  
"WY",1902,322,1725.41   
"WY",1902,323,27245.57  
"WY",1902,324,15719.35  
"WY",1902,325,7197.76   
"WY",1902,336,11827.09  
"WY",1902,343,9431.32   
"WY",1902,344,2846.18   
"WY",1902,345,4469.34   
"WY",1902,351,26868.96  
"WY",1902,352,436.81    
"WY",1902,356,42.23     
"WY",1902,357,4630.39   
"WY",1902,358,3644.6    
"WY",1902,359,1663.37   
"WY",1902,362,9951.82   
"WY",1902,363,24846.92  
"WY",1902,364,454.88    
"WY",1902,365,7730.4    
"WY",1902,366,3036.93   
"WY",1902,367,6455.99   
"WY",1902,368,5307.65   
"WY",1902,369,50        
"WY",1902,400,19140     
"WY",1902,415,18750.5   
"WY",1902,416,20000     
"WY",1903,300,19920.16  
"WY",1903,311,75939.2   
"WY",1903,313,81433.48  
"WY",1903,316,3119.55   
"WY",1903,317,187.7     
"WY",1903,320,29905.09  
"WY",1903,322,2500.77   
"WY",1903,323,21046.38  
"WY",1903,324,23129.73  
"WY",1903,325,9004.21   
"WY",1903,336,14490.46  
"WY",1903,343,10017.94  
"WY",1903,344,4584.68   
"WY",1903,345,6277.06   
"WY",1903,351,43778.75  
"WY",1903,352,4149.62   
"WY",1903,356,1448.91   
"WY",1903,357,4808.5    
"WY",1903,358,3790.36   
"WY",1903,359,2321.09   
"WY",1903,361,34686.77  
"WY",1903,362,10611.82  
"WY",1903,363,27061.78  
"WY",1903,365,9324.69   
"WY",1903,366,2916.57   
"WY",1903,367,9241.85   
"WY",1903,368,9028.76   
"WY",1903,369,50        
"WY",1903,398,2819.44   
"WY",1903,400,18060     
"WY",1903,415,53346.69  
"WY",1903,416,20000     
"WY",1903,418,589.7     
"WY",1904,311,76661.23  
"WY",1904,313,41715.32  
"WY",1904,316,4515.53   
"WY",1904,317,220.65    
"WY",1904,320,51961.54  
"WY",1904,322,833.39    
"WY",1904,323,20956.93  
"WY",1904,324,27046.21  
"WY",1904,325,7182      
"WY",1904,336,18208.32  
"WY",1904,343,10570.63  
"WY",1904,344,7528.22   
"WY",1904,345,6600.62   
"WY",1904,351,51652.87  
"WY",1904,352,1883.85   
"WY",1904,356,680.07    
"WY",1904,357,5548.04   
"WY",1904,358,4751.1    
"WY",1904,359,2766.25   
"WY",1904,362,10698.64  
"WY",1904,363,30446.01  
"WY",1904,364,284.84    
"WY",1904,365,8692.68   
"WY",1904,366,3595.54   
"WY",1904,367,22669.53  
"WY",1904,368,6127.46   
"WY",1904,369,450       
"WY",1904,393,59.59     
"WY",1904,398,18484.92  
"WY",1904,400,16620     
"WY",1904,415,53030     
"WY",1904,416,20000     
"WY",1905,300,13027.5   
"WY",1905,311,85021.37  
"WY",1905,313,43181.63  
"WY",1905,316,3525.14   
"WY",1905,317,684.75    
"WY",1905,320,31136.11  
"WY",1905,322,313.33    
"WY",1905,323,20150.36  
"WY",1905,324,53361.73  
"WY",1905,325,8591.59   
"WY",1905,334,1291.49   
"WY",1905,336,18234.29  
"WY",1905,343,15130.8   
"WY",1905,344,9623.2    
"WY",1905,345,5911.62   
"WY",1905,351,30011.62  
"WY",1905,352,2125.47   
"WY",1905,356,1891.19   
"WY",1905,357,8548.08   
"WY",1905,358,14500.72  
"WY",1905,359,2790.55   
"WY",1905,361,31358.03  
"WY",1905,362,8011.63   
"WY",1905,363,29614.15  
"WY",1905,364,245.6     
"WY",1905,365,7029.92   
"WY",1905,366,2739.98   
"WY",1905,367,29113     
"WY",1905,368,6852.47   
"WY",1905,369,675.59    
"WY",1905,391,5         
"WY",1905,392,4         
"WY",1905,393,135.8     
"WY",1905,398,18364.52  
"WY",1905,400,15780     
"WY",1905,415,438.89    
"WY",1905,416,20000     
"WY",1906,300,10314.52  
"WY",1906,311,120081.19 
"WY",1906,313,49679.08  
"WY",1906,316,3678.56   
"WY",1906,317,130.85    
"WY",1906,320,33339.21  
"WY",1906,322,2247.67   
"WY",1906,323,27341.04  
"WY",1906,324,46199.12  
"WY",1906,325,17119.24  
"WY",1906,334,2558.51   
"WY",1906,336,18003.23  
"WY",1906,343,12903.47  
"WY",1906,344,10010.14  
"WY",1906,345,10040.72  
"WY",1906,351,43059.04  
"WY",1906,352,1756.56   
"WY",1906,356,504.6     
"WY",1906,357,6014.59   
"WY",1906,358,8539.7    
"WY",1906,359,2405.8    
"WY",1906,362,10583.47  
"WY",1906,363,31084.54  
"WY",1906,364,270       
"WY",1906,365,9536.23   
"WY",1906,366,2874.66   
"WY",1906,367,10404.56  
"WY",1906,368,7483.47   
"WY",1906,369,709.03    
"WY",1906,393,186.94    
"WY",1906,398,4204.09   
"WY",1906,400,14400     
"WY",1906,415,583.97    
"WY",1906,416,20000     
"WY",1907,300,15423     
"WY",1907,311,102299.04 
"WY",1907,313,56738.59  
"WY",1907,316,4372.88   
"WY",1907,317,179.25    
"WY",1907,320,33858.68  
"WY",1907,322,933.81    
"WY",1907,323,26154.64  
"WY",1907,324,50612.16  
"WY",1907,325,12345.5   
"WY",1907,334,1483.29   
"WY",1907,336,23473.76  
"WY",1907,343,991.7     
"WY",1907,344,12864.2   
"WY",1907,345,11781.18  
"WY",1907,351,52330.06  
"WY",1907,352,4866.16   
"WY",1907,356,2202.43   
"WY",1907,357,10500.99  
"WY",1907,358,29715.46  
"WY",1907,359,2795.48   
"WY",1907,361,31453.62  
"WY",1907,362,12159.99  
"WY",1907,363,33355.58  
"WY",1907,365,8368.81   
"WY",1907,366,4049.79   
"WY",1907,367,10529.38  
"WY",1907,368,7874.6    
"WY",1907,369,2252.37   
"WY",1907,392,22        
"WY",1907,393,6777.95   
"WY",1907,398,4086.13   
"WY",1907,400,13241.16  
"WY",1907,415,91468.7   
"WY",1907,416,20000     
"WY",1907,418,4917.44   
"WY",1908,300,6625.07   
"WY",1908,311,132909.38 
"WY",1908,313,79149.97  
"WY",1908,316,10187.45  
"WY",1908,317,140.45    
"WY",1908,320,50119.23  
"WY",1908,322,1909.22   
"WY",1908,323,31219.15  
"WY",1908,324,77753.47  
"WY",1908,325,12219.85  
"WY",1908,334,3884.78   
"WY",1908,336,21426.91  
"WY",1908,343,644.5     
"WY",1908,344,13806.6   
"WY",1908,345,12530.74  
"WY",1908,351,54272.42  
"WY",1908,352,5111.02   
"WY",1908,356,872.47    
"WY",1908,357,9843.47   
"WY",1908,358,28656.46  
"WY",1908,359,6751.02   
"WY",1908,361,611.49    
"WY",1908,362,10935.91  
"WY",1908,363,34287.45  
"WY",1908,364,261.94    
"WY",1908,365,8371.01   
"WY",1908,366,4228.81   
"WY",1908,367,14776.29  
"WY",1908,368,11200.23  
"WY",1908,369,50        
"WY",1908,392,34.25     
"WY",1908,393,17472.84  
"WY",1908,398,4234.6    
"WY",1908,400,12238.64  
"WY",1908,415,91687.18  
"WY",1908,416,18000     
"WY",1909,300,23505.86  
"WY",1909,311,146055.98 
"WY",1909,313,91010.45  
"WY",1909,316,5890.75   
"WY",1909,317,356.57    
"WY",1909,320,39893.42  
"WY",1909,322,7334.98   
"WY",1909,323,69553.83  
"WY",1909,324,77283.41  
"WY",1909,325,16883.84  
"WY",1909,334,4317.21   
"WY",1909,336,24475.79  
"WY",1909,343,4002.03   
"WY",1909,344,15896.56  
"WY",1909,345,12258     
"WY",1909,351,47266.02  
"WY",1909,352,17464.28  
"WY",1909,356,2677.7    
"WY",1909,357,12492.58  
"WY",1909,358,46582.76  
"WY",1909,359,7603.68   
"WY",1909,361,46318.55  
"WY",1909,362,10736.01  
"WY",1909,363,35650.5   
"WY",1909,364,205       
"WY",1909,365,15041.34  
"WY",1909,366,4340.21   
"WY",1909,367,22155.23  
"WY",1909,368,12683.85  
"WY",1909,369,50        
"WY",1909,392,3.75      
"WY",1909,393,36564.02  
"WY",1909,398,3606.26   
"WY",1909,400,10560     
"WY",1909,415,165592.295
"WY",1909,416,19000     
"WY",1910,311,178695.08 
"WY",1910,313,104370.89 
"WY",1910,316,4745.41   
"WY",1910,317,113.55    
"WY",1910,320,60760.99  
"WY",1910,321,8338.33   
"WY",1910,322,11626.33  
"WY",1910,323,52892.57  
"WY",1910,324,78755.7   
"WY",1910,325,16795.98  
"WY",1910,334,2259.66   
"WY",1910,336,24767.53  
"WY",1910,343,7461      
"WY",1910,344,15919.33  
"WY",1910,345,18550.34  
"WY",1910,351,65827.61  
"WY",1910,352,7801.63   
"WY",1910,356,362.91    
"WY",1910,357,17937.76  
"WY",1910,358,32008.64  
"WY",1910,359,13751.11  
"WY",1910,360,9.36      
"WY",1910,361,41.06     
"WY",1910,362,12048.5   
"WY",1910,363,36192.14  
"WY",1910,364,294.23    
"WY",1910,365,15068.56  
"WY",1910,366,3918.23   
"WY",1910,367,13928.99  
"WY",1910,368,19837.43  
"WY",1910,369,50        
"WY",1910,392,5         
"WY",1910,393,35646.13  
"WY",1910,398,7418.44   
"WY",1910,400,10956.93  
"WY",1910,415,171261.765
"WY",1910,416,23000     
"WY",1911,300,11385.015 
"WY",1911,311,180971.065
"WY",1911,313,80323.27  
"WY",1911,316,6000.265  
"WY",1911,317,136.5     
"WY",1911,320,58239.63  
"WY",1911,321,539.47    
"WY",1911,322,29834.095 
"WY",1911,323,33319.185 
"WY",1911,324,67439.285 
"WY",1911,325,12963.65  
"WY",1911,326,18157.43  
"WY",1911,334,2041.72   
"WY",1911,336,27175.11  
"WY",1911,343,1141.905  
"WY",1911,344,16742.53  
"WY",1911,345,20610.02  
"WY",1911,351,36601.475 
"WY",1911,352,8849.99   
"WY",1911,356,3446.16   
"WY",1911,357,18292.56  
"WY",1911,358,40009.755 
"WY",1911,359,16368.24  
"WY",1911,360,310.86    
"WY",1911,361,53695.28  
"WY",1911,362,15203.92  
"WY",1911,363,44780.56  
"WY",1911,365,21438.31  
"WY",1911,366,6398.51   
"WY",1911,367,11628.685 
"WY",1911,368,13583.58  
"WY",1911,369,352.46    
"WY",1911,392,25.75     
"WY",1911,393,35576.11  
"WY",1911,398,1349.33   
"WY",1911,400,9526.72   
"WY",1911,415,137532.435
"WY",1911,416,19940     
"WY",1912,300,11385.015 
"WY",1912,311,194618.945
"WY",1912,313,160416.92 
"WY",1912,314,15115.24  
"WY",1912,316,6064.285  
"WY",1912,317,9.4       
"WY",1912,320,76039.43  
"WY",1912,321,539.47    
"WY",1912,322,2031.955  
"WY",1912,323,34347.915 
"WY",1912,324,77459.495 
"WY",1912,325,13128.88  
"WY",1912,326,25909.9   
"WY",1912,334,1011.58   
"WY",1912,336,24820.44  
"WY",1912,343,10208.185 
"WY",1912,344,16995.26  
"WY",1912,345,15853.34  
"WY",1912,351,29341.035 
"WY",1912,352,4315.82   
"WY",1912,356,1611.65   
"WY",1912,357,15286.91  
"WY",1912,358,29116.035 
"WY",1912,359,16574.59  
"WY",1912,361,99.25     
"WY",1912,362,13194.78  
"WY",1912,363,45019.43  
"WY",1912,364,381.56    
"WY",1912,365,18689.99  
"WY",1912,366,4466.5    
"WY",1912,367,11628.685 
"WY",1912,368,12965.76  
"WY",1912,369,50        
"WY",1912,392,5.5       
"WY",1912,393,31679.56  
"WY",1912,400,7694.55   
"WY",1912,415,139804.905
"WY",1912,416,3060      
"WY",1913,300,10879.67  
"WY",1913,311,223251.465
"WY",1913,313,106207.675
"WY",1913,314,26095.26  
"WY",1913,316,5751.125  
"WY",1913,317,122.1     
"WY",1913,320,38362.06  
"WY",1913,321,347.4     
"WY",1913,322,1871.105  
"WY",1913,323,40625.685 
"WY",1913,324,66042.7   
"WY",1913,325,14268.81  
"WY",1913,326,4752.28   
"WY",1913,331,632.42    
"WY",1913,334,2643.89   
"WY",1913,336,28532.84  
"WY",1913,343,28869.34  
"WY",1913,344,22256.91  
"WY",1913,345,36734.4   
"WY",1913,351,39465.995 
"WY",1913,352,6631.41   
"WY",1913,356,2197.85   
"WY",1913,357,20006.38  
"WY",1913,358,69458.645 
"WY",1913,359,19913.09  
"WY",1913,360,3072.4    
"WY",1913,361,48594.06  
"WY",1913,362,13875.75  
"WY",1913,363,54492.09  
"WY",1913,364,658.5     
"WY",1913,365,19426.51  
"WY",1913,366,7145.14   
"WY",1913,367,10816.125 
"WY",1913,368,14229.51  
"WY",1913,369,186.6     
"WY",1913,392,1.25      
"WY",1913,393,35621.07  
"WY",1913,398,3013.75   
"WY",1913,399,7380.78   
"WY",1913,400,6960      
"WY",1913,415,141070.61 
"WY",1913,416,3000      
"WY",1914,300,10879.67  
"WY",1914,311,237731.495
"WY",1914,313,180983.035
"WY",1914,314,27983.64  
"WY",1914,316,5286.155  
"WY",1914,317,77        
"WY",1914,320,16628.35  
"WY",1914,321,1715.4    
"WY",1914,322,1871.105  
"WY",1914,323,54105.915 
"WY",1914,324,88019.01  
"WY",1914,325,16279.75  
"WY",1914,331,4783.25   
"WY",1914,334,2460.7    
"WY",1914,336,28000.67  
"WY",1914,343,202141.17 
"WY",1914,344,23483.65  
"WY",1914,345,29659.83  
"WY",1914,351,50384.935 
"WY",1914,352,14001.01  
"WY",1914,356,1557.66   
"WY",1914,357,24839.69  
"WY",1914,358,52285.465 
"WY",1914,359,23208     
"WY",1914,362,13720.65  
"WY",1914,363,65616.49  
"WY",1914,364,357       
"WY",1914,365,17029.07  
"WY",1914,366,9454.92   
"WY",1914,367,10816.125 
"WY",1914,368,16331.86  
"WY",1914,369,50        
"WY",1914,392,81.25     
"WY",1914,393,22874.41  
"WY",1914,398,1515.91   
"WY",1914,399,1490.94   
"WY",1914,400,6780      
"WY",1914,415,141414.52 
"WY",1914,416,3000      
"WY",1915,300,12564.965 
"WY",1915,311,247801.35 
"WY",1915,313,159088.68 
"WY",1915,314,29517.53  
"WY",1915,316,8907.8    
"WY",1915,317,211.05    
"WY",1915,320,16706.16  
"WY",1915,321,1248.355  
"WY",1915,322,2409.885  
"WY",1915,323,38572.345 
"WY",1915,324,68671.965 
"WY",1915,325,16939.895 
"WY",1915,326,2024.36   
"WY",1915,331,5009.35   
"WY",1915,334,3035.24   
"WY",1915,336,29794.61  
"WY",1915,343,187884.66 
"WY",1915,344,23847.845 
"WY",1915,345,11344.12  
"WY",1915,351,59563.47  
"WY",1915,352,10800.56  
"WY",1915,356,2403.18   
"WY",1915,357,25884.945 
"WY",1915,358,78702.965 
"WY",1915,359,31651.32  
"WY",1915,360,2024.4    
"WY",1915,361,48804.9   
"WY",1915,362,15346.17  
"WY",1915,363,66819.85  
"WY",1915,365,19916.15  
"WY",1915,366,4822.11   
"WY",1915,367,18434.22  
"WY",1915,368,17234.57  
"WY",1915,369,434.74    
"WY",1915,391,48.5      
"WY",1915,393,32604.97  
"WY",1915,398,4488.42   
"WY",1915,399,92.91     
"WY",1915,400,9000.52   
"WY",1915,415,416623.045
"WY",1915,416,3000      
"WY",1916,300,15280.485 
"WY",1916,311,342398.97 
"WY",1916,313,160310.93 
"WY",1916,314,30614.89  
"WY",1916,316,4291.8    
"WY",1916,317,114.5     
"WY",1916,320,10659.67  
"WY",1916,321,1550.305  
"WY",1916,322,2409.885  
"WY",1916,323,58738.675 
"WY",1916,324,66539.395 
"WY",1916,325,14108.095 
"WY",1916,326,66172.85  
"WY",1916,334,3814.54   
"WY",1916,336,21892.38  
"WY",1916,343,107743.92 
"WY",1916,344,17264.355 
"WY",1916,345,27207.58  
"WY",1916,351,67845     
"WY",1916,352,13544.7   
"WY",1916,356,2091.79   
"WY",1916,357,21286.525 
"WY",1916,358,63244.085 
"WY",1916,359,19425.84  
"WY",1916,360,156.95    
"WY",1916,361,20        
"WY",1916,362,13186.16  
"WY",1916,363,52321.76  
"WY",1916,364,367.25    
"WY",1916,365,16477.28  
"WY",1916,366,6457.2    
"WY",1916,367,84523.79  
"WY",1916,368,14142.14  
"WY",1916,369,179       
"WY",1916,391,72        
"WY",1916,392,3         
"WY",1916,393,44666.21  
"WY",1916,398,1197.61   
"WY",1916,399,151.45    
"WY",1916,400,9180.52   
"WY",1916,415,424915.185
"WY",1916,416,3000      
