"LA",1852,3,1098909.1   
"LA",1853,3,1328443.3   
"LA",1854,3,1847552.66  
"LA",1855,3,1681098.89  
"LA",1856,3,1940599.84  
"LA",1857,3,2225613.29  
"LA",1858,3,1870803.43  
"LA",1859,3,2383135.4   
"LA",1865,3,1162623.68  
"LA",1866,3,1949943.77  
"LA",1867,3,2989817.97  
"LA",1868,3,3835777.73  
"LA",1869,3,4194637.15  
"LA",1870,3,7130302.55  
"LA",1871,3,7576347.58  
"LA",1872,3,4171428.98  
"LA",1873,3,3696912.92  
"LA",1874,3,3067101.23  
"LA",1875,3,3180357.34  
"LA",1877,3,2450284.25  
"LA",1878,3,2403131.32  
"LA",1879,3,2226779.72  
"LA",1880,3,1384542.85  
"LA",1881,3,1673135.13  
"LA",1882,3,1434828.66  
"LA",1883,3,1667423.6   
"LA",1884,3,1633899.52  
"LA",1885,3,1498709.06  
"LA",1886,3,1370847.72  
"LA",1887,3,1455684.11  
"LA",1888,3,4191041.91  
"LA",1889,3,2096826.98  
"LA",1890,3,2277299.67  
"LA",1852,31,291888.35  
"LA",1852,32,63895.03   
"LA",1852,33,48673.47   
"LA",1852,34,28050      
"LA",1852,35,16896.23   
"LA",1852,36,489705.36  
"LA",1852,37,6046.36    
"LA",1852,38,19100      
"LA",1852,39,66629.3    
"LA",1852,40,68025      
"LA",1853,31,355641.64  
"LA",1853,32,84319.84   
"LA",1853,33,65558.58   
"LA",1853,34,18599.41   
"LA",1853,35,14084.14   
"LA",1853,36,459976.39  
"LA",1853,38,12006.6    
"LA",1853,39,41320.7    
"LA",1853,40,73808      
"LA",1853,41,203128     
"LA",1854,31,322389.23  
"LA",1854,32,118000     
"LA",1854,33,87017.29   
"LA",1854,34,10879.44   
"LA",1854,35,253217.42  
"LA",1854,36,496087.52  
"LA",1854,38,16043      
"LA",1854,39,73063.55   
"LA",1854,40,177855.21  
"LA",1854,41,293000     
"LA",1855,31,333614.76  
"LA",1855,32,111500     
"LA",1855,33,59417.89   
"LA",1855,34,9582.69    
"LA",1855,35,207228.74  
"LA",1855,36,534961.86  
"LA",1855,38,1257       
"LA",1855,39,112671.16  
"LA",1855,40,187810.19  
"LA",1855,41,123054.6   
"LA",1856,31,357273.33  
"LA",1856,32,131000     
"LA",1856,33,56892.25   
"LA",1856,34,66796.88   
"LA",1856,35,239567.07  
"LA",1856,36,501238.65  
"LA",1856,38,729        
"LA",1856,39,30551.67   
"LA",1856,40,186131.82  
"LA",1856,41,370419.17  
"LA",1857,31,370748.24  
"LA",1857,32,180381.62  
"LA",1857,33,92222.27   
"LA",1857,34,133302.44  
"LA",1857,35,398547.65  
"LA",1857,36,497471.79  
"LA",1857,38,912        
"LA",1857,39,69634.59   
"LA",1857,40,210866.86  
"LA",1857,41,271525.83  
"LA",1858,31,348270.92  
"LA",1858,32,122375.1   
"LA",1858,33,62368.61   
"LA",1858,34,51764.54   
"LA",1858,35,245000.33  
"LA",1858,36,504627.99  
"LA",1858,38,756        
"LA",1858,39,82683.98   
"LA",1858,40,174560.96  
"LA",1858,41,278395     
"LA",1859,31,372133.66  
"LA",1859,32,97035.35   
"LA",1859,33,55645.55   
"LA",1859,34,13859.08   
"LA",1859,35,607460.36  
"LA",1859,36,563410.12  
"LA",1859,38,744        
"LA",1859,39,63704.34   
"LA",1859,40,349228.94  
"LA",1859,41,259914     
"LA",1865,31,205605.99  
"LA",1865,32,106918.41  
"LA",1865,34,21064.05   
"LA",1865,35,58770.61   
"LA",1865,36,732443.28  
"LA",1865,39,3921.34    
"LA",1865,41,33900      
"LA",1866,31,239451.27  
"LA",1866,32,175775.31  
"LA",1866,33,6057.96    
"LA",1866,34,70296.7    
"LA",1866,35,540839.13  
"LA",1866,36,726598.4   
"LA",1866,38,816        
"LA",1866,39,44566.31   
"LA",1866,40,112500     
"LA",1866,41,33042.69   
"LA",1867,31,94831.25   
"LA",1867,32,97942.56   
"LA",1867,33,7013.5     
"LA",1867,34,26026.64   
"LA",1867,35,999890.5   
"LA",1867,36,542918.51  
"LA",1867,38,4818       
"LA",1867,39,59222.76   
"LA",1867,40,81947.25   
"LA",1867,41,1075207    
"LA",1868,31,158844.16  
"LA",1868,32,100859.77  
"LA",1868,33,3901.75    
"LA",1868,34,31565.45   
"LA",1868,35,1772078.91 
"LA",1868,36,1192618.31 
"LA",1868,38,6557.5     
"LA",1868,39,25092.73   
"LA",1868,40,188478.19  
"LA",1868,41,355780.96  
"LA",1869,31,216762.35  
"LA",1869,32,268083.2   
"LA",1869,33,416256.8   
"LA",1869,34,96965.09   
"LA",1869,35,121360.76  
"LA",1869,36,2288256.04 
"LA",1869,37,67031.47   
"LA",1869,38,140279.55  
"LA",1869,39,77830.23   
"LA",1869,40,491614.12  
"LA",1869,41,10197.54   
"LA",1870,31,176876.01  
"LA",1870,32,226085     
"LA",1870,33,462494.99  
"LA",1870,34,20588.4    
"LA",1870,35,1826996.44 
"LA",1870,36,2423730.7  
"LA",1870,38,116910.75  
"LA",1870,39,155162.59  
"LA",1870,40,1110762.54 
"LA",1870,41,610695.13  
"LA",1871,31,872582.91  
"LA",1871,32,397350     
"LA",1871,33,403808.45  
"LA",1871,34,173222.21  
"LA",1871,35,926385.4   
"LA",1871,36,2843095.74 
"LA",1871,37,1000       
"LA",1871,39,141420.03  
"LA",1871,40,1546425.67 
"LA",1871,41,271057.17  
"LA",1872,31,370183.97  
"LA",1872,32,231750     
"LA",1872,33,110349.91  
"LA",1872,34,111451     
"LA",1872,35,223256.27  
"LA",1872,36,1206250.62 
"LA",1872,39,71556.82   
"LA",1872,40,1403687.94 
"LA",1872,41,442942.45  
"LA",1873,31,364454.38  
"LA",1873,32,241250     
"LA",1873,33,32647.96   
"LA",1873,34,107397.5   
"LA",1873,35,602692.19  
"LA",1873,36,1241388.93 
"LA",1873,38,24900      
"LA",1873,39,22959.44   
"LA",1873,40,966509.1   
"LA",1873,41,92713.42   
"LA",1874,31,322311.47  
"LA",1874,32,187500     
"LA",1874,33,28317.47   
"LA",1874,34,145524.99  
"LA",1874,35,478674.13  
"LA",1874,36,1171065.16 
"LA",1874,38,22403      
"LA",1874,39,49609.76   
"LA",1874,40,644160.83  
"LA",1874,41,17534.42   
"LA",1875,30,78402.94   
"LA",1875,31,305936.89  
"LA",1875,32,141000     
"LA",1875,33,16516.62   
"LA",1875,34,10421.2    
"LA",1875,35,579541.76  
"LA",1875,36,1095810.89 
"LA",1875,38,2592       
"LA",1875,39,19898.81   
"LA",1875,40,886431.58  
"LA",1875,41,43804.65   
"LA",1877,31,235731.49  
"LA",1877,32,129069.96  
"LA",1877,33,16369.94   
"LA",1877,34,45543.25   
"LA",1877,35,396933.31  
"LA",1877,36,772055.28  
"LA",1877,38,9575.4     
"LA",1877,39,10763.12   
"LA",1877,40,834242.5   
"LA",1878,30,30009.8    
"LA",1878,31,332140.61  
"LA",1878,32,154500.35  
"LA",1878,33,21470      
"LA",1878,34,16641      
"LA",1878,35,433360.61  
"LA",1878,36,718582.13  
"LA",1878,38,10249.98   
"LA",1878,39,8945.92    
"LA",1878,40,677230.92  
"LA",1879,30,1000       
"LA",1879,31,303975.96  
"LA",1879,32,201632.68  
"LA",1879,33,18073.83   
"LA",1879,34,43014.98   
"LA",1879,35,240383.35  
"LA",1879,36,700074.95  
"LA",1879,38,8461.09    
"LA",1879,39,35354.68   
"LA",1879,40,674808.2   
"LA",1880,31,222026.01  
"LA",1880,32,199314.44  
"LA",1880,33,18396.65   
"LA",1880,34,27332.41   
"LA",1880,35,202974.54  
"LA",1880,36,529991.23  
"LA",1880,38,4224.09    
"LA",1880,39,35441.27   
"LA",1880,40,144842.21  
"LA",1881,31,235671.2   
"LA",1881,32,187088.49  
"LA",1881,33,19300      
"LA",1881,34,27362.41   
"LA",1881,35,232519.56  
"LA",1881,36,539779.06  
"LA",1881,38,22         
"LA",1881,39,5644.96    
"LA",1881,40,178075.76  
"LA",1881,41,247671.69  
"LA",1882,31,175429.29  
"LA",1882,32,216870.66  
"LA",1882,33,19718.65   
"LA",1882,34,30497.13   
"LA",1882,35,236001.67  
"LA",1882,36,598039.54  
"LA",1882,38,3008.25    
"LA",1882,39,12709.4    
"LA",1882,40,72919.99   
"LA",1882,41,69634.08   
"LA",1883,31,157290.79  
"LA",1883,32,379280.33  
"LA",1883,33,23458.35   
"LA",1883,34,43803.37   
"LA",1883,35,284431.51  
"LA",1883,36,651606.99  
"LA",1883,39,802.5      
"LA",1883,40,92466.26   
"LA",1883,41,34283.5    
"LA",1884,31,151301.12  
"LA",1884,32,177525.09  
"LA",1884,33,23208.32   
"LA",1884,34,20868.24   
"LA",1884,35,529150.72  
"LA",1884,36,511306.57  
"LA",1884,38,28.65      
"LA",1884,39,75099.55   
"LA",1884,40,125250.76  
"LA",1884,41,20160.5    
"LA",1885,31,211753.73  
"LA",1885,32,143350.8   
"LA",1885,33,26750      
"LA",1885,34,18744.66   
"LA",1885,35,317090.75  
"LA",1885,36,584645.53  
"LA",1885,39,50471.49   
"LA",1885,40,74765.26   
"LA",1885,41,71136.84   
"LA",1886,31,199099.62  
"LA",1886,32,128953.19  
"LA",1886,33,27458.35   
"LA",1886,34,16514.31   
"LA",1886,35,357340.07  
"LA",1886,36,463420.25  
"LA",1886,39,7941.37    
"LA",1886,40,105372.31  
"LA",1886,41,64748.25   
"LA",1887,31,165191.51  
"LA",1887,32,68256.3    
"LA",1887,33,27500      
"LA",1887,34,7817.03    
"LA",1887,35,480664.55  
"LA",1887,36,565551.72  
"LA",1887,39,895.93     
"LA",1887,40,87663.69   
"LA",1887,41,52143.38   
"LA",1888,31,227264.23  
"LA",1888,32,259567.64  
"LA",1888,33,27750      
"LA",1888,34,9946.55    
"LA",1888,35,488221.57  
"LA",1888,36,395964.96  
"LA",1888,39,6511.75    
"LA",1888,40,2739068.82 
"LA",1888,41,36746.39   
"LA",1889,31,202626.22  
"LA",1889,32,130579.36  
"LA",1889,33,25950      
"LA",1889,34,7709.65    
"LA",1889,35,578923     
"LA",1889,36,559729.71  
"LA",1889,38,26.36      
"LA",1889,39,2681.16    
"LA",1889,40,562877.61  
"LA",1889,41,25723.91   
"LA",1890,31,190567.45  
"LA",1890,32,165591.22  
"LA",1890,33,28350      
"LA",1890,34,18074.98   
"LA",1890,35,746490.34  
"LA",1890,36,558914.08  
"LA",1890,39,18419.83   
"LA",1890,40,533358.86  
"LA",1890,41,17532.91   
"LA",1852,311,276399.07 
"LA",1852,313,12500     
"LA",1852,316,2989.28   
"LA",1852,321,21500     
"LA",1852,322,15220     
"LA",1852,323,17175.03  
"LA",1852,324,10000     
"LA",1852,330,22048.59  
"LA",1852,334,13861.52  
"LA",1852,336,12763.36  
"LA",1852,343,25600     
"LA",1852,345,2450      
"LA",1852,357,3352.33   
"LA",1852,358,13543.9   
"LA",1852,360,30275.25  
"LA",1852,361,89208.14  
"LA",1852,362,16944.25  
"LA",1852,363,137226.57 
"LA",1852,365,147032.85 
"LA",1852,366,3250      
"LA",1852,367,27125     
"LA",1852,368,500       
"LA",1852,369,38143.3   
"LA",1852,371,6046.36   
"LA",1852,381,19100     
"LA",1852,391,2345.28   
"LA",1852,393,34137.14  
"LA",1852,398,30146.88  
"LA",1852,401,63725     
"LA",1852,405,4300      
"LA",1853,311,343476.43 
"LA",1853,313,9240      
"LA",1853,316,2925.21   
"LA",1853,321,24000     
"LA",1853,322,21205     
"LA",1853,323,27824.97  
"LA",1853,324,11289.87  
"LA",1853,330,15815.54  
"LA",1853,334,37374.56  
"LA",1853,336,12368.48  
"LA",1853,341,350       
"LA",1853,343,10525     
"LA",1853,345,7724.41   
"LA",1853,357,9084.14   
"LA",1853,358,5000      
"LA",1853,360,27458.96  
"LA",1853,361,133273.21 
"LA",1853,362,13712.45  
"LA",1853,363,113280.1  
"LA",1853,364,508       
"LA",1853,365,125325.34 
"LA",1853,366,3360.59   
"LA",1853,367,625       
"LA",1853,368,148.15    
"LA",1853,369,42284.59  
"LA",1853,381,12006.6   
"LA",1853,391,10215.99  
"LA",1853,393,332.5     
"LA",1853,398,30772.21  
"LA",1853,401,60955     
"LA",1853,404,10033     
"LA",1853,405,2820      
"LA",1853,412,200000    
"LA",1853,418,3128      
"LA",1854,311,319659.27 
"LA",1854,316,2729.96   
"LA",1854,321,26500     
"LA",1854,322,34500     
"LA",1854,323,35000     
"LA",1854,324,22000     
"LA",1854,330,30499.01  
"LA",1854,334,40611.83  
"LA",1854,336,15906.45  
"LA",1854,343,2964.44   
"LA",1854,345,7915      
"LA",1854,357,8705.33   
"LA",1854,358,244512.09 
"LA",1854,361,89920.93  
"LA",1854,362,15601.37  
"LA",1854,363,142597.31 
"LA",1854,365,149671.56 
"LA",1854,366,3500      
"LA",1854,367,26840.25  
"LA",1854,369,67956.1   
"LA",1854,381,16043     
"LA",1854,391,22833.97  
"LA",1854,393,6007.92   
"LA",1854,398,44221.66  
"LA",1854,400,127770    
"LA",1854,401,48930     
"LA",1854,405,1155.21   
"LA",1854,415,293000    
"LA",1855,311,277818.25 
"LA",1855,313,49000     
"LA",1855,316,6796.51   
"LA",1855,321,25000     
"LA",1855,322,49500     
"LA",1855,323,35000     
"LA",1855,324,2000      
"LA",1855,330,16749.45  
"LA",1855,334,20891.03  
"LA",1855,336,21777.41  
"LA",1855,343,1753.03   
"LA",1855,345,7829.66   
"LA",1855,356,45000     
"LA",1855,357,7244.06   
"LA",1855,358,154984.68 
"LA",1855,361,111854.98 
"LA",1855,362,16159.96  
"LA",1855,363,129008.11 
"LA",1855,365,171061.52 
"LA",1855,366,3500      
"LA",1855,367,21368     
"LA",1855,369,82009.29  
"LA",1855,381,1257      
"LA",1855,391,21161.24  
"LA",1855,398,91509.92  
"LA",1855,400,52855     
"LA",1855,401,133575    
"LA",1855,405,1380.19   
"LA",1855,415,77070.5   
"LA",1855,416,45984.1   
"LA",1856,311,310227.11 
"LA",1856,313,43146.22  
"LA",1856,316,3900      
"LA",1856,321,30500     
"LA",1856,322,49500     
"LA",1856,323,40000     
"LA",1856,324,11000     
"LA",1856,330,28130.08  
"LA",1856,334,15588.43  
"LA",1856,336,13173.74  
"LA",1856,343,58203.33  
"LA",1856,345,8593.55   
"LA",1856,356,5000      
"LA",1856,357,17012.65  
"LA",1856,358,217554.42 
"LA",1856,360,712       
"LA",1856,361,117024.87 
"LA",1856,362,16169.71  
"LA",1856,363,133437.3  
"LA",1856,364,108       
"LA",1856,365,189655.41 
"LA",1856,366,3500      
"LA",1856,367,700.5     
"LA",1856,369,39930.86  
"LA",1856,381,729       
"LA",1856,391,19206.03  
"LA",1856,398,11345.64  
"LA",1856,400,20135     
"LA",1856,401,163695    
"LA",1856,405,2301.82   
"LA",1856,412,200000    
"LA",1856,415,170419.17 
"LA",1857,311,332868.82 
"LA",1857,312,1000      
"LA",1857,313,32929.42  
"LA",1857,316,3950      
"LA",1857,320,300       
"LA",1857,321,40300     
"LA",1857,322,70781.62  
"LA",1857,323,33000     
"LA",1857,324,36000     
"LA",1857,330,22454.82  
"LA",1857,331,9450      
"LA",1857,334,47272.15  
"LA",1857,336,13045.3   
"LA",1857,343,131132.44 
"LA",1857,345,2170      
"LA",1857,357,25732.29  
"LA",1857,358,372815.36 
"LA",1857,361,117874.62 
"LA",1857,362,15634.99  
"LA",1857,363,139330.82 
"LA",1857,364,6262      
"LA",1857,365,175918.5  
"LA",1857,366,3500      
"LA",1857,367,2150      
"LA",1857,369,36800.86  
"LA",1857,381,912       
"LA",1857,391,21768.31  
"LA",1857,398,47866.28  
"LA",1857,400,59355     
"LA",1857,401,147775    
"LA",1857,405,3736.86   
"LA",1857,412,200000    
"LA",1857,415,71525.83  
"LA",1858,311,303270.92 
"LA",1858,313,40000     
"LA",1858,314,500       
"LA",1858,316,4500      
"LA",1858,321,19150     
"LA",1858,322,60225.1   
"LA",1858,323,20000     
"LA",1858,324,23000     
"LA",1858,330,17193.94  
"LA",1858,331,1550      
"LA",1858,334,28453.34  
"LA",1858,336,15171.33  
"LA",1858,343,37614.54  
"LA",1858,345,14150     
"LA",1858,357,16774.15  
"LA",1858,358,228226.18 
"LA",1858,361,89446.44  
"LA",1858,362,13368.31  
"LA",1858,363,220134.67 
"LA",1858,364,8788.99   
"LA",1858,365,111165.42 
"LA",1858,366,3500      
"LA",1858,367,9450      
"LA",1858,369,48774.16  
"LA",1858,381,756       
"LA",1858,391,30087.89  
"LA",1858,393,24291.88  
"LA",1858,398,28304.21  
"LA",1858,400,53700     
"LA",1858,401,119680    
"LA",1858,405,1180.96   
"LA",1858,412,272000    
"LA",1858,415,6395      
"LA",1859,311,337068.66 
"LA",1859,313,28190     
"LA",1859,314,1475      
"LA",1859,316,5400      
"LA",1859,321,19000     
"LA",1859,322,17785.35  
"LA",1859,323,18750     
"LA",1859,324,41500     
"LA",1859,330,19347.11  
"LA",1859,334,31698.44  
"LA",1859,336,4600      
"LA",1859,341,9432.3    
"LA",1859,343,1226.78   
"LA",1859,345,3200      
"LA",1859,357,10931.74  
"LA",1859,358,596528.62 
"LA",1859,361,94222.24  
"LA",1859,362,15329.96  
"LA",1859,363,169486.48 
"LA",1859,364,9125      
"LA",1859,365,201819.77 
"LA",1859,366,5500      
"LA",1859,367,15490.4   
"LA",1859,369,52436.27  
"LA",1859,381,744       
"LA",1859,391,13760.69  
"LA",1859,393,24946.54  
"LA",1859,398,24997.11  
"LA",1859,400,173120    
"LA",1859,401,111055    
"LA",1859,405,65053.94  
"LA",1859,412,150000    
"LA",1859,415,109914    
"LA",1865,311,197443.69 
"LA",1865,313,6240      
"LA",1865,316,1922.3    
"LA",1865,321,65918.41  
"LA",1865,324,40000     
"LA",1865,325,1000      
"LA",1865,341,343.22    
"LA",1865,343,14211.85  
"LA",1865,345,6508.98   
"LA",1865,357,12770.61  
"LA",1865,358,46000     
"LA",1865,360,29126.75  
"LA",1865,361,354477.22 
"LA",1865,362,33492.27  
"LA",1865,363,110077.03 
"LA",1865,364,2833.75   
"LA",1865,365,129101.21 
"LA",1865,366,7075.71   
"LA",1865,367,9730.37   
"LA",1865,369,56528.97  
"LA",1865,390,328.53    
"LA",1865,391,1194.06   
"LA",1865,398,2398.75   
"LA",1865,416,33900     
"LA",1866,311,166551.27 
"LA",1866,313,71400     
"LA",1866,316,1500      
"LA",1866,320,2750      
"LA",1866,321,55750     
"LA",1866,322,11500     
"LA",1866,323,50500     
"LA",1866,324,35275.31  
"LA",1866,325,20000     
"LA",1866,334,500       
"LA",1866,336,5557.96   
"LA",1866,343,69546.7   
"LA",1866,345,750       
"LA",1866,357,20852.88  
"LA",1866,358,519986.25 
"LA",1866,361,190472.05 
"LA",1866,362,29108.41  
"LA",1866,363,166422.65 
"LA",1866,365,272135.07 
"LA",1866,366,5742.57   
"LA",1866,367,3495      
"LA",1866,368,9348.1    
"LA",1866,369,49874.55  
"LA",1866,381,816       
"LA",1866,391,7035.55   
"LA",1866,398,37530.76  
"LA",1866,400,112500    
"LA",1866,415,2198.75   
"LA",1866,416,30843.94  
"LA",1867,311,50079     
"LA",1867,313,43480     
"LA",1867,316,1272.25   
"LA",1867,321,35500     
"LA",1867,322,9650      
"LA",1867,323,20794.66  
"LA",1867,324,31997.9   
"LA",1867,336,7013.5    
"LA",1867,343,24665.16  
"LA",1867,345,1361.48   
"LA",1867,357,7783.83   
"LA",1867,358,992106.67 
"LA",1867,361,170877.22 
"LA",1867,362,18259.14  
"LA",1867,363,94138.15  
"LA",1867,365,203423.08 
"LA",1867,366,1333.34   
"LA",1867,367,2768      
"LA",1867,368,5351.9    
"LA",1867,369,46767.68  
"LA",1867,381,4818      
"LA",1867,391,28647.89  
"LA",1867,398,30574.87  
"LA",1867,400,37008.83  
"LA",1867,401,28050     
"LA",1867,404,655.78    
"LA",1867,405,16232.64  
"LA",1867,412,16915.5   
"LA",1867,416,1058291.5 
"LA",1868,311,125610.03 
"LA",1868,313,31760     
"LA",1868,316,1474.13   
"LA",1868,320,750       
"LA",1868,321,28664.3   
"LA",1868,322,15600     
"LA",1868,323,22810     
"LA",1868,324,33035.47  
"LA",1868,336,3901.75   
"LA",1868,341,1350      
"LA",1868,343,29465.45  
"LA",1868,345,750       
"LA",1868,357,10717.08  
"LA",1868,358,1761361.83
"LA",1868,360,182666.94 
"LA",1868,361,264509.64 
"LA",1868,362,32878.27  
"LA",1868,363,155106.63 
"LA",1868,364,16995.8   
"LA",1868,365,493170.62 
"LA",1868,366,12292.05  
"LA",1868,367,13652.83  
"LA",1868,368,2293.15   
"LA",1868,369,19052.38  
"LA",1868,381,6557.5    
"LA",1868,390,200       
"LA",1868,391,3127.98   
"LA",1868,393,14338.75  
"LA",1868,398,7426      
"LA",1868,400,171752.25 
"LA",1868,405,16725.94  
"LA",1868,412,1281.96   
"LA",1868,416,354499    
"LA",1869,311,120118.9  
"LA",1869,313,85320     
"LA",1869,316,11323.45  
"LA",1869,320,2250      
"LA",1869,321,106310.7  
"LA",1869,322,38190     
"LA",1869,323,67097.5   
"LA",1869,324,54235     
"LA",1869,336,416256.8  
"LA",1869,341,550       
"LA",1869,343,89665.09  
"LA",1869,345,6750      
"LA",1869,356,5910      
"LA",1869,357,12228.47  
"LA",1869,358,103222.29 
"LA",1869,360,73760.46  
"LA",1869,361,460591.18 
"LA",1869,362,28463.3   
"LA",1869,363,265400.14 
"LA",1869,364,144615.78 
"LA",1869,365,917138.97 
"LA",1869,366,11775.46  
"LA",1869,367,19903.17  
"LA",1869,368,21334.55  
"LA",1869,369,345273.03 
"LA",1869,371,67031.47  
"LA",1869,381,140279.55 
"LA",1869,390,1216      
"LA",1869,391,15273.84  
"LA",1869,398,61340.39  
"LA",1869,400,483056.65 
"LA",1869,405,8557.47   
"LA",1869,412,9072.54   
"LA",1869,416,1125      
"LA",1870,311,108600.36 
"LA",1870,313,65307.5   
"LA",1870,316,2968.15   
"LA",1870,320,5000      
"LA",1870,321,81075     
"LA",1870,322,21160     
"LA",1870,323,34460     
"LA",1870,324,84390     
"LA",1870,334,148800    
"LA",1870,336,303694.99 
"LA",1870,337,10000     
"LA",1870,341,100       
"LA",1870,343,7895.96   
"LA",1870,345,12592.44  
"LA",1870,356,19090     
"LA",1870,357,10954.92  
"LA",1870,358,1796951.52
"LA",1870,360,6656.29   
"LA",1870,361,742357.64 
"LA",1870,362,51997.93  
"LA",1870,363,322733.71 
"LA",1870,364,18001.45  
"LA",1870,365,819358.7  
"LA",1870,366,19497.67  
"LA",1870,367,19618.55  
"LA",1870,368,53794.02  
"LA",1870,369,369714.74 
"LA",1870,381,116910.75 
"LA",1870,390,1150      
"LA",1870,391,4080.69   
"LA",1870,393,940       
"LA",1870,398,148991.9  
"LA",1870,400,1081858.63
"LA",1870,405,28903.91  
"LA",1870,413,10995.55  
"LA",1870,416,599699.58 
"LA",1871,311,770835.41 
"LA",1871,312,125       
"LA",1871,313,97072.5   
"LA",1871,314,250       
"LA",1871,316,4300      
"LA",1871,321,97300     
"LA",1871,322,53050     
"LA",1871,323,62000     
"LA",1871,324,185000    
"LA",1871,334,9357      
"LA",1871,336,394451.45 
"LA",1871,341,1899.46   
"LA",1871,343,3583.05   
"LA",1871,345,167739.7  
"LA",1871,356,3500      
"LA",1871,357,34032.69  
"LA",1871,358,886852.71 
"LA",1871,359,2000      
"LA",1871,360,3423      
"LA",1871,361,692526.59 
"LA",1871,362,25334.29  
"LA",1871,363,347038.01 
"LA",1871,364,34621.25  
"LA",1871,365,1227036.57
"LA",1871,366,116762.94 
"LA",1871,367,26644.81  
"LA",1871,369,369708.28 
"LA",1871,371,1000      
"LA",1871,390,241.07    
"LA",1871,391,35785.76  
"LA",1871,393,28322.27  
"LA",1871,398,77070.93  
"LA",1871,400,1321096.06
"LA",1871,405,225329.61 
"LA",1871,416,268357.17 
"LA",1871,418,2700      
"LA",1872,311,311283.97 
"LA",1872,313,57200     
"LA",1872,316,1700      
"LA",1872,322,33750     
"LA",1872,323,58000     
"LA",1872,324,140000    
"LA",1872,336,110349.91 
"LA",1872,341,5440.93   
"LA",1872,343,3000      
"LA",1872,345,103010.07 
"LA",1872,356,6500      
"LA",1872,357,12656.27  
"LA",1872,358,204100    
"LA",1872,360,266       
"LA",1872,361,279671.72 
"LA",1872,362,30867.11  
"LA",1872,363,298874.56 
"LA",1872,364,226716.09 
"LA",1872,365,186451.39 
"LA",1872,366,24951.79  
"LA",1872,367,15959.96  
"LA",1872,369,142492    
"LA",1872,391,2418.24   
"LA",1872,398,69138.58  
"LA",1872,400,1337032.18
"LA",1872,405,66655.76  
"LA",1872,413,84091.42  
"LA",1872,416,358851.03 
"LA",1873,311,333754.38 
"LA",1873,313,28050     
"LA",1873,316,2650      
"LA",1873,322,56250     
"LA",1873,323,50000     
"LA",1873,324,135000    
"LA",1873,336,32647.96  
"LA",1873,341,2175      
"LA",1873,343,972.5     
"LA",1873,345,104250    
"LA",1873,356,7000      
"LA",1873,357,21205.49  
"LA",1873,358,574486.7  
"LA",1873,360,6349      
"LA",1873,361,415688.56 
"LA",1873,362,42398.19  
"LA",1873,363,324772.18 
"LA",1873,364,70299.66  
"LA",1873,365,194445.73 
"LA",1873,366,18261.01  
"LA",1873,367,14458.3   
"LA",1873,369,154716.3  
"LA",1873,381,24900     
"LA",1873,391,6231.1    
"LA",1873,398,16728.34  
"LA",1873,400,928282.11 
"LA",1873,405,38226.99  
"LA",1873,416,92713.42  
"LA",1874,311,319211.47 
"LA",1874,316,3100      
"LA",1874,322,40500     
"LA",1874,323,32000     
"LA",1874,324,115000    
"LA",1874,336,28317.47  
"LA",1874,341,7100      
"LA",1874,345,138424.99 
"LA",1874,357,20460.83  
"LA",1874,358,458213.3  
"LA",1874,360,3845      
"LA",1874,361,390275.67 
"LA",1874,362,40676.65  
"LA",1874,363,277247.83 
"LA",1874,364,32854.42  
"LA",1874,365,188474.44 
"LA",1874,366,34296.91  
"LA",1874,367,47083.34  
"LA",1874,369,156310.9  
"LA",1874,381,22403     
"LA",1874,390,7822.81   
"LA",1874,391,6507.25   
"LA",1874,393,5664.45   
"LA",1874,398,29615.25  
"LA",1874,400,578246.5  
"LA",1874,405,65914.33  
"LA",1874,416,17534.42  
"LA",1875,301,78402.94  
"LA",1875,311,294836.89 
"LA",1875,313,10000     
"LA",1875,316,1100      
"LA",1875,322,12500     
"LA",1875,323,20000     
"LA",1875,324,108500    
"LA",1875,336,16516.62  
"LA",1875,341,3350      
"LA",1875,343,600       
"LA",1875,345,6471.2    
"LA",1875,357,7791.76   
"LA",1875,358,571750    
"LA",1875,360,20254     
"LA",1875,361,296607.04 
"LA",1875,362,37850.62  
"LA",1875,363,153734.32 
"LA",1875,364,10314.2   
"LA",1875,365,205676.23 
"LA",1875,366,18300.34  
"LA",1875,367,253850    
"LA",1875,369,99224.14  
"LA",1875,381,2592      
"LA",1875,390,60        
"LA",1875,391,2049.56   
"LA",1875,398,17789.25  
"LA",1875,400,839262.63 
"LA",1875,401,360       
"LA",1875,405,46808.95  
"LA",1875,416,43804.65  
"LA",1877,310,5264.75   
"LA",1877,311,228466.74 
"LA",1877,316,2000      
"LA",1877,321,1375      
"LA",1877,322,14000     
"LA",1877,323,25000     
"LA",1877,324,88694.96  
"LA",1877,334,6191.23   
"LA",1877,336,10178.71  
"LA",1877,341,21150.64  
"LA",1877,345,24392.61  
"LA",1877,357,2285.78   
"LA",1877,358,394347.53 
"LA",1877,359,300       
"LA",1877,361,291603.77 
"LA",1877,362,53569.28  
"LA",1877,363,278949.22 
"LA",1877,364,2076.5    
"LA",1877,365,86037.03  
"LA",1877,366,9700.85   
"LA",1877,367,26241.97  
"LA",1877,368,2691.55   
"LA",1877,369,21185.11  
"LA",1877,381,9575.4    
"LA",1877,391,7328.12   
"LA",1877,398,3435      
"LA",1877,400,834242.5  
"LA",1878,301,30009.8   
"LA",1878,310,796.74    
"LA",1878,311,291893.22 
"LA",1878,313,37075.65  
"LA",1878,316,2375      
"LA",1878,321,1125      
"LA",1878,322,13500     
"LA",1878,323,33750     
"LA",1878,324,106125.35 
"LA",1878,334,1000.81   
"LA",1878,336,20469.19  
"LA",1878,341,905       
"LA",1878,345,15736     
"LA",1878,356,3000      
"LA",1878,357,2790.73   
"LA",1878,358,427069.88 
"LA",1878,359,500       
"LA",1878,360,9752.5    
"LA",1878,361,205717.49 
"LA",1878,362,36655.82  
"LA",1878,363,247236.61 
"LA",1878,364,26709.18  
"LA",1878,365,94979.73  
"LA",1878,366,11271.15  
"LA",1878,367,29750     
"LA",1878,368,5449.85   
"LA",1878,369,51059.8   
"LA",1878,381,10249.98  
"LA",1878,391,2714.51   
"LA",1878,398,6231.41   
"LA",1878,400,673764    
"LA",1878,404,3466.92   
"LA",1879,301,1000      
"LA",1879,310,5939.95   
"LA",1879,311,273693.1  
"LA",1879,312,11550     
"LA",1879,313,10742.91  
"LA",1879,316,2050      
"LA",1879,321,375       
"LA",1879,322,27000     
"LA",1879,323,59250     
"LA",1879,324,115007.68 
"LA",1879,336,18073.83  
"LA",1879,341,19795.78  
"LA",1879,345,23219.2   
"LA",1879,357,2085.48   
"LA",1879,358,238297.87 
"LA",1879,360,52415.97  
"LA",1879,361,47994.65  
"LA",1879,362,26963.14  
"LA",1879,363,391022.49 
"LA",1879,364,35850.53  
"LA",1879,365,84629.17  
"LA",1879,366,10793.7   
"LA",1879,367,23996.2   
"LA",1879,368,3231.85   
"LA",1879,369,23177.25  
"LA",1879,381,8461.09   
"LA",1879,391,31594.43  
"LA",1879,398,3760.25   
"LA",1879,400,674807.9  
"LA",1879,404,.3        
"LA",1880,310,807.27    
"LA",1880,311,183987.82 
"LA",1880,313,35630.92  
"LA",1880,316,1600      
"LA",1880,321,375       
"LA",1880,322,26170     
"LA",1880,323,60000     
"LA",1880,324,105054.97 
"LA",1880,325,7714.47   
"LA",1880,336,18396.65  
"LA",1880,341,3100      
"LA",1880,345,24232.41  
"LA",1880,357,2392.02   
"LA",1880,358,194582.52 
"LA",1880,359,6000      
"LA",1880,360,4489.52   
"LA",1880,361,80040.4   
"LA",1880,362,16488.85  
"LA",1880,363,289861.14 
"LA",1880,364,35861     
"LA",1880,365,53368.21  
"LA",1880,366,7036.86   
"LA",1880,367,35675.23  
"LA",1880,368,3637.15   
"LA",1880,369,3532.87   
"LA",1880,381,4224.09   
"LA",1880,391,2452.69   
"LA",1880,396,24590.97  
"LA",1880,398,8397.61   
"LA",1880,400,144842.21 
"LA",1881,311,205555.16 
"LA",1881,313,28516.04  
"LA",1881,316,1600      
"LA",1881,322,23500     
"LA",1881,323,60000     
"LA",1881,324,96094.7   
"LA",1881,325,7493.79   
"LA",1881,336,19300     
"LA",1881,341,600       
"LA",1881,345,26762.41  
"LA",1881,357,1613.78   
"LA",1881,358,227159.81 
"LA",1881,359,3745.97   
"LA",1881,360,30551.43  
"LA",1881,362,16050.74  
"LA",1881,363,344955.22 
"LA",1881,364,5508      
"LA",1881,365,40243.96  
"LA",1881,366,7878.19   
"LA",1881,367,78747.27  
"LA",1881,369,15844.25  
"LA",1881,381,22        
"LA",1881,391,1468.37   
"LA",1881,398,4176.59   
"LA",1881,400,148287.04 
"LA",1881,405,29788.72  
"LA",1881,410,37258.18  
"LA",1881,416,210413.51 
"LA",1882,311,141286.62 
"LA",1882,313,32592.67  
"LA",1882,316,1550      
"LA",1882,322,34875     
"LA",1882,323,61000     
"LA",1882,324,97939.85  
"LA",1882,325,3252.76   
"LA",1882,326,19803.05  
"LA",1882,336,19718.65  
"LA",1882,341,1575      
"LA",1882,345,28922.13  
"LA",1882,357,2028.6    
"LA",1882,358,231488.07 
"LA",1882,359,2485      
"LA",1882,360,1595.08   
"LA",1882,361,110229.04 
"LA",1882,362,23502.49  
"LA",1882,363,343778.97 
"LA",1882,364,9719      
"LA",1882,365,40145.41  
"LA",1882,366,6433.36   
"LA",1882,367,29936.57  
"LA",1882,368,4616.64   
"LA",1882,369,28082.98  
"LA",1882,381,3008.25   
"LA",1882,390,6384.36   
"LA",1882,391,529.45    
"LA",1882,398,5795.59   
"LA",1882,400,50358.96  
"LA",1882,405,22561.03  
"LA",1882,413,3500      
"LA",1882,416,66134.08  
"LA",1883,311,89959.87  
"LA",1883,313,65155.92  
"LA",1883,316,2175      
"LA",1883,322,51045     
"LA",1883,323,145500    
"LA",1883,324,181519.17 
"LA",1883,325,1216.16   
"LA",1883,336,23458.35  
"LA",1883,341,2253.5    
"LA",1883,345,41549.87  
"LA",1883,357,2666.8    
"LA",1883,358,280383.57 
"LA",1883,359,1381.14   
"LA",1883,361,1500      
"LA",1883,362,13928.74  
"LA",1883,363,332377.76 
"LA",1883,364,48370     
"LA",1883,365,57583.47  
"LA",1883,366,9988.16   
"LA",1883,367,134246.32 
"LA",1883,369,53612.54  
"LA",1883,390,695.8     
"LA",1883,391,106.7     
"LA",1883,400,60458.73  
"LA",1883,405,32007.53  
"LA",1883,410,11895.9   
"LA",1883,416,22387.6   
"LA",1884,311,116051.12 
"LA",1884,313,32500     
"LA",1884,316,2750      
"LA",1884,321,586       
"LA",1884,322,10000     
"LA",1884,323,61000     
"LA",1884,324,70447.85  
"LA",1884,325,5491.24   
"LA",1884,326,30000     
"LA",1884,336,23208.32  
"LA",1884,341,2800      
"LA",1884,345,18068.24  
"LA",1884,357,22675     
"LA",1884,358,504547.07 
"LA",1884,359,1928.65   
"LA",1884,361,70997.73  
"LA",1884,362,15151.68  
"LA",1884,363,312505.39 
"LA",1884,364,8954.1    
"LA",1884,365,56896.09  
"LA",1884,366,7905.15   
"LA",1884,367,14324.72  
"LA",1884,368,2633      
"LA",1884,369,21938.71  
"LA",1884,381,28.65     
"LA",1884,391,1599.55   
"LA",1884,398,73500     
"LA",1884,400,83409.91  
"LA",1884,405,41840.85  
"LA",1884,416,20160.5   
"LA",1885,311,175874.52 
"LA",1885,313,31879.21  
"LA",1885,314,2500      
"LA",1885,316,1500      
"LA",1885,322,20253.44  
"LA",1885,323,37500     
"LA",1885,324,76867.4   
"LA",1885,325,8729.96   
"LA",1885,336,26750     
"LA",1885,341,4649.2    
"LA",1885,345,14095.46  
"LA",1885,356,3840      
"LA",1885,357,15980.4   
"LA",1885,358,291037.85 
"LA",1885,359,6232.5    
"LA",1885,361,2283.64   
"LA",1885,362,14086.58  
"LA",1885,363,371958.26 
"LA",1885,364,40180.28  
"LA",1885,365,62278.13  
"LA",1885,366,34446.67  
"LA",1885,367,31754.07  
"LA",1885,368,1875      
"LA",1885,369,25782.9   
"LA",1885,390,21686.4   
"LA",1885,391,1455.58   
"LA",1885,395,8887.5    
"LA",1885,398,18442.01  
"LA",1885,400,39048.35  
"LA",1885,404,1817.44   
"LA",1885,405,33899.47  
"LA",1885,410,178.77    
"LA",1885,415,24758.37  
"LA",1885,416,46199.7   
"LA",1886,311,171247.71 
"LA",1886,313,24101.91  
"LA",1886,314,2000      
"LA",1886,316,1750      
"LA",1886,320,294.5     
"LA",1886,322,8350      
"LA",1886,323,29080     
"LA",1886,324,81025.85  
"LA",1886,325,10202.84  
"LA",1886,336,27458.35  
"LA",1886,341,3270      
"LA",1886,345,13244.31  
"LA",1886,356,6996.47   
"LA",1886,357,11519.7   
"LA",1886,358,332231.24 
"LA",1886,359,6592.66   
"LA",1886,361,81094.46  
"LA",1886,362,13900.36  
"LA",1886,363,252003.39 
"LA",1886,364,16665.32  
"LA",1886,365,54305.95  
"LA",1886,366,7288.84   
"LA",1886,367,9989.3    
"LA",1886,368,2250      
"LA",1886,369,25922.63  
"LA",1886,391,2025.27   
"LA",1886,398,5916.1    
"LA",1886,400,39381.96  
"LA",1886,404,7898.95   
"LA",1886,405,58091.4   
"LA",1886,415,5942      
"LA",1886,416,58806.25  
"LA",1887,311,140098.17 
"LA",1887,313,22093.34  
"LA",1887,316,3000      
"LA",1887,320,56.44     
"LA",1887,322,10450     
"LA",1887,323,3500      
"LA",1887,324,52348.3   
"LA",1887,325,1901.56   
"LA",1887,336,27500     
"LA",1887,341,1630      
"LA",1887,345,6187.03   
"LA",1887,356,2440.87   
"LA",1887,357,6801.2    
"LA",1887,358,452887.25 
"LA",1887,359,18535.23  
"LA",1887,361,340       
"LA",1887,362,17025.06  
"LA",1887,363,404427.65 
"LA",1887,364,28013.01  
"LA",1887,365,64859.89  
"LA",1887,366,7551.06   
"LA",1887,367,6170.9    
"LA",1887,368,1867.96   
"LA",1887,369,35296.19  
"LA",1887,391,770.93    
"LA",1887,398,125       
"LA",1887,400,27306.23  
"LA",1887,404,12123.76  
"LA",1887,405,48233.7   
"LA",1887,415,9591.25   
"LA",1887,416,42552.13  
"LA",1888,311,186184.84 
"LA",1888,313,25954.39  
"LA",1888,314,12750     
"LA",1888,316,2375      
"LA",1888,322,23625     
"LA",1888,323,117500    
"LA",1888,324,107476.6  
"LA",1888,325,10966.04  
"LA",1888,336,27750     
"LA",1888,341,610       
"LA",1888,345,9336.55   
"LA",1888,356,1012.93   
"LA",1888,357,8072.5    
"LA",1888,358,467544    
"LA",1888,359,11592.14  
"LA",1888,361,64884.98  
"LA",1888,362,12150.54  
"LA",1888,363,216247.19 
"LA",1888,364,18928.31  
"LA",1888,365,47480.42  
"LA",1888,366,7265.6    
"LA",1888,367,4919.15   
"LA",1888,368,1310.74   
"LA",1888,369,22778.03  
"LA",1888,390,2800      
"LA",1888,391,644.25    
"LA",1888,398,3067.5    
"LA",1888,400,2691449.17
"LA",1888,404,7907.33   
"LA",1888,405,39712.32  
"LA",1888,415,10292.75  
"LA",1888,416,26453.64  
"LA",1889,311,169912.53 
"LA",1889,313,21338.69  
"LA",1889,314,9625      
"LA",1889,316,1750      
"LA",1889,322,11400     
"LA",1889,323,40500     
"LA",1889,324,63775     
"LA",1889,325,14904.36  
"LA",1889,336,25950     
"LA",1889,341,1810      
"LA",1889,345,5899.65   
"LA",1889,356,176.25    
"LA",1889,357,2280.75   
"LA",1889,358,557579.51 
"LA",1889,359,18886.49  
"LA",1889,360,5464.4    
"LA",1889,361,300       
"LA",1889,362,15678.3   
"LA",1889,363,402319.88 
"LA",1889,364,26062.89  
"LA",1889,365,57016.33  
"LA",1889,366,7683.33   
"LA",1889,367,5102.8    
"LA",1889,368,1515.25   
"LA",1889,369,38586.53  
"LA",1889,382,26.36     
"LA",1889,391,2681.16   
"LA",1889,400,519835.32 
"LA",1889,404,3489.05   
"LA",1889,405,39553.24  
"LA",1889,410,5252.01   
"LA",1889,415,13071.9   
"LA",1889,416,7400      
"LA",1890,311,160697.45 
"LA",1890,313,18225     
"LA",1890,314,9270      
"LA",1890,316,2375      
"LA",1890,322,24577.02  
"LA",1890,323,86000     
"LA",1890,324,42600     
"LA",1890,325,10775     
"LA",1890,326,1639.2    
"LA",1890,336,28350     
"LA",1890,341,1705      
"LA",1890,342,1500      
"LA",1890,344,42.65     
"LA",1890,345,14827.33  
"LA",1890,357,4995.55   
"LA",1890,358,727215.34 
"LA",1890,359,14279.45  
"LA",1890,361,64000     
"LA",1890,362,13970     
"LA",1890,363,322507.83 
"LA",1890,364,25744.75  
"LA",1890,365,49179.47  
"LA",1890,366,7150      
"LA",1890,367,5607.91   
"LA",1890,368,5139.28   
"LA",1890,369,65614.84  
"LA",1890,391,4775.97   
"LA",1890,398,13643.86  
"LA",1890,400,483341.24 
"LA",1890,404,11840.41  
"LA",1890,405,38177.21  
"LA",1890,415,15097.5   
"LA",1890,416,2435.41   
