"CA",1850,1,303156.27    
"CA",1851,1,330796.45    
"CA",1852,1,235325.27    
"CA",1853,1,454935.85    
"CA",1854,1,1022647.32   
"CA",1855,1,1155537.09   
"CA",1856,1,723256.83    
"CA",1857,1,799795.9     
"CA",1858,1,1214758.16   
"CA",1859,1,1184221.79   
"CA",1860,1,1198581.81   
"CA",1861,1,1292728.63   
"CA",1862,1,1133768.8    
"CA",1863,1,1626278.56   
"CA",1864,1,2096438.27   
"CA",1865,1,2594365.29   
"CA",1866,1,2966757.57   
"CA",1867,1,3595232.06   
"CA",1868,1,2801920.25   
"CA",1869,1,2918211.7    
"CA",1870,1,3508163.91   
"CA",1871,1,3329984.99   
"CA",1872,1,3107816.17   
"CA",1873,1,3756377.87   
"CA",1874,1,4170529.8    
"CA",1875,1,4812926.2    
"CA",1876,1,3651894.79   
"CA",1877,1,4707058.3    
"CA",1878,1,4071294.45   
"CA",1879,1,3709870.77   
"CA",1880,1,3848958.04   
"CA",1881,1,4751573.66   
"CA",1882,1,4698654.41   
"CA",1883,1,4391085.77   
"CA",1884,1,4678592.31   
"CA",1885,1,4363235.59   
"CA",1886,1,6476230.31   
"CA",1887,1,5448380.77   
"CA",1888,1,7049868.992  
"CA",1889,1,7517658.89   
"CA",1890,1,9589627.62   
"CA",1891,1,8141849.57   
"CA",1892,1,7176862.82   
"CA",1893,1,7204694.92   
"CA",1894,1,9321979.46   
"CA",1895,1,9017206.46   
"CA",1896,1,10349269.04  
"CA",1897,1,7589997.97   
"CA",1898,1,7735598.31   
"CA",1899,1,7703673.11   
"CA",1900,1,10858592.36  
"CA",1901,1,9541329.94   
"CA",1902,1,9771451.08   
"CA",1903,1,8910191.64   
"CA",1904,1,13056561.426 
"CA",1905,1,13597730.96  
"CA",1906,1,13234583.86  
"CA",1907,1,14638498.253 
"CA",1908,1,15514688.97  
"CA",1909,1,17098702.56  
"CA",1910,1,18487656.97  
"CA",1911,1,17619647.33  
"CA",1912,1,21445987.61  
"CA",1913,1,24342301.752 
"CA",1914,1,35894887.48  
"CA",1915,1,29828155.81  
"CA",1916,1,37898287.919 
"CA",1917,1,33806068.96  
"CA",1850,18,3156.27     
"CA",1850,29,300000      
"CA",1851,14,70149.9     
"CA",1851,19,257230.63   
"CA",1851,22,1293.32     
"CA",1851,26,887.6       
"CA",1851,29,1235        
"CA",1852,12,84131.09    
"CA",1852,14,32323.93    
"CA",1852,17,33665.62    
"CA",1852,18,25715.63    
"CA",1852,19,57467.4     
"CA",1852,22,1786.6      
"CA",1852,26,235         
"CA",1853,12,157793.73   
"CA",1853,14,2232.68     
"CA",1853,17,63829.15    
"CA",1853,18,112367.48   
"CA",1853,19,85835.7     
"CA",1853,22,3284.16     
"CA",1853,26,29592.95    
"CA",1854,12,402482.58   
"CA",1854,14,28886.07    
"CA",1854,17,47910.91    
"CA",1854,18,146408.7    
"CA",1854,19,31058       
"CA",1854,22,4594.86     
"CA",1854,23,361038.2    
"CA",1854,26,268         
"CA",1855,12,407850.19   
"CA",1855,14,32626.42    
"CA",1855,17,61559.82    
"CA",1855,18,257467.83   
"CA",1855,19,29292.5     
"CA",1855,22,3593.27     
"CA",1855,25,1           
"CA",1855,26,150312.5    
"CA",1855,29,212833.56   
"CA",1856,12,374771.51   
"CA",1856,14,4052.49     
"CA",1856,16,664.33      
"CA",1856,17,63500.92    
"CA",1856,18,254006.25   
"CA",1856,19,602.95      
"CA",1856,22,7369.94     
"CA",1856,26,18235.32    
"CA",1856,29,53.12       
"CA",1857,12,499932.42   
"CA",1857,14,1324.32     
"CA",1857,16,5812.82     
"CA",1857,17,61812.42    
"CA",1857,18,206535.11   
"CA",1857,19,6801.5      
"CA",1857,22,3549.01     
"CA",1857,25,20          
"CA",1857,26,12728.3     
"CA",1857,29,1280        
"CA",1858,12,642770.55   
"CA",1858,14,1962.47     
"CA",1858,16,3682.06     
"CA",1858,17,148943.06   
"CA",1858,18,277561.11   
"CA",1858,19,99927.82    
"CA",1858,22,4574.91     
"CA",1858,23,1804.88     
"CA",1858,26,17224.66    
"CA",1858,29,16306.64    
"CA",1859,12,633283.29   
"CA",1859,14,576.84      
"CA",1859,16,1971.45     
"CA",1859,17,80172.68    
"CA",1859,18,188895.18   
"CA",1859,19,139012      
"CA",1859,22,11792.58    
"CA",1859,26,54357.72    
"CA",1859,29,74160.05    
"CA",1860,12,668801.98   
"CA",1860,14,128.24      
"CA",1860,16,1616.32     
"CA",1860,17,61331.92    
"CA",1860,18,168536.02   
"CA",1860,19,165456.96   
"CA",1860,22,17158.9     
"CA",1860,26,63317.4     
"CA",1860,29,52234.07    
"CA",1861,12,727880.84   
"CA",1861,14,13.92       
"CA",1861,16,1922.12     
"CA",1861,17,61822.89    
"CA",1861,18,215165.26   
"CA",1861,19,116873.33   
"CA",1861,22,24694.27    
"CA",1861,26,100150.63   
"CA",1861,29,44205.37    
"CA",1862,12,686564.59   
"CA",1862,13,155.15      
"CA",1862,14,14.03       
"CA",1862,17,54764.84    
"CA",1862,18,174024.23   
"CA",1862,19,71703.21    
"CA",1862,22,24240.93    
"CA",1862,26,60899.64    
"CA",1862,29,61402.18    
"CA",1863,12,878131.11   
"CA",1863,14,17.57       
"CA",1863,16,12701.05    
"CA",1863,17,229160.61   
"CA",1863,18,222551.94   
"CA",1863,19,122458.47   
"CA",1863,22,24642.43    
"CA",1863,26,19938.74    
"CA",1863,29,116676.64   
"CA",1864,12,1261938.34  
"CA",1864,14,13707.52    
"CA",1864,16,116.6       
"CA",1864,17,198519.06   
"CA",1864,18,215914.18   
"CA",1864,19,211739.28   
"CA",1864,22,43375.14    
"CA",1864,25,37020.21    
"CA",1864,26,17860.52    
"CA",1864,29,96247.42    
"CA",1865,12,1641104.74  
"CA",1865,14,9836.36     
"CA",1865,17,134519.19   
"CA",1865,18,155632.96   
"CA",1865,19,190256.65   
"CA",1865,22,21991.55    
"CA",1865,26,180565.04   
"CA",1865,29,260458.8    
"CA",1866,12,1608078.25  
"CA",1866,14,18224.43    
"CA",1866,16,1336.7      
"CA",1866,17,167398.92   
"CA",1866,18,151465.51   
"CA",1866,19,201967.81   
"CA",1866,22,28452.35    
"CA",1866,26,223365.32   
"CA",1866,29,566468.28   
"CA",1867,12,1807694.54  
"CA",1867,14,16989.87    
"CA",1867,17,102598.51   
"CA",1867,18,112259.23   
"CA",1867,19,175188.91   
"CA",1867,22,19018.03    
"CA",1867,26,280380.97   
"CA",1867,29,1081102     
"CA",1868,12,1925239.8   
"CA",1868,14,19248.83    
"CA",1868,17,85496.79    
"CA",1868,18,104081.67   
"CA",1868,19,194862.62   
"CA",1868,22,29232.71    
"CA",1868,26,318632.75   
"CA",1868,29,125125.08   
"CA",1869,12,2021992.83  
"CA",1869,13,6997        
"CA",1869,14,37680.5     
"CA",1869,18,50160.92    
"CA",1869,19,164518.94   
"CA",1869,22,41025.78    
"CA",1869,26,340329.67   
"CA",1869,29,255506.06   
"CA",1870,12,2081168.13  
"CA",1870,14,39250.06    
"CA",1870,17,85704.1     
"CA",1870,18,35112.3     
"CA",1870,19,50.94       
"CA",1870,22,16323.84    
"CA",1870,26,284146.65   
"CA",1870,29,966407.89   
"CA",1871,12,1994853.94  
"CA",1871,14,38283.76    
"CA",1871,17,89257.94    
"CA",1871,18,35036.2     
"CA",1871,19,15971.89    
"CA",1871,22,17857.55    
"CA",1871,25,157609.7    
"CA",1871,26,17582.48    
"CA",1871,29,963531.53   
"CA",1872,12,2023775.21  
"CA",1872,14,25054.75    
"CA",1872,17,90843.06    
"CA",1872,18,34386.65    
"CA",1872,19,3980.87     
"CA",1872,21,563.88      
"CA",1872,22,18160.1     
"CA",1872,25,117026.48   
"CA",1872,26,11426.73    
"CA",1872,29,782598.44   
"CA",1873,12,2350911.02  
"CA",1873,14,33.89       
"CA",1873,16,1311.44     
"CA",1873,17,3319.54     
"CA",1873,18,1410.13     
"CA",1873,19,549.31      
"CA",1873,22,11203.95    
"CA",1873,25,83284.21    
"CA",1873,26,35563.73    
"CA",1873,29,1268790.65  
"CA",1874,12,2677073.01  
"CA",1874,16,1456.87     
"CA",1874,17,.99         
"CA",1874,19,3824.06     
"CA",1874,22,30411.85    
"CA",1874,25,159394.65   
"CA",1874,26,44579.06    
"CA",1874,29,1253789.31  
"CA",1875,12,3243581.34  
"CA",1875,16,1527.92     
"CA",1875,19,508.96      
"CA",1875,22,23846.8     
"CA",1875,25,239694.47   
"CA",1875,26,33744.49    
"CA",1875,29,1270022.22  
"CA",1876,12,3141277.01  
"CA",1876,16,1548.92     
"CA",1876,19,1626.59     
"CA",1876,22,26298.79    
"CA",1876,25,253322.63   
"CA",1876,26,22537.38    
"CA",1876,29,205283.47   
"CA",1877,12,3948032.16  
"CA",1877,16,7.03        
"CA",1877,19,33179.09    
"CA",1877,22,39904.15    
"CA",1877,25,305903.09   
"CA",1877,26,13921.87    
"CA",1877,29,366110.91   
"CA",1878,12,3321514.31  
"CA",1878,16,1782.48     
"CA",1878,19,6704        
"CA",1878,22,34864.75    
"CA",1878,25,284345.06   
"CA",1878,26,121271.4    
"CA",1878,29,300812.45   
"CA",1879,12,3007393.64  
"CA",1879,16,1798.79     
"CA",1879,18,13913.6     
"CA",1879,19,16829.84    
"CA",1879,22,27175.4     
"CA",1879,25,281531.43   
"CA",1879,26,40430.67    
"CA",1879,29,320797.4    
"CA",1880,12,3156524.06  
"CA",1880,16,1686.47     
"CA",1880,17,12415.7     
"CA",1880,18,13400       
"CA",1880,19,20900       
"CA",1880,22,24064.56    
"CA",1880,24,50          
"CA",1880,25,243878.17   
"CA",1880,26,19987.16    
"CA",1880,29,356051.92   
"CA",1881,12,3641136.93  
"CA",1881,14,11781.85    
"CA",1881,17,316869.48   
"CA",1881,18,13400       
"CA",1881,19,100122.56   
"CA",1881,22,18223.95    
"CA",1881,25,199870.06   
"CA",1881,26,11607.68    
"CA",1881,29,438561.15   
"CA",1882,12,3691607.25  
"CA",1882,14,10715.95    
"CA",1882,17,248816.3    
"CA",1882,18,13400       
"CA",1882,19,12016.59    
"CA",1882,22,23873.81    
"CA",1882,25,252658.31   
"CA",1882,26,19861.49    
"CA",1882,29,425704.71   
"CA",1883,12,3306597.71  
"CA",1883,14,6514.7      
"CA",1883,17,285493.35   
"CA",1883,18,13400       
"CA",1883,19,10010.22    
"CA",1883,22,40488.87    
"CA",1883,25,190182.1    
"CA",1883,26,16479.82    
"CA",1883,29,521919      
"CA",1884,12,3532675.57  
"CA",1884,14,62953.59    
"CA",1884,17,271340.71   
"CA",1884,18,13400       
"CA",1884,19,793.25      
"CA",1884,22,53694       
"CA",1884,23,40000       
"CA",1884,25,257576.26   
"CA",1884,26,17935.47    
"CA",1884,29,428223.46   
"CA",1885,12,3284565.83  
"CA",1885,14,57698.62    
"CA",1885,17,300733.81   
"CA",1885,18,12750       
"CA",1885,19,23451.38    
"CA",1885,22,31947.51    
"CA",1885,25,257281.52   
"CA",1885,26,32638.65    
"CA",1885,29,362168.27   
"CA",1886,12,4235408.65  
"CA",1886,14,850819.84   
"CA",1886,17,296919.2    
"CA",1886,18,12700       
"CA",1886,22,38637.63    
"CA",1886,25,247256.6    
"CA",1886,26,89588.85    
"CA",1886,29,704899.54   
"CA",1887,12,4068186.87  
"CA",1887,14,86222.48    
"CA",1887,17,305643.23   
"CA",1887,18,2100        
"CA",1887,19,1.07        
"CA",1887,22,37244.06    
"CA",1887,26,354200.85   
"CA",1887,29,594782.21   
"CA",1888,12,5137771.01  
"CA",1888,14,96699.12    
"CA",1888,17,316744.02   
"CA",1888,18,2708.7      
"CA",1888,22,67647.97    
"CA",1888,26,457854.752  
"CA",1888,29,970443.42   
"CA",1889,12,5046028.1   
"CA",1889,14,593962.24   
"CA",1889,17,340572.84   
"CA",1889,18,2955.25     
"CA",1889,22,61696.03    
"CA",1889,23,11723.64    
"CA",1889,26,506917.75   
"CA",1889,29,953803.04   
"CA",1890,12,7218138.16  
"CA",1890,14,674201.32   
"CA",1890,17,352927.7    
"CA",1890,18,4046.88     
"CA",1890,22,69334.08    
"CA",1890,26,433937.61   
"CA",1890,29,837041.87   
"CA",1891,12,5803493.85  
"CA",1891,14,605270.31   
"CA",1891,17,362124.59   
"CA",1891,18,1361.51     
"CA",1891,22,56131.47    
"CA",1891,23,208246.89   
"CA",1891,26,445219.48   
"CA",1891,29,660001.47   
"CA",1892,12,4954993.37  
"CA",1892,14,604076.08   
"CA",1892,17,405254.08   
"CA",1892,18,3954.7      
"CA",1892,22,57831.28    
"CA",1892,23,7705.24     
"CA",1892,26,497178.69   
"CA",1892,29,645869.38   
"CA",1893,12,4976639.56  
"CA",1893,14,589342.39   
"CA",1893,17,349246.45   
"CA",1893,18,3712.85     
"CA",1893,19,995.8       
"CA",1893,22,50909.02    
"CA",1893,23,34240.02    
"CA",1893,26,467110.16   
"CA",1893,29,732498.67   
"CA",1894,12,6571114.53  
"CA",1894,14,1224110.82  
"CA",1894,17,349927.18   
"CA",1894,18,3306.83     
"CA",1894,22,45820.87    
"CA",1894,23,45930.07    
"CA",1894,26,421979.61   
"CA",1894,29,659789.55   
"CA",1895,12,5721160.24  
"CA",1895,14,1290027.02  
"CA",1895,17,341116.22   
"CA",1895,18,5027        
"CA",1895,22,41622.4     
"CA",1895,23,58304.32    
"CA",1895,26,355759.57   
"CA",1895,29,1204189.69  
"CA",1896,12,7415910.71  
"CA",1896,14,1281649.56  
"CA",1896,17,362794.12   
"CA",1896,18,5044.7      
"CA",1896,22,36644.55    
"CA",1896,23,54147.89    
"CA",1896,26,442390.34   
"CA",1896,29,750687.17   
"CA",1897,12,5250626     
"CA",1897,14,653672.42   
"CA",1897,17,358135.11   
"CA",1897,18,4132.5      
"CA",1897,22,37332.8     
"CA",1897,23,54795.97    
"CA",1897,26,404223.91   
"CA",1897,29,827079.26   
"CA",1898,12,5418702.33  
"CA",1898,14,759158.79   
"CA",1898,17,364291.62   
"CA",1898,18,3952.5      
"CA",1898,22,49355.31    
"CA",1898,23,122185.01   
"CA",1898,26,372733.76   
"CA",1898,29,645218.99   
"CA",1899,12,5325505.63  
"CA",1899,14,717864.84   
"CA",1899,17,340432.12   
"CA",1899,18,4415        
"CA",1899,22,47158.38    
"CA",1899,23,132363.73   
"CA",1899,26,472295.35   
"CA",1899,29,663638.06   
"CA",1900,12,7200667.67  
"CA",1900,14,846082.2    
"CA",1900,17,404574.74   
"CA",1900,18,4577.5      
"CA",1900,22,61464.45    
"CA",1900,23,167277.25   
"CA",1900,26,908899.81   
"CA",1900,29,1265048.74  
"CA",1901,12,6075842.75  
"CA",1901,14,837147.34   
"CA",1901,17,428907.05   
"CA",1901,18,5582.5      
"CA",1901,22,101064.98   
"CA",1901,23,147813.31   
"CA",1901,26,1030005.12  
"CA",1901,29,914966.89   
"CA",1902,12,5973605.22  
"CA",1902,14,884062.42   
"CA",1902,17,430186.17   
"CA",1902,18,5245        
"CA",1902,22,193681.39   
"CA",1902,23,196717.72   
"CA",1902,26,1064467.81  
"CA",1902,29,1023485.35  
"CA",1903,12,4993809.16  
"CA",1903,14,1066436.94  
"CA",1903,17,447251.81   
"CA",1903,18,5362.5      
"CA",1903,22,191063.55   
"CA",1903,23,172256.62   
"CA",1903,26,1083004.11  
"CA",1903,29,951006.95   
"CA",1904,12,8506715.23  
"CA",1904,14,1350963     
"CA",1904,17,481417.96   
"CA",1904,18,5720        
"CA",1904,22,189949.37   
"CA",1904,23,109769.95   
"CA",1904,26,1289429.566 
"CA",1904,29,1122596.35  
"CA",1905,12,8431760.25  
"CA",1905,14,1303208.02  
"CA",1905,17,528914.35   
"CA",1905,18,14019.5     
"CA",1905,22,183295.25   
"CA",1905,23,217090.43   
"CA",1905,24,40          
"CA",1905,26,1842145.62  
"CA",1905,29,1077257.54  
"CA",1906,12,7883225.28  
"CA",1906,13,138915      
"CA",1906,14,1306606.42  
"CA",1906,17,604677.5    
"CA",1906,18,15810       
"CA",1906,22,240615.95   
"CA",1906,23,210865.79   
"CA",1906,26,1616422.84  
"CA",1906,29,1217445.08  
"CA",1907,12,7891628.68  
"CA",1907,13,303545      
"CA",1907,14,1468340.94  
"CA",1907,17,502694.23   
"CA",1907,18,21760       
"CA",1907,22,339373.7    
"CA",1907,23,1174202.21  
"CA",1907,26,1884332.653 
"CA",1907,29,1052620.84  
"CA",1908,12,8370765.18  
"CA",1908,13,663190      
"CA",1908,14,2057163.32  
"CA",1908,17,607973.94   
"CA",1908,18,137323.21   
"CA",1908,22,242933.69   
"CA",1908,23,245988.3    
"CA",1908,26,1930822.91  
"CA",1908,29,1258528.42  
"CA",1909,12,8506665.84  
"CA",1909,13,664060      
"CA",1909,14,2071303.04  
"CA",1909,17,670696.01   
"CA",1909,18,134136.98   
"CA",1909,22,240960.33   
"CA",1909,23,252645.41   
"CA",1909,26,2356129.72  
"CA",1909,29,2202105.23  
"CA",1910,12,9383936.18  
"CA",1910,13,745605      
"CA",1910,14,1994459.3   
"CA",1910,17,687953.49   
"CA",1910,18,199939.84   
"CA",1910,22,299768.48   
"CA",1910,23,388720.15   
"CA",1910,26,2585646.06  
"CA",1910,29,2201628.47  
"CA",1911,12,9398187.62  
"CA",1911,14,2385566.96  
"CA",1911,17,739323.8    
"CA",1911,18,1087217.41  
"CA",1911,22,381323.4    
"CA",1911,23,352132.79   
"CA",1911,26,2193762.7   
"CA",1911,29,1082132.65  
"CA",1912,12,1280389.64  
"CA",1912,14,10390585.26 
"CA",1912,17,843603.69   
"CA",1912,18,1028368.34  
"CA",1912,19,1270297.01  
"CA",1912,22,393684.11   
"CA",1912,23,349014.84   
"CA",1912,25,1050.07     
"CA",1912,26,2102618.59  
"CA",1912,29,3786376.06  
"CA",1913,12,1675325.94  
"CA",1913,14,10880718.41 
"CA",1913,17,56875.8     
"CA",1913,18,1068589.69  
"CA",1913,19,1273446.25  
"CA",1913,22,323579.16   
"CA",1913,23,356493.31   
"CA",1913,25,72454.4     
"CA",1913,26,2382935.812 
"CA",1913,29,6251882.98  
"CA",1914,12,1854608.04  
"CA",1914,14,12940979.04 
"CA",1914,17,845485.1    
"CA",1914,18,980841.95   
"CA",1914,19,1270301.14  
"CA",1914,22,278553.63   
"CA",1914,23,437071.78   
"CA",1914,24,53468.95    
"CA",1914,25,1255944.14  
"CA",1914,26,2855308.26  
"CA",1914,29,13122325.45 
"CA",1915,12,2828964.15  
"CA",1915,14,13489614.98 
"CA",1915,17,553551.79   
"CA",1915,18,2303602.57  
"CA",1915,19,1227683.72  
"CA",1915,22,322549.71   
"CA",1915,23,552328.67   
"CA",1915,24,169134.03   
"CA",1915,25,59050.52    
"CA",1915,26,3400302.16  
"CA",1915,29,4921373.51  
"CA",1916,12,3200733.47  
"CA",1916,14,14967661.87 
"CA",1916,16,1900        
"CA",1916,17,11001.12    
"CA",1916,18,3207106.96  
"CA",1916,22,282388.56   
"CA",1916,23,1405745.3   
"CA",1916,25,178465.97   
"CA",1916,26,3533574.279 
"CA",1916,29,11109710.39 
"CA",1917,12,3868843.97  
"CA",1917,14,15627587.31 
"CA",1917,17,3151        
"CA",1917,18,3863731.68  
"CA",1917,22,282569.19   
"CA",1917,23,1596521.56  
"CA",1917,25,51131.86    
"CA",1917,26,4402603.92  
"CA",1917,29,4109928.47  
"CA",1850,180,3156.27    
"CA",1850,293,300000     
"CA",1851,140,29991.2    
"CA",1851,147,40158.7    
"CA",1851,190,257230.63  
"CA",1851,223,1293.32    
"CA",1851,262,887.6      
"CA",1851,290,1235       
"CA",1852,121,84131.09   
"CA",1852,147,32323.93   
"CA",1852,170,33665.62   
"CA",1852,180,25665.63   
"CA",1852,182,50         
"CA",1852,190,57467.4    
"CA",1852,223,310        
"CA",1852,227,1476.6     
"CA",1852,267,235        
"CA",1853,121,157793.73  
"CA",1853,147,2232.68    
"CA",1853,170,63829.15   
"CA",1853,180,61655.81   
"CA",1853,181,50711.67   
"CA",1853,190,85835.7    
"CA",1853,223,1156.2     
"CA",1853,227,2127.96    
"CA",1853,265,29092.95   
"CA",1853,267,500        
"CA",1854,121,398106.75  
"CA",1854,122,4375.83    
"CA",1854,147,28886.07   
"CA",1854,170,47910.91   
"CA",1854,180,117164.34  
"CA",1854,181,22081.68   
"CA",1854,182,7162.68    
"CA",1854,190,31058      
"CA",1854,222,12.93      
"CA",1854,223,2604.2     
"CA",1854,227,1977.73    
"CA",1854,237,361038.2   
"CA",1854,267,268        
"CA",1855,121,407850.19  
"CA",1855,143,873        
"CA",1855,147,31753.42   
"CA",1855,170,61559.82   
"CA",1855,180,231828.19  
"CA",1855,181,22914.72   
"CA",1855,182,2724.92    
"CA",1855,190,29292.5    
"CA",1855,222,1106.18    
"CA",1855,223,1957.5     
"CA",1855,227,529.59     
"CA",1855,253,1          
"CA",1855,265,312.5      
"CA",1855,266,150000     
"CA",1855,294,212833.56  
"CA",1856,121,374771.51  
"CA",1856,143,97         
"CA",1856,147,3955.49    
"CA",1856,163,664.33     
"CA",1856,170,63500.92   
"CA",1856,180,248428.46  
"CA",1856,181,5223.74    
"CA",1856,182,354.05     
"CA",1856,190,602.95     
"CA",1856,222,237.17     
"CA",1856,223,2842       
"CA",1856,224,3891.77    
"CA",1856,227,399        
"CA",1856,265,18235.32   
"CA",1856,294,53.12      
"CA",1857,121,499932.42  
"CA",1857,146,223.4      
"CA",1857,147,1100.92    
"CA",1857,163,5812.82    
"CA",1857,170,61812.42   
"CA",1857,180,200177.77  
"CA",1857,181,5738.96    
"CA",1857,182,618.38     
"CA",1857,190,6801.5     
"CA",1857,222,140.65     
"CA",1857,223,2255       
"CA",1857,227,1153.36    
"CA",1857,253,20         
"CA",1857,265,12728.3    
"CA",1857,294,1280       
"CA",1858,121,642770.55  
"CA",1858,143,1310       
"CA",1858,147,652.47     
"CA",1858,163,3682.06    
"CA",1858,170,148943.06  
"CA",1858,180,214491.16  
"CA",1858,181,2539.92    
"CA",1858,182,60530.03   
"CA",1858,190,9172.5     
"CA",1858,193,90755.32   
"CA",1858,222,223.1      
"CA",1858,223,1755       
"CA",1858,224,2265.4     
"CA",1858,227,331.41     
"CA",1858,237,1804.88    
"CA",1858,265,17224.66   
"CA",1858,294,3520       
"CA",1858,298,63.5       
"CA",1858,299,12723.14   
"CA",1859,121,633283.29  
"CA",1859,147,576.84     
"CA",1859,163,1971.45    
"CA",1859,170,80172.68   
"CA",1859,180,174383.9   
"CA",1859,181,3235.07    
"CA",1859,182,11276.21   
"CA",1859,190,3768       
"CA",1859,193,135244     
"CA",1859,223,2929.5     
"CA",1859,224,4988.34    
"CA",1859,227,3874.74    
"CA",1859,265,54357.72   
"CA",1859,290,10025.64   
"CA",1859,292,681        
"CA",1859,294,63453.41   
"CA",1860,121,668801.98  
"CA",1860,147,128.24     
"CA",1860,163,1616.32    
"CA",1860,170,61331.92   
"CA",1860,180,159926.26  
"CA",1860,181,8563.36    
"CA",1860,182,46.4       
"CA",1860,190,2344       
"CA",1860,193,163112.96  
"CA",1860,221,11020.57   
"CA",1860,223,2854.75    
"CA",1860,224,540.13     
"CA",1860,227,2743.45    
"CA",1860,265,63317.4    
"CA",1860,290,402.47     
"CA",1860,291,3395       
"CA",1860,294,48436.6    
"CA",1861,121,727880.84  
"CA",1861,147,13.92      
"CA",1861,163,1922.12    
"CA",1861,170,61822.89   
"CA",1861,180,205557.35  
"CA",1861,181,9463.41    
"CA",1861,182,144.5      
"CA",1861,190,3466       
"CA",1861,193,113407.33  
"CA",1861,221,19687.31   
"CA",1861,223,4864.97    
"CA",1861,224,53.47      
"CA",1861,227,88.52      
"CA",1861,265,100150.63  
"CA",1861,290,300.25     
"CA",1861,291,4270       
"CA",1861,294,39635.12   
"CA",1862,121,686564.59  
"CA",1862,133,155.15     
"CA",1862,147,14.03      
"CA",1862,170,54764.84   
"CA",1862,180,164849.34  
"CA",1862,181,8293.31    
"CA",1862,182,439.57     
"CA",1862,185,442.01     
"CA",1862,190,2825.5     
"CA",1862,193,68877.71   
"CA",1862,221,17088.35   
"CA",1862,223,3341       
"CA",1862,224,2663.23    
"CA",1862,227,1148.35    
"CA",1862,264,2398.5     
"CA",1862,265,58501.14   
"CA",1862,290,7.28       
"CA",1862,291,5530       
"CA",1862,294,55857.62   
"CA",1862,298,7.28       
"CA",1863,121,878131.11  
"CA",1863,147,17.57      
"CA",1863,163,12701.05   
"CA",1863,170,229160.61  
"CA",1863,180,212264.96  
"CA",1863,181,9648.91    
"CA",1863,182,638.07     
"CA",1863,190,11372.53   
"CA",1863,193,111085.94  
"CA",1863,221,15593.87   
"CA",1863,223,8897.55    
"CA",1863,227,151.01     
"CA",1863,265,19938.74   
"CA",1863,290,24260      
"CA",1863,291,7752.5     
"CA",1863,294,84649.72   
"CA",1863,298,14.42      
"CA",1864,121,1261938.34 
"CA",1864,143,13707.52   
"CA",1864,163,116.6      
"CA",1864,170,198519.06  
"CA",1864,180,205246.31  
"CA",1864,181,10020.02   
"CA",1864,182,647.85     
"CA",1864,190,27776      
"CA",1864,193,183963.28  
"CA",1864,221,14290.02   
"CA",1864,223,28128.08   
"CA",1864,227,957.04     
"CA",1864,253,37020.21   
"CA",1864,265,17860.52   
"CA",1864,290,8.57       
"CA",1864,294,96238.85   
"CA",1865,121,1641104.74 
"CA",1865,143,9834.17    
"CA",1865,147,2.19       
"CA",1865,170,134519.19  
"CA",1865,180,148718.13  
"CA",1865,181,6410.71    
"CA",1865,182,504.12     
"CA",1865,193,190256.65  
"CA",1865,221,13244.99   
"CA",1865,222,243.9      
"CA",1865,223,7147.71    
"CA",1865,227,1354.95    
"CA",1865,263,15887.5    
"CA",1865,265,150659.89  
"CA",1865,269,14017.65   
"CA",1865,290,5899.09    
"CA",1865,293,214545     
"CA",1865,294,40014.71   
"CA",1866,121,1608078.25 
"CA",1866,143,15224.43   
"CA",1866,146,3000       
"CA",1866,163,1336.7     
"CA",1866,170,167398.92  
"CA",1866,180,143130.91  
"CA",1866,181,7773.7     
"CA",1866,182,560.9      
"CA",1866,193,201967.81  
"CA",1866,221,13596.76   
"CA",1866,222,41.3       
"CA",1866,223,7041.82    
"CA",1866,224,5794.54    
"CA",1866,227,1977.93    
"CA",1866,265,209305.47  
"CA",1866,269,14059.85   
"CA",1866,290,1264.79    
"CA",1866,293,500575     
"CA",1866,294,64333.99   
"CA",1866,295,294.5      
"CA",1867,121,1807694.54 
"CA",1867,143,16973.25   
"CA",1867,147,16.62      
"CA",1867,170,11536.47   
"CA",1867,171,91062.04   
"CA",1867,180,102961.33  
"CA",1867,181,8748.63    
"CA",1867,182,549.27     
"CA",1867,193,175188.91  
"CA",1867,221,13545.35   
"CA",1867,222,636.3      
"CA",1867,223,4800.01    
"CA",1867,227,36.37      
"CA",1867,265,266763.87  
"CA",1867,269,13617.1    
"CA",1867,290,437.31     
"CA",1867,292,120        
"CA",1867,293,1028720    
"CA",1867,294,51824.69   
"CA",1868,121,1925239.8  
"CA",1868,143,19243.99   
"CA",1868,147,4.84       
"CA",1868,170,85278.13   
"CA",1868,171,218.66     
"CA",1868,180,94101.26   
"CA",1868,181,9396.26    
"CA",1868,182,584.15     
"CA",1868,193,194862.62  
"CA",1868,221,18634.05   
"CA",1868,223,7088.36    
"CA",1868,224,277.61     
"CA",1868,227,3232.69    
"CA",1868,265,299382.75  
"CA",1868,266,1          
"CA",1868,269,19249      
"CA",1868,290,6871.45    
"CA",1868,293,30800      
"CA",1868,294,87453.63   
"CA",1869,121,2021992.83 
"CA",1869,132,6997       
"CA",1869,141,12000      
"CA",1869,143,25674.95   
"CA",1869,147,5.55       
"CA",1869,180,40121.2    
"CA",1869,181,9503.05    
"CA",1869,182,536.67     
"CA",1869,193,164518.94  
"CA",1869,221,22047.61   
"CA",1869,222,48.5       
"CA",1869,223,17278.35   
"CA",1869,227,1651.32    
"CA",1869,265,278581.36  
"CA",1869,269,61748.31   
"CA",1869,290,2346.19    
"CA",1869,294,253159.87  
"CA",1870,121,2081168.13 
"CA",1870,143,39250.06   
"CA",1870,170,85704.1    
"CA",1870,180,25056.34   
"CA",1870,181,8807.97    
"CA",1870,182,1247.99    
"CA",1870,193,50.94      
"CA",1870,221,7362.5     
"CA",1870,223,8941.15    
"CA",1870,227,20.19      
"CA",1870,265,218498.46  
"CA",1870,269,65648.19   
"CA",1870,290,41609      
"CA",1870,291,68477.5    
"CA",1870,293,175523.33  
"CA",1870,294,514003.2   
"CA",1870,297,166794.86  
"CA",1871,121,1994853.94 
"CA",1871,143,38283.76   
"CA",1871,170,89257.94   
"CA",1871,180,24360.15   
"CA",1871,181,9729.8     
"CA",1871,182,946.25     
"CA",1871,190,15877.6    
"CA",1871,193,94.29      
"CA",1871,221,10057.5    
"CA",1871,223,7314.7     
"CA",1871,227,485.35     
"CA",1871,253,157609.7   
"CA",1871,265,6355.54    
"CA",1871,269,11226.94   
"CA",1871,290,626.75     
"CA",1871,291,77630      
"CA",1871,293,387988.86  
"CA",1871,294,324504.79  
"CA",1871,297,172781.13  
"CA",1872,121,2023775.21 
"CA",1872,143,25054.75   
"CA",1872,170,90843.06   
"CA",1872,180,25551.33   
"CA",1872,181,7978.17    
"CA",1872,182,857.15     
"CA",1872,190,3864.6     
"CA",1872,193,116.27     
"CA",1872,211,563.88     
"CA",1872,221,8627.5     
"CA",1872,223,8644.5     
"CA",1872,224,250        
"CA",1872,227,638.1      
"CA",1872,253,117026.48  
"CA",1872,265,1927.86    
"CA",1872,266,8.4        
"CA",1872,269,9490.47    
"CA",1872,290,1892.34    
"CA",1872,291,83370      
"CA",1872,292,4359.16    
"CA",1872,294,525908.45  
"CA",1872,297,167068.49  
"CA",1873,121,2350911.02 
"CA",1873,143,33.89      
"CA",1873,161,1311.44    
"CA",1873,170,3319.54    
"CA",1873,180,1375.28    
"CA",1873,181,34.85      
"CA",1873,190,440        
"CA",1873,193,109.31     
"CA",1873,221,5155       
"CA",1873,223,6048.95    
"CA",1873,253,83284.21   
"CA",1873,265,17776.88   
"CA",1873,266,234        
"CA",1873,267,9000       
"CA",1873,269,8552.85    
"CA",1873,291,94462.5    
"CA",1873,292,1452.5     
"CA",1873,293,597811.88  
"CA",1873,294,534115.02  
"CA",1873,297,40948.75   
"CA",1874,121,2677073.01 
"CA",1874,161,1456.87    
"CA",1874,170,.99        
"CA",1874,190,3744       
"CA",1874,193,80.06      
"CA",1874,221,7469.5     
"CA",1874,223,22005.69   
"CA",1874,227,936.66     
"CA",1874,253,159394.65  
"CA",1874,263,4161.47    
"CA",1874,265,19021.62   
"CA",1874,266,8134.27    
"CA",1874,267,1510       
"CA",1874,269,11751.7    
"CA",1874,290,959.05     
"CA",1874,291,114100     
"CA",1874,292,1452.5     
"CA",1874,293,487916.01  
"CA",1874,294,648457.5   
"CA",1874,295,819.55     
"CA",1874,297,84.7       
"CA",1875,121,3243581.34 
"CA",1875,161,1527.92    
"CA",1875,190,494.4      
"CA",1875,193,14.56      
"CA",1875,221,6691       
"CA",1875,223,16593.06   
"CA",1875,227,562.74     
"CA",1875,253,239694.47  
"CA",1875,265,23799.54   
"CA",1875,266,500.75     
"CA",1875,267,317.5      
"CA",1875,269,9126.7     
"CA",1875,290,14013.71   
"CA",1875,291,138345     
"CA",1875,292,1242.5     
"CA",1875,293,739333.84  
"CA",1875,294,377087.17  
"CA",1876,121,3141277.01 
"CA",1876,161,1548.92    
"CA",1876,190,405        
"CA",1876,193,1221.59    
"CA",1876,221,7071       
"CA",1876,223,18611.12   
"CA",1876,227,616.67     
"CA",1876,253,253322.63  
"CA",1876,265,6502.92    
"CA",1876,266,6841.95    
"CA",1876,267,697.5      
"CA",1876,269,8495.01    
"CA",1876,290,3310.31    
"CA",1876,292,735        
"CA",1876,294,201238.16  
"CA",1877,121,3948032.16 
"CA",1877,161,7.03       
"CA",1877,190,502.4      
"CA",1877,193,32676.69   
"CA",1877,221,8455.25    
"CA",1877,223,23245.6    
"CA",1877,227,8203.3     
"CA",1877,253,305903.09  
"CA",1877,265,339.26     
"CA",1877,266,1049.9     
"CA",1877,267,37.5       
"CA",1877,269,12495.21   
"CA",1877,290,163.2      
"CA",1877,291,163103.91  
"CA",1877,292,122.5      
"CA",1877,294,202721.3   
"CA",1878,121,3318387.49 
"CA",1878,122,3126.82    
"CA",1878,161,1782.48    
"CA",1878,190,404        
"CA",1878,193,6300       
"CA",1878,221,6431.3     
"CA",1878,223,20433.45   
"CA",1878,224,8000       
"CA",1878,253,284345.06  
"CA",1878,261,100000     
"CA",1878,265,4575.22    
"CA",1878,266,4522.76    
"CA",1878,269,12173.42   
"CA",1878,290,119.75     
"CA",1878,291,171631.5   
"CA",1878,294,129061.2   
"CA",1879,121,3006474.45 
"CA",1879,122,919.19     
"CA",1879,161,1798.79    
"CA",1879,180,13913.6    
"CA",1879,190,42.4       
"CA",1879,193,16787.44   
"CA",1879,221,10008.65   
"CA",1879,223,16143.75   
"CA",1879,224,1023       
"CA",1879,253,281531.43  
"CA",1879,265,26888.88   
"CA",1879,266,1049.05    
"CA",1879,269,12492.74   
"CA",1879,290,5          
"CA",1879,291,199939.74  
"CA",1879,294,120852.66  
"CA",1880,121,3131734.83 
"CA",1880,122,24789.23   
"CA",1880,161,1686.47    
"CA",1880,170,12415.7    
"CA",1880,180,13400      
"CA",1880,193,20900      
"CA",1880,221,9822.5     
"CA",1880,223,14242.06   
"CA",1880,241,50         
"CA",1880,253,243878.17  
"CA",1880,266,6183.03    
"CA",1880,269,13804.13   
"CA",1880,290,183.81     
"CA",1880,291,203629.08  
"CA",1880,293,39995      
"CA",1880,294,112244.03  
"CA",1881,121,3636008.23 
"CA",1881,122,5128.7     
"CA",1881,148,11781.85   
"CA",1881,170,316869.48  
"CA",1881,180,13400      
"CA",1881,193,100122.56  
"CA",1881,221,9917.15    
"CA",1881,223,8306.8     
"CA",1881,253,199870.06  
"CA",1881,263,10         
"CA",1881,265,156.8      
"CA",1881,266,57.4       
"CA",1881,269,11383.48   
"CA",1881,290,857.25     
"CA",1881,291,203535.28  
"CA",1881,293,47297.42   
"CA",1881,294,186871.2   
"CA",1882,121,3685367.6  
"CA",1882,122,6239.65    
"CA",1882,148,10715.95   
"CA",1882,170,248816.3   
"CA",1882,180,13400      
"CA",1882,193,12016.59   
"CA",1882,221,11191.65   
"CA",1882,223,11310.85   
"CA",1882,227,1371.31    
"CA",1882,253,252658.31  
"CA",1882,265,2018.93    
"CA",1882,269,17842.56   
"CA",1882,290,1568.14    
"CA",1882,291,206072.18  
"CA",1882,293,15598.42   
"CA",1882,294,202465.97  
"CA",1883,121,3305507.99 
"CA",1883,122,1089.72    
"CA",1883,148,6514.7     
"CA",1883,170,285493.35  
"CA",1883,180,13400      
"CA",1883,193,10010.22   
"CA",1883,221,7893.2     
"CA",1883,223,16032.81   
"CA",1883,224,14669.98   
"CA",1883,227,1892.88    
"CA",1883,253,190182.1   
"CA",1883,265,375.9      
"CA",1883,269,16103.92   
"CA",1883,290,9942.88    
"CA",1883,291,205559.64  
"CA",1883,293,54434.01   
"CA",1883,294,226982.47  
"CA",1883,296,25000      
"CA",1884,121,3527349.64 
"CA",1884,122,5325.93    
"CA",1884,141,58944.34   
"CA",1884,148,4009.25    
"CA",1884,170,271340.71  
"CA",1884,180,13400      
"CA",1884,193,793.25     
"CA",1884,221,10921.15   
"CA",1884,223,21882.45   
"CA",1884,224,20156.6    
"CA",1884,227,733.8      
"CA",1884,236,40000      
"CA",1884,253,257576.26  
"CA",1884,265,152.95     
"CA",1884,269,17782.52   
"CA",1884,290,718.95     
"CA",1884,291,209610.25  
"CA",1884,293,52573.51   
"CA",1884,294,165320.75  
"CA",1885,121,3271719.24 
"CA",1885,122,12846.59   
"CA",1885,141,57698.62   
"CA",1885,170,300733.81  
"CA",1885,180,12750      
"CA",1885,191,23451.38   
"CA",1885,221,9099       
"CA",1885,223,22477.46   
"CA",1885,225,371.05     
"CA",1885,253,257281.52  
"CA",1885,263,133.23     
"CA",1885,264,396.58     
"CA",1885,265,2456.76    
"CA",1885,266,5802.15    
"CA",1885,269,23849.93   
"CA",1885,290,11412.86   
"CA",1885,291,210355.62  
"CA",1885,293,10046.69   
"CA",1885,294,130353.1   
"CA",1886,121,4222198.33 
"CA",1886,122,13210.32   
"CA",1886,141,850819.84  
"CA",1886,170,296919.2   
"CA",1886,180,12700      
"CA",1886,221,10250.35   
"CA",1886,223,27793.59   
"CA",1886,225,593.69     
"CA",1886,253,247256.6   
"CA",1886,262,5102.99    
"CA",1886,263,4.77       
"CA",1886,265,67279.33   
"CA",1886,266,878.85     
"CA",1886,269,16322.91   
"CA",1886,290,15575.23   
"CA",1886,291,228287.44  
"CA",1886,293,291420.25  
"CA",1886,294,169616.62  
"CA",1887,121,4064938.37 
"CA",1887,122,3248.5     
"CA",1887,141,81976.83   
"CA",1887,148,4245.65    
"CA",1887,170,305643.23  
"CA",1887,180,2100       
"CA",1887,193,1.07       
"CA",1887,221,9730.8     
"CA",1887,222,183.66     
"CA",1887,223,27329.6    
"CA",1887,261,3342.65    
"CA",1887,262,8592.55    
"CA",1887,263,371.6      
"CA",1887,264,424        
"CA",1887,265,320589.59  
"CA",1887,266,6447.79    
"CA",1887,269,14432.67   
"CA",1887,290,136.18     
"CA",1887,291,232674.07  
"CA",1887,293,114325.28  
"CA",1887,294,184777.5   
"CA",1887,296,48725.78   
"CA",1887,299,14143.4    
"CA",1888,121,5134103.75 
"CA",1888,122,3667.26    
"CA",1888,141,90332.52   
"CA",1888,148,6366.6     
"CA",1888,170,316744.02  
"CA",1888,180,2708.7     
"CA",1888,221,10149.55   
"CA",1888,222,1751.98    
"CA",1888,223,53640.25   
"CA",1888,224,1431.54    
"CA",1888,227,674.65     
"CA",1888,261,40225.21   
"CA",1888,262,14064.14   
"CA",1888,263,107.25     
"CA",1888,265,369438.872 
"CA",1888,266,776.5      
"CA",1888,269,33242.78   
"CA",1888,290,28285.52   
"CA",1888,291,226893.05  
"CA",1888,293,273457     
"CA",1888,294,279279.23  
"CA",1888,296,147228.62  
"CA",1888,299,15300      
"CA",1889,121,5038424.95 
"CA",1889,122,7603.15    
"CA",1889,141,588690.09  
"CA",1889,148,5272.15    
"CA",1889,170,340572.84  
"CA",1889,180,2955.25    
"CA",1889,221,10740.1    
"CA",1889,222,488.98     
"CA",1889,223,48054.95   
"CA",1889,227,2412       
"CA",1889,236,11723.64   
"CA",1889,261,130080.05  
"CA",1889,262,15159.92   
"CA",1889,263,264.25     
"CA",1889,265,329158.54  
"CA",1889,266,3407.69    
"CA",1889,269,28847.3    
"CA",1889,290,24728.38   
"CA",1889,291,230088.22  
"CA",1889,293,88064.61   
"CA",1889,294,281519.27  
"CA",1889,296,314102.56  
"CA",1889,299,15300      
"CA",1890,121,7211414.95 
"CA",1890,122,6723.21    
"CA",1890,141,668185.77  
"CA",1890,148,6015.55    
"CA",1890,170,352927.7   
"CA",1890,180,4046.88    
"CA",1890,221,11965.9    
"CA",1890,222,1262.29    
"CA",1890,223,52120.55   
"CA",1890,224,3985.34    
"CA",1890,261,60165.18   
"CA",1890,262,19472.1    
"CA",1890,263,376.5      
"CA",1890,265,318620.63  
"CA",1890,266,3674.43    
"CA",1890,269,31628.77   
"CA",1890,290,1327.09    
"CA",1890,291,303401.7   
"CA",1890,293,91186.92   
"CA",1890,294,219674.5   
"CA",1890,296,206151.66  
"CA",1890,299,15300      
"CA",1891,121,5793886.76 
"CA",1891,122,9607.09    
"CA",1891,141,597568.71  
"CA",1891,148,7701.6     
"CA",1891,170,362124.59  
"CA",1891,180,1361.51    
"CA",1891,221,13022      
"CA",1891,222,361.52     
"CA",1891,223,42747.95   
"CA",1891,236,208246.89  
"CA",1891,261,73191.18   
"CA",1891,262,19657.72   
"CA",1891,263,239.25     
"CA",1891,265,317540.97  
"CA",1891,266,5985.1     
"CA",1891,269,28605.26   
"CA",1891,290,1252.43    
"CA",1891,291,172144     
"CA",1891,292,656.4      
"CA",1891,293,86498.2    
"CA",1891,294,178699.22  
"CA",1891,296,205451.22  
"CA",1891,299,15300      
"CA",1892,121,4950096.76 
"CA",1892,122,4896.61    
"CA",1892,141,600329.58  
"CA",1892,148,3746.5     
"CA",1892,170,405254.08  
"CA",1892,180,3954.7     
"CA",1892,221,12559.5    
"CA",1892,222,505.98     
"CA",1892,223,39503.5    
"CA",1892,224,5007.5     
"CA",1892,227,254.8      
"CA",1892,236,7705.24    
"CA",1892,261,77434.09   
"CA",1892,262,22707.16   
"CA",1892,263,237        
"CA",1892,265,363588.3   
"CA",1892,266,1221.6     
"CA",1892,269,31990.54   
"CA",1892,290,692.66     
"CA",1892,291,244587.07  
"CA",1892,292,18         
"CA",1892,293,80077.55   
"CA",1892,294,158031.22  
"CA",1892,296,130196.72  
"CA",1892,299,32266.16   
"CA",1893,121,4965259.84 
"CA",1893,122,11379.72   
"CA",1893,141,585559.59  
"CA",1893,148,3782.8     
"CA",1893,170,349246.45  
"CA",1893,180,3712.85    
"CA",1893,191,995.8      
"CA",1893,221,12358.1    
"CA",1893,222,782.32     
"CA",1893,223,35786.1    
"CA",1893,227,1982.5     
"CA",1893,236,34240.02   
"CA",1893,261,65990.73   
"CA",1893,262,18919.28   
"CA",1893,263,155.35     
"CA",1893,265,339046.58  
"CA",1893,266,7099.1     
"CA",1893,269,35899.12   
"CA",1893,290,2124.69    
"CA",1893,291,255642.83  
"CA",1893,293,246443.58  
"CA",1893,294,173838.62  
"CA",1893,296,37800      
"CA",1893,299,16648.95   
"CA",1894,121,6568701.55 
"CA",1894,122,2412.98    
"CA",1894,141,1221427.57 
"CA",1894,148,2683.25    
"CA",1894,170,349927.18  
"CA",1894,180,3306.83    
"CA",1894,221,13563.5    
"CA",1894,222,204.82     
"CA",1894,223,30449.5    
"CA",1894,224,63.69      
"CA",1894,227,1539.36    
"CA",1894,236,45930.07   
"CA",1894,261,78982.89   
"CA",1894,262,20574.97   
"CA",1894,263,88         
"CA",1894,265,288093.86  
"CA",1894,266,977.1      
"CA",1894,269,33262.79   
"CA",1894,290,20905.13   
"CA",1894,291,249658.32  
"CA",1894,293,84062.14   
"CA",1894,294,103039.72  
"CA",1894,296,176984.42  
"CA",1894,299,25139.82   
"CA",1895,121,5687388.84 
"CA",1895,122,33771.4    
"CA",1895,141,1287719.67 
"CA",1895,148,2307.35    
"CA",1895,170,341116.22  
"CA",1895,180,5027       
"CA",1895,221,12116.9    
"CA",1895,222,199.92     
"CA",1895,223,28980.35   
"CA",1895,227,325.23     
"CA",1895,236,58304.32   
"CA",1895,261,79827.81   
"CA",1895,262,17642.13   
"CA",1895,263,35         
"CA",1895,265,220045.78  
"CA",1895,266,7629.5     
"CA",1895,269,30579.35   
"CA",1895,290,125.3      
"CA",1895,291,267676.38  
"CA",1895,293,689793.42  
"CA",1895,294,66801.1    
"CA",1895,296,159583.45  
"CA",1895,299,20210.04   
"CA",1896,121,7310749.35 
"CA",1896,122,105161.36  
"CA",1896,141,1279769.01 
"CA",1896,148,1880.55    
"CA",1896,170,362794.12  
"CA",1896,180,5044.7     
"CA",1896,221,11044      
"CA",1896,222,9.9        
"CA",1896,223,25543.65   
"CA",1896,227,47         
"CA",1896,236,54147.89   
"CA",1896,261,105609.74  
"CA",1896,262,16008.98   
"CA",1896,263,64.25      
"CA",1896,265,284230.46  
"CA",1896,266,2979.91    
"CA",1896,269,33497      
"CA",1896,290,339        
"CA",1896,291,264198.87  
"CA",1896,293,250750     
"CA",1896,294,116168.96  
"CA",1896,296,90835.69   
"CA",1896,298,617.3      
"CA",1896,299,27777.35   
"CA",1897,121,5180781.26 
"CA",1897,122,69844.74   
"CA",1897,141,650683.72  
"CA",1897,148,2988.7     
"CA",1897,170,358135.11  
"CA",1897,180,4132.5     
"CA",1897,221,10072.75   
"CA",1897,223,26441.95   
"CA",1897,224,51.55      
"CA",1897,227,766.55     
"CA",1897,236,54795.97   
"CA",1897,261,94518.53   
"CA",1897,262,14073.8    
"CA",1897,263,27.75      
"CA",1897,265,266658.52  
"CA",1897,266,4576.59    
"CA",1897,269,24368.72   
"CA",1897,290,2053.65    
"CA",1897,291,256848.59  
"CA",1897,293,153600.22  
"CA",1897,294,78476.88   
"CA",1897,296,308364.57  
"CA",1897,298,100        
"CA",1897,299,27635.35   
"CA",1898,121,5292604.06 
"CA",1898,122,126098.27  
"CA",1898,141,758394.14  
"CA",1898,148,764.65     
"CA",1898,170,364291.62  
"CA",1898,180,3952.5     
"CA",1898,221,10582.4    
"CA",1898,223,37549.3    
"CA",1898,224,677.14     
"CA",1898,227,546.47     
"CA",1898,236,122185.01  
"CA",1898,261,100848.29  
"CA",1898,262,20114.26   
"CA",1898,263,9.5        
"CA",1898,265,225542.73  
"CA",1898,266,1014.9     
"CA",1898,268,753.35     
"CA",1898,269,24450.73   
"CA",1898,290,140.85     
"CA",1898,291,259180.68  
"CA",1898,293,65600      
"CA",1898,294,123469.89  
"CA",1898,296,171442.57  
"CA",1898,298,390        
"CA",1898,299,24995      
"CA",1899,121,5150651.7  
"CA",1899,122,174853.93  
"CA",1899,141,717864.84  
"CA",1899,170,340432.12  
"CA",1899,180,4415       
"CA",1899,221,9751.25    
"CA",1899,223,36791.15   
"CA",1899,227,615.98     
"CA",1899,236,132363.73  
"CA",1899,261,76949      
"CA",1899,262,6466.64    
"CA",1899,263,13.75      
"CA",1899,265,303495.76  
"CA",1899,266,4701.1     
"CA",1899,268,46843.14   
"CA",1899,269,33825.96   
"CA",1899,290,9452.25    
"CA",1899,291,259043.21  
"CA",1899,293,54500      
"CA",1899,294,130801.67  
"CA",1899,296,182563.18  
"CA",1899,297,86         
"CA",1899,298,3167.75    
"CA",1899,299,24024      
"CA",1900,121,6797033.73 
"CA",1900,122,403633.94  
"CA",1900,141,846082.2   
"CA",1900,170,404574.74  
"CA",1900,180,4577.5     
"CA",1900,221,10088.4    
"CA",1900,223,51340.05   
"CA",1900,227,36         
"CA",1900,236,167277.25  
"CA",1900,261,80710.67   
"CA",1900,262,13160.96   
"CA",1900,263,6          
"CA",1900,265,635738.4   
"CA",1900,266,55992.2    
"CA",1900,268,73253.69   
"CA",1900,269,50037.89   
"CA",1900,290,5111.85    
"CA",1900,291,252929.1   
"CA",1900,293,348583.21  
"CA",1900,294,296864.2   
"CA",1900,296,334723.7   
"CA",1900,298,2600.1     
"CA",1900,299,24236.58   
"CA",1901,121,5824157.47 
"CA",1901,122,251685.28  
"CA",1901,141,837147.34  
"CA",1901,170,428907.05  
"CA",1901,180,5582.5     
"CA",1901,221,9892.7     
"CA",1901,222,5005.25    
"CA",1901,223,85128.65   
"CA",1901,227,1038.38    
"CA",1901,236,147813.31  
"CA",1901,261,84382.23   
"CA",1901,262,18711.12   
"CA",1901,263,5.5        
"CA",1901,265,710533.97  
"CA",1901,266,85301.03   
"CA",1901,267,816        
"CA",1901,268,68493.37   
"CA",1901,269,61761.9    
"CA",1901,290,136.34     
"CA",1901,291,248088.94  
"CA",1901,293,218044.7   
"CA",1901,294,177067.36  
"CA",1901,296,245483.46  
"CA",1901,298,3070.59    
"CA",1901,299,23075.5    
"CA",1902,121,5686435.22 
"CA",1902,122,287170     
"CA",1902,141,884062.42  
"CA",1902,170,430186.17  
"CA",1902,180,5245       
"CA",1902,221,9851.15    
"CA",1902,223,159018.8   
"CA",1902,227,24811.44   
"CA",1902,236,196717.72  
"CA",1902,261,85199.87   
"CA",1902,262,24289.77   
"CA",1902,265,767635.02  
"CA",1902,266,64121.02   
"CA",1902,268,72221.87   
"CA",1902,269,51000.26   
"CA",1902,290,125.7      
"CA",1902,291,244806.24  
"CA",1902,293,268128.55  
"CA",1902,294,171887.13  
"CA",1902,296,310730.94  
"CA",1902,298,4626.93    
"CA",1902,299,23179.86   
"CA",1903,121,4697859.8  
"CA",1903,122,295949.36  
"CA",1903,141,1066436.94 
"CA",1903,170,447251.81  
"CA",1903,180,5362.5     
"CA",1903,221,8798.05    
"CA",1903,223,180612.75  
"CA",1903,227,1652.75    
"CA",1903,236,172256.62  
"CA",1903,261,95430.64   
"CA",1903,262,25925.34   
"CA",1903,263,2.75       
"CA",1903,265,756107.79  
"CA",1903,266,68464.33   
"CA",1903,268,71972.23   
"CA",1903,269,65101.03   
"CA",1903,290,2059.84    
"CA",1903,291,234446.04  
"CA",1903,293,133527.84  
"CA",1903,294,289056.98  
"CA",1903,296,260460.03  
"CA",1903,298,4507.65    
"CA",1903,299,26948.57   
"CA",1904,121,8219911.51 
"CA",1904,122,286803.72  
"CA",1904,141,1350963    
"CA",1904,170,481417.96  
"CA",1904,180,5720       
"CA",1904,221,9554.2     
"CA",1904,222,300        
"CA",1904,223,177448.2   
"CA",1904,227,2646.97    
"CA",1904,236,109769.95  
"CA",1904,261,118026.136 
"CA",1904,262,31633.34   
"CA",1904,265,906956.26  
"CA",1904,266,79902.72   
"CA",1904,268,81650.13   
"CA",1904,269,71260.98   
"CA",1904,290,1463.89    
"CA",1904,291,269728.37  
"CA",1904,293,273444.38  
"CA",1904,294,234630.85  
"CA",1904,296,310730.72  
"CA",1904,298,6268.48    
"CA",1904,299,26329.66   
"CA",1905,121,7879330.04 
"CA",1905,122,552430.21  
"CA",1905,141,1303208.02 
"CA",1905,170,528914.35  
"CA",1905,180,14019.5    
"CA",1905,221,7561.85    
"CA",1905,223,175733.4   
"CA",1905,236,217090.43  
"CA",1905,241,40         
"CA",1905,261,226857.07  
"CA",1905,262,32974.34   
"CA",1905,265,1227672.2  
"CA",1905,266,76207      
"CA",1905,268,113191.56  
"CA",1905,269,165243.45  
"CA",1905,290,61717.39   
"CA",1905,291,264740.01  
"CA",1905,293,240211.21  
"CA",1905,294,116226.04  
"CA",1905,296,355082.09  
"CA",1905,298,7843       
"CA",1905,299,31437.8    
"CA",1906,121,7590387.67 
"CA",1906,122,292837.61  
"CA",1906,132,138915     
"CA",1906,141,1306606.42 
"CA",1906,170,604677.5   
"CA",1906,180,15810      
"CA",1906,221,11282.95   
"CA",1906,223,225160.15  
"CA",1906,224,4155.04    
"CA",1906,227,17.81      
"CA",1906,236,210865.79  
"CA",1906,261,196910.68  
"CA",1906,262,34868.54   
"CA",1906,265,931702.53  
"CA",1906,266,80100.12   
"CA",1906,268,108247.45  
"CA",1906,269,264593.52  
"CA",1906,290,563.57     
"CA",1906,291,287741.88  
"CA",1906,293,519500.44  
"CA",1906,294,112938.45  
"CA",1906,296,245708.52  
"CA",1906,298,11041.24   
"CA",1906,299,39950.98   
"CA",1907,121,7139022.9  
"CA",1907,122,752605.78  
"CA",1907,132,303545     
"CA",1907,141,1468340.94 
"CA",1907,170,502694.23  
"CA",1907,180,21760      
"CA",1907,221,9194.25    
"CA",1907,223,328967.25  
"CA",1907,224,1200       
"CA",1907,227,12.2       
"CA",1907,236,1166018.6  
"CA",1907,237,8183.61    
"CA",1907,261,237849.38  
"CA",1907,262,45468.533  
"CA",1907,265,1111294.33 
"CA",1907,266,95814.59   
"CA",1907,268,115721.33  
"CA",1907,269,278184.49  
"CA",1907,290,7619.95    
"CA",1907,291,286156.91  
"CA",1907,293,249477.35  
"CA",1907,294,121894.35  
"CA",1907,296,347272.06  
"CA",1907,298,7571.16    
"CA",1907,299,32629.06   
"CA",1908,121,7761821.99 
"CA",1908,122,608943.19  
"CA",1908,132,663190     
"CA",1908,141,2057163.32 
"CA",1908,170,607973.94  
"CA",1908,180,20754.1    
"CA",1908,181,116569.11  
"CA",1908,221,9705.9     
"CA",1908,222,1425.75    
"CA",1908,223,222305.21  
"CA",1908,227,9496.83    
"CA",1908,236,229936.06  
"CA",1908,237,16052.24   
"CA",1908,261,200435.36  
"CA",1908,262,38254.9    
"CA",1908,265,1182744.78 
"CA",1908,266,83591.81   
"CA",1908,268,141299.96  
"CA",1908,269,284496.1   
"CA",1908,290,4096.04    
"CA",1908,291,415712.58  
"CA",1908,293,310411.98  
"CA",1908,294,144638.5   
"CA",1908,296,320043.38  
"CA",1908,298,16158.77   
"CA",1908,299,47467.17   
"CA",1909,121,7530155.94 
"CA",1909,122,976509.9   
"CA",1909,132,664060     
"CA",1909,141,2071303.04 
"CA",1909,170,670696.01  
"CA",1909,180,26070.5    
"CA",1909,181,108066.48  
"CA",1909,221,10825.95   
"CA",1909,222,1191       
"CA",1909,223,228293.45  
"CA",1909,224,649.93     
"CA",1909,236,252645.41  
"CA",1909,261,167339.62  
"CA",1909,262,37835.58   
"CA",1909,263,32113.72   
"CA",1909,265,1279934.09 
"CA",1909,266,76618.68   
"CA",1909,268,137130.88  
"CA",1909,269,625157.15  
"CA",1909,290,62231.52   
"CA",1909,291,418301.66  
"CA",1909,292,1225       
"CA",1909,293,1324197.01 
"CA",1909,294,145806.03  
"CA",1909,296,184467.5   
"CA",1909,298,20975.86   
"CA",1909,299,44900.65   
"CA",1910,121,8436047.91 
"CA",1910,122,947888.27  
"CA",1910,132,745605     
"CA",1910,141,1994459.3  
"CA",1910,170,687953.49  
"CA",1910,180,52478      
"CA",1910,181,147461.84  
"CA",1910,221,12147.8    
"CA",1910,222,749.4      
"CA",1910,223,286795.18  
"CA",1910,227,76.1       
"CA",1910,236,288879.42  
"CA",1910,237,99840.73   
"CA",1910,261,237832.24  
"CA",1910,262,43859.5    
"CA",1910,263,4562.47    
"CA",1910,265,1597929.79 
"CA",1910,266,95767.76   
"CA",1910,268,160909.6   
"CA",1910,269,444784.7   
"CA",1910,290,61013.83   
"CA",1910,291,451028.23  
"CA",1910,293,1011834.61 
"CA",1910,294,325358.29  
"CA",1910,296,251369.66  
"CA",1910,299,101023.85  
"CA",1911,121,7891194.29 
"CA",1911,122,1506993.33 
"CA",1911,141,2273620.18 
"CA",1911,143,111946.78  
"CA",1911,170,739323.8   
"CA",1911,180,70698      
"CA",1911,181,144389.41  
"CA",1911,185,872130     
"CA",1911,221,13823.45   
"CA",1911,222,21334.87   
"CA",1911,223,301976.4   
"CA",1911,224,200        
"CA",1911,227,43988.68   
"CA",1911,236,290604.87  
"CA",1911,237,61527.92   
"CA",1911,261,267238.65  
"CA",1911,262,60937.86   
"CA",1911,263,61443.58   
"CA",1911,265,1450256.54 
"CA",1911,266,111574.91  
"CA",1911,267,11807.35   
"CA",1911,268,179360.97  
"CA",1911,269,51142.84   
"CA",1911,290,3842.23    
"CA",1911,291,478089.2   
"CA",1911,294,213463.92  
"CA",1911,296,303193.34  
"CA",1911,297,160        
"CA",1911,299,83383.96   
"CA",1912,121,197145.77  
"CA",1912,122,1083243.87 
"CA",1912,141,4775750.71 
"CA",1912,143,524726.62  
"CA",1912,146,5090107.93 
"CA",1912,170,843603.69  
"CA",1912,180,80760.8    
"CA",1912,181,145595.04  
"CA",1912,185,802012.5   
"CA",1912,193,1270297.01 
"CA",1912,221,15092      
"CA",1912,222,27469.93   
"CA",1912,223,336142.34  
"CA",1912,224,213.65     
"CA",1912,227,14766.19   
"CA",1912,236,295297.97  
"CA",1912,237,53716.87   
"CA",1912,252,1050.07    
"CA",1912,261,274541.93  
"CA",1912,262,56116.99   
"CA",1912,263,63765.08   
"CA",1912,265,1308620.97 
"CA",1912,266,153231.92  
"CA",1912,268,186479.29  
"CA",1912,269,59862.41   
"CA",1912,290,3603.37    
"CA",1912,291,583142.58  
"CA",1912,293,2462157.82 
"CA",1912,294,181743.88  
"CA",1912,296,473915.35  
"CA",1912,299,81813.06   
"CA",1913,121,88450.87   
"CA",1913,122,1586875.07 
"CA",1913,141,4940743.48 
"CA",1913,143,602904.35  
"CA",1913,146,5337070.58 
"CA",1913,170,56875.8    
"CA",1913,180,108643.5   
"CA",1913,181,161059.94  
"CA",1913,185,798886.25  
"CA",1913,193,1273446.25 
"CA",1913,221,15855.65   
"CA",1913,222,24461.97   
"CA",1913,223,240466.09  
"CA",1913,225,6426.36    
"CA",1913,227,36369.09   
"CA",1913,236,290515.77  
"CA",1913,237,65977.54   
"CA",1913,252,72454.4    
"CA",1913,261,175448.63  
"CA",1913,262,56812.082  
"CA",1913,263,67161.85   
"CA",1913,265,1484234.9  
"CA",1913,266,316438.08  
"CA",1913,268,210891.15  
"CA",1913,269,71949.12   
"CA",1913,290,11374.92   
"CA",1913,291,685874.15  
"CA",1913,293,4648720.72 
"CA",1913,294,309744.16  
"CA",1913,296,510848.02  
"CA",1913,299,85321.01   
"CA",1914,121,58129.47   
"CA",1914,122,1796478.57 
"CA",1914,141,6254924.04 
"CA",1914,143,760300.22  
"CA",1914,146,5925754.78 
"CA",1914,170,845485.1   
"CA",1914,180,59392.5    
"CA",1914,181,180366.9   
"CA",1914,185,741082.55  
"CA",1914,193,1270301.14 
"CA",1914,221,17084.4    
"CA",1914,222,20713.06   
"CA",1914,223,193697.86  
"CA",1914,225,22681.06   
"CA",1914,227,24377.25   
"CA",1914,236,357728.46  
"CA",1914,237,79343.32   
"CA",1914,242,53468.95   
"CA",1914,251,1173354.25 
"CA",1914,252,82589.89   
"CA",1914,261,66553.36   
"CA",1914,262,54854.81   
"CA",1914,263,57087.7    
"CA",1914,264,33.4       
"CA",1914,265,1623295.29 
"CA",1914,266,280666.72  
"CA",1914,268,316312.41  
"CA",1914,269,456504.57  
"CA",1914,290,24514.33   
"CA",1914,291,865897.17  
"CA",1914,293,11439751.37
"CA",1914,294,372256.83  
"CA",1914,296,317332.2   
"CA",1914,299,102573.55  
"CA",1915,121,45874.59   
"CA",1915,122,2783089.56 
"CA",1915,141,6299879.64 
"CA",1915,143,813493.78  
"CA",1915,146,6376241.56 
"CA",1915,170,553551.79  
"CA",1915,180,2055475.41 
"CA",1915,181,238666.16  
"CA",1915,185,9461       
"CA",1915,193,1227683.72 
"CA",1915,221,18899.6    
"CA",1915,222,21164.34   
"CA",1915,223,198480.73  
"CA",1915,225,28598.08   
"CA",1915,227,55406.96   
"CA",1915,236,303748.42  
"CA",1915,237,248580.25  
"CA",1915,242,169134.03  
"CA",1915,252,59050.52   
"CA",1915,261,191605.28  
"CA",1915,262,53288.2    
"CA",1915,263,120605.61  
"CA",1915,264,63.45      
"CA",1915,265,1804083.15 
"CA",1915,266,313807.8   
"CA",1915,268,288608.84  
"CA",1915,269,628239.83  
"CA",1915,290,23866.56   
"CA",1915,291,1234944.91 
"CA",1915,293,3205557.99 
"CA",1915,294,66031.04   
"CA",1915,296,291676.98  
"CA",1915,299,99296.03   
"CA",1916,121,55522.84   
"CA",1916,122,3145210.63 
"CA",1916,141,6587207.02 
"CA",1916,143,1019643.32 
"CA",1916,146,7360811.53 
"CA",1916,161,1900       
"CA",1916,170,11001.12   
"CA",1916,180,2162717.36 
"CA",1916,181,270718.66  
"CA",1916,185,773670.94  
"CA",1916,221,18604.84   
"CA",1916,222,20662.96   
"CA",1916,223,168989.73  
"CA",1916,225,25922.55   
"CA",1916,227,48208.48   
"CA",1916,236,299840.94  
"CA",1916,237,1105904.36 
"CA",1916,251,97684.9    
"CA",1916,252,80781.07   
"CA",1916,261,72500.91   
"CA",1916,262,59269.26   
"CA",1916,263,123688.4   
"CA",1916,265,1846424.179
"CA",1916,266,266113.13  
"CA",1916,268,310690.99  
"CA",1916,269,854887.41  
"CA",1916,290,131052.77  
"CA",1916,291,1197764.67 
"CA",1916,293,9076746.61 
"CA",1916,294,70367.79   
"CA",1916,296,518646.09  
"CA",1916,297,3182.77    
"CA",1916,299,111949.69  
"CA",1917,121,37892.26   
"CA",1917,122,3830951.71 
"CA",1917,141,6862111.44 
"CA",1917,143,1056577.2  
"CA",1917,146,7708898.67 
"CA",1917,170,3151       
"CA",1917,180,2769221.14 
"CA",1917,181,310904.09  
"CA",1917,185,783606.45  
"CA",1917,221,18119.7    
"CA",1917,222,18573.26   
"CA",1917,223,159352.23  
"CA",1917,225,21769.53   
"CA",1917,227,64754.47   
"CA",1917,236,287614.09  
"CA",1917,237,1308907.47 
"CA",1917,252,51131.86   
"CA",1917,261,82877.56   
"CA",1917,262,75684.7    
"CA",1917,263,120769.18  
"CA",1917,264,1500       
"CA",1917,265,2236359.7  
"CA",1917,266,370029.17  
"CA",1917,268,320222     
"CA",1917,269,1195161.61 
"CA",1917,290,259170.38  
"CA",1917,291,1069384.49 
"CA",1917,293,2022846.25 
"CA",1917,294,73817.89   
"CA",1917,296,577107.6   
"CA",1917,297,3627.04    
"CA",1917,299,103974.82  
