"AL",1867,3,820033.94   
"AL",1868,3,1461339.4   
"AL",1869,3,1413457.15  
"AL",1870,3,1366438.85  
"AL",1871,3,1640116.99  
"AL",1872,3,1176432.14  
"AL",1873,3,2235812.06  
"AL",1874,3,1177223.98  
"AL",1875,3,1061348.93  
"AL",1876,3,880073.55   
"AL",1877,3,682837.47   
"AL",1878,3,647011.9    
"AL",1879,3,680063.67   
"AL",1880,3,589797.66   
"AL",1881,3,627023.98   
"AL",1882,3,689616.18   
"AL",1883,3,862884.58   
"AL",1884,3,925694.1    
"AL",1885,3,912409.75   
"AL",1886,3,813566.7    
"AL",1887,3,991026.77   
"AL",1888,3,1308464     
"AL",1889,3,1755996.86  
"AL",1890,3,2641457.8   
"AL",1891,3,1772406.34  
"AL",1892,3,1753183.09  
"AL",1893,3,1838482.14  
"AL",1894,3,2144273.52  
"AL",1896,3,1960412.88  
"AL",1897,3,2192642.23  
"AL",1898,3,2203634.37  
"AL",1899,3,2073293.51  
"AL",1900,3,2198420.59  
"AL",1901,3,2890201.41  
"AL",1902,3,2691794.51  
"AL",1903,3,2935448.67  
"AL",1904,3,3015689.25  
"AL",1905,3,3146651.26  
"AL",1906,3,3379541.95  
"AL",1907,3,4008829.61  
"AL",1908,3,5149045.47  
"AL",1909,3,5378046.88  
"AL",1910,3,5698342.52  
"AL",1911,3,4892275.81  
"AL",1912,3,6340524.53  
"AL",1913,3,6605559.44  
"AL",1914,3,7047706.91  
                        
"AL",1867,31,258693.5   
"AL",1867,32,51471.9    
"AL",1867,33,2300       
"AL",1867,34,66632.08   
"AL",1867,36,248154.16  
"AL",1867,39,28013.28   
"AL",1867,40,124769.02  
"AL",1867,41,40000      
"AL",1868,31,284046.28  
"AL",1868,32,47310.28   
"AL",1868,33,700        
"AL",1868,34,76346.89   
"AL",1868,36,237599.37  
"AL",1868,39,1950.65    
"AL",1868,40,358785.93  
"AL",1868,41,454600     
"AL",1869,31,385688.33  
"AL",1869,32,41450.57   
"AL",1869,34,76367.48   
"AL",1869,35,2105       
"AL",1869,36,265739.45  
"AL",1869,37,9213.24    
"AL",1869,39,46345.36   
"AL",1869,40,357817.77  
"AL",1869,41,228729.95  
"AL",1870,31,653594.83  
"AL",1870,32,41250.8    
"AL",1870,34,79571.45   
"AL",1870,36,298760     
"AL",1870,39,17613.89   
"AL",1870,40,275647.88  
"AL",1871,31,735242.62  
"AL",1871,32,95346.98   
"AL",1871,34,110126     
"AL",1871,36,259321.62  
"AL",1871,39,25837.71   
"AL",1871,40,365118.96  
"AL",1871,41,49123.1    
"AL",1872,31,468573.69  
"AL",1872,32,76095.69   
"AL",1872,34,100197.23  
"AL",1872,36,235564.51  
"AL",1872,37,5160.13    
"AL",1872,39,21778.05   
"AL",1872,40,269062.84  
"AL",1873,31,335172.7   
"AL",1873,32,89206.87   
"AL",1873,33,148733.37  
"AL",1873,34,112307     
"AL",1873,36,339682.37  
"AL",1873,39,16944.42   
"AL",1873,40,667776.46  
"AL",1873,41,525988.87  
"AL",1874,31,147978.67  
"AL",1874,32,89844.8    
"AL",1874,33,22294.19   
"AL",1874,34,119364.02  
"AL",1874,36,240544.05  
"AL",1874,39,15309.85   
"AL",1874,40,517234.66  
"AL",1874,41,24653.74   
"AL",1875,31,117675.7   
"AL",1875,32,86363.75   
"AL",1875,33,586.06     
"AL",1875,34,132921.16  
"AL",1875,35,97         
"AL",1875,36,257677.42  
"AL",1875,39,11069.4    
"AL",1875,40,100348.82  
"AL",1875,41,354609.62  
"AL",1876,31,236911.89  
"AL",1876,32,93584.55   
"AL",1876,33,45590      
"AL",1876,34,142248.67  
"AL",1876,35,60         
"AL",1876,36,262976.29  
"AL",1876,39,11660.65   
"AL",1876,40,77008.48   
"AL",1876,41,10033.02   
"AL",1877,29,1066.38    
"AL",1877,31,61998.31   
"AL",1877,32,93239      
"AL",1877,33,700        
"AL",1877,34,110199.89  
"AL",1877,36,181293.11  
"AL",1877,37,637.84     
"AL",1877,39,15659.55   
"AL",1877,40,218043.39  
"AL",1878,31,45677.45   
"AL",1878,32,87003      
"AL",1878,33,500        
"AL",1878,34,99444.56   
"AL",1878,35,6000       
"AL",1878,36,125053.53  
"AL",1878,39,2989.27    
"AL",1878,40,280302.59  
"AL",1878,41,41.5       
"AL",1879,31,22719.32   
"AL",1879,32,93607.86   
"AL",1879,33,878.75     
"AL",1879,34,78536.35   
"AL",1879,36,160330.11  
"AL",1879,37,1050.61    
"AL",1879,39,17076.67   
"AL",1879,40,293299     
"AL",1879,41,12565      
"AL",1880,31,27379.27   
"AL",1880,32,99942.74   
"AL",1880,33,573.26     
"AL",1880,34,52920.97   
"AL",1880,36,101152.79  
"AL",1880,37,1634.04    
"AL",1880,39,8287.76    
"AL",1880,40,296981.83  
"AL",1880,41,925        
"AL",1881,31,68902.87   
"AL",1881,32,86756      
"AL",1881,33,7591.62    
"AL",1881,34,54892.2    
"AL",1881,35,117.31     
"AL",1881,36,141017.66  
"AL",1881,37,2124.04    
"AL",1881,39,15522.28   
"AL",1881,40,250100     
"AL",1882,22,14976.78   
"AL",1882,31,79999      
"AL",1882,32,89528.5    
"AL",1882,33,12338.4    
"AL",1882,34,62967.13   
"AL",1882,36,101560.76  
"AL",1882,39,10726.11   
"AL",1882,40,317519.5   
"AL",1883,31,95150.16   
"AL",1883,32,17700      
"AL",1883,33,16982.37   
"AL",1883,34,78892.4    
"AL",1883,36,242303.18  
"AL",1883,38,150        
"AL",1883,39,89300.72   
"AL",1883,40,322405.75  
"AL",1884,31,183110.94  
"AL",1884,32,135354.6   
"AL",1884,33,15747.92   
"AL",1884,34,72928.69   
"AL",1884,35,8787.54    
"AL",1884,36,85127.91   
"AL",1884,39,7897.3     
"AL",1884,40,325306.1   
"AL",1884,41,91433.1    
"AL",1885,29,5995.65    
"AL",1885,31,96302.28   
"AL",1885,32,109289.75  
"AL",1885,33,15645.42   
"AL",1885,34,76317.09   
"AL",1885,35,16787.24   
"AL",1885,36,155543.53  
"AL",1885,39,14598.47   
"AL",1885,40,323732.78  
"AL",1885,41,98197.54   
"AL",1886,26,6932.16    
"AL",1886,29,17630.98   
"AL",1886,31,127684.2   
"AL",1886,32,112569.75  
"AL",1886,33,15484      
"AL",1886,34,92784.18   
"AL",1886,35,11079.08   
"AL",1886,36,88103.47   
"AL",1886,37,2527.86    
"AL",1886,39,7663.78    
"AL",1886,40,323097     
"AL",1886,41,8010.24    
"AL",1887,29,25527.97   
"AL",1887,31,123496.97  
"AL",1887,32,124898.74  
"AL",1887,33,15377.2    
"AL",1887,34,101257.68  
"AL",1887,35,18069.59   
"AL",1887,36,159760.79  
"AL",1887,39,24377.95   
"AL",1887,40,391499     
"AL",1887,41,6760.88    
"AL",1888,29,29951.3    
"AL",1888,31,465514.76  
"AL",1888,32,127616.25  
"AL",1888,33,16120.25   
"AL",1888,34,80033.25   
"AL",1888,35,22699.65   
"AL",1888,36,133725.03  
"AL",1888,39,25020.47   
"AL",1888,40,392341     
"AL",1888,41,15442.04   
"AL",1889,31,744361.78  
"AL",1889,32,35608.45   
"AL",1889,33,16537.46   
"AL",1889,34,154085.86  
"AL",1889,35,37784.27   
"AL",1889,36,332649.43  
"AL",1889,39,27063.31   
"AL",1889,40,392300     
"AL",1889,41,15606.3    
"AL",1890,31,712590.5   
"AL",1890,32,89318.67   
"AL",1890,33,16192.99   
"AL",1890,34,161731.79  
"AL",1890,35,39176.45   
"AL",1890,36,265102.8   
"AL",1890,39,16960.05   
"AL",1890,40,383598     
"AL",1890,41,956786.55  
"AL",1891,31,709700.47  
"AL",1891,32,45721.25   
"AL",1891,33,21079.98   
"AL",1891,34,199228.34  
"AL",1891,35,38680.13   
"AL",1891,36,337362.78  
"AL",1891,39,16277.39   
"AL",1891,40,376356     
"AL",1891,41,28000      
"AL",1892,29,24.32      
"AL",1892,31,679885.06  
"AL",1892,32,52841.86   
"AL",1892,33,18981.15   
"AL",1892,34,202480.02  
"AL",1892,35,35260.11   
"AL",1892,36,256223.67  
"AL",1892,39,25869.8    
"AL",1892,40,422231     
"AL",1892,41,59386.1    
"AL",1893,31,543043.91  
"AL",1893,32,188386.72  
"AL",1893,33,17247.83   
"AL",1893,34,223613.26  
"AL",1893,35,37261.97   
"AL",1893,36,299397.23  
"AL",1893,39,15742.37   
"AL",1893,40,405052.05  
"AL",1893,41,108736.8   
"AL",1894,31,725023.71  
"AL",1894,32,183180.43  
"AL",1894,33,16957.26   
"AL",1894,34,305944.95  
"AL",1894,35,37442.85   
"AL",1894,36,214217.26  
"AL",1894,39,17093.53   
"AL",1894,40,442087.85  
"AL",1894,41,202325.68  
"AL",1896,31,638891.85  
"AL",1896,32,175401.93  
"AL",1896,33,19190.69   
"AL",1896,34,253243.39  
"AL",1896,35,56141.02   
"AL",1896,36,276530.08  
"AL",1896,39,8883.19    
"AL",1896,40,432130.73  
"AL",1896,41,100000     
"AL",1897,31,691180.63  
"AL",1897,32,191182.61  
"AL",1897,33,19362.08   
"AL",1897,34,274694.29  
"AL",1897,35,56835.97   
"AL",1897,36,351222.19  
"AL",1897,39,13958.2    
"AL",1897,40,493966.68  
"AL",1897,41,100239.58  
"AL",1898,31,790889.82  
"AL",1898,32,80580.36   
"AL",1898,33,18468.28   
"AL",1898,34,319893.32  
"AL",1898,35,77710.35   
"AL",1898,36,296395.87  
"AL",1898,39,13111.85   
"AL",1898,40,506584.52  
"AL",1898,41,100000     
"AL",1899,31,732605.93  
"AL",1899,32,196824.86  
"AL",1899,33,20039.66   
"AL",1899,34,222384.61  
"AL",1899,35,59176.68   
"AL",1899,36,232153.88  
"AL",1899,39,161001.03  
"AL",1899,40,448680     
"AL",1899,41,426.86     
"AL",1900,31,1148024.27 
"AL",1900,33,19061.19   
"AL",1900,34,138977.71  
"AL",1900,35,64871.24   
"AL",1900,36,152123.87  
"AL",1900,38,115988.97  
"AL",1900,39,11766.25   
"AL",1900,40,547607.09  
"AL",1901,31,1556325.33 
"AL",1901,33,21232.09   
"AL",1901,34,32282.41   
"AL",1901,35,70776.2    
"AL",1901,36,309497.4   
"AL",1901,38,251439.21  
"AL",1901,39,77367.4    
"AL",1901,40,571281.37  
"AL",1902,31,1428418.29 
"AL",1902,33,19770.32   
"AL",1902,34,123757.06  
"AL",1902,35,69481.96   
"AL",1902,36,179903.15  
"AL",1902,38,262630.33  
"AL",1902,39,34989.26   
"AL",1902,40,572844.14  
"AL",1903,31,1250179.92 
"AL",1903,32,258627     
"AL",1903,33,20210.59   
"AL",1903,34,313894.16  
"AL",1903,35,83459.61   
"AL",1903,36,250721.37  
"AL",1903,39,308106.45  
"AL",1903,40,449030     
"AL",1903,41,1219.57    
"AL",1904,31,1239346.25 
"AL",1904,32,279342.5   
"AL",1904,33,19476.94   
"AL",1904,34,349849.92  
"AL",1904,35,81834.11   
"AL",1904,36,214311.17  
"AL",1904,39,381998.37  
"AL",1904,40,449030     
"AL",1904,41,499.99     
"AL",1905,31,1241089.59 
"AL",1905,32,291497.5   
"AL",1905,33,19306.77   
"AL",1905,34,400963.66  
"AL",1905,35,73292.35   
"AL",1905,36,262226.38  
"AL",1905,39,408820.01  
"AL",1905,40,448955     
"AL",1905,41,500        
"AL",1906,31,1315263.67 
"AL",1906,32,301130     
"AL",1906,33,20160.34   
"AL",1906,34,497457.97  
"AL",1906,35,94180.7    
"AL",1906,36,222605.29  
"AL",1906,39,481728.98  
"AL",1906,40,446515     
"AL",1906,41,500        
"AL",1907,31,1492273.87 
"AL",1907,32,324054.82  
"AL",1907,33,24302.5    
"AL",1907,34,601754.5   
"AL",1907,35,117020.56  
"AL",1907,36,442855.97  
"AL",1907,39,648782.39  
"AL",1907,40,357625     
"AL",1907,41,160        
"AL",1908,31,2328996.13 
"AL",1908,32,399791.53  
"AL",1908,33,25985.47   
"AL",1908,34,647373.77  
"AL",1908,35,59218.78   
"AL",1908,36,455586.29  
"AL",1908,39,874583.5   
"AL",1908,40,357450     
"AL",1908,41,60         
"AL",1909,31,2520003.62 
"AL",1909,32,432685.6   
"AL",1909,33,25938.56   
"AL",1909,34,667333.9   
"AL",1909,35,57967.55   
"AL",1909,36,410118.17  
"AL",1909,39,906489.48  
"AL",1909,40,357450     
"AL",1909,41,60         
"AL",1910,31,2622768.76 
"AL",1910,32,411871.34  
"AL",1910,33,27273.46   
"AL",1910,34,871393.13  
"AL",1910,35,64503.13   
"AL",1910,36,379534.65  
"AL",1910,39,963266.76  
"AL",1910,40,357469.59  
"AL",1910,41,261.7      
"AL",1911,31,2406159.13 
"AL",1911,32,402824.4   
"AL",1911,33,39574.52   
"AL",1911,34,1497676.79 
"AL",1911,35,72544.91   
"AL",1911,36,53264.62   
"AL",1911,39,35781.44   
"AL",1911,40,384450     
"AL",1912,31,2744271.92 
"AL",1912,32,445356.63  
"AL",1912,33,127250.66  
"AL",1912,34,847114.69  
"AL",1912,35,154229.96  
"AL",1912,36,563421.92  
"AL",1912,39,986460.57  
"AL",1912,40,359221.96  
"AL",1912,41,113196.22  
"AL",1913,31,2847617.6  
"AL",1913,32,468504.23  
"AL",1913,33,230798.79  
"AL",1913,34,911787.67  
"AL",1913,35,137631.93  
"AL",1913,36,553167.23  
"AL",1913,39,982897.32  
"AL",1913,40,359450     
"AL",1913,41,113704.67  
"AL",1914,31,3294678.7  
"AL",1914,32,463008.83  
"AL",1914,33,186792.8   
"AL",1914,34,1032407.44 
"AL",1914,35,134497.08  
"AL",1914,36,515944.11  
"AL",1914,39,1048551.36 
"AL",1914,40,359450     
"AL",1914,41,12376.59   
                        
"AL",1867,310,216026.83 
"AL",1867,311,2666.67   
"AL",1867,313,40000     
"AL",1867,321,21080.02  
"AL",1867,322,11567.88  
"AL",1867,323,13794     
"AL",1867,325,5030      
"AL",1867,336,2300      
"AL",1867,342,435.76    
"AL",1867,343,66196.32  
"AL",1867,360,93827.03  
"AL",1867,362,11628.12  
"AL",1867,363,74024.67  
"AL",1867,364,92.6      
"AL",1867,365,3266.67   
"AL",1867,367,297.5     
"AL",1867,368,27198.48  
"AL",1867,369,37819.09  
"AL",1867,390,19290.79  
"AL",1867,391,561.71    
"AL",1867,398,8160.78   
"AL",1867,400,124769.02 
"AL",1867,413,40000     
"AL",1868,310,251983.93 
"AL",1868,311,2062.35   
"AL",1868,313,30000     
"AL",1868,322,11322.28  
"AL",1868,323,27308     
"AL",1868,325,8680      
"AL",1868,336,700       
"AL",1868,342,76346.89  
"AL",1868,360,101957.73 
"AL",1868,361,6337.46   
"AL",1868,362,13717.9   
"AL",1868,363,76984.89  
"AL",1868,365,2799.99   
"AL",1868,367,150       
"AL",1868,369,35651.4   
"AL",1868,390,167.4     
"AL",1868,391,3         
"AL",1868,398,1780.25   
"AL",1868,400,358785.93 
"AL",1868,413,454600    
"AL",1869,310,377037.48 
"AL",1869,311,204       
"AL",1869,313,8446.85   
"AL",1869,322,13198.57  
"AL",1869,323,28012     
"AL",1869,325,240       
"AL",1869,343,76367.48  
"AL",1869,351,2105      
"AL",1869,360,18235.13  
"AL",1869,361,88068     
"AL",1869,362,28102.82  
"AL",1869,363,71993.34  
"AL",1869,364,15954.33  
"AL",1869,365,8025.65   
"AL",1869,366,226.95    
"AL",1869,367,4702.08   
"AL",1869,369,30431.15  
"AL",1869,370,9213.24   
"AL",1869,390,6621.92   
"AL",1869,398,39723.44  
"AL",1869,400,357817.77 
"AL",1869,413,228729.95 
"AL",1870,310,17905.89  
"AL",1870,311,3300      
"AL",1870,315,632388.94 
"AL",1870,322,17771.91  
"AL",1870,323,23408.89  
"AL",1870,325,70        
"AL",1870,342,22220.15  
"AL",1870,343,57351.3   
"AL",1870,360,23067.32  
"AL",1870,361,105703.8  
"AL",1870,362,18306.29  
"AL",1870,363,70384.83  
"AL",1870,365,2225      
"AL",1870,367,27308.88  
"AL",1870,368,1228      
"AL",1870,369,50535.88  
"AL",1870,390,16489.93  
"AL",1870,391,1123.96   
"AL",1870,400,275647.88 
"AL",1871,310,53254.4   
"AL",1871,315,681988.22 
"AL",1871,322,95346.98  
"AL",1871,340,115.25    
"AL",1871,343,110010.75 
"AL",1871,360,16297.46  
"AL",1871,361,95442.3   
"AL",1871,362,25360.09  
"AL",1871,363,72659.85  
"AL",1871,365,2398.21   
"AL",1871,367,14741.32  
"AL",1871,369,32422.39  
"AL",1871,390,16070.64  
"AL",1871,391,9767.07   
"AL",1871,400,365118.96 
"AL",1871,410,49123.1   
"AL",1872,310,56432.5   
"AL",1872,315,412141.19 
"AL",1872,322,74255.69  
"AL",1872,325,1840      
"AL",1872,343,100197.23 
"AL",1872,360,12102.33  
"AL",1872,361,98682.95  
"AL",1872,362,24779.92  
"AL",1872,363,62509.89  
"AL",1872,365,3125      
"AL",1872,367,9923.66   
"AL",1872,369,24440.76  
"AL",1872,370,5160.13   
"AL",1872,390,18306.77  
"AL",1872,391,3471.28   
"AL",1872,400,269062.84 
"AL",1873,315,335172.7  
"AL",1873,322,83436.87  
"AL",1873,325,5770      
"AL",1873,336,500       
"AL",1873,337,148233.37 
"AL",1873,343,112307    
"AL",1873,360,12471.14  
"AL",1873,361,175661.5  
"AL",1873,362,28886.16  
"AL",1873,363,70583.25  
"AL",1873,364,1488      
"AL",1873,365,2625      
"AL",1873,367,13378.11  
"AL",1873,369,34589.21  
"AL",1873,390,16494.9   
"AL",1873,391,449.52    
"AL",1873,400,667776.46 
"AL",1873,413,525988.87 
"AL",1874,310,44061.68  
"AL",1874,315,103916.99 
"AL",1874,322,87944.8   
"AL",1874,325,1900      
"AL",1874,336,3500      
"AL",1874,337,18794.19  
"AL",1874,343,119364.02 
"AL",1874,360,22625.19  
"AL",1874,361,46722.3   
"AL",1874,362,29815.4   
"AL",1874,363,77326.74  
"AL",1874,365,3372      
"AL",1874,367,19157.66  
"AL",1874,369,41524.76  
"AL",1874,390,15186.2   
"AL",1874,391,123.65    
"AL",1874,400,517234.66 
"AL",1874,410,3880.83   
"AL",1874,413,20772.91  
"AL",1875,315,117675.7  
"AL",1875,322,84603.75  
"AL",1875,325,1760      
"AL",1875,336,500       
"AL",1875,337,86.06     
"AL",1875,343,132921.16 
"AL",1875,350,97        
"AL",1875,360,16393.39  
"AL",1875,361,107230.9  
"AL",1875,362,25044.6   
"AL",1875,363,65764.19  
"AL",1875,364,516.25    
"AL",1875,365,2517.67   
"AL",1875,367,13029.98  
"AL",1875,369,27180.44  
"AL",1875,390,10292.37  
"AL",1875,391,777.03    
"AL",1875,400,100348.82 
"AL",1875,410,354609.62 
"AL",1876,310,5070      
"AL",1876,315,231841.89 
"AL",1876,322,86129.55  
"AL",1876,325,7455      
"AL",1876,336,500       
"AL",1876,337,45090     
"AL",1876,340,10846.95  
"AL",1876,343,131401.72 
"AL",1876,350,60        
"AL",1876,360,5894.59   
"AL",1876,361,78183.2   
"AL",1876,362,26794.62  
"AL",1876,363,106549.64 
"AL",1876,365,3375      
"AL",1876,367,11603.61  
"AL",1876,369,30575.63  
"AL",1876,390,5751.56   
"AL",1876,391,5909.09   
"AL",1876,400,77008.48  
"AL",1876,410,10033.02  
"AL",1877,291,1066.38   
"AL",1877,310,61998.31  
"AL",1877,322,86744     
"AL",1877,325,6495      
"AL",1877,336,700       
"AL",1877,343,110199.89 
"AL",1877,360,2537.51   
"AL",1877,361,46474     
"AL",1877,362,14760.72  
"AL",1877,363,86384.05  
"AL",1877,364,517.2     
"AL",1877,365,3130.51   
"AL",1877,367,11033.42  
"AL",1877,369,16455.7   
"AL",1877,370,637.84    
"AL",1877,390,3509.3    
"AL",1877,391,12150.25  
"AL",1877,400,218043.39 
"AL",1878,310,45677.45  
"AL",1878,322,22500     
"AL",1878,323,64428     
"AL",1878,325,75        
"AL",1878,336,500       
"AL",1878,343,99444.56  
"AL",1878,351,6000      
"AL",1878,360,2387.89   
"AL",1878,362,15425     
"AL",1878,363,70947.99  
"AL",1878,365,3000      
"AL",1878,367,9202.14   
"AL",1878,369,24090.51  
"AL",1878,390,188.05    
"AL",1878,391,2801.22   
"AL",1878,400,280302.59 
"AL",1878,410,41.5      
"AL",1879,310,22719.32  
"AL",1879,322,15525     
"AL",1879,323,68659.5   
"AL",1879,325,9423.36   
"AL",1879,336,878.75    
"AL",1879,343,78536.35  
"AL",1879,360,2506.67   
"AL",1879,361,44519.8   
"AL",1879,362,13012.48  
"AL",1879,363,74981.04  
"AL",1879,365,3284.31   
"AL",1879,367,9384.16   
"AL",1879,369,12641.65  
"AL",1879,370,1050.61   
"AL",1879,390,7498.42   
"AL",1879,391,6331.65   
"AL",1879,398,3246.6    
"AL",1879,400,293299    
"AL",1879,410,12565     
"AL",1880,310,27379.27  
"AL",1880,322,14070     
"AL",1880,323,83856.5   
"AL",1880,325,2016.24   
"AL",1880,330,73.26     
"AL",1880,336,500       
"AL",1880,343,52920.97  
"AL",1880,360,3203.44   
"AL",1880,362,10500     
"AL",1880,363,67337.13  
"AL",1880,365,4786.59   
"AL",1880,367,6819.87   
"AL",1880,369,8505.76   
"AL",1880,370,1634.04   
"AL",1880,390,38.45     
"AL",1880,391,4738.86   
"AL",1880,398,3510.45   
"AL",1880,400,296981.83 
"AL",1880,410,925       
"AL",1881,310,4285.26   
"AL",1881,313,44280     
"AL",1881,315,18612.61  
"AL",1881,316,1725      
"AL",1881,322,17505     
"AL",1881,323,69251     
"AL",1881,330,500       
"AL",1881,336,700       
"AL",1881,337,6391.62   
"AL",1881,343,53300.61  
"AL",1881,345,1591.59   
"AL",1881,351,117.31    
"AL",1881,360,2010.15   
"AL",1881,361,45551.7   
"AL",1881,362,12333.32  
"AL",1881,363,42020.44  
"AL",1881,364,592.8     
"AL",1881,365,3000      
"AL",1881,367,25089.67  
"AL",1881,369,10419.58  
"AL",1881,370,2124.04   
"AL",1881,390,4293.29   
"AL",1881,391,3926.45   
"AL",1881,398,7302.54   
"AL",1881,400,250100    
"AL",1882,225,14976.78  
"AL",1882,310,24666.6   
"AL",1882,313,24000     
"AL",1882,315,31032.4   
"AL",1882,316,300       
"AL",1882,322,17775     
"AL",1882,323,71753.5   
"AL",1882,330,838.4     
"AL",1882,336,500       
"AL",1882,337,11000     
"AL",1882,342,5589.58   
"AL",1882,343,53974.83  
"AL",1882,345,3152.72   
"AL",1882,348,250       
"AL",1882,360,886.47    
"AL",1882,362,10500     
"AL",1882,363,42898.25  
"AL",1882,365,3000      
"AL",1882,367,40078.07  
"AL",1882,369,4197.97   
"AL",1882,390,290       
"AL",1882,391,2016.68   
"AL",1882,398,8419.43   
"AL",1882,400,317519.5  
"AL",1883,310,2131.13   
"AL",1883,311,2250      
"AL",1883,313,56780     
"AL",1883,315,32189.03  
"AL",1883,316,1800      
"AL",1883,322,17700     
"AL",1883,330,1382.45   
"AL",1883,336,4600      
"AL",1883,337,10999.92  
"AL",1883,343,72196.66  
"AL",1883,345,6695.74   
"AL",1883,360,4996.01   
"AL",1883,361,118924.45 
"AL",1883,362,11343.33  
"AL",1883,363,43204.15  
"AL",1883,365,4876.46   
"AL",1883,367,40560.23  
"AL",1883,369,18398.55  
"AL",1883,387,150       
"AL",1883,390,16228.01  
"AL",1883,391,1235.01   
"AL",1883,398,71837.7   
"AL",1883,400,322405.75 
"AL",1884,310,4908.16   
"AL",1884,311,2250      
"AL",1884,313,121780    
"AL",1884,315,54172.78  
"AL",1884,322,17990     
"AL",1884,323,102368    
"AL",1884,325,14996.6   
"AL",1884,336,4000      
"AL",1884,337,11747.92  
"AL",1884,343,63159.97  
"AL",1884,345,9058.72   
"AL",1884,348,710       
"AL",1884,351,8787.54   
"AL",1884,360,4970.44   
"AL",1884,362,11500     
"AL",1884,363,44218     
"AL",1884,365,9024.6    
"AL",1884,367,5308.56   
"AL",1884,369,10106.31  
"AL",1884,390,2133.1    
"AL",1884,391,2471.3    
"AL",1884,398,3292.9    
"AL",1884,400,325306.1  
"AL",1884,410,57333.1   
"AL",1884,415,34100     
"AL",1885,296,5995.65   
"AL",1885,310,4249.82   
"AL",1885,313,44280     
"AL",1885,315,47772.46  
"AL",1885,322,19450     
"AL",1885,323,89839.75  
"AL",1885,330,645.5     
"AL",1885,336,4000      
"AL",1885,337,10999.92  
"AL",1885,343,65921.25  
"AL",1885,345,10395.84  
"AL",1885,351,16787.24  
"AL",1885,360,1204.26   
"AL",1885,361,46568.3   
"AL",1885,362,11500     
"AL",1885,363,44312.88  
"AL",1885,364,532       
"AL",1885,365,8540.13   
"AL",1885,367,20385.96  
"AL",1885,369,22500     
"AL",1885,390,9136.03   
"AL",1885,391,2505.54   
"AL",1885,398,2956.9    
"AL",1885,400,323732.78 
"AL",1885,410,98197.54  
"AL",1886,269,6932.16   
"AL",1886,296,17630.98  
"AL",1886,310,60688.69  
"AL",1886,313,20280     
"AL",1886,315,44915.51  
"AL",1886,316,1800      
"AL",1886,322,20923     
"AL",1886,323,91646.75  
"AL",1886,336,4000      
"AL",1886,337,11484     
"AL",1886,343,58498.53  
"AL",1886,345,34285.65  
"AL",1886,351,11079.08  
"AL",1886,360,3396.77   
"AL",1886,362,9700      
"AL",1886,363,40202.5   
"AL",1886,365,7679.96   
"AL",1886,367,22124.24  
"AL",1886,369,5000      
"AL",1886,370,2527.86   
"AL",1886,390,602.4     
"AL",1886,391,2824.24   
"AL",1886,398,4237.14   
"AL",1886,400,323097    
"AL",1886,410,8010.24   
"AL",1887,296,25527.97  
"AL",1887,310,10346.85  
"AL",1887,313,68292.29  
"AL",1887,315,44857.83  
"AL",1887,322,21558.74  
"AL",1887,323,103340    
"AL",1887,336,4000      
"AL",1887,337,11377.2   
"AL",1887,343,89673.97  
"AL",1887,345,11583.71  
"AL",1887,351,18069.59  
"AL",1887,360,2924.17   
"AL",1887,361,48355.72  
"AL",1887,362,11485.85  
"AL",1887,363,45790     
"AL",1887,364,2748.15   
"AL",1887,365,10230.09  
"AL",1887,367,16757.37  
"AL",1887,369,21469.44  
"AL",1887,390,8480.26   
"AL",1887,391,5722.05   
"AL",1887,398,10175.64  
"AL",1887,400,391499    
"AL",1887,410,6760.88   
"AL",1888,296,29951.3   
"AL",1888,310,54220.58  
"AL",1888,313,44280     
"AL",1888,315,365214.18 
"AL",1888,316,1800      
"AL",1888,322,15243.12  
"AL",1888,323,82387.25  
"AL",1888,325,29985.88  
"AL",1888,336,4000      
"AL",1888,337,12120.25  
"AL",1888,343,65894.95  
"AL",1888,345,14138.3   
"AL",1888,351,22699.65  
"AL",1888,360,2828.15   
"AL",1888,362,12849.96  
"AL",1888,363,47733.83  
"AL",1888,365,9824.72   
"AL",1888,367,23915.87  
"AL",1888,369,36572.5   
"AL",1888,390,2461.34   
"AL",1888,391,4522.03   
"AL",1888,398,18037.1   
"AL",1888,400,392341    
"AL",1888,410,15442.04  
"AL",1889,310,4200.85   
"AL",1889,311,2250      
"AL",1889,313,99509.49  
"AL",1889,315,638401.44 
"AL",1889,322,35608.45  
"AL",1889,336,4000      
"AL",1889,337,12537.46  
"AL",1889,343,128989.01 
"AL",1889,345,25096.85  
"AL",1889,351,37784.27  
"AL",1889,360,3867.36   
"AL",1889,361,49489     
"AL",1889,362,13824.78  
"AL",1889,363,91319.38  
"AL",1889,365,9392.76   
"AL",1889,367,146111.85 
"AL",1889,369,18644.3   
"AL",1889,390,9550.04   
"AL",1889,391,14959.6   
"AL",1889,398,2553.67   
"AL",1889,400,392300    
"AL",1889,410,10000     
"AL",1889,416,5606.3    
"AL",1890,310,4498.95   
"AL",1890,311,2250      
"AL",1890,313,78859.93  
"AL",1890,315,626981.62 
"AL",1890,322,39357.07  
"AL",1890,325,49961.6   
"AL",1890,336,4000      
"AL",1890,337,12192.99  
"AL",1890,343,140855.35 
"AL",1890,345,20876.44  
"AL",1890,351,39176.45  
"AL",1890,360,5094.2    
"AL",1890,362,9600      
"AL",1890,363,86399.14  
"AL",1890,365,15786.89  
"AL",1890,367,139570.43 
"AL",1890,369,8652.14   
"AL",1890,390,7343.74   
"AL",1890,391,8145.88   
"AL",1890,398,1470.43   
"AL",1890,400,383598    
"AL",1890,410,956786.55 
"AL",1891,310,3997.75   
"AL",1891,311,2250      
"AL",1891,313,80047.45  
"AL",1891,315,623405.27 
"AL",1891,322,45721.25  
"AL",1891,336,8660      
"AL",1891,337,12419.98  
"AL",1891,343,175744.02 
"AL",1891,345,23484.32  
"AL",1891,350,1020      
"AL",1891,351,37660.13  
"AL",1891,360,4181.02   
"AL",1891,361,50122.1   
"AL",1891,362,9893.05   
"AL",1891,363,87455.38  
"AL",1891,365,14854.49  
"AL",1891,367,144623.7  
"AL",1891,369,26233.04  
"AL",1891,390,8405.55   
"AL",1891,391,5250.03   
"AL",1891,398,2621.81   
"AL",1891,400,376356    
"AL",1891,410,28000     
"AL",1892,298,24.32     
"AL",1892,310,3000      
"AL",1892,311,2250      
"AL",1892,313,46193.4   
"AL",1892,315,628441.66 
"AL",1892,322,52841.86  
"AL",1892,336,6900      
"AL",1892,337,12081.15  
"AL",1892,343,180402.49 
"AL",1892,345,22077.53  
"AL",1892,350,2040      
"AL",1892,351,32172.9   
"AL",1892,357,1047.21   
"AL",1892,360,2189.3    
"AL",1892,362,10763.83  
"AL",1892,363,91230.29  
"AL",1892,365,9011.8    
"AL",1892,367,131987.13 
"AL",1892,369,11041.32  
"AL",1892,390,11211.06  
"AL",1892,391,7240.65   
"AL",1892,398,7418.09   
"AL",1892,400,422231    
"AL",1892,410,59386.1   
"AL",1893,310,4410.02   
"AL",1893,311,2062.5    
"AL",1893,313,27096.86  
"AL",1893,315,509474.53 
"AL",1893,322,55853.06  
"AL",1893,325,132533.66 
"AL",1893,336,6900      
"AL",1893,337,10347.83  
"AL",1893,343,203838.96 
"AL",1893,345,19774.3   
"AL",1893,350,2370      
"AL",1893,351,34891.97  
"AL",1893,360,6738.47   
"AL",1893,361,52044     
"AL",1893,362,9754.28   
"AL",1893,363,81757.69  
"AL",1893,364,711.2     
"AL",1893,365,13921.59  
"AL",1893,367,117563.1  
"AL",1893,369,16906.9   
"AL",1893,390,4158.13   
"AL",1893,391,7180.78   
"AL",1893,398,4403.46   
"AL",1893,400,405052.05 
"AL",1893,410,8736.8    
"AL",1893,413,100000    
"AL",1894,310,4085.42   
"AL",1894,311,2250      
"AL",1894,313,29084.83  
"AL",1894,315,689603.46 
"AL",1894,322,57853.48  
"AL",1894,325,125326.95 
"AL",1894,336,6375      
"AL",1894,337,10582.26  
"AL",1894,343,252095.7  
"AL",1894,345,53849.25  
"AL",1894,350,2505      
"AL",1894,351,34937.85  
"AL",1894,360,11928.63  
"AL",1894,362,9016.1    
"AL",1894,363,84090.42  
"AL",1894,365,11448.29  
"AL",1894,367,87769.12  
"AL",1894,369,9964.7    
"AL",1894,390,211.8     
"AL",1894,391,12422.49  
"AL",1894,398,4459.24   
"AL",1894,400,442087.85 
"AL",1894,410,2325.68   
"AL",1894,413,200000    
"AL",1896,310,4691.34   
"AL",1896,311,2250      
"AL",1896,313,25515.82  
"AL",1896,315,606434.69 
"AL",1896,322,57631     
"AL",1896,325,117770.93 
"AL",1896,336,6900      
"AL",1896,337,12290.69  
"AL",1896,343,229217.81 
"AL",1896,345,24025.58  
"AL",1896,350,861.59    
"AL",1896,351,55279.43  
"AL",1896,360,6000      
"AL",1896,362,8220      
"AL",1896,363,106460.44 
"AL",1896,365,13340     
"AL",1896,367,131251.79 
"AL",1896,369,11257.85  
"AL",1896,390,240       
"AL",1896,391,6587.41   
"AL",1896,398,2055.78   
"AL",1896,400,432130.73 
"AL",1896,413,100000    
"AL",1897,310,26620.77  
"AL",1897,311,2062.5    
"AL",1897,313,23238.25  
"AL",1897,315,639259.11 
"AL",1897,322,74650.19  
"AL",1897,325,116532.42 
"AL",1897,336,6900      
"AL",1897,337,12462.08  
"AL",1897,343,252550.35 
"AL",1897,345,22143.94  
"AL",1897,350,713.4     
"AL",1897,351,56122.57  
"AL",1897,360,14256     
"AL",1897,361,47716.26  
"AL",1897,362,8928.46   
"AL",1897,363,107662.76 
"AL",1897,364,606.8     
"AL",1897,365,15281.51  
"AL",1897,367,129994.25 
"AL",1897,368,790.2     
"AL",1897,369,25985.95  
"AL",1897,390,2447.76   
"AL",1897,391,8893.04   
"AL",1897,398,2617.4    
"AL",1897,400,493966.68 
"AL",1897,410,239.58    
"AL",1897,413,100000    
"AL",1898,310,786400    
"AL",1898,311,2437.5    
"AL",1898,313,2052.32   
"AL",1898,322,80580.36  
"AL",1898,336,6250      
"AL",1898,337,12218.28  
"AL",1898,343,195636.5  
"AL",1898,345,124256.82 
"AL",1898,351,77710.35  
"AL",1898,360,4517.56   
"AL",1898,362,11595.8   
"AL",1898,363,101678.1  
"AL",1898,365,14782.71  
"AL",1898,367,135298.26 
"AL",1898,368,2356.56   
"AL",1898,369,26166.88  
"AL",1898,390,1710.47   
"AL",1898,391,8948.22   
"AL",1898,398,2453.16   
"AL",1898,400,506584.52 
"AL",1898,413,100000    
"AL",1899,310,598859.57 
"AL",1899,311,52000     
"AL",1899,313,81746.36  
"AL",1899,322,196824.86 
"AL",1899,336,7500      
"AL",1899,337,12539.66  
"AL",1899,343,216647.99 
"AL",1899,345,5736.62   
"AL",1899,351,45776.68  
"AL",1899,356,13400     
"AL",1899,361,68933.6   
"AL",1899,362,32559.95  
"AL",1899,363,102735.63 
"AL",1899,365,5533.53   
"AL",1899,367,5758.21   
"AL",1899,368,2317.43   
"AL",1899,369,14315.53  
"AL",1899,390,15501.15  
"AL",1899,391,12863.82  
"AL",1899,398,132636.06 
"AL",1899,400,448680    
"AL",1899,410,426.86    
"AL",1900,310,1148024.27
"AL",1900,336,7500      
"AL",1900,337,11561.19  
"AL",1900,343,114743.28 
"AL",1900,345,24234.43  
"AL",1900,351,51621.24  
"AL",1900,356,13250     
"AL",1900,362,43467.71  
"AL",1900,363,106246.58 
"AL",1900,368,2409.58   
"AL",1900,381,115988.97 
"AL",1900,391,9391.19   
"AL",1900,398,2375.06   
"AL",1900,400,547607.09 
"AL",1901,310,1556325.33
"AL",1901,336,7450      
"AL",1901,337,13782.09  
"AL",1901,343,7261.01   
"AL",1901,345,25021.4   
"AL",1901,351,56553.67  
"AL",1901,356,14222.53  
"AL",1901,360,90645.98  
"AL",1901,361,63948.33  
"AL",1901,362,47050.88  
"AL",1901,363,103039.39 
"AL",1901,368,3062.82   
"AL",1901,369,1750      
"AL",1901,381,251439.21 
"AL",1901,391,55647.52  
"AL",1901,398,21719.88  
"AL",1901,400,571281.37 
"AL",1902,310,1428418.29
"AL",1902,336,7891.5    
"AL",1902,337,11878.82  
"AL",1902,343,95516.97  
"AL",1902,345,28240.09  
"AL",1902,351,55082.04  
"AL",1902,356,14399.92  
"AL",1902,362,46469.92  
"AL",1902,363,104512.84 
"AL",1902,368,3058.39   
"AL",1902,369,25862     
"AL",1902,381,262630.33 
"AL",1902,391,11919.12  
"AL",1902,398,23070.14  
"AL",1902,400,572844.14 
"AL",1903,310,1055030   
"AL",1903,311,132149.92 
"AL",1903,313,63000     
"AL",1903,322,258627    
"AL",1903,336,7934.75   
"AL",1903,337,12275.84  
"AL",1903,343,284988.67 
"AL",1903,345,28905.49  
"AL",1903,351,79059.61  
"AL",1903,356,4400      
"AL",1903,362,12686.37  
"AL",1903,363,175479.87 
"AL",1903,364,6458.03   
"AL",1903,365,22521.57  
"AL",1903,367,7062.12   
"AL",1903,368,2722.39   
"AL",1903,369,23791.02  
"AL",1903,390,9473.1    
"AL",1903,391,10971.13  
"AL",1903,398,287662.22 
"AL",1903,400,449030    
"AL",1903,410,1219.57   
"AL",1904,310,1084463.98
"AL",1904,311,94107.27  
"AL",1904,313,60775     
"AL",1904,322,279342.5  
"AL",1904,336,7660      
"AL",1904,337,11816.94  
"AL",1904,343,321042.31 
"AL",1904,345,28807.61  
"AL",1904,351,77434.11  
"AL",1904,356,4400      
"AL",1904,362,16211.6   
"AL",1904,363,125872.98 
"AL",1904,364,16375.57  
"AL",1904,365,25325.95  
"AL",1904,367,6765.17   
"AL",1904,368,3085.81   
"AL",1904,369,20674.09  
"AL",1904,390,20689.65  
"AL",1904,391,11444.28  
"AL",1904,398,349864.44 
"AL",1904,400,449030    
"AL",1904,410,499.99    
"AL",1905,310,1082158.34
"AL",1905,311,94150     
"AL",1905,313,64781.25  
"AL",1905,322,291497.5  
"AL",1905,336,7806.77   
"AL",1905,337,11500     
"AL",1905,343,368037.2  
"AL",1905,344,2702.5    
"AL",1905,345,30223.96  
"AL",1905,351,68892.35  
"AL",1905,356,4400      
"AL",1905,362,16065.82  
"AL",1905,363,119651.46 
"AL",1905,364,14949.14  
"AL",1905,365,23043.51  
"AL",1905,367,72324.19  
"AL",1905,368,3050.2    
"AL",1905,369,13142.06  
"AL",1905,390,25521.32  
"AL",1905,391,10953.28  
"AL",1905,398,372345.41 
"AL",1905,400,448955    
"AL",1905,410,500       
"AL",1906,310,1183869.92
"AL",1906,311,94100     
"AL",1906,313,37293.75  
"AL",1906,322,301130    
"AL",1906,336,7587      
"AL",1906,337,12573.34  
"AL",1906,343,470415.18 
"AL",1906,345,27042.79  
"AL",1906,351,79780.7   
"AL",1906,356,14400     
"AL",1906,362,13864.7   
"AL",1906,363,117415.74 
"AL",1906,364,19014.25  
"AL",1906,365,26084.89  
"AL",1906,367,28137.28  
"AL",1906,368,3132.05   
"AL",1906,369,14956.38  
"AL",1906,390,2928.47   
"AL",1906,391,7839.6    
"AL",1906,398,470960.91 
"AL",1906,400,446515    
"AL",1906,410,500       
"AL",1907,310,1237770.85
"AL",1907,311,138774.8  
"AL",1907,313,115728.22 
"AL",1907,322,312450.82 
"AL",1907,325,11604     
"AL",1907,336,9479.34   
"AL",1907,337,14823.16  
"AL",1907,343,561998.61 
"AL",1907,344,2602.65   
"AL",1907,345,37153.24  
"AL",1907,351,95885.12  
"AL",1907,356,21135.44  
"AL",1907,362,15344     
"AL",1907,363,172556.41 
"AL",1907,364,12939.98  
"AL",1907,365,30914.6   
"AL",1907,367,74113.61  
"AL",1907,368,3645.61   
"AL",1907,369,133341.76 
"AL",1907,390,64657.17  
"AL",1907,391,92544.71  
"AL",1907,398,491580.51 
"AL",1907,400,357625    
"AL",1907,410,160       
"AL",1908,310,1774242.37
"AL",1908,311,337491.98 
"AL",1908,313,211271.78 
"AL",1908,314,5990      
"AL",1908,322,385446.5  
"AL",1908,325,14345.03  
"AL",1908,336,8000      
"AL",1908,337,17985.47  
"AL",1908,343,553417.12 
"AL",1908,344,2808.74   
"AL",1908,345,91147.91  
"AL",1908,351,43018.78  
"AL",1908,356,16200     
"AL",1908,362,16178.32  
"AL",1908,363,224712.08 
"AL",1908,364,18040.32  
"AL",1908,365,42188.57  
"AL",1908,367,50755.65  
"AL",1908,368,5992.86   
"AL",1908,369,97718.49  
"AL",1908,390,21411.18  
"AL",1908,391,47544.35  
"AL",1908,398,805627.97 
"AL",1908,400,357450    
"AL",1908,410,60        
"AL",1909,310,1993635.51
"AL",1909,311,181239.31 
"AL",1909,313,293118.8  
"AL",1909,314,52010     
"AL",1909,322,416250    
"AL",1909,325,16435.6   
"AL",1909,336,8700      
"AL",1909,337,17238.56  
"AL",1909,343,619253.68 
"AL",1909,344,2586.71   
"AL",1909,345,45493.51  
"AL",1909,351,41767.55  
"AL",1909,356,16200     
"AL",1909,362,16227.53  
"AL",1909,363,226173.92 
"AL",1909,364,14754.54  
"AL",1909,365,41366.65  
"AL",1909,367,14481.7   
"AL",1909,368,4454.51   
"AL",1909,369,92659.32  
"AL",1909,390,9334.51   
"AL",1909,391,39928.49  
"AL",1909,398,857226.48 
"AL",1909,400,357450    
"AL",1909,410,60        
"AL",1910,310,2185674.33
"AL",1910,311,152084.73 
"AL",1910,313,222509.7  
"AL",1910,314,62500     
"AL",1910,322,395810.2  
"AL",1910,325,16061.14  
"AL",1910,336,8700      
"AL",1910,337,18573.46  
"AL",1910,343,825072.78 
"AL",1910,344,7410.53   
"AL",1910,345,38909.82  
"AL",1910,351,48303.13  
"AL",1910,356,16200     
"AL",1910,362,16754     
"AL",1910,363,226787.86 
"AL",1910,364,22328.27  
"AL",1910,365,42276.23  
"AL",1910,367,13617.6   
"AL",1910,368,11200.36  
"AL",1910,369,46570.33  
"AL",1910,390,18033.14  
"AL",1910,391,60870.18  
"AL",1910,398,884363.44 
"AL",1910,400,357469.59 
"AL",1910,410,261.7     
"AL",1911,310,125048.59 
"AL",1911,311,2173110.54
"AL",1911,313,30000     
"AL",1911,314,78000     
"AL",1911,322,402824.4  
"AL",1911,336,17150.56  
"AL",1911,337,22423.96  
"AL",1911,343,608928.41 
"AL",1911,345,888748.38 
"AL",1911,351,51928.53  
"AL",1911,356,20616.38  
"AL",1911,362,7690      
"AL",1911,365,15869.32  
"AL",1911,367,3000      
"AL",1911,369,26705.3   
"AL",1911,390,23923.38  
"AL",1911,391,5798.6    
"AL",1911,398,6059.46   
"AL",1911,400,384450    
"AL",1912,310,2242966.34
"AL",1912,311,222918.13 
"AL",1912,313,143637.5  
"AL",1912,314,134749.95 
"AL",1912,322,426839.45 
"AL",1912,325,18517.18  
"AL",1912,330,8777.09   
"AL",1912,331,59121.93  
"AL",1912,336,9100      
"AL",1912,337,50251.64  
"AL",1912,343,805735.32 
"AL",1912,345,41379.37  
"AL",1912,350,978.37    
"AL",1912,351,117409.98 
"AL",1912,356,35841.61  
"AL",1912,362,38232.18  
"AL",1912,363,263897.02 
"AL",1912,364,18940.77  
"AL",1912,365,69214.92  
"AL",1912,367,79647.94  
"AL",1912,368,10010.09  
"AL",1912,369,83479     
"AL",1912,390,7894      
"AL",1912,391,12984.53  
"AL",1912,398,965582.04 
"AL",1912,400,359221.96 
"AL",1912,410,637.5     
"AL",1912,413,100000    
"AL",1912,414,12558.72  
"AL",1913,310,2398206.06
"AL",1913,311,160775    
"AL",1913,313,136000    
"AL",1913,314,152000    
"AL",1913,319,636.54    
"AL",1913,320,13407.5   
"AL",1913,322,436750.25 
"AL",1913,325,18346.48  
"AL",1913,330,7599.22   
"AL",1913,331,182583.98 
"AL",1913,336,10830.7   
"AL",1913,337,29784.89  
"AL",1913,343,878039.07 
"AL",1913,345,33748.6   
"AL",1913,350,1920.87   
"AL",1913,351,104110.92 
"AL",1913,356,31600.14  
"AL",1913,362,47013.48  
"AL",1913,363,266342.55 
"AL",1913,364,13928.02  
"AL",1913,365,69012.27  
"AL",1913,367,55353.3   
"AL",1913,368,12237.26  
"AL",1913,369,89280.35  
"AL",1913,390,7500      
"AL",1913,391,16836.84  
"AL",1913,398,958560.48 
"AL",1913,400,359450    
"AL",1913,410,1522.5    
"AL",1913,413,100000    
"AL",1913,414,12182.17  
"AL",1914,310,2695391.2 
"AL",1914,311,214037.5  
"AL",1914,313,231000    
"AL",1914,314,154250    
"AL",1914,322,443686.25 
"AL",1914,325,19322.58  
"AL",1914,330,21297.37  
"AL",1914,331,134559.08 
"AL",1914,336,12374.13  
"AL",1914,337,18562.22  
"AL",1914,343,992415.41 
"AL",1914,345,39992.03  
"AL",1914,351,104373.08 
"AL",1914,356,30124     
"AL",1914,362,30731.74  
"AL",1914,363,265747.28 
"AL",1914,364,21917.26  
"AL",1914,365,80104.44  
"AL",1914,367,22705.69  
"AL",1914,368,14429.51  
"AL",1914,369,80308.19  
"AL",1914,390,8500      
"AL",1914,391,30541.53  
"AL",1914,398,1009509.83
"AL",1914,400,359450    
"AL",1914,410,637.5     
"AL",1914,414,11739.09  
