"IN",1825,3,41170     
"IN",1826,3,32064     
"IN",1827,3,33120     
"IN",1828,3,51126     
"IN",1829,3,42246     
"IN",1830,3,41408     
"IN",1831,3,105111    
"IN",1832,3,147551    
"IN",1833,3,136775    
"IN",1834,3,121367    
"IN",1835,3,103901    
"IN",1836,3,126265    
"IN",1837,3,98197     
"IN",1838,3,93900     
"IN",1839,3,172899    
"IN",1840,3,176885    
"IN",1844,3,1472495   
"IN",1845,3,744983    
"IN",1846,3,1044277   
"IN",1848,3,979192    
"IN",1849,3,1137400   
"IN",1850,3,1513534   
"IN",1851,3,1150986   
"IN",1852,3,1061623   
"IN",1853,3,1509303   
"IN",1854,3,1645578   
"IN",1855,3,1700058   
"IN",1856,3,1338979   
"IN",1857,3,1748755   
"IN",1858,3,1363762   
"IN",1859,3,1218187   
"IN",1860,3,1621106   
"IN",1861,3,3442597   
"IN",1862,3,2974975   
"IN",1863,3,2503246   
"IN",1864,3,1752526   
"IN",1865,3,3901825   
"IN",1866,3,3661560   
"IN",1867,3,4446504   
"IN",1868,3,3842603   
"IN",1869,3,4473120   
"IN",1870,3,3532399   
"IN",1871,3,2943415   
"IN",1872,3,2686600   
"IN",1873,3,4115417   
"IN",1874,3,2827962   
"IN",1875,3,1997240   
"IN",1876,3,2024869   
"IN",1877,3,1859495   
"IN",1878,3,3004167   
"IN",1879,3,3127826   
"IN",1880,3,3150100   
"IN",1881,3,3427088   
"IN",1883,3,3398078   
"IN",1884,3,3521838   
"IN",1885,3,4505556   
"IN",1886,3,4179108   
"IN",1887,3,3902287   
"IN",1888,3,3621307   
"IN",1889,3,8405041   
"IN",1890,3,4471944   
"IN",1891,3,4881824   
"IN",1892,3,5653583   
"IN",1894,3,6458454   
"IN",1895,3,8342004   
"IN",1896,3,6363115   
"IN",1899,3,6980053   
"IN",1900,3,5141352   
"IN",1901,3,5118459   
"IN",1902,3,6347803   
"IN",1903,3,5913877   
"IN",1904,3,6259748   
"IN",1905,3,6658985   
"IN",1906,3,8067002   
"IN",1907,3,7934910   
"IN",1909,3,9266991   
"IN",1910,3,8435885   
"IN",1911,3,8262500   
"IN",1912,3,8228416   
"IN",1913,3,9128713   
"IN",1914,3,11124789  
                      
"IN",1825,34,527      
"IN",1825,36,20151    
"IN",1825,39,1665     
"IN",1825,40,286      
"IN",1825,41,18541    
"IN",1826,34,1180     
"IN",1826,36,23358    
"IN",1826,39,588      
"IN",1826,40,689      
"IN",1826,41,6249     
"IN",1827,31,439      
"IN",1827,35,1195     
"IN",1827,36,27324    
"IN",1827,39,1179     
"IN",1827,40,7        
"IN",1827,41,2976     
"IN",1828,31,1088     
"IN",1828,33,5850     
"IN",1828,34,395      
"IN",1828,35,900      
"IN",1828,36,24969    
"IN",1828,37,83       
"IN",1828,39,1009     
"IN",1828,40,1        
"IN",1828,41,16831    
"IN",1829,31,2006     
"IN",1829,33,4271     
"IN",1829,34,2885     
"IN",1829,35,555      
"IN",1829,36,23361    
"IN",1829,39,2098     
"IN",1829,41,7070     
"IN",1830,31,1790     
"IN",1830,33,3187     
"IN",1830,34,683      
"IN",1830,35,636      
"IN",1830,36,26955    
"IN",1830,39,2229     
"IN",1830,41,5928     
"IN",1831,31,125      
"IN",1831,33,53775    
"IN",1831,34,1138     
"IN",1831,35,733      
"IN",1831,36,43262    
"IN",1831,39,1075     
"IN",1831,41,5003     
"IN",1832,31,2952     
"IN",1832,33,41133    
"IN",1832,34,2156     
"IN",1832,35,794      
"IN",1832,36,33531    
"IN",1832,39,66980    
"IN",1832,41,5        
"IN",1833,31,2581     
"IN",1833,33,52165    
"IN",1833,34,977      
"IN",1833,35,816      
"IN",1833,36,50278    
"IN",1833,39,3883     
"IN",1833,41,26075    
"IN",1834,31,1807     
"IN",1834,33,42245    
"IN",1834,34,2982     
"IN",1834,35,751      
"IN",1834,36,55387    
"IN",1834,39,939      
"IN",1834,41,17256    
"IN",1835,31,200      
"IN",1835,33,11279    
"IN",1835,34,4172     
"IN",1835,35,606      
"IN",1835,36,65331    
"IN",1835,39,6242     
"IN",1835,41,16071    
"IN",1836,23,988      
"IN",1836,31,100      
"IN",1836,33,37809    
"IN",1836,34,1766     
"IN",1836,35,513      
"IN",1836,36,60946    
"IN",1836,39,1326     
"IN",1836,41,22817    
"IN",1837,31,5526     
"IN",1837,33,4811     
"IN",1837,34,1083     
"IN",1837,35,1079     
"IN",1837,36,68269    
"IN",1837,39,1046     
"IN",1837,41,16383    
"IN",1838,31,6264     
"IN",1838,33,4919     
"IN",1838,34,1187     
"IN",1838,35,443      
"IN",1838,36,65590    
"IN",1838,39,1183     
"IN",1838,41,14314    
"IN",1839,26,18545    
"IN",1839,31,2130     
"IN",1839,33,4450     
"IN",1839,34,1022     
"IN",1839,35,388      
"IN",1839,36,122975   
"IN",1839,38,1178     
"IN",1839,39,1521     
"IN",1839,41,20690    
"IN",1840,31,3512     
"IN",1840,33,437      
"IN",1840,34,1284     
"IN",1840,35,1939     
"IN",1840,36,96428    
"IN",1840,39,29862    
"IN",1840,41,43423    
"IN",1844,31,5184     
"IN",1844,32,1169     
"IN",1844,33,425287   
"IN",1844,34,5145     
"IN",1844,35,602      
"IN",1844,36,89954    
"IN",1844,39,31904    
"IN",1844,40,108216   
"IN",1844,41,805034   
"IN",1845,31,4473     
"IN",1845,32,2798     
"IN",1845,33,385538   
"IN",1845,34,11497    
"IN",1845,36,61843    
"IN",1845,39,42436    
"IN",1845,40,215951   
"IN",1845,41,20447    
"IN",1846,31,5964     
"IN",1846,32,13148    
"IN",1846,33,601040   
"IN",1846,34,5380     
"IN",1846,36,68039    
"IN",1846,39,6186     
"IN",1846,40,319213   
"IN",1846,41,25307    
"IN",1848,29,634      
"IN",1848,31,9026     
"IN",1848,32,37017    
"IN",1848,33,290244   
"IN",1848,34,6816     
"IN",1848,36,94142    
"IN",1848,39,6789     
"IN",1848,40,428177   
"IN",1848,41,106347   
"IN",1849,31,4502     
"IN",1849,32,61848    
"IN",1849,33,498439   
"IN",1849,34,29238    
"IN",1849,35,4736     
"IN",1849,36,70386    
"IN",1849,39,9939     
"IN",1849,40,342023   
"IN",1849,41,116289   
"IN",1850,29,310      
"IN",1850,31,5195     
"IN",1850,32,73762    
"IN",1850,33,917354   
"IN",1850,34,4226     
"IN",1850,36,76841    
"IN",1850,39,13311    
"IN",1850,40,392694   
"IN",1850,41,29841    
"IN",1851,31,4414     
"IN",1851,32,73934    
"IN",1851,33,399753   
"IN",1851,34,10184    
"IN",1851,35,9389     
"IN",1851,36,77075    
"IN",1851,39,153908   
"IN",1851,40,406946   
"IN",1851,41,15383    
"IN",1852,31,4767     
"IN",1852,32,102060   
"IN",1852,33,395641   
"IN",1852,34,12141    
"IN",1852,35,2930     
"IN",1852,36,157025   
"IN",1852,39,30213    
"IN",1852,40,336532   
"IN",1852,41,20314    
"IN",1853,31,6967     
"IN",1853,32,158872   
"IN",1853,33,561580   
"IN",1853,34,7738     
"IN",1853,35,2577     
"IN",1853,36,113346   
"IN",1853,39,83759    
"IN",1853,40,550555   
"IN",1853,41,23909    
"IN",1854,31,527632   
"IN",1854,32,120597   
"IN",1854,33,325724   
"IN",1854,34,15315    
"IN",1854,36,43376    
"IN",1854,39,7513     
"IN",1854,40,302302   
"IN",1854,41,303119   
"IN",1855,31,15076    
"IN",1855,32,135260   
"IN",1855,33,144614   
"IN",1855,34,14698    
"IN",1855,35,280397   
"IN",1855,36,141575   
"IN",1855,39,33434    
"IN",1855,40,600975   
"IN",1855,41,334029   
"IN",1856,31,5649     
"IN",1856,32,99049    
"IN",1856,33,278618   
"IN",1856,34,54173    
"IN",1856,36,51183    
"IN",1856,39,138928   
"IN",1856,40,372919   
"IN",1856,41,338460   
"IN",1857,31,29566    
"IN",1857,32,62865    
"IN",1857,33,213744   
"IN",1857,34,51318    
"IN",1857,35,407872   
"IN",1857,36,140697   
"IN",1857,39,26276    
"IN",1857,40,429844   
"IN",1857,41,386573   
"IN",1858,31,344267   
"IN",1858,32,83216    
"IN",1858,33,108661   
"IN",1858,34,59722    
"IN",1858,35,5585     
"IN",1858,36,269403   
"IN",1858,39,162361   
"IN",1858,40,321028   
"IN",1858,41,9519     
"IN",1859,31,355023   
"IN",1859,32,103809   
"IN",1859,34,71260    
"IN",1859,35,138207   
"IN",1859,36,198456   
"IN",1859,39,27067    
"IN",1859,40,323144   
"IN",1859,41,1221     
"IN",1860,31,569969   
"IN",1860,32,90206    
"IN",1860,33,28930    
"IN",1860,34,136941   
"IN",1860,35,175526   
"IN",1860,36,98838    
"IN",1860,39,15693    
"IN",1860,40,336892   
"IN",1860,41,168111   
"IN",1861,31,553093   
"IN",1861,32,100186   
"IN",1861,34,155919   
"IN",1861,35,28242    
"IN",1861,36,196886   
"IN",1861,39,242025   
"IN",1861,40,185543   
"IN",1861,41,1544219  
"IN",1861,46,3845     
"IN",1861,54,432639   
"IN",1862,31,7722     
"IN",1862,32,86058    
"IN",1862,34,537057   
"IN",1862,36,85564    
"IN",1862,39,685909   
"IN",1862,40,432192   
"IN",1862,41,1140473  
"IN",1863,31,7190     
"IN",1863,32,42442    
"IN",1863,34,593363   
"IN",1863,35,17240    
"IN",1863,36,156262   
"IN",1863,39,816421   
"IN",1863,40,531187   
"IN",1863,41,339141   
"IN",1864,31,730692   
"IN",1864,32,51989    
"IN",1864,34,239503   
"IN",1864,35,10808    
"IN",1864,36,93581    
"IN",1864,39,426666   
"IN",1864,40,181657   
"IN",1864,41,17630    
"IN",1865,31,868737   
"IN",1865,32,124128   
"IN",1865,34,757051   
"IN",1865,35,6724     
"IN",1865,36,281592   
"IN",1865,39,248567   
"IN",1865,40,886130   
"IN",1865,41,26925    
"IN",1865,57,701971   
"IN",1866,31,1171602  
"IN",1866,32,173682   
"IN",1866,34,567792   
"IN",1866,35,15410    
"IN",1866,36,263717   
"IN",1866,39,407128   
"IN",1866,40,384463   
"IN",1866,41,182688   
"IN",1866,57,495078   
"IN",1867,31,1362531  
"IN",1867,32,286401   
"IN",1867,34,429088   
"IN",1867,35,14734    
"IN",1867,36,287182   
"IN",1867,39,398484   
"IN",1867,40,334660   
"IN",1867,41,10967    
"IN",1867,57,1322457  
"IN",1868,31,1540110  
"IN",1868,32,240234   
"IN",1868,34,181719   
"IN",1868,35,12130    
"IN",1868,36,160289   
"IN",1868,39,491209   
"IN",1868,40,209629   
"IN",1868,41,71475    
"IN",1868,57,935808   
"IN",1869,31,1514556  
"IN",1869,32,410175   
"IN",1869,34,148987   
"IN",1869,35,17163    
"IN",1869,36,393349   
"IN",1869,39,475445   
"IN",1869,40,175627   
"IN",1869,41,12795    
"IN",1869,57,1325023  
"IN",1870,31,1578443  
"IN",1870,32,330016   
"IN",1870,34,174585   
"IN",1870,35,16111    
"IN",1870,36,172664   
"IN",1870,39,136185   
"IN",1870,40,355125   
"IN",1870,41,11043    
"IN",1870,57,758227   
"IN",1871,31,1558732  
"IN",1871,32,313112   
"IN",1871,34,143057   
"IN",1871,35,20472    
"IN",1871,36,300222   
"IN",1871,39,279929   
"IN",1871,40,247645   
"IN",1871,41,13690    
"IN",1871,57,66556    
"IN",1872,31,1665443  
"IN",1872,32,270627   
"IN",1872,34,125339   
"IN",1872,35,11982    
"IN",1872,36,148965   
"IN",1872,39,79395    
"IN",1872,40,233410   
"IN",1872,41,70877    
"IN",1872,57,80562    
"IN",1873,31,1424839  
"IN",1873,32,420780   
"IN",1873,34,240368   
"IN",1873,35,83022    
"IN",1873,36,560650   
"IN",1873,39,181083   
"IN",1873,40,509892   
"IN",1873,41,91401    
"IN",1873,57,603382   
"IN",1874,31,1574671  
"IN",1874,32,380533   
"IN",1874,34,168137   
"IN",1874,35,15646    
"IN",1874,36,241796   
"IN",1874,39,60986    
"IN",1874,40,341181   
"IN",1874,41,45012    
"IN",1875,31,73327    
"IN",1875,32,423512   
"IN",1875,34,230648   
"IN",1875,35,9500     
"IN",1875,36,389538   
"IN",1875,39,278658   
"IN",1875,40,309327   
"IN",1875,41,282730   
"IN",1876,31,30786    
"IN",1876,32,527162   
"IN",1876,33,1810     
"IN",1876,34,217090   
"IN",1876,35,10500    
"IN",1876,36,231952   
"IN",1876,39,69387    
"IN",1876,40,425182   
"IN",1876,41,511000   
"IN",1877,31,35103    
"IN",1877,32,479499   
"IN",1877,34,429575   
"IN",1877,35,8000     
"IN",1877,36,361898   
"IN",1877,39,51399    
"IN",1877,40,235421   
"IN",1877,41,258600   
"IN",1878,31,1943158  
"IN",1878,32,486907   
"IN",1878,34,218379   
"IN",1878,35,17977    
"IN",1878,36,259381   
"IN",1878,39,-433998  
"IN",1878,40,299603   
"IN",1878,41,212760   
"IN",1879,31,46011    
"IN",1879,32,340321   
"IN",1879,34,202189   
"IN",1879,35,6100     
"IN",1879,36,714660   
"IN",1879,39,-934957  
"IN",1879,40,2233145  
"IN",1879,41,520357   
"IN",1880,31,2029998  
"IN",1880,32,412349   
"IN",1880,34,233771   
"IN",1880,35,5100     
"IN",1880,36,410834   
"IN",1880,39,-231117  
"IN",1880,40,289165   
"IN",1881,29,517      
"IN",1881,31,1968743  
"IN",1881,32,392041   
"IN",1881,34,241390   
"IN",1881,35,6013     
"IN",1881,36,706192   
"IN",1881,39,-186991  
"IN",1881,40,290162   
"IN",1881,41,9021     
"IN",1883,31,1937912  
"IN",1883,32,472492   
"IN",1883,33,4440     
"IN",1883,34,277018   
"IN",1883,35,15131    
"IN",1883,36,833155   
"IN",1883,39,-572735  
"IN",1883,40,391115   
"IN",1883,41,39550    
"IN",1884,31,35660    
"IN",1884,32,605145   
"IN",1884,34,286019   
"IN",1884,35,3363     
"IN",1884,36,706109   
"IN",1884,39,1581120  
"IN",1884,40,285115   
"IN",1884,41,19307    
"IN",1885,31,2153383  
"IN",1885,32,838203   
"IN",1885,34,272528   
"IN",1885,35,9969     
"IN",1885,36,875552   
"IN",1885,39,-40722   
"IN",1885,40,303241   
"IN",1885,41,93402    
"IN",1886,31,2134298  
"IN",1886,32,592859   
"IN",1886,34,291511   
"IN",1886,35,7350     
"IN",1886,36,637309   
"IN",1886,39,315179   
"IN",1886,40,194027   
"IN",1886,41,6575     
"IN",1887,31,2183330  
"IN",1887,32,677281   
"IN",1887,34,290774   
"IN",1887,35,8750     
"IN",1887,36,681962   
"IN",1887,39,-384998  
"IN",1887,40,444993   
"IN",1887,41,195      
"IN",1888,31,2009675  
"IN",1888,32,720533   
"IN",1888,34,257099   
"IN",1888,35,8000     
"IN",1888,36,420167   
"IN",1888,39,-189134  
"IN",1888,40,346322   
"IN",1888,41,48645    
"IN",1889,31,5864143  
"IN",1889,32,881151   
"IN",1889,34,564821   
"IN",1889,35,23743    
"IN",1889,36,728107   
"IN",1889,39,163372   
"IN",1889,40,112324   
"IN",1889,41,67380    
"IN",1890,31,2178335  
"IN",1890,32,1113300  
"IN",1890,34,349155   
"IN",1890,35,17316    
"IN",1890,36,314488   
"IN",1890,39,166355   
"IN",1890,40,274073   
"IN",1890,41,58922    
"IN",1891,31,2314877  
"IN",1891,32,1053669  
"IN",1891,34,345500   
"IN",1891,35,32354    
"IN",1891,36,520213   
"IN",1891,39,258643   
"IN",1891,40,299685   
"IN",1891,41,56883    
"IN",1892,31,2641242  
"IN",1892,32,920742   
"IN",1892,34,340454   
"IN",1892,35,22285    
"IN",1892,36,385858   
"IN",1892,39,602755   
"IN",1892,40,658012   
"IN",1892,41,82235    
"IN",1894,31,2849137  
"IN",1894,32,1528020  
"IN",1894,34,346432   
"IN",1894,35,30796    
"IN",1894,36,463196   
"IN",1894,39,466220   
"IN",1894,40,642358   
"IN",1894,41,132295   
"IN",1895,31,3110482  
"IN",1895,32,689937   
"IN",1895,39,4272416  
"IN",1895,41,269169   
"IN",1896,31,2664881  
"IN",1896,32,1225167  
"IN",1896,34,401364   
"IN",1896,35,20735    
"IN",1896,36,456070   
"IN",1896,39,659942   
"IN",1896,40,232887   
"IN",1896,41,702069   
"IN",1899,31,2653194  
"IN",1899,32,1624445  
"IN",1899,34,501511   
"IN",1899,35,24073    
"IN",1899,36,603555   
"IN",1899,39,989322   
"IN",1899,40,582303   
"IN",1899,41,1650     
"IN",1900,31,2633641  
"IN",1900,32,666385   
"IN",1900,34,134399   
"IN",1900,35,925      
"IN",1900,36,58464    
"IN",1900,39,1398148  
"IN",1900,40,165090   
"IN",1900,41,84300    
"IN",1901,31,508939   
"IN",1901,32,1849860  
"IN",1901,34,555174   
"IN",1901,36,574033   
"IN",1901,39,1485814  
"IN",1901,40,144489   
"IN",1901,41,150      
"IN",1902,31,2737399  
"IN",1902,32,1948909  
"IN",1902,34,428395   
"IN",1902,36,589880   
"IN",1902,39,-1498722 
"IN",1902,40,106396   
"IN",1902,41,2035546  
"IN",1903,31,2851499  
"IN",1903,32,1903252  
"IN",1903,34,460156   
"IN",1903,36,680553   
"IN",1903,39,-1800450 
"IN",1903,40,92585    
"IN",1903,41,1726282  
"IN",1904,31,3023596  
"IN",1904,32,2053530  
"IN",1904,34,477936   
"IN",1904,36,690412   
"IN",1904,39,-1666790 
"IN",1904,40,57223    
"IN",1904,41,1623841  
"IN",1905,31,3031096  
"IN",1905,32,763882   
"IN",1905,35,5105     
"IN",1905,39,2147880  
"IN",1905,40,36186    
"IN",1905,41,674836   
"IN",1906,31,2931080  
"IN",1906,32,794788   
"IN",1906,39,4278295  
"IN",1906,40,37833    
"IN",1906,41,25006    
"IN",1907,31,3353205  
"IN",1907,32,830667   
"IN",1907,35,272      
"IN",1907,39,3694579  
"IN",1907,40,36960    
"IN",1907,41,19227    
"IN",1909,31,3455141  
"IN",1909,35,27       
"IN",1909,39,5775065  
"IN",1909,40,36758    
"IN",1910,31,3529077  
"IN",1910,32,868497   
"IN",1910,39,3202631  
"IN",1910,40,36576    
"IN",1910,41,799104   
"IN",1911,31,3594262  
"IN",1911,32,880331   
"IN",1911,39,3354215  
"IN",1911,40,36700    
"IN",1911,41,396992   
"IN",1912,31,3708300  
"IN",1912,32,920627   
"IN",1912,35,522      
"IN",1912,39,3285946  
"IN",1912,40,36767    
"IN",1912,41,276254   
"IN",1913,31,3824693  
"IN",1913,32,957736   
"IN",1913,35,656      
"IN",1913,39,4040467  
"IN",1913,40,36878    
"IN",1913,41,268283   
"IN",1914,31,4224897  
"IN",1914,32,2362082  
"IN",1914,36,40916    
"IN",1914,39,3635024  
"IN",1914,40,554068   
"IN",1914,41,307802   
                      
"IN",1825,343,454     
"IN",1825,345,73      
"IN",1825,361,6833    
"IN",1825,362,1521    
"IN",1825,363,4553    
"IN",1825,364,50      
"IN",1825,369,7194    
"IN",1825,391,1665    
"IN",1825,400,286     
"IN",1825,413,18541   
"IN",1826,343,1055    
"IN",1826,345,125     
"IN",1826,361,9057    
"IN",1826,362,2953    
"IN",1826,363,7657    
"IN",1826,364,7       
"IN",1826,369,3684    
"IN",1826,391,588     
"IN",1826,400,689     
"IN",1826,412,5000    
"IN",1826,413,1249    
"IN",1827,311,388     
"IN",1827,316,51      
"IN",1827,351,1195    
"IN",1827,360,1539    
"IN",1827,361,12167   
"IN",1827,362,2097    
"IN",1827,363,7222    
"IN",1827,365,125     
"IN",1827,367,4000    
"IN",1827,369,174     
"IN",1827,391,216     
"IN",1827,398,963     
"IN",1827,400,7       
"IN",1827,412,2435    
"IN",1827,413,541     
"IN",1828,313,913     
"IN",1828,316,175     
"IN",1828,330,5850    
"IN",1828,343,315     
"IN",1828,345,80      
"IN",1828,351,900     
"IN",1828,360,387     
"IN",1828,361,14020   
"IN",1828,362,2509    
"IN",1828,363,6882    
"IN",1828,364,160     
"IN",1828,367,1011    
"IN",1828,370,83      
"IN",1828,391,309     
"IN",1828,398,700     
"IN",1828,400,1       
"IN",1828,413,41      
"IN",1828,416,16790   
"IN",1829,313,1942    
"IN",1829,316,64      
"IN",1829,331,1829    
"IN",1829,334,2442    
"IN",1829,343,520     
"IN",1829,345,2365    
"IN",1829,351,555     
"IN",1829,360,2247    
"IN",1829,361,11600   
"IN",1829,363,6675    
"IN",1829,364,172     
"IN",1829,369,2667    
"IN",1829,390,1704    
"IN",1829,391,394     
"IN",1829,416,7070    
"IN",1830,310,1677    
"IN",1830,316,113     
"IN",1830,331,1284    
"IN",1830,334,1903    
"IN",1830,343,507     
"IN",1830,345,176     
"IN",1830,351,636     
"IN",1830,360,399     
"IN",1830,361,12041   
"IN",1830,363,11139   
"IN",1830,364,10      
"IN",1830,369,3366    
"IN",1830,390,1203    
"IN",1830,391,1026    
"IN",1830,413,5928    
"IN",1831,316,125     
"IN",1831,331,49328   
"IN",1831,334,4447    
"IN",1831,343,1026    
"IN",1831,345,112     
"IN",1831,351,733     
"IN",1831,360,8061    
"IN",1831,361,15247   
"IN",1831,362,2954    
"IN",1831,363,11484   
"IN",1831,364,1       
"IN",1831,366,321     
"IN",1831,369,5194    
"IN",1831,391,1075    
"IN",1831,412,5003    
"IN",1832,313,2852    
"IN",1832,316,100     
"IN",1832,331,33956   
"IN",1832,334,7177    
"IN",1832,343,1985    
"IN",1832,345,171     
"IN",1832,351,794     
"IN",1832,360,1956    
"IN",1832,361,14188   
"IN",1832,362,2597    
"IN",1832,363,8661    
"IN",1832,364,210     
"IN",1832,369,5919    
"IN",1832,390,66144   
"IN",1832,391,836     
"IN",1832,413,5       
"IN",1833,313,2333    
"IN",1833,316,248     
"IN",1833,331,52065   
"IN",1833,334,100     
"IN",1833,343,877     
"IN",1833,348,100     
"IN",1833,351,816     
"IN",1833,361,14881   
"IN",1833,362,4524    
"IN",1833,363,11221   
"IN",1833,364,315     
"IN",1833,367,12611   
"IN",1833,369,6726    
"IN",1833,390,3883    
"IN",1833,413,26075   
"IN",1834,313,1707    
"IN",1834,316,100     
"IN",1834,331,42184   
"IN",1834,334,61      
"IN",1834,343,2857    
"IN",1834,345,125     
"IN",1834,351,751     
"IN",1834,360,5836    
"IN",1834,361,16945   
"IN",1834,362,2750    
"IN",1834,363,10845   
"IN",1834,364,6       
"IN",1834,367,16776   
"IN",1834,369,2229    
"IN",1834,391,939     
"IN",1834,412,14606   
"IN",1834,413,2650    
"IN",1835,316,200     
"IN",1835,331,11279   
"IN",1835,343,4085    
"IN",1835,345,87      
"IN",1835,351,606     
"IN",1835,360,2543    
"IN",1835,361,21195   
"IN",1835,362,1800    
"IN",1835,363,10728   
"IN",1835,367,26444   
"IN",1835,369,2621    
"IN",1835,390,5468    
"IN",1835,391,774     
"IN",1835,412,13114   
"IN",1835,413,2957    
"IN",1836,235,988     
"IN",1836,316,100     
"IN",1836,331,37809   
"IN",1836,343,1574    
"IN",1836,345,192     
"IN",1836,351,513     
"IN",1836,360,6489    
"IN",1836,361,19074   
"IN",1836,362,2700    
"IN",1836,363,12873   
"IN",1836,364,290     
"IN",1836,367,10256   
"IN",1836,369,9264    
"IN",1836,391,1048    
"IN",1836,395,278     
"IN",1836,412,22817   
"IN",1837,311,575     
"IN",1837,313,4650    
"IN",1837,316,301     
"IN",1837,331,4811    
"IN",1837,343,875     
"IN",1837,345,208     
"IN",1837,350,667     
"IN",1837,351,412     
"IN",1837,360,9288    
"IN",1837,361,24379   
"IN",1837,362,2999    
"IN",1837,363,14099   
"IN",1837,364,312     
"IN",1837,367,6642    
"IN",1837,369,10550   
"IN",1837,391,1018    
"IN",1837,395,28      
"IN",1837,412,16383   
"IN",1838,311,1232    
"IN",1838,313,4531    
"IN",1838,316,501     
"IN",1838,331,4919    
"IN",1838,343,1004    
"IN",1838,345,183     
"IN",1838,351,443     
"IN",1838,360,9306    
"IN",1838,361,24379   
"IN",1838,362,2919    
"IN",1838,363,16903   
"IN",1838,364,109     
"IN",1838,367,175     
"IN",1838,369,11799   
"IN",1838,390,7       
"IN",1838,391,1097    
"IN",1838,395,28      
"IN",1838,398,51      
"IN",1838,412,14314   
"IN",1839,260,18545   
"IN",1839,311,1289    
"IN",1839,313,450     
"IN",1839,316,391     
"IN",1839,331,4450    
"IN",1839,343,872     
"IN",1839,345,150     
"IN",1839,351,388     
"IN",1839,360,375     
"IN",1839,361,43413   
"IN",1839,362,2978    
"IN",1839,363,17336   
"IN",1839,364,2       
"IN",1839,367,1720    
"IN",1839,369,57151   
"IN",1839,383,1178    
"IN",1839,391,1108    
"IN",1839,395,346     
"IN",1839,398,67      
"IN",1839,412,20690   
"IN",1840,311,251     
"IN",1840,313,2824    
"IN",1840,316,437     
"IN",1840,331,437     
"IN",1840,343,1156    
"IN",1840,345,128     
"IN",1840,350,1833    
"IN",1840,351,106     
"IN",1840,360,19857   
"IN",1840,361,42562   
"IN",1840,362,3492    
"IN",1840,363,20559   
"IN",1840,367,1305    
"IN",1840,369,8653    
"IN",1840,390,28000   
"IN",1840,391,1041    
"IN",1840,398,821     
"IN",1840,412,11556   
"IN",1840,413,31867   
"IN",1844,313,4801    
"IN",1844,316,383     
"IN",1844,322,1169    
"IN",1844,331,6069    
"IN",1844,334,419218  
"IN",1844,343,4918    
"IN",1844,345,227     
"IN",1844,350,600     
"IN",1844,351,2       
"IN",1844,360,15834   
"IN",1844,361,38072   
"IN",1844,362,3102    
"IN",1844,363,23580   
"IN",1844,367,2087    
"IN",1844,369,7279    
"IN",1844,390,28824   
"IN",1844,391,1407    
"IN",1844,395,1372    
"IN",1844,398,301     
"IN",1844,400,33627   
"IN",1844,401,74589   
"IN",1844,412,195220  
"IN",1844,413,512721  
"IN",1844,414,266     
"IN",1844,415,96827   
"IN",1845,313,4000    
"IN",1845,316,473     
"IN",1845,322,2798    
"IN",1845,331,5579    
"IN",1845,334,379897  
"IN",1845,339,62      
"IN",1845,343,11295   
"IN",1845,345,202     
"IN",1845,360,6367    
"IN",1845,361,24998   
"IN",1845,362,4300    
"IN",1845,363,21874   
"IN",1845,364,567     
"IN",1845,367,3737    
"IN",1845,390,36527   
"IN",1845,391,1233    
"IN",1845,396,4620    
"IN",1845,399,56      
"IN",1845,400,215929  
"IN",1845,401,22      
"IN",1845,410,3744    
"IN",1845,412,6265    
"IN",1845,413,1757    
"IN",1845,415,8681    
"IN",1846,312,475     
"IN",1846,313,5050    
"IN",1846,316,439     
"IN",1846,323,13148   
"IN",1846,331,3848    
"IN",1846,334,597192  
"IN",1846,340,592     
"IN",1846,343,4588    
"IN",1846,345,200     
"IN",1846,360,7017    
"IN",1846,361,27276   
"IN",1846,362,2000    
"IN",1846,363,21783   
"IN",1846,364,32      
"IN",1846,365,134     
"IN",1846,366,440     
"IN",1846,367,622     
"IN",1846,369,8735    
"IN",1846,390,5659    
"IN",1846,391,320     
"IN",1846,399,207     
"IN",1846,400,319213  
"IN",1846,412,5304    
"IN",1846,413,6891    
"IN",1846,415,13112   
"IN",1848,295,634     
"IN",1848,313,7936    
"IN",1848,316,1090    
"IN",1848,322,21119   
"IN",1848,323,15898   
"IN",1848,331,3597    
"IN",1848,334,286647  
"IN",1848,343,5953    
"IN",1848,345,863     
"IN",1848,360,30386   
"IN",1848,361,34543   
"IN",1848,362,3550    
"IN",1848,363,20892   
"IN",1848,364,6       
"IN",1848,365,337     
"IN",1848,367,723     
"IN",1848,369,3705    
"IN",1848,390,5600    
"IN",1848,391,324     
"IN",1848,399,865     
"IN",1848,400,428089  
"IN",1848,401,88      
"IN",1848,412,154     
"IN",1848,413,100091  
"IN",1848,415,6102    
"IN",1849,313,3750    
"IN",1849,316,752     
"IN",1849,322,41517   
"IN",1849,323,20331   
"IN",1849,331,10516   
"IN",1849,334,487923  
"IN",1849,343,27793   
"IN",1849,345,1445    
"IN",1849,351,4736    
"IN",1849,360,11887   
"IN",1849,361,28466   
"IN",1849,362,4497    
"IN",1849,363,22832   
"IN",1849,364,589     
"IN",1849,365,428     
"IN",1849,367,484     
"IN",1849,369,1203    
"IN",1849,390,5982    
"IN",1849,391,842     
"IN",1849,399,3115    
"IN",1849,400,122114  
"IN",1849,401,219909  
"IN",1849,410,200     
"IN",1849,412,5363    
"IN",1849,413,110726  
"IN",1850,294,310     
"IN",1850,313,4230    
"IN",1850,316,965     
"IN",1850,320,1500    
"IN",1850,322,39761   
"IN",1850,323,32501   
"IN",1850,331,22248   
"IN",1850,333,12936   
"IN",1850,334,873427  
"IN",1850,336,8743    
"IN",1850,343,3607    
"IN",1850,345,619     
"IN",1850,360,14527   
"IN",1850,361,31011   
"IN",1850,362,5878    
"IN",1850,363,19812   
"IN",1850,367,2423    
"IN",1850,369,3190    
"IN",1850,390,12911   
"IN",1850,391,400     
"IN",1850,400,392694  
"IN",1850,412,8012    
"IN",1850,413,17654   
"IN",1850,415,4175    
"IN",1851,313,4172    
"IN",1851,316,242     
"IN",1851,322,43716   
"IN",1851,323,30218   
"IN",1851,331,3385    
"IN",1851,334,328185  
"IN",1851,336,68183   
"IN",1851,343,9925    
"IN",1851,345,259     
"IN",1851,350,9389    
"IN",1851,360,13954   
"IN",1851,361,30421   
"IN",1851,362,4624    
"IN",1851,363,15630   
"IN",1851,367,1220    
"IN",1851,369,11226   
"IN",1851,390,153319  
"IN",1851,395,555     
"IN",1851,398,34      
"IN",1851,400,406946  
"IN",1851,412,2600    
"IN",1851,413,10101   
"IN",1851,415,2682    
"IN",1852,313,4416    
"IN",1852,316,351     
"IN",1852,322,73656   
"IN",1852,323,28404   
"IN",1852,334,329350  
"IN",1852,336,66291   
"IN",1852,343,11883   
"IN",1852,345,258     
"IN",1852,350,2930    
"IN",1852,360,19370   
"IN",1852,361,106452  
"IN",1852,362,4932    
"IN",1852,363,23257   
"IN",1852,367,1617    
"IN",1852,369,1397    
"IN",1852,390,20359   
"IN",1852,391,8727    
"IN",1852,395,1017    
"IN",1852,398,110     
"IN",1852,400,336532  
"IN",1852,413,16055   
"IN",1852,415,4259    
"IN",1853,313,5429    
"IN",1853,316,1538    
"IN",1853,322,43421   
"IN",1853,323,115451  
"IN",1853,334,466041  
"IN",1853,336,95539   
"IN",1853,343,7273    
"IN",1853,345,465     
"IN",1853,350,2577    
"IN",1853,360,21556   
"IN",1853,361,45835   
"IN",1853,362,9484    
"IN",1853,363,27985   
"IN",1853,364,762     
"IN",1853,367,3675    
"IN",1853,369,4049    
"IN",1853,390,75927   
"IN",1853,391,1074    
"IN",1853,395,6758    
"IN",1853,400,550543  
"IN",1853,401,12      
"IN",1853,413,18950   
"IN",1853,415,4959    
"IN",1854,311,351597  
"IN",1854,313,22498   
"IN",1854,316,153537  
"IN",1854,322,63979   
"IN",1854,323,56618   
"IN",1854,334,325724  
"IN",1854,343,14897   
"IN",1854,345,418     
"IN",1854,360,12488   
"IN",1854,362,5050    
"IN",1854,363,21872   
"IN",1854,367,1692    
"IN",1854,369,2274    
"IN",1854,390,1473    
"IN",1854,391,1265    
"IN",1854,395,3980    
"IN",1854,398,795     
"IN",1854,400,302302  
"IN",1854,410,74019   
"IN",1854,413,223055  
"IN",1854,415,6045    
"IN",1855,313,3912    
"IN",1855,316,11164   
"IN",1855,322,61130   
"IN",1855,323,74130   
"IN",1855,331,123     
"IN",1855,334,43416   
"IN",1855,336,101075  
"IN",1855,343,14371   
"IN",1855,345,327     
"IN",1855,350,2500    
"IN",1855,351,277897  
"IN",1855,360,39649   
"IN",1855,361,46810   
"IN",1855,362,3609    
"IN",1855,363,31886   
"IN",1855,367,5187    
"IN",1855,369,14434   
"IN",1855,390,22609   
"IN",1855,391,5932    
"IN",1855,395,4       
"IN",1855,396,42      
"IN",1855,398,3994    
"IN",1855,399,853     
"IN",1855,400,596573  
"IN",1855,401,4402    
"IN",1855,410,62485   
"IN",1855,413,271123  
"IN",1855,415,421     
"IN",1856,313,4701    
"IN",1856,316,948     
"IN",1856,322,56809   
"IN",1856,323,42240   
"IN",1856,334,61673   
"IN",1856,336,216945  
"IN",1856,343,53856   
"IN",1856,345,317     
"IN",1856,360,17689   
"IN",1856,362,5151    
"IN",1856,363,24534   
"IN",1856,367,2266    
"IN",1856,369,1543    
"IN",1856,390,135882  
"IN",1856,391,2808    
"IN",1856,398,238     
"IN",1856,400,359435  
"IN",1856,401,13484   
"IN",1856,413,336210  
"IN",1856,415,2250    
"IN",1857,313,4565    
"IN",1857,316,25001   
"IN",1857,322,36087   
"IN",1857,323,26778   
"IN",1857,331,49      
"IN",1857,334,107591  
"IN",1857,335,4669    
"IN",1857,336,101435  
"IN",1857,343,50991   
"IN",1857,345,327     
"IN",1857,351,407872  
"IN",1857,360,32014   
"IN",1857,361,51971   
"IN",1857,362,5413    
"IN",1857,363,25508   
"IN",1857,364,954     
"IN",1857,367,5626    
"IN",1857,369,19211   
"IN",1857,390,23327   
"IN",1857,391,2383    
"IN",1857,398,566     
"IN",1857,400,424391  
"IN",1857,401,5453    
"IN",1857,413,383178  
"IN",1857,415,3395    
"IN",1858,311,330873  
"IN",1858,313,10468   
"IN",1858,316,2926    
"IN",1858,322,50821   
"IN",1858,323,32395   
"IN",1858,334,1114    
"IN",1858,336,107547  
"IN",1858,343,59410   
"IN",1858,345,312     
"IN",1858,351,1184    
"IN",1858,355,4401    
"IN",1858,360,727     
"IN",1858,361,90      
"IN",1858,362,7600    
"IN",1858,363,26561   
"IN",1858,367,2636    
"IN",1858,369,231789  
"IN",1858,390,159541  
"IN",1858,391,2320    
"IN",1858,398,500     
"IN",1858,400,321028  
"IN",1858,411,8145    
"IN",1858,413,1374    
"IN",1859,310,200     
"IN",1859,311,339829  
"IN",1859,313,9757    
"IN",1859,316,5237    
"IN",1859,320,4000    
"IN",1859,322,99809   
"IN",1859,341,9343    
"IN",1859,343,61541   
"IN",1859,345,376     
"IN",1859,351,138207  
"IN",1859,361,75641   
"IN",1859,362,7743    
"IN",1859,363,60016   
"IN",1859,367,3885    
"IN",1859,369,51171   
"IN",1859,390,22578   
"IN",1859,391,1680    
"IN",1859,398,2809    
"IN",1859,400,323144  
"IN",1859,413,1221    
"IN",1860,310,300     
"IN",1860,311,549318  
"IN",1860,313,17388   
"IN",1860,316,2963    
"IN",1860,322,49227   
"IN",1860,323,40979   
"IN",1860,334,28930   
"IN",1860,341,9342    
"IN",1860,343,127010  
"IN",1860,345,180     
"IN",1860,348,409     
"IN",1860,351,175526  
"IN",1860,361,468     
"IN",1860,362,19170   
"IN",1860,363,52356   
"IN",1860,364,16      
"IN",1860,367,2847    
"IN",1860,369,23981   
"IN",1860,390,9542    
"IN",1860,391,2154    
"IN",1860,398,3997    
"IN",1860,400,336892  
"IN",1860,410,165412  
"IN",1860,413,2699    
"IN",1861,311,545425  
"IN",1861,313,6298    
"IN",1861,316,1370    
"IN",1861,322,58881   
"IN",1861,323,41305   
"IN",1861,341,5669    
"IN",1861,343,148717  
"IN",1861,345,1278    
"IN",1861,348,255     
"IN",1861,351,28242   
"IN",1861,361,82318   
"IN",1861,362,19480   
"IN",1861,363,45466   
"IN",1861,364,1065    
"IN",1861,367,4993    
"IN",1861,369,43564   
"IN",1861,390,213350  
"IN",1861,391,25480   
"IN",1861,398,3195    
"IN",1861,400,181445  
"IN",1861,401,4098    
"IN",1861,410,75530   
"IN",1861,413,1468689 
"IN",1861,461,3845    
"IN",1861,540,432639  
"IN",1862,313,7017    
"IN",1862,316,705     
"IN",1862,322,50717   
"IN",1862,323,35341   
"IN",1862,341,5004    
"IN",1862,343,66255   
"IN",1862,345,465798  
"IN",1862,360,5244    
"IN",1862,361,3623    
"IN",1862,362,20801   
"IN",1862,363,41306   
"IN",1862,367,1838    
"IN",1862,369,12752   
"IN",1862,390,682992  
"IN",1862,391,2317    
"IN",1862,398,600     
"IN",1862,400,395299  
"IN",1862,401,36893   
"IN",1862,410,259115  
"IN",1862,412,35263   
"IN",1862,413,846095  
"IN",1863,313,6925    
"IN",1863,316,265     
"IN",1863,322,5925    
"IN",1863,323,36517   
"IN",1863,341,4692    
"IN",1863,343,29999   
"IN",1863,345,558672  
"IN",1863,350,14998   
"IN",1863,351,2242    
"IN",1863,360,2143    
"IN",1863,361,76961   
"IN",1863,362,18360   
"IN",1863,363,38158   
"IN",1863,367,352     
"IN",1863,369,20288   
"IN",1863,390,807407  
"IN",1863,391,3004    
"IN",1863,398,6010    
"IN",1863,400,503657  
"IN",1863,401,27530   
"IN",1863,410,50000   
"IN",1863,412,1685    
"IN",1863,413,281433  
"IN",1863,415,6023    
"IN",1864,311,726269  
"IN",1864,313,3882    
"IN",1864,316,541     
"IN",1864,322,20918   
"IN",1864,323,31071   
"IN",1864,341,4888    
"IN",1864,343,45731   
"IN",1864,345,188884  
"IN",1864,350,10808   
"IN",1864,361,3747    
"IN",1864,362,16762   
"IN",1864,363,38531   
"IN",1864,367,3887    
"IN",1864,369,30654   
"IN",1864,390,423968  
"IN",1864,398,2698    
"IN",1864,400,113794  
"IN",1864,401,67863   
"IN",1864,413,15705   
"IN",1864,415,1925    
"IN",1865,310,188     
"IN",1865,311,854134  
"IN",1865,313,13710   
"IN",1865,316,705     
"IN",1865,322,56707   
"IN",1865,323,67421   
"IN",1865,341,3534    
"IN",1865,343,228384  
"IN",1865,345,525133  
"IN",1865,350,6724    
"IN",1865,360,27641   
"IN",1865,361,106183  
"IN",1865,362,22434   
"IN",1865,363,56577   
"IN",1865,364,1168    
"IN",1865,367,10824   
"IN",1865,369,56765   
"IN",1865,390,164635  
"IN",1865,395,78296   
"IN",1865,398,5636    
"IN",1865,400,884810  
"IN",1865,401,1320    
"IN",1865,413,24250   
"IN",1865,415,2675    
"IN",1865,570,701971  
"IN",1866,311,1164192 
"IN",1866,313,6807    
"IN",1866,316,603     
"IN",1866,322,74996   
"IN",1866,323,98686   
"IN",1866,341,8721    
"IN",1866,343,252677  
"IN",1866,345,306394  
"IN",1866,350,12931   
"IN",1866,351,2479    
"IN",1866,360,38984   
"IN",1866,361,52301   
"IN",1866,362,21150   
"IN",1866,363,56453   
"IN",1866,367,7969    
"IN",1866,369,86860   
"IN",1866,390,73041   
"IN",1866,391,3664    
"IN",1866,395,327822  
"IN",1866,398,2601    
"IN",1866,400,383756  
"IN",1866,401,707     
"IN",1866,410,1410    
"IN",1866,413,178978  
"IN",1866,415,2300    
"IN",1866,570,495078  
"IN",1867,310,30657   
"IN",1867,311,1288672 
"IN",1867,313,26665   
"IN",1867,316,16537   
"IN",1867,320,86585   
"IN",1867,322,104359  
"IN",1867,323,95457   
"IN",1867,341,788     
"IN",1867,343,362107  
"IN",1867,345,66193   
"IN",1867,350,9509    
"IN",1867,351,5225    
"IN",1867,360,84478   
"IN",1867,361,89921   
"IN",1867,362,21800   
"IN",1867,363,63302   
"IN",1867,367,9230    
"IN",1867,369,18451   
"IN",1867,390,214971  
"IN",1867,395,174845  
"IN",1867,398,8668    
"IN",1867,400,334236  
"IN",1867,401,424     
"IN",1867,413,8667    
"IN",1867,415,2300    
"IN",1867,570,1322457 
"IN",1868,311,1520973 
"IN",1868,313,17050   
"IN",1868,316,2087    
"IN",1868,320,35238   
"IN",1868,322,75696   
"IN",1868,323,129300  
"IN",1868,341,9237    
"IN",1868,343,157984  
"IN",1868,345,14498   
"IN",1868,350,9815    
"IN",1868,351,2315    
"IN",1868,360,12066   
"IN",1868,361,2477    
"IN",1868,362,22203   
"IN",1868,363,75521   
"IN",1868,367,9730    
"IN",1868,369,38292   
"IN",1868,390,11197   
"IN",1868,395,478473  
"IN",1868,398,1539    
"IN",1868,400,209629  
"IN",1868,413,69175   
"IN",1868,415,2300    
"IN",1868,570,935808  
"IN",1869,310,543     
"IN",1869,311,1485867 
"IN",1869,313,21000   
"IN",1869,316,7146    
"IN",1869,320,120350  
"IN",1869,322,128627  
"IN",1869,323,161198  
"IN",1869,341,9308    
"IN",1869,343,124786  
"IN",1869,345,14893   
"IN",1869,350,9642    
"IN",1869,351,7521    
"IN",1869,360,11125   
"IN",1869,361,146725  
"IN",1869,362,22422   
"IN",1869,363,77615   
"IN",1869,364,1288    
"IN",1869,367,70964   
"IN",1869,369,63210   
"IN",1869,390,307369  
"IN",1869,391,2403    
"IN",1869,395,161484  
"IN",1869,398,4189    
"IN",1869,400,174733  
"IN",1869,401,894     
"IN",1869,413,10495   
"IN",1869,415,2300    
"IN",1869,570,1325023 
"IN",1870,310,364     
"IN",1870,311,1545896 
"IN",1870,313,18000   
"IN",1870,316,14183   
"IN",1870,320,88560   
"IN",1870,322,104301  
"IN",1870,323,137155  
"IN",1870,341,8898    
"IN",1870,343,161259  
"IN",1870,345,4428    
"IN",1870,350,14081   
"IN",1870,351,2030    
"IN",1870,360,11154   
"IN",1870,361,5880    
"IN",1870,362,23175   
"IN",1870,363,77333   
"IN",1870,367,10240   
"IN",1870,369,44882   
"IN",1870,390,134439  
"IN",1870,391,1496    
"IN",1870,395,50      
"IN",1870,398,200     
"IN",1870,400,354593  
"IN",1870,401,532     
"IN",1870,413,8743    
"IN",1870,415,2300    
"IN",1870,570,758227  
"IN",1871,310,1012    
"IN",1871,311,1530344 
"IN",1871,313,18750   
"IN",1871,316,8626    
"IN",1871,320,70705   
"IN",1871,322,95979   
"IN",1871,323,146428  
"IN",1871,341,9668    
"IN",1871,343,131896  
"IN",1871,345,1493    
"IN",1871,350,17097   
"IN",1871,351,3375    
"IN",1871,360,7023    
"IN",1871,361,82520   
"IN",1871,362,22566   
"IN",1871,363,86159   
"IN",1871,367,17128   
"IN",1871,369,84826   
"IN",1871,390,51022   
"IN",1871,391,703     
"IN",1871,395,228204  
"IN",1871,400,246130  
"IN",1871,401,1515    
"IN",1871,413,11390   
"IN",1871,415,2300    
"IN",1871,570,66556   
"IN",1872,310,926     
"IN",1872,311,1642154 
"IN",1872,313,19600   
"IN",1872,316,2763    
"IN",1872,320,31500   
"IN",1872,322,101894  
"IN",1872,323,137233  
"IN",1872,341,8679    
"IN",1872,343,114671  
"IN",1872,345,1989    
"IN",1872,350,9347    
"IN",1872,351,2635    
"IN",1872,360,4537    
"IN",1872,362,22933   
"IN",1872,363,83656   
"IN",1872,367,7280    
"IN",1872,369,30559   
"IN",1872,390,21747   
"IN",1872,391,1481    
"IN",1872,395,56167   
"IN",1872,400,233410  
"IN",1872,413,68577   
"IN",1872,415,2300    
"IN",1872,570,80562   
"IN",1873,311,1371104 
"IN",1873,313,52500   
"IN",1873,316,1235    
"IN",1873,320,102182  
"IN",1873,322,109259  
"IN",1873,323,209339  
"IN",1873,341,10765   
"IN",1873,343,227977  
"IN",1873,345,1626    
"IN",1873,350,50107   
"IN",1873,351,32915   
"IN",1873,360,16703   
"IN",1873,361,278373  
"IN",1873,362,29137   
"IN",1873,363,138697  
"IN",1873,364,1509    
"IN",1873,367,38903   
"IN",1873,369,57328   
"IN",1873,390,43931   
"IN",1873,391,1358    
"IN",1873,395,9       
"IN",1873,398,15626   
"IN",1873,399,120159  
"IN",1873,400,509548  
"IN",1873,401,344     
"IN",1873,413,89097   
"IN",1873,415,2304    
"IN",1873,570,603382  
"IN",1874,311,1490151 
"IN",1874,313,82593   
"IN",1874,316,1927    
"IN",1874,320,75633   
"IN",1874,322,107197  
"IN",1874,323,197703  
"IN",1874,341,13237   
"IN",1874,343,153120  
"IN",1874,345,1780    
"IN",1874,350,14146   
"IN",1874,351,1500    
"IN",1874,360,11815   
"IN",1874,361,178     
"IN",1874,362,31800   
"IN",1874,363,158006  
"IN",1874,367,14371   
"IN",1874,369,25626   
"IN",1874,390,15879   
"IN",1874,391,1840    
"IN",1874,395,36689   
"IN",1874,398,6578    
"IN",1874,400,341181  
"IN",1874,413,42712   
"IN",1874,415,2300    
"IN",1875,310,1430    
"IN",1875,311,25677   
"IN",1875,313,44949   
"IN",1875,316,1271    
"IN",1875,320,82957   
"IN",1875,322,94834   
"IN",1875,323,245721  
"IN",1875,341,15708   
"IN",1875,343,213778  
"IN",1875,345,1162    
"IN",1875,350,8000    
"IN",1875,351,1500    
"IN",1875,360,52651   
"IN",1875,361,116626  
"IN",1875,362,32710   
"IN",1875,363,174343  
"IN",1875,367,13208   
"IN",1875,390,65357   
"IN",1875,391,1433    
"IN",1875,395,210588  
"IN",1875,398,1280    
"IN",1875,400,309327  
"IN",1875,413,280417  
"IN",1875,415,2313    
"IN",1876,310,1174    
"IN",1876,311,3149    
"IN",1876,313,24974   
"IN",1876,316,1489    
"IN",1876,320,95812   
"IN",1876,322,97879   
"IN",1876,323,333471  
"IN",1876,336,1810    
"IN",1876,341,18590   
"IN",1876,343,194579  
"IN",1876,345,3921    
"IN",1876,351,10500   
"IN",1876,360,21830   
"IN",1876,362,31850   
"IN",1876,363,163052  
"IN",1876,367,11668   
"IN",1876,369,3552    
"IN",1876,390,12720   
"IN",1876,395,51290   
"IN",1876,398,5377    
"IN",1876,400,425182  
"IN",1876,410,1000    
"IN",1876,413,510000  
"IN",1877,310,1086    
"IN",1877,311,3897    
"IN",1877,313,27882   
"IN",1877,316,2238    
"IN",1877,320,105019  
"IN",1877,322,98193   
"IN",1877,323,276287  
"IN",1877,340,709     
"IN",1877,341,21130   
"IN",1877,343,403348  
"IN",1877,345,4388    
"IN",1877,350,1450    
"IN",1877,351,6550    
"IN",1877,360,41058   
"IN",1877,361,101990  
"IN",1877,362,31836   
"IN",1877,363,167128  
"IN",1877,364,806     
"IN",1877,367,13109   
"IN",1877,369,5971    
"IN",1877,390,49308   
"IN",1877,395,1074    
"IN",1877,398,1017    
"IN",1877,400,235421  
"IN",1877,410,200000  
"IN",1877,413,58600   
"IN",1878,310,970     
"IN",1878,311,1902307 
"IN",1878,313,29930   
"IN",1878,316,3431    
"IN",1878,318,6520    
"IN",1878,320,79600   
"IN",1878,322,94376   
"IN",1878,323,312931  
"IN",1878,341,19374   
"IN",1878,343,194586  
"IN",1878,345,4419    
"IN",1878,350,177     
"IN",1878,351,17800   
"IN",1878,360,37846   
"IN",1878,362,26161   
"IN",1878,363,169079  
"IN",1878,367,26295   
"IN",1878,390,1151    
"IN",1878,395,995     
"IN",1878,398,-436144 
"IN",1878,400,298035  
"IN",1878,401,1568    
"IN",1878,413,212760  
"IN",1879,310,1500    
"IN",1879,311,3000    
"IN",1879,313,37000   
"IN",1879,316,4511    
"IN",1879,320,35585   
"IN",1879,322,89275   
"IN",1879,323,215461  
"IN",1879,341,17092   
"IN",1879,343,182720  
"IN",1879,345,2377    
"IN",1879,351,6100    
"IN",1879,360,8335    
"IN",1879,361,107132  
"IN",1879,362,31923   
"IN",1879,363,206609  
"IN",1879,365,500     
"IN",1879,367,349034  
"IN",1879,369,11127   
"IN",1879,390,4657    
"IN",1879,395,9946    
"IN",1879,398,-949560 
"IN",1879,400,293009  
"IN",1879,401,1940136 
"IN",1879,413,520357  
"IN",1880,310,1000    
"IN",1880,311,2005904 
"IN",1880,313,23094   
"IN",1880,320,77742   
"IN",1880,322,85385   
"IN",1880,323,249222  
"IN",1880,340,16894   
"IN",1880,343,212920  
"IN",1880,345,3957    
"IN",1880,351,5100    
"IN",1880,360,20965   
"IN",1880,362,37344   
"IN",1880,363,170680  
"IN",1880,367,181845  
"IN",1880,390,3805    
"IN",1880,395,973     
"IN",1880,398,-235895 
"IN",1880,400,289165  
"IN",1881,290,517     
"IN",1881,310,1000    
"IN",1881,311,1925744 
"IN",1881,313,28174   
"IN",1881,316,13825   
"IN",1881,320,82910   
"IN",1881,322,300458  
"IN",1881,323,8673    
"IN",1881,341,17090   
"IN",1881,343,220403  
"IN",1881,344,770     
"IN",1881,345,3127    
"IN",1881,350,1513    
"IN",1881,351,4500    
"IN",1881,360,27696   
"IN",1881,361,146626  
"IN",1881,362,34836   
"IN",1881,363,202240  
"IN",1881,364,863     
"IN",1881,367,291534  
"IN",1881,369,2397    
"IN",1881,390,151002  
"IN",1881,395,518     
"IN",1881,398,-338511 
"IN",1881,400,290156  
"IN",1881,401,6       
"IN",1881,413,9021    
"IN",1883,311,1883085 
"IN",1883,313,45000   
"IN",1883,316,9827    
"IN",1883,320,93377   
"IN",1883,322,94553   
"IN",1883,323,284562  
"IN",1883,336,4440    
"IN",1883,341,19101   
"IN",1883,343,253750  
"IN",1883,344,1500    
"IN",1883,345,2667    
"IN",1883,350,1024    
"IN",1883,351,14107   
"IN",1883,361,102066  
"IN",1883,362,34893   
"IN",1883,363,206169  
"IN",1883,367,457946  
"IN",1883,369,32081   
"IN",1883,390,56623   
"IN",1883,395,3212    
"IN",1883,398,-632570 
"IN",1883,400,391115  
"IN",1883,413,39550   
"IN",1884,310,1512    
"IN",1884,311,2133    
"IN",1884,313,28753   
"IN",1884,316,3262    
"IN",1884,320,26416   
"IN",1884,322,107344  
"IN",1884,323,471385  
"IN",1884,343,282516  
"IN",1884,344,1500    
"IN",1884,345,2003    
"IN",1884,350,1800    
"IN",1884,351,1563    
"IN",1884,360,60      
"IN",1884,362,33335   
"IN",1884,363,224616  
"IN",1884,367,423922  
"IN",1884,369,24176   
"IN",1884,390,58      
"IN",1884,395,1911439 
"IN",1884,398,-330377 
"IN",1884,400,285115  
"IN",1884,413,19307   
"IN",1885,310,1200    
"IN",1885,311,1972897 
"IN",1885,313,123236  
"IN",1885,316,56050   
"IN",1885,320,37200   
"IN",1885,322,98280   
"IN",1885,323,702723  
"IN",1885,343,262015  
"IN",1885,344,1570    
"IN",1885,345,8943    
"IN",1885,350,6918    
"IN",1885,351,3051    
"IN",1885,361,147732  
"IN",1885,362,42271   
"IN",1885,363,222672  
"IN",1885,364,837     
"IN",1885,367,423033  
"IN",1885,369,39007   
"IN",1885,395,250250  
"IN",1885,398,-290972 
"IN",1885,400,303241  
"IN",1885,413,7170    
"IN",1885,416,86232   
"IN",1886,310,1200    
"IN",1886,311,2056984 
"IN",1886,313,72317   
"IN",1886,316,3797    
"IN",1886,320,37999   
"IN",1886,322,84540   
"IN",1886,323,470320  
"IN",1886,343,288332  
"IN",1886,344,1622    
"IN",1886,345,1557    
"IN",1886,350,5000    
"IN",1886,351,2350    
"IN",1886,362,39545   
"IN",1886,363,208473  
"IN",1886,367,359228  
"IN",1886,369,30063   
"IN",1886,390,754     
"IN",1886,395,427870  
"IN",1886,398,-113445 
"IN",1886,400,194027  
"IN",1886,413,6575    
"IN",1887,310,1200    
"IN",1887,311,2039570 
"IN",1887,313,138911  
"IN",1887,316,3649    
"IN",1887,320,20326   
"IN",1887,322,148265  
"IN",1887,323,508690  
"IN",1887,343,286878  
"IN",1887,344,1500    
"IN",1887,345,2396    
"IN",1887,350,6000    
"IN",1887,351,2750    
"IN",1887,361,116914  
"IN",1887,362,43430   
"IN",1887,363,209088  
"IN",1887,367,294647  
"IN",1887,369,17883   
"IN",1887,390,9397    
"IN",1887,395,489     
"IN",1887,398,-394884 
"IN",1887,400,444993  
"IN",1887,413,195     
"IN",1888,311,1970887 
"IN",1888,313,36438   
"IN",1888,316,2350    
"IN",1888,320,251643  
"IN",1888,322,5000    
"IN",1888,323,463890  
"IN",1888,343,252938  
"IN",1888,344,1500    
"IN",1888,345,2661    
"IN",1888,350,6200    
"IN",1888,351,1800    
"IN",1888,362,30142   
"IN",1888,363,203104  
"IN",1888,367,160132  
"IN",1888,369,26789   
"IN",1888,390,405329  
"IN",1888,395,1745    
"IN",1888,398,-596208 
"IN",1888,400,346322  
"IN",1888,413,48645   
"IN",1889,311,5660514 
"IN",1889,313,194404  
"IN",1889,316,9225    
"IN",1889,320,305170  
"IN",1889,322,108952  
"IN",1889,323,467029  
"IN",1889,340,1441    
"IN",1889,343,304607  
"IN",1889,345,258773  
"IN",1889,350,11343   
"IN",1889,351,12400   
"IN",1889,361,124806  
"IN",1889,362,31015   
"IN",1889,363,22241   
"IN",1889,367,36282   
"IN",1889,369,513763  
"IN",1889,390,154806  
"IN",1889,395,3193    
"IN",1889,398,5373    
"IN",1889,400,112324  
"IN",1889,413,67380   
"IN",1890,311,2096000 
"IN",1890,313,76071   
"IN",1890,316,6264    
"IN",1890,320,336589  
"IN",1890,322,164381  
"IN",1890,323,612330  
"IN",1890,340,1000    
"IN",1890,343,313381  
"IN",1890,344,2850    
"IN",1890,345,31924   
"IN",1890,350,5316    
"IN",1890,351,12000   
"IN",1890,362,219778  
"IN",1890,363,38390   
"IN",1890,364,12290   
"IN",1890,367,17197   
"IN",1890,369,26833   
"IN",1890,390,163529  
"IN",1890,395,1731    
"IN",1890,398,1095    
"IN",1890,400,274073  
"IN",1890,413,58922   
"IN",1891,310,3237    
"IN",1891,311,2171863 
"IN",1891,313,133161  
"IN",1891,316,6616    
"IN",1891,320,345572  
"IN",1891,322,120987  
"IN",1891,323,587110  
"IN",1891,343,293053  
"IN",1891,344,9547    
"IN",1891,345,42900   
"IN",1891,350,18262   
"IN",1891,351,14092   
"IN",1891,361,104880  
"IN",1891,362,53217   
"IN",1891,363,279584  
"IN",1891,364,524     
"IN",1891,367,22344   
"IN",1891,369,59664   
"IN",1891,390,189424  
"IN",1891,391,1406    
"IN",1891,395,60813   
"IN",1891,398,7000    
"IN",1891,400,299685  
"IN",1891,410,706     
"IN",1891,413,56177   
"IN",1892,310,2613    
"IN",1892,311,2547310 
"IN",1892,313,84765   
"IN",1892,316,6554    
"IN",1892,320,248057  
"IN",1892,322,105643  
"IN",1892,323,567042  
"IN",1892,343,299417  
"IN",1892,344,7963    
"IN",1892,345,33074   
"IN",1892,350,8486    
"IN",1892,351,13799   
"IN",1892,362,46452   
"IN",1892,363,266499  
"IN",1892,364,1384    
"IN",1892,367,21471   
"IN",1892,369,50052   
"IN",1892,390,600693  
"IN",1892,395,1522    
"IN",1892,398,540     
"IN",1892,400,658012  
"IN",1892,413,82235   
"IN",1894,310,2240    
"IN",1894,311,2670466 
"IN",1894,313,170837  
"IN",1894,316,5594    
"IN",1894,320,852734  
"IN",1894,322,106410  
"IN",1894,323,568876  
"IN",1894,343,313898  
"IN",1894,344,7653    
"IN",1894,345,24881   
"IN",1894,350,27196   
"IN",1894,351,3600    
"IN",1894,362,63545   
"IN",1894,363,297844  
"IN",1894,364,13532   
"IN",1894,367,35795   
"IN",1894,369,52480   
"IN",1894,390,438073  
"IN",1894,395,1508    
"IN",1894,398,26639   
"IN",1894,400,642358  
"IN",1894,413,132295  
"IN",1895,311,3064089 
"IN",1895,313,46393   
"IN",1895,326,689937  
"IN",1895,390,17307   
"IN",1895,395,4255109 
"IN",1895,413,269169  
"IN",1896,310,107197  
"IN",1896,311,2413861 
"IN",1896,313,134431  
"IN",1896,316,9392    
"IN",1896,320,542000  
"IN",1896,322,98676   
"IN",1896,323,584491  
"IN",1896,343,313654  
"IN",1896,344,6691    
"IN",1896,345,81019   
"IN",1896,350,7135    
"IN",1896,351,13600   
"IN",1896,362,71078   
"IN",1896,363,283566  
"IN",1896,364,13088   
"IN",1896,367,33872   
"IN",1896,369,54466   
"IN",1896,390,659285  
"IN",1896,395,324     
"IN",1896,398,333     
"IN",1896,400,232887  
"IN",1896,413,702069  
"IN",1899,310,2307    
"IN",1899,311,2304979 
"IN",1899,313,337061  
"IN",1899,316,8847    
"IN",1899,320,897796  
"IN",1899,322,114156  
"IN",1899,323,612493  
"IN",1899,343,325436  
"IN",1899,344,12156   
"IN",1899,345,163919  
"IN",1899,350,10991   
"IN",1899,351,13082   
"IN",1899,360,8562    
"IN",1899,362,184250  
"IN",1899,363,304951  
"IN",1899,364,10814   
"IN",1899,367,36441   
"IN",1899,369,58537   
"IN",1899,390,989119  
"IN",1899,395,203     
"IN",1899,400,582303  
"IN",1899,413,1650    
"IN",1900,311,2309726 
"IN",1900,313,323915  
"IN",1900,320,660688  
"IN",1900,322,5697    
"IN",1900,343,14004   
"IN",1900,345,120395  
"IN",1900,350,325     
"IN",1900,351,600     
"IN",1900,361,1099    
"IN",1900,363,53      
"IN",1900,364,6545    
"IN",1900,369,50767   
"IN",1900,390,1398148 
"IN",1900,400,165090  
"IN",1900,413,83000   
"IN",1900,416,1300    
"IN",1901,310,50757   
"IN",1901,311,170201  
"IN",1901,313,287981  
"IN",1901,320,1849860 
"IN",1901,343,439652  
"IN",1901,345,115522  
"IN",1901,360,84833   
"IN",1901,362,88075   
"IN",1901,363,312152  
"IN",1901,367,36706   
"IN",1901,369,52267   
"IN",1901,390,495197  
"IN",1901,395,990617  
"IN",1901,400,144489  
"IN",1901,413,150     
"IN",1902,310,176230  
"IN",1902,311,2333669 
"IN",1902,313,227500  
"IN",1902,320,1948909 
"IN",1902,343,367585  
"IN",1902,345,60810   
"IN",1902,360,108682  
"IN",1902,362,63979   
"IN",1902,363,319722  
"IN",1902,364,9114    
"IN",1902,367,43613   
"IN",1902,369,44770   
"IN",1902,390,532765  
"IN",1902,398,-2031487
"IN",1902,400,106396  
"IN",1902,413,2035546 
"IN",1903,310,206754  
"IN",1903,311,2372238 
"IN",1903,313,272507  
"IN",1903,320,1903252 
"IN",1903,343,381216  
"IN",1903,345,78940   
"IN",1903,362,81969   
"IN",1903,363,339083  
"IN",1903,364,2070    
"IN",1903,367,47251   
"IN",1903,369,210180  
"IN",1903,390,655327  
"IN",1903,398,-2455777
"IN",1903,400,92585   
"IN",1903,413,1726282 
"IN",1904,310,161347  
"IN",1904,311,2505072 
"IN",1904,313,357177  
"IN",1904,320,2053530 
"IN",1904,343,407831  
"IN",1904,345,70105   
"IN",1904,362,86254   
"IN",1904,363,338615  
"IN",1904,364,146     
"IN",1904,367,44428   
"IN",1904,369,220969  
"IN",1904,390,761078  
"IN",1904,398,-2427868
"IN",1904,400,57223   
"IN",1904,413,1623841 
"IN",1905,310,418611  
"IN",1905,311,2612485 
"IN",1905,320,763882  
"IN",1905,350,5105    
"IN",1905,390,4616762 
"IN",1905,398,-2468882
"IN",1905,400,36186   
"IN",1905,410,458110  
"IN",1905,413,216726  
"IN",1906,310,437692  
"IN",1906,311,2493388 
"IN",1906,320,794788  
"IN",1906,390,4278295 
"IN",1906,400,37833   
"IN",1906,410,3084    
"IN",1906,413,21922   
"IN",1907,310,456887  
"IN",1907,311,2896318 
"IN",1907,320,830667  
"IN",1907,350,272     
"IN",1907,390,3694579 
"IN",1907,400,36960   
"IN",1907,410,54      
"IN",1907,413,19173   
"IN",1909,310,3455141 
"IN",1909,350,27      
"IN",1909,390,5775065 
"IN",1909,400,36758   
"IN",1910,310,477532  
"IN",1910,311,3051545 
"IN",1910,320,868497  
"IN",1910,390,6053930 
"IN",1910,398,-2851299
"IN",1910,400,36576   
"IN",1910,410,789661  
"IN",1910,413,9443    
"IN",1911,310,484346  
"IN",1911,311,3109916 
"IN",1911,320,880331  
"IN",1911,390,6462683 
"IN",1911,398,-3108468
"IN",1911,400,36700   
"IN",1911,410,388176  
"IN",1911,413,8816    
"IN",1912,310,505829  
"IN",1912,311,3202471 
"IN",1912,320,920627  
"IN",1912,350,522     
"IN",1912,390,6052538 
"IN",1912,398,-2766592
"IN",1912,400,36767   
"IN",1912,410,276254  
"IN",1913,310,520367  
"IN",1913,311,3304326 
"IN",1913,320,957736  
"IN",1913,350,656     
"IN",1913,390,6600090 
"IN",1913,398,-2559623
"IN",1913,400,36878   
"IN",1913,410,268283  
"IN",1914,310,907259  
"IN",1914,311,3317638 
"IN",1914,320,2362082 
"IN",1914,369,40916   
"IN",1914,390,3635024 
"IN",1914,400,554068  
"IN",1914,410,307802  
