"NE",1872,1,1220621.35  
"NE",1874,1,531026.94   
"NE",1876,1,1459306.18  
"NE",1878,1,1908337.4   
"NE",1880,1,1452070.57  
"NE",1882,1,1943307.64  
"NE",1886,1,3323844.1   
"NE",1888,1,4236647.98  
"NE",1890,1,4686471.5   
"NE",1892,1,3982876.11  
"NE",1894,1,4408613.58  
"NE",1896,1,3667594.95  
"NE",1898,1,4939623.45  
"NE",1900,1,5453489.86  
"NE",1902,1,7085474.86  
"NE",1904,1,7306194.95  
"NE",1906,1,10943908.82 
"NE",1908,1,12777349.78 
"NE",1910,1,10960919.5  
"NE",1912,1,10861890.03 
"NE",1914,1,12236138.87 
"NE",1916,1,14120267.61 
                        
"NE",1872,0,37490.92    
"NE",1872,11,795604.43  
"NE",1872,24,113.93     
"NE",1872,26,78870.08   
"NE",1872,29,292541.99  
"NE",1872,99,16000      
"NE",1874,0,1321.99     
"NE",1874,11,287217.03  
"NE",1874,18,280.65     
"NE",1874,26,100        
"NE",1874,29,698.25     
"NE",1874,99,241409.02  
"NE",1876,11,1214461.01 
"NE",1876,22,11728.7    
"NE",1876,24,536.53     
"NE",1876,26,5712.68    
"NE",1876,29,185598.32  
"NE",1876,99,41268.94   
"NE",1878,11,1165051.87 
"NE",1878,22,11486.28   
"NE",1878,23,1070.55    
"NE",1878,24,1286.13    
"NE",1878,26,6729.18    
"NE",1878,29,639895.51  
"NE",1878,99,82817.88   
"NE",1880,11,907466.39  
"NE",1880,22,12923.63   
"NE",1880,23,1330.38    
"NE",1880,24,47.34      
"NE",1880,26,12013.63   
"NE",1880,29,407094.96  
"NE",1880,99,111194.24  
"NE",1882,10,942675.79  
"NE",1882,11,10932.54   
"NE",1882,22,311.02     
"NE",1882,24,4.39       
"NE",1882,26,280829.04  
"NE",1882,29,708554.86  
"NE",1886,10,2083799.88 
"NE",1886,22,257.13     
"NE",1886,26,382501.94  
"NE",1886,29,857285.15  
"NE",1888,10,2050492.35 
"NE",1888,11,36412.58   
"NE",1888,22,267.9      
"NE",1888,26,854821.88  
"NE",1888,29,1294653.27 
"NE",1890,10,1955815.15 
"NE",1890,11,45458.61   
"NE",1890,22,142.55     
"NE",1890,26,1236567.75 
"NE",1890,29,1448487.44 
"NE",1892,10,2083289.75 
"NE",1892,11,46703.92   
"NE",1892,22,648.84     
"NE",1892,25,66000      
"NE",1892,26,371830.67  
"NE",1892,29,1414402.93 
"NE",1894,10,2216369.37 
"NE",1894,11,5673.33    
"NE",1894,22,315.77     
"NE",1894,25,39000      
"NE",1894,26,674579.48  
"NE",1894,29,1472675.63 
"NE",1896,10,1953337.56 
"NE",1896,11,1032.44    
"NE",1896,22,46.94      
"NE",1896,25,43000      
"NE",1896,26,443165.31  
"NE",1896,29,1227012.7  
"NE",1898,11,2553275.26 
"NE",1898,18,135        
"NE",1898,22,74564.41   
"NE",1898,23,119768.22  
"NE",1898,26,43059.5    
"NE",1898,29,2148385.46 
"NE",1898,99,435.6      
"NE",1900,0,8           
"NE",1900,11,2499069.88 
"NE",1900,18,267.6      
"NE",1900,22,121945.53  
"NE",1900,23,133756.21  
"NE",1900,26,48228.22   
"NE",1900,27,1722.19    
"NE",1900,29,2648492.23 
"NE",1902,11,2554882.17 
"NE",1902,12,64.74      
"NE",1902,18,6546.88    
"NE",1902,22,155912.99  
"NE",1902,23,146128.54  
"NE",1902,24,1438.27    
"NE",1902,26,69436.53   
"NE",1902,29,4151064.74 
"NE",1904,10,4208.14    
"NE",1904,11,2727510.66 
"NE",1904,12,5608.86    
"NE",1904,18,8945       
"NE",1904,22,193172.02  
"NE",1904,23,158419.2   
"NE",1904,24,518.92     
"NE",1904,26,107886.8   
"NE",1904,29,4087398.17 
"NE",1904,99,12527.18   
"NE",1906,10,12652.59   
"NE",1906,11,2645013.36 
"NE",1906,12,4240.48    
"NE",1906,22,289966.24  
"NE",1906,23,168468.45  
"NE",1906,24,299        
"NE",1906,26,146181.63  
"NE",1906,29,7674740.92 
"NE",1906,99,2346.15    
"NE",1908,10,13259.13   
"NE",1908,11,3152901.14 
"NE",1908,22,348646.12  
"NE",1908,23,192584.67  
"NE",1908,26,5117891.75 
"NE",1908,29,3952041.97 
"NE",1908,99,25         
"NE",1910,10,987.17     
"NE",1910,11,3384587.15 
"NE",1910,22,654140.63  
"NE",1910,23,222341.87  
"NE",1910,26,338049.07  
"NE",1910,29,6360813.61 
"NE",1912,10,8.13       
"NE",1912,11,3679700.79 
"NE",1912,22,610643.48  
"NE",1912,23,238595.55  
"NE",1912,25,77156.28   
"NE",1912,26,2975928.69 
"NE",1912,29,3279857.11 
"NE",1914,10,18.4       
"NE",1914,11,3890971.18 
"NE",1914,14,20328.48   
"NE",1914,19,8518.28    
"NE",1914,22,625301.28  
"NE",1914,23,232006.65  
"NE",1914,25,173873.36  
"NE",1914,26,4020193.52 
"NE",1914,29,3264927.72 
"NE",1916,11,4474317.37 
"NE",1916,14,26193.04   
"NE",1916,18,56280.16   
"NE",1916,19,54320.08   
"NE",1916,22,658759.98  
"NE",1916,23,234925.88  
"NE",1916,25,149757.07  
"NE",1916,26,4823279.49 
"NE",1916,29,3642434.54 
                        
"NE",1872,3,37490.92    
"NE",1872,110,741197.15 
"NE",1872,111,54407.28  
"NE",1872,244,113.93    
"NE",1872,261,6870.1    
"NE",1872,262,71999.98  
"NE",1872,290,584.89    
"NE",1872,291,34672.01  
"NE",1872,293,42300     
"NE",1872,294,78377.12  
"NE",1872,296,136607.97 
"NE",1872,999,16000     
"NE",1874,3,1321.99     
"NE",1874,110,287217.03 
"NE",1874,183,280.65    
"NE",1874,266,100       
"NE",1874,290,698.25    
"NE",1874,999,241409.02 
"NE",1876,110,1175721.89
"NE",1876,111,38739.12  
"NE",1876,223,11728.7   
"NE",1876,241,448.27    
"NE",1876,244,88.26     
"NE",1876,261,4925.18   
"NE",1876,266,787.5     
"NE",1876,290,218.9     
"NE",1876,291,86556.8   
"NE",1876,293,56808.6   
"NE",1876,294,804       
"NE",1876,298,41210.02  
"NE",1876,999,41268.94  
"NE",1878,110,1124458.08
"NE",1878,111,40593.79  
"NE",1878,223,11486.28  
"NE",1878,235,1070.55   
"NE",1878,241,1258.21   
"NE",1878,244,27.92     
"NE",1878,261,2397.19   
"NE",1878,266,4331.99   
"NE",1878,291,74749.1   
"NE",1878,293,561577.35 
"NE",1878,294,1392.71   
"NE",1878,296,2176.35   
"NE",1878,999,82817.88  
"NE",1880,110,855435.03 
"NE",1880,111,52031.36  
"NE",1880,223,2573.25   
"NE",1880,224,10129.22  
"NE",1880,225,221.16    
"NE",1880,235,1330.38   
"NE",1880,244,47.34     
"NE",1880,261,7562.15   
"NE",1880,266,4451.48   
"NE",1880,291,311626.04 
"NE",1880,293,12597.39  
"NE",1880,294,82871.53  
"NE",1880,999,111194.24 
"NE",1882,100,942675.79 
"NE",1882,110,10932.54  
"NE",1882,225,311.02    
"NE",1882,244,4.39      
"NE",1882,261,280829.04 
"NE",1882,291,688167.49 
"NE",1882,293,12031.25  
"NE",1882,294,5584.38   
"NE",1882,296,2771.74   
"NE",1886,100,2083799.88
"NE",1886,225,257.13    
"NE",1886,261,381196.71 
"NE",1886,262,1305.23   
"NE",1886,291,806106.79 
"NE",1886,294,51178.36  
"NE",1888,100,2050492.35
"NE",1888,110,36412.58  
"NE",1888,225,267.9     
"NE",1888,261,538764.77 
"NE",1888,262,35703.36  
"NE",1888,265,46024.19  
"NE",1888,266,234329.56 
"NE",1888,291,1253664.41
"NE",1888,294,40304.3   
"NE",1888,296,684.56    
"NE",1890,100,1955815.15
"NE",1890,110,45458.61  
"NE",1890,225,142.55    
"NE",1890,261,821819.54 
"NE",1890,262,186300.7  
"NE",1890,265,51726.28  
"NE",1890,266,176721.23 
"NE",1890,291,1397634.7 
"NE",1890,294,50519.6   
"NE",1890,296,333.14    
"NE",1892,100,2083289.75
"NE",1892,110,34465.87  
"NE",1892,111,12238.05  
"NE",1892,225,608.84    
"NE",1892,228,40        
"NE",1892,253,66000     
"NE",1892,261,311654.46 
"NE",1892,262,42474.33  
"NE",1892,265,2207.19   
"NE",1892,266,15494.69  
"NE",1892,291,1376899.16
"NE",1892,294,37267.43  
"NE",1892,296,236.34    
"NE",1894,100,2216369.37
"NE",1894,110,5673.33   
"NE",1894,225,315.28    
"NE",1894,228,.49       
"NE",1894,253,39000     
"NE",1894,261,625601.33 
"NE",1894,262,48170.87  
"NE",1894,265,807.28    
"NE",1894,291,1439226.07
"NE",1894,294,33206.78  
"NE",1894,296,241.78    
"NE",1894,298,1         
"NE",1896,100,1953337.56
"NE",1896,110,1032.44   
"NE",1896,225,46.94     
"NE",1896,253,43000     
"NE",1896,261,401074.01 
"NE",1896,262,41887.39  
"NE",1896,265,203.91    
"NE",1896,291,1189018.06
"NE",1896,294,37915.8   
"NE",1896,296,78.84     
"NE",1898,110,2328364.05
"NE",1898,111,224911.21 
"NE",1898,183,135       
"NE",1898,223,74545.28  
"NE",1898,225,19.13     
"NE",1898,235,119768.22 
"NE",1898,261,31958.87  
"NE",1898,265,662.41    
"NE",1898,266,10438.22  
"NE",1898,290,741.08    
"NE",1898,291,1305955.98
"NE",1898,292,15.73     
"NE",1898,293,413089.97 
"NE",1898,294,375704.99 
"NE",1898,296,44474.1   
"NE",1898,298,3         
"NE",1898,299,8400.61   
"NE",1898,999,435.6     
"NE",1900,9,8           
"NE",1900,110,2273684.7 
"NE",1900,111,225385.18 
"NE",1900,183,267.6     
"NE",1900,222,500       
"NE",1900,223,118121.53 
"NE",1900,228,3324      
"NE",1900,235,133756.21 
"NE",1900,261,43278.71  
"NE",1900,266,4949.51   
"NE",1900,270,1722.19   
"NE",1900,290,762.37    
"NE",1900,291,902163.52 
"NE",1900,292,35454.27  
"NE",1900,293,718773.84 
"NE",1900,294,907201.49 
"NE",1900,296,35068.06  
"NE",1900,298,47124.87  
"NE",1900,299,1943.81   
"NE",1902,110,2548611.82
"NE",1902,111,6270.35   
"NE",1902,122,64.74     
"NE",1902,183,6546.88   
"NE",1902,223,134058.36 
"NE",1902,228,21854.63  
"NE",1902,235,146128.54 
"NE",1902,241,1438.27   
"NE",1902,261,61623.03  
"NE",1902,266,7813.5    
"NE",1902,290,269285.6  
"NE",1902,291,805591.44 
"NE",1902,292,447.16    
"NE",1902,293,1751191.16
"NE",1902,294,1189680.98
"NE",1902,296,46141.38  
"NE",1902,298,88727.02  
"NE",1904,100,4208.14   
"NE",1904,110,2351184.89
"NE",1904,111,376325.77 
"NE",1904,122,5608.86   
"NE",1904,183,8945      
"NE",1904,223,172013.9  
"NE",1904,225,116.52    
"NE",1904,228,21041.6   
"NE",1904,235,158419.2  
"NE",1904,241,518.92    
"NE",1904,261,106990.9  
"NE",1904,265,895.9     
"NE",1904,290,1668.67   
"NE",1904,291,1073680.38
"NE",1904,292,5660.11   
"NE",1904,293,2077788.01
"NE",1904,294,872441.88 
"NE",1904,296,52159.12  
"NE",1904,299,4000      
"NE",1904,999,12527.18  
"NE",1906,100,12652.59  
"NE",1906,110,2645013.36
"NE",1906,122,4240.48   
"NE",1906,223,266251.93 
"NE",1906,228,23714.31  
"NE",1906,235,168468.45 
"NE",1906,241,299       
"NE",1906,261,143794.93 
"NE",1906,262,2310.47   
"NE",1906,265,76.23     
"NE",1906,290,388513.36 
"NE",1906,291,2017840.13
"NE",1906,293,3132815.16
"NE",1906,294,1786266   
"NE",1906,296,62990.83  
"NE",1906,298,286315.44 
"NE",1906,999,2346.15   
"NE",1908,100,13259.13  
"NE",1908,110,3152901.14
"NE",1908,223,318290.07 
"NE",1908,228,30356.05  
"NE",1908,235,192584.67 
"NE",1908,261,5117280.82
"NE",1908,262,582.23    
"NE",1908,265,28.7      
"NE",1908,290,99115.63  
"NE",1908,291,2086078.11
"NE",1908,294,1002792.57
"NE",1908,296,64434.07  
"NE",1908,298,699621.59 
"NE",1908,999,25        
"NE",1910,100,987.17    
"NE",1910,110,3384587.15
"NE",1910,223,600544.19 
"NE",1910,228,53596.44  
"NE",1910,235,222341.87 
"NE",1910,261,321915.54 
"NE",1910,264,16133.53  
"NE",1910,290,2792.39   
"NE",1910,291,1989190.16
"NE",1910,293,2400220.55
"NE",1910,294,1398544.35
"NE",1910,296,87362.74  
"NE",1910,298,482703.42 
"NE",1912,100,8.13      
"NE",1912,110,3679700.79
"NE",1912,223,525569.6  
"NE",1912,228,85073.88  
"NE",1912,235,238595.55 
"NE",1912,250,77156.28  
"NE",1912,261,2953108.33
"NE",1912,264,22820.36  
"NE",1912,290,2097.04   
"NE",1912,291,2163524.15
"NE",1912,294,777750.05 
"NE",1912,296,89317.89  
"NE",1912,298,247167.98 
"NE",1914,100,18.4      
"NE",1914,110,3890971.18
"NE",1914,145,20328.48  
"NE",1914,190,8518.28   
"NE",1914,228,625301.28 
"NE",1914,235,232006.65 
"NE",1914,250,173873.36 
"NE",1914,261,3967125.87
"NE",1914,262,17282.69  
"NE",1914,264,25295.16  
"NE",1914,266,10489.8   
"NE",1914,290,3761.26   
"NE",1914,291,2261946.99
"NE",1914,294,559452.07 
"NE",1914,296,52083.24  
"NE",1914,298,387684.16 
"NE",1916,110,4474317.37
"NE",1916,145,26193.04  
"NE",1916,180,56280.16  
"NE",1916,190,54320.08  
"NE",1916,223,658759.98 
"NE",1916,235,234925.88 
"NE",1916,250,149757.07 
"NE",1916,261,4763440.87
"NE",1916,262,32197.17  
"NE",1916,264,24876.45  
"NE",1916,266,2765      
"NE",1916,290,8501.37   
"NE",1916,291,2665268.47
"NE",1916,294,443161.63 
"NE",1916,296,1893.09   
"NE",1916,298,523609.98 
