"RI",1797,3,26540    
"RI",1799,3,43987    
"RI",1803,3,72517    
"RI",1804,3,18152    
"RI",1805,3,2493     
"RI",1806,3,19921    
"RI",1807,3,8574     
"RI",1808,3,20446    
"RI",1809,3,8681     
"RI",1810,3,5232     
"RI",1811,3,17093    
"RI",1812,3,6385     
"RI",1813,3,9452     
"RI",1814,3,19416    
"RI",1815,3,43470    
"RI",1816,3,40594    
"RI",1817,3,11045    
"RI",1818,3,11855    
"RI",1819,3,9757     
"RI",1820,3,10404    
"RI",1821,3,10545    
"RI",1822,3,-15225   
"RI",1823,3,12458    
"RI",1824,3,22071    
"RI",1825,3,19898    
"RI",1826,3,13909    
"RI",1827,3,15427    
"RI",1828,3,32504    
"RI",1829,3,32689    
"RI",1830,3,32214    
"RI",1831,3,31373    
"RI",1832,3,25361    
"RI",1833,3,43752    
"RI",1834,3,33627    
"RI",1835,3,36758    
"RI",1836,3,46497    
"RI",1837,3,72964    
"RI",1838,3,72535    
"RI",1839,3,71942    
"RI",1840,3,63452    
"RI",1841,3,63282    
"RI",1842,3,148856   
"RI",1843,3,136667   
"RI",1844,3,71480    
"RI",1845,3,108391   
"RI",1846,3,90978    
"RI",1847,3,74395    
"RI",1848,3,78550    
"RI",1849,3,166774   
"RI",1850,3,103884   
"RI",1851,3,109063   
"RI",1852,3,117756   
"RI",1853,3,119514   
"RI",1854,3,136226   
"RI",1855,3,101491   
"RI",1856,3,115812   
"RI",1857,3,210468   
"RI",1858,3,212332   
"RI",1859,3,530712   
"RI",1860,3,269095   
"RI",1861,3,4093546  
"RI",1862,3,4051531  
"RI",1863,3,2683650  
"RI",1864,3,6412002  
"RI",1865,3,3128605  
"RI",1866,3,3184554  
"RI",1867,3,674287   
"RI",1868,3,303803.5 
"RI",1869,3,666873.5 
"RI",1870,3,617696.5 
"RI",1871,3,775329.5 
"RI",1872,3,702888.5 
"RI",1873,3,742213.5 
"RI",1874,3,721360.5 
"RI",1875,3,640255   
"RI",1876,3,1106277  
"RI",1877,3,1021126  
"RI",1878,3,1402026  
"RI",1879,3,805627   
"RI",1880,3,751636   
"RI",1881,3,794685   
"RI",1882,3,774490   
"RI",1883,3,889921   
"RI",1884,3,822934   
"RI",1885,3,851674   
"RI",1886,3,811502   
"RI",1887,3,852701   
"RI",1888,3,895652   
"RI",1889,3,937092   
"RI",1890,3,1169600  
"RI",1891,3,1209156  
"RI",1892,3,1130833  
"RI",1893,3,1016989  
"RI",1894,3,1077498  
"RI",1895,3,984123   
"RI",1896,3,1378665  
"RI",1897,3,1325771  
"RI",1898,3,1496477  
"RI",1899,3,946726   
"RI",1900,3,1141348  
                     
"RI",1797,36,26540   
"RI",1799,36,43987   
"RI",1803,36,72517   
"RI",1804,36,18152   
"RI",1805,36,2493    
"RI",1806,36,19921   
"RI",1807,36,8574    
"RI",1808,36,20446   
"RI",1809,36,8681    
"RI",1810,36,5232    
"RI",1811,36,7093    
"RI",1811,41,10000   
"RI",1812,36,6385    
"RI",1813,36,9452    
"RI",1814,34,15408   
"RI",1814,36,4008    
"RI",1815,34,31332   
"RI",1815,36,12138   
"RI",1816,0,17871    
"RI",1816,41,22723   
"RI",1817,0,6500     
"RI",1817,32,4545    
"RI",1818,0,11855    
"RI",1819,0,9757     
"RI",1820,0,10380    
"RI",1820,41,24      
"RI",1821,0,10131    
"RI",1821,41,414     
"RI",1822,0,-15266   
"RI",1822,41,41      
"RI",1823,0,12458    
"RI",1824,0,18970    
"RI",1824,40,101     
"RI",1824,41,3000    
"RI",1825,0,19898    
"RI",1826,0,13909    
"RI",1827,0,15427    
"RI",1828,0,9026     
"RI",1828,31,23478   
"RI",1829,0,10622    
"RI",1829,31,22067   
"RI",1830,0,9455     
"RI",1830,31,22759   
"RI",1831,0,22116    
"RI",1831,31,9257    
"RI",1832,0,12468    
"RI",1832,36,12893   
"RI",1833,31,9856    
"RI",1833,36,22735   
"RI",1833,39,1000    
"RI",1833,41,10161   
"RI",1834,31,10112   
"RI",1834,33,867     
"RI",1834,36,19310   
"RI",1834,39,3338    
"RI",1835,31,9968    
"RI",1835,36,20466   
"RI",1835,41,6324    
"RI",1836,31,9824    
"RI",1836,34,9054    
"RI",1836,36,23947   
"RI",1836,41,3672    
"RI",1837,31,10112   
"RI",1837,34,35110   
"RI",1837,36,27742   
"RI",1838,31,11390   
"RI",1838,34,27692   
"RI",1838,36,33322   
"RI",1838,40,131     
"RI",1839,29,1015    
"RI",1839,31,27822   
"RI",1839,34,7463    
"RI",1839,36,31538   
"RI",1839,40,1415    
"RI",1839,41,2689    
"RI",1840,31,25125   
"RI",1840,34,6029    
"RI",1840,36,30160   
"RI",1840,40,2138    
"RI",1841,31,25000   
"RI",1841,34,3000    
"RI",1841,36,35282   
"RI",1841,39,0       
"RI",1842,31,25000   
"RI",1842,32,100     
"RI",1842,34,8899    
"RI",1842,36,32957   
"RI",1842,39,76943   
"RI",1842,40,306     
"RI",1842,41,4651    
"RI",1843,31,47797   
"RI",1843,32,100     
"RI",1843,34,20881   
"RI",1843,36,28826   
"RI",1843,39,33089   
"RI",1843,40,5050    
"RI",1843,41,924     
"RI",1844,31,24970   
"RI",1844,32,100     
"RI",1844,33,296     
"RI",1844,34,11904   
"RI",1844,36,30451   
"RI",1844,39,3525    
"RI",1844,40,234     
"RI",1845,29,59      
"RI",1845,31,27042   
"RI",1845,33,292     
"RI",1845,34,14418   
"RI",1845,36,37341   
"RI",1845,39,3601    
"RI",1845,40,638     
"RI",1845,41,25000   
"RI",1846,29,16252   
"RI",1846,31,25016   
"RI",1846,32,396     
"RI",1846,34,14068   
"RI",1846,36,28853   
"RI",1846,39,4719    
"RI",1846,40,1674    
"RI",1847,31,24332   
"RI",1847,32,25      
"RI",1847,34,9985    
"RI",1847,36,30665   
"RI",1847,39,8617    
"RI",1847,40,771     
"RI",1848,31,26623   
"RI",1848,32,1843    
"RI",1848,34,8369    
"RI",1848,36,35209   
"RI",1848,39,3738    
"RI",1848,40,2768    
"RI",1849,31,24547   
"RI",1849,32,205     
"RI",1849,34,6849    
"RI",1849,36,33496   
"RI",1849,39,4146    
"RI",1849,40,26262   
"RI",1849,41,71269   
"RI",1850,31,45300   
"RI",1850,32,1983    
"RI",1850,33,14      
"RI",1850,34,8149    
"RI",1850,36,34759   
"RI",1850,39,9075    
"RI",1850,40,87      
"RI",1850,41,4517    
"RI",1851,29,10      
"RI",1851,31,36091   
"RI",1851,32,745     
"RI",1851,34,16800   
"RI",1851,36,36661   
"RI",1851,39,7148    
"RI",1851,41,11608   
"RI",1852,11,8       
"RI",1852,31,39037   
"RI",1852,32,3273    
"RI",1852,34,24599   
"RI",1852,36,44135   
"RI",1852,39,6704    
"RI",1853,31,41084   
"RI",1853,32,1852    
"RI",1853,33,191     
"RI",1853,34,23043   
"RI",1853,36,42078   
"RI",1853,39,9284    
"RI",1853,41,1982    
"RI",1854,31,58388   
"RI",1854,32,1064    
"RI",1854,34,10742   
"RI",1854,36,49323   
"RI",1854,39,16709   
"RI",1855,31,51328   
"RI",1855,32,583     
"RI",1855,33,100     
"RI",1855,34,13301   
"RI",1855,36,29712   
"RI",1855,39,5692    
"RI",1855,40,775     
"RI",1856,31,4821    
"RI",1856,32,1344    
"RI",1856,33,5014    
"RI",1856,34,29287   
"RI",1856,36,60811   
"RI",1856,39,13698   
"RI",1856,41,837     
"RI",1857,31,50041   
"RI",1857,34,9242    
"RI",1857,36,120327  
"RI",1857,41,30858   
"RI",1858,31,49997   
"RI",1858,36,124078  
"RI",1858,41,38257   
"RI",1859,0,175491   
"RI",1859,31,114247  
"RI",1859,32,22360   
"RI",1859,33,2300    
"RI",1859,34,37950   
"RI",1859,36,135273  
"RI",1859,39,27050   
"RI",1859,41,16041   
"RI",1860,31,101749  
"RI",1860,32,10345   
"RI",1860,34,32572   
"RI",1860,36,74530   
"RI",1860,39,21508   
"RI",1860,41,28391   
"RI",1861,31,52537   
"RI",1861,32,14189   
"RI",1861,34,3883955 
"RI",1861,36,73600   
"RI",1861,39,18895   
"RI",1861,41,50370   
"RI",1862,31,52402   
"RI",1862,32,13810   
"RI",1862,34,3875356 
"RI",1862,36,69197   
"RI",1862,39,10611   
"RI",1862,41,30155   
"RI",1863,31,52516   
"RI",1863,32,14137   
"RI",1863,33,1150    
"RI",1863,34,2520886 
"RI",1863,36,66633   
"RI",1863,39,13328   
"RI",1863,40,15000   
"RI",1864,0,450020   
"RI",1864,31,59723   
"RI",1864,34,5630218 
"RI",1864,36,133852  
"RI",1864,39,138189  
"RI",1865,31,46719   
"RI",1865,34,2407018 
"RI",1865,36,95248   
"RI",1865,40,468620  
"RI",1865,41,111000  
"RI",1866,31,49694   
"RI",1866,34,2407018 
"RI",1866,36,148222  
"RI",1866,40,468620  
"RI",1866,41,111000  
"RI",1867,31,48997   
"RI",1867,34,468629  
"RI",1867,36,102849  
"RI",1867,41,53812   
"RI",1868,31,50347   
"RI",1868,34,51037.5 
"RI",1868,36,202419  
"RI",1869,31,72672   
"RI",1869,32,18363   
"RI",1869,34,77118.5 
"RI",1869,36,108512  
"RI",1869,39,14249   
"RI",1869,40,182384  
"RI",1869,41,193575  
"RI",1870,31,92921   
"RI",1870,32,88039   
"RI",1870,33,185     
"RI",1870,34,81458.5 
"RI",1870,36,108016  
"RI",1870,39,44845   
"RI",1870,40,173209  
"RI",1870,41,29023   
"RI",1871,31,93666   
"RI",1871,32,94313   
"RI",1871,34,78263.5 
"RI",1871,36,111513  
"RI",1871,39,87403   
"RI",1871,40,183171  
"RI",1871,41,127000  
"RI",1872,31,102157  
"RI",1872,32,81339   
"RI",1872,34,75659.5 
"RI",1872,36,140068  
"RI",1872,39,66046   
"RI",1872,40,164619  
"RI",1872,41,73000   
"RI",1873,22,14      
"RI",1873,31,109559  
"RI",1873,32,108346  
"RI",1873,34,88124.5 
"RI",1873,35,1292    
"RI",1873,36,156832  
"RI",1873,39,43797   
"RI",1873,40,159249  
"RI",1873,41,75000   
"RI",1874,31,109247  
"RI",1874,32,127965  
"RI",1874,34,80144.5 
"RI",1874,35,2086    
"RI",1874,36,138489  
"RI",1874,39,38480   
"RI",1874,40,149949  
"RI",1874,41,75000   
"RI",1875,22,5150    
"RI",1875,31,35100   
"RI",1875,32,82000   
"RI",1875,34,139944  
"RI",1875,35,413     
"RI",1875,36,109294  
"RI",1875,39,9774    
"RI",1875,40,77580   
"RI",1875,41,181000  
"RI",1876,31,109097  
"RI",1876,32,106907  
"RI",1876,34,169596  
"RI",1876,35,1137    
"RI",1876,36,369793  
"RI",1876,39,14787   
"RI",1876,40,153960  
"RI",1876,41,181000  
"RI",1877,31,109353  
"RI",1877,32,112113  
"RI",1877,34,165732  
"RI",1877,35,472     
"RI",1877,36,286850  
"RI",1877,39,13686   
"RI",1877,40,151920  
"RI",1877,41,181000  
"RI",1878,31,115344  
"RI",1878,32,127122  
"RI",1878,34,301896  
"RI",1878,35,190     
"RI",1878,36,339506  
"RI",1878,39,110318  
"RI",1878,40,226650  
"RI",1878,41,181000  
"RI",1879,31,105757  
"RI",1879,32,94295   
"RI",1879,34,67791   
"RI",1879,35,52      
"RI",1879,36,159897  
"RI",1879,39,22397   
"RI",1879,40,153013  
"RI",1879,41,202425  
"RI",1880,31,108010  
"RI",1880,32,105046  
"RI",1880,34,68093   
"RI",1880,36,151827  
"RI",1880,39,64672   
"RI",1880,40,153988  
"RI",1880,41,100000  
"RI",1881,31,108052  
"RI",1881,32,137118  
"RI",1881,34,87781   
"RI",1881,35,248     
"RI",1881,36,155774  
"RI",1881,39,58532   
"RI",1881,40,147180  
"RI",1881,41,100000  
"RI",1882,31,108798  
"RI",1882,32,148788  
"RI",1882,34,78549   
"RI",1882,35,13      
"RI",1882,36,167824  
"RI",1882,39,38518   
"RI",1882,40,132000  
"RI",1882,41,100000  
"RI",1883,26,500     
"RI",1883,31,108763  
"RI",1883,32,186351  
"RI",1883,34,47600   
"RI",1883,35,98      
"RI",1883,36,161274  
"RI",1883,39,55014   
"RI",1883,40,100340  
"RI",1883,41,229981  
"RI",1884,31,128686  
"RI",1884,32,166852  
"RI",1884,34,48785   
"RI",1884,35,43      
"RI",1884,36,176663  
"RI",1884,39,119045  
"RI",1884,40,82860   
"RI",1884,41,100000  
"RI",1885,26,1375    
"RI",1885,31,141104  
"RI",1885,32,194892  
"RI",1885,34,33228   
"RI",1885,35,271     
"RI",1885,36,173941  
"RI",1885,39,124993  
"RI",1885,40,81870   
"RI",1885,41,100000  
"RI",1886,26,1356    
"RI",1886,31,141763  
"RI",1886,32,218716  
"RI",1886,34,32550   
"RI",1886,35,1418    
"RI",1886,36,189079  
"RI",1886,39,44750   
"RI",1886,40,81870   
"RI",1886,41,100000  
"RI",1887,31,143092  
"RI",1887,32,214032  
"RI",1887,34,32653   
"RI",1887,35,2305    
"RI",1887,36,208430  
"RI",1887,39,71429   
"RI",1887,40,80760   
"RI",1887,41,100000  
"RI",1888,26,1500    
"RI",1888,31,143729  
"RI",1888,32,220336  
"RI",1888,34,34685   
"RI",1888,35,1951    
"RI",1888,36,203697  
"RI",1888,39,111244  
"RI",1888,40,78510   
"RI",1888,41,100000  
"RI",1889,26,1684    
"RI",1889,31,145645  
"RI",1889,32,262115  
"RI",1889,34,41863   
"RI",1889,35,2780    
"RI",1889,36,215409  
"RI",1889,39,141246  
"RI",1889,40,76350   
"RI",1889,41,50000   
"RI",1890,26,2000    
"RI",1890,29,40      
"RI",1890,31,148207  
"RI",1890,32,271802  
"RI",1890,33,5714    
"RI",1890,34,45873   
"RI",1890,35,47924   
"RI",1890,36,238439  
"RI",1890,39,282171  
"RI",1890,40,77430   
"RI",1890,41,50000   
"RI",1891,26,2000    
"RI",1891,31,182218  
"RI",1891,32,295924  
"RI",1891,34,45556   
"RI",1891,35,4028    
"RI",1891,36,278795  
"RI",1891,39,273745  
"RI",1891,40,76890   
"RI",1891,41,50000   
"RI",1892,26,2207    
"RI",1892,29,48      
"RI",1892,31,179691  
"RI",1892,32,317864  
"RI",1892,34,51190   
"RI",1892,35,11117   
"RI",1892,36,298151  
"RI",1892,39,143795  
"RI",1892,40,76770   
"RI",1892,41,50000   
"RI",1893,26,2500    
"RI",1893,31,154323  
"RI",1893,32,359598  
"RI",1893,34,45548   
"RI",1893,35,36387   
"RI",1893,36,288048  
"RI",1893,38,403     
"RI",1893,39,2782    
"RI",1893,40,77400   
"RI",1893,41,50000   
"RI",1894,26,21975   
"RI",1894,31,175077  
"RI",1894,32,312439  
"RI",1894,34,46178   
"RI",1894,35,126977  
"RI",1894,36,287924  
"RI",1894,38,500     
"RI",1894,39,1000    
"RI",1894,40,55428   
"RI",1894,41,50000   
"RI",1895,26,21999   
"RI",1895,31,167265  
"RI",1895,32,294804  
"RI",1895,34,47830   
"RI",1895,35,27518   
"RI",1895,36,320036  
"RI",1895,38,500     
"RI",1895,39,893     
"RI",1895,40,53278   
"RI",1895,41,50000   
"RI",1896,26,22621   
"RI",1896,29,197     
"RI",1896,31,171928  
"RI",1896,32,348127  
"RI",1896,33,48946   
"RI",1896,34,66376   
"RI",1896,35,28664   
"RI",1896,36,337996  
"RI",1896,38,782     
"RI",1896,39,280528  
"RI",1896,40,52500   
"RI",1896,41,20000   
"RI",1897,26,23239   
"RI",1897,29,2454    
"RI",1897,31,174714  
"RI",1897,32,364501  
"RI",1897,34,63312   
"RI",1897,35,23657   
"RI",1897,36,341482  
"RI",1897,38,950     
"RI",1897,39,258962  
"RI",1897,40,52500   
"RI",1897,41,20000   
"RI",1898,26,23725   
"RI",1898,31,203453  
"RI",1898,32,375278  
"RI",1898,33,1398    
"RI",1898,34,53601   
"RI",1898,35,26650   
"RI",1898,36,390819  
"RI",1898,38,950     
"RI",1898,39,292103  
"RI",1898,40,58500   
"RI",1898,41,70000   
"RI",1899,26,23985   
"RI",1899,31,228129  
"RI",1899,32,309926  
"RI",1899,34,10149   
"RI",1899,35,25000   
"RI",1899,36,347054  
"RI",1899,38,1283    
"RI",1899,39,1200    
"RI",1900,26,24762   
"RI",1900,31,232631  
"RI",1900,32,338674  
"RI",1900,34,62907   
"RI",1900,35,20498   
"RI",1900,36,345665  
"RI",1900,38,1600    
"RI",1900,39,311     
"RI",1900,40,82300   
"RI",1900,41,32000   
                     
"RI",1797,360,26540  
"RI",1799,360,43987  
"RI",1803,360,72517  
"RI",1804,360,18152  
"RI",1805,360,2493   
"RI",1806,360,19921  
"RI",1807,360,8574   
"RI",1808,360,20446  
"RI",1809,360,8681   
"RI",1810,360,5232   
"RI",1811,360,7093   
"RI",1811,413,10000  
"RI",1812,360,6385   
"RI",1813,360,9452   
"RI",1814,345,15408  
"RI",1814,360,4008   
"RI",1815,345,31332  
"RI",1815,360,12138  
"RI",1816,0,17871    
"RI",1816,413,22723  
"RI",1817,0,6500     
"RI",1817,320,4545   
"RI",1818,0,11855    
"RI",1819,0,9757     
"RI",1820,0,10380    
"RI",1820,413,24     
"RI",1821,0,10131    
"RI",1821,413,414    
"RI",1822,0,-15266   
"RI",1822,413,41     
"RI",1823,0,12458    
"RI",1824,0,18970    
"RI",1824,400,101    
"RI",1824,412,3000   
"RI",1825,0,19898    
"RI",1826,0,13909    
"RI",1827,0,15427    
"RI",1828,0,9026     
"RI",1828,311,23478  
"RI",1829,0,10622    
"RI",1829,311,22067  
"RI",1830,0,9455     
"RI",1830,311,22759  
"RI",1831,0,22116    
"RI",1831,311,9257   
"RI",1832,0,12468    
"RI",1832,360,2075   
"RI",1832,361,8612   
"RI",1832,363,2206   
"RI",1833,311,9856   
"RI",1833,360,3550   
"RI",1833,361,9470   
"RI",1833,362,649    
"RI",1833,363,9066   
"RI",1833,398,1000   
"RI",1833,415,10161  
"RI",1834,311,10112  
"RI",1834,331,867    
"RI",1834,360,3550   
"RI",1834,361,8958   
"RI",1834,362,18     
"RI",1834,363,6784   
"RI",1834,398,3338   
"RI",1835,311,9968   
"RI",1835,360,2826   
"RI",1835,361,11114  
"RI",1835,362,16     
"RI",1835,363,6510   
"RI",1835,415,6324   
"RI",1836,311,9824   
"RI",1836,343,9054   
"RI",1836,360,4076   
"RI",1836,361,12572  
"RI",1836,362,9      
"RI",1836,363,7290   
"RI",1836,415,3672   
"RI",1837,311,10112  
"RI",1837,343,35110  
"RI",1837,360,3400   
"RI",1837,361,16137  
"RI",1837,362,8      
"RI",1837,363,8197   
"RI",1838,311,11390  
"RI",1838,343,27692  
"RI",1838,360,3800   
"RI",1838,361,21438  
"RI",1838,362,16     
"RI",1838,363,8068   
"RI",1838,400,131    
"RI",1839,291,1015   
"RI",1839,311,27822  
"RI",1839,343,7463   
"RI",1839,360,3438   
"RI",1839,361,18915  
"RI",1839,362,10     
"RI",1839,363,9175   
"RI",1839,400,1415   
"RI",1839,415,2689   
"RI",1840,311,25125  
"RI",1840,343,6029   
"RI",1840,360,3401   
"RI",1840,361,19070  
"RI",1840,362,12     
"RI",1840,363,7677   
"RI",1840,400,2138   
"RI",1841,311,25000  
"RI",1841,343,3000   
"RI",1841,360,3763   
"RI",1841,361,23711  
"RI",1841,362,15     
"RI",1841,363,7793   
"RI",1841,390,0      
"RI",1842,311,25000  
"RI",1842,320,100    
"RI",1842,343,7290   
"RI",1842,345,1609   
"RI",1842,360,6082   
"RI",1842,361,19171  
"RI",1842,362,300    
"RI",1842,363,6939   
"RI",1842,369,465    
"RI",1842,398,76943  
"RI",1842,400,306    
"RI",1842,412,4651   
"RI",1843,311,47797  
"RI",1843,320,100    
"RI",1843,343,7549   
"RI",1843,345,13332  
"RI",1843,360,4180   
"RI",1843,361,10192  
"RI",1843,362,0      
"RI",1843,363,13336  
"RI",1843,369,1118   
"RI",1843,398,33089  
"RI",1843,400,5050   
"RI",1843,410,924    
"RI",1844,311,24970  
"RI",1844,320,100    
"RI",1844,336,296    
"RI",1844,343,9029   
"RI",1844,345,2875   
"RI",1844,360,4071   
"RI",1844,361,8850   
"RI",1844,362,1148   
"RI",1844,363,15734  
"RI",1844,369,648    
"RI",1844,398,3525   
"RI",1844,400,234    
"RI",1845,296,59     
"RI",1845,311,27042  
"RI",1845,336,292    
"RI",1845,343,9829   
"RI",1845,345,4589   
"RI",1845,360,3950   
"RI",1845,361,6758   
"RI",1845,362,10     
"RI",1845,363,12384  
"RI",1845,369,14239  
"RI",1845,398,3601   
"RI",1845,400,638    
"RI",1845,412,25000  
"RI",1846,293,16252  
"RI",1846,311,25016  
"RI",1846,320,396    
"RI",1846,343,11285  
"RI",1846,345,2783   
"RI",1846,360,4900   
"RI",1846,361,5982   
"RI",1846,362,18     
"RI",1846,363,17034  
"RI",1846,369,919    
"RI",1846,398,4719   
"RI",1846,400,1674   
"RI",1847,311,24332  
"RI",1847,320,25     
"RI",1847,343,8719   
"RI",1847,345,1266   
"RI",1847,360,5624   
"RI",1847,361,6928   
"RI",1847,362,31     
"RI",1847,363,17129  
"RI",1847,369,953    
"RI",1847,398,8617   
"RI",1847,400,771    
"RI",1848,311,26623  
"RI",1848,320,293    
"RI",1848,322,1550   
"RI",1848,343,7427   
"RI",1848,345,942    
"RI",1848,360,5162   
"RI",1848,361,7067   
"RI",1848,362,22     
"RI",1848,363,19792  
"RI",1848,369,3166   
"RI",1848,398,3738   
"RI",1848,400,2768   
"RI",1849,311,24547  
"RI",1849,320,205    
"RI",1849,343,6233   
"RI",1849,345,616    
"RI",1849,360,7422   
"RI",1849,361,6435   
"RI",1849,362,822    
"RI",1849,363,18672  
"RI",1849,369,145    
"RI",1849,398,4146   
"RI",1849,400,1262   
"RI",1849,401,25000  
"RI",1849,412,30942  
"RI",1849,414,40327  
"RI",1850,311,45300  
"RI",1850,320,100    
"RI",1850,322,1883   
"RI",1850,336,14     
"RI",1850,343,7995   
"RI",1850,345,154    
"RI",1850,360,4875   
"RI",1850,361,7081   
"RI",1850,362,557    
"RI",1850,363,21247  
"RI",1850,369,999    
"RI",1850,395,40     
"RI",1850,398,9035   
"RI",1850,400,87     
"RI",1850,412,4517   
"RI",1851,290,10     
"RI",1851,311,36091  
"RI",1851,320,45     
"RI",1851,322,700    
"RI",1851,343,15266  
"RI",1851,345,1534   
"RI",1851,360,5237   
"RI",1851,361,6722   
"RI",1851,362,1100   
"RI",1851,363,16159  
"RI",1851,367,4150   
"RI",1851,369,3293   
"RI",1851,398,7148   
"RI",1851,412,11608  
"RI",1852,110,8      
"RI",1852,311,39037  
"RI",1852,320,3273   
"RI",1852,343,23112  
"RI",1852,345,1487   
"RI",1852,360,5770   
"RI",1852,361,9343   
"RI",1852,362,2508   
"RI",1852,363,24476  
"RI",1852,369,2038   
"RI",1852,395,36     
"RI",1852,398,6668   
"RI",1853,311,41084  
"RI",1853,320,1852   
"RI",1853,334,191    
"RI",1853,343,18750  
"RI",1853,345,4293   
"RI",1853,360,7996   
"RI",1853,361,11581  
"RI",1853,362,2254   
"RI",1853,363,20076  
"RI",1853,369,171    
"RI",1853,398,9284   
"RI",1853,412,1982   
"RI",1854,311,56764  
"RI",1854,313,1624   
"RI",1854,320,1064   
"RI",1854,343,7291   
"RI",1854,345,3451   
"RI",1854,360,9504   
"RI",1854,361,12379  
"RI",1854,362,7033   
"RI",1854,363,20407  
"RI",1854,398,16709  
"RI",1855,311,49296  
"RI",1855,313,2032   
"RI",1855,320,583    
"RI",1855,331,100    
"RI",1855,343,13301  
"RI",1855,360,6716   
"RI",1855,361,3256   
"RI",1855,362,6160   
"RI",1855,363,13565  
"RI",1855,369,15     
"RI",1855,398,5692   
"RI",1855,400,775    
"RI",1856,311,1441   
"RI",1856,313,3380   
"RI",1856,320,1344   
"RI",1856,330,5000   
"RI",1856,334,14     
"RI",1856,343,26657  
"RI",1856,345,2630   
"RI",1856,360,15987  
"RI",1856,361,8792   
"RI",1856,362,7589   
"RI",1856,363,22260  
"RI",1856,369,6183   
"RI",1856,398,13698  
"RI",1856,413,837    
"RI",1857,311,50041  
"RI",1857,343,2500   
"RI",1857,345,6742   
"RI",1857,360,17589  
"RI",1857,361,19383  
"RI",1857,362,594    
"RI",1857,363,29690  
"RI",1857,369,53071  
"RI",1857,413,30858  
"RI",1858,311,49997  
"RI",1858,360,21211  
"RI",1858,361,18179  
"RI",1858,362,68     
"RI",1858,363,30048  
"RI",1858,365,876    
"RI",1858,369,53696  
"RI",1858,413,38257  
"RI",1859,0,175491   
"RI",1859,311,111247 
"RI",1859,313,3000   
"RI",1859,320,11100  
"RI",1859,322,2146   
"RI",1859,323,9114   
"RI",1859,333,500    
"RI",1859,334,1800   
"RI",1859,343,23309  
"RI",1859,345,14641  
"RI",1859,360,38401  
"RI",1859,361,28185  
"RI",1859,362,319    
"RI",1859,363,66264  
"RI",1859,365,1509   
"RI",1859,369,595    
"RI",1859,398,27050  
"RI",1859,413,16041  
"RI",1860,311,98764  
"RI",1860,313,2985   
"RI",1860,321,100    
"RI",1860,322,4161   
"RI",1860,323,6084   
"RI",1860,341,2871   
"RI",1860,343,18936  
"RI",1860,345,10765  
"RI",1860,360,19545  
"RI",1860,361,16425  
"RI",1860,362,33     
"RI",1860,363,36776  
"RI",1860,369,1751   
"RI",1860,390,15532  
"RI",1860,398,5976   
"RI",1860,413,28391  
"RI",1861,311,49997  
"RI",1861,313,2540   
"RI",1861,320,100    
"RI",1861,322,3974   
"RI",1861,323,10115  
"RI",1861,341,2117   
"RI",1861,343,9801   
"RI",1861,345,3872037
"RI",1861,360,19168  
"RI",1861,361,11789  
"RI",1861,362,20     
"RI",1861,363,40927  
"RI",1861,369,1696   
"RI",1861,398,18895  
"RI",1861,413,50370  
"RI",1862,311,49997  
"RI",1862,313,2405   
"RI",1862,322,3772   
"RI",1862,323,10038  
"RI",1862,341,2405   
"RI",1862,343,10077  
"RI",1862,345,3862874
"RI",1862,360,20093  
"RI",1862,361,13849  
"RI",1862,362,162    
"RI",1862,363,34082  
"RI",1862,369,1011   
"RI",1862,398,10611  
"RI",1862,413,30155  
"RI",1863,311,49997  
"RI",1863,313,2519   
"RI",1863,322,8444   
"RI",1863,323,5693   
"RI",1863,331,1150   
"RI",1863,343,12911  
"RI",1863,345,2507975
"RI",1863,360,18332  
"RI",1863,361,16974  
"RI",1863,362,350    
"RI",1863,363,27033  
"RI",1863,365,1156   
"RI",1863,367,372    
"RI",1863,369,2416   
"RI",1863,398,13328  
"RI",1863,400,15000  
"RI",1864,0,450020   
"RI",1864,311,59723  
"RI",1864,343,309    
"RI",1864,345,5629909
"RI",1864,360,20308  
"RI",1864,361,21173  
"RI",1864,362,101    
"RI",1864,363,24591  
"RI",1864,365,949    
"RI",1864,369,66730  
"RI",1864,398,138189 
"RI",1865,311,46719  
"RI",1865,345,2407018
"RI",1865,360,15612  
"RI",1865,361,10693  
"RI",1865,362,114    
"RI",1865,363,17553  
"RI",1865,369,51276  
"RI",1865,400,468620 
"RI",1865,413,111000 
"RI",1866,311,49694  
"RI",1866,345,2407018
"RI",1866,360,22137  
"RI",1866,361,28317  
"RI",1866,362,114    
"RI",1866,363,25830  
"RI",1866,369,71824  
"RI",1866,400,468620 
"RI",1866,413,111000 
"RI",1867,311,48997  
"RI",1867,345,468629 
"RI",1867,360,19553  
"RI",1867,361,9139   
"RI",1867,362,531    
"RI",1867,363,18551  
"RI",1867,369,55075  
"RI",1867,413,53812  
"RI",1868,311,50347  
"RI",1868,343,5050   
"RI",1868,345,45987.5
"RI",1868,360,25471  
"RI",1868,361,21217  
"RI",1868,362,122    
"RI",1868,363,29231  
"RI",1868,365,4718   
"RI",1868,367,17983  
"RI",1868,369,103677 
"RI",1869,311,70300  
"RI",1869,313,1175   
"RI",1869,316,1197   
"RI",1869,320,250    
"RI",1869,323,18113  
"RI",1869,343,26613  
"RI",1869,345,50505.5
"RI",1869,360,26784  
"RI",1869,361,13574  
"RI",1869,362,352    
"RI",1869,363,43248  
"RI",1869,367,796    
"RI",1869,369,23758  
"RI",1869,398,14249  
"RI",1869,400,182384 
"RI",1869,413,193575 
"RI",1870,310,20     
"RI",1870,311,90800  
"RI",1870,313,780    
"RI",1870,316,1321   
"RI",1870,320,69750  
"RI",1870,323,18289  
"RI",1870,331,185    
"RI",1870,343,28904  
"RI",1870,345,52554.5
"RI",1870,360,27883  
"RI",1870,361,15753  
"RI",1870,362,598    
"RI",1870,363,42841  
"RI",1870,365,44     
"RI",1870,367,1227   
"RI",1870,369,19670  
"RI",1870,398,44845  
"RI",1870,400,173209 
"RI",1870,413,29023  
"RI",1871,310,6      
"RI",1871,311,90800  
"RI",1871,313,885    
"RI",1871,316,1975   
"RI",1871,320,80250  
"RI",1871,323,14063  
"RI",1871,343,25424  
"RI",1871,345,52839.5
"RI",1871,360,29618  
"RI",1871,361,15947  
"RI",1871,362,1249   
"RI",1871,363,45221  
"RI",1871,367,982    
"RI",1871,369,18496  
"RI",1871,398,87403  
"RI",1871,400,183171 
"RI",1871,413,127000 
"RI",1872,311,91692  
"RI",1872,313,8370   
"RI",1872,316,2095   
"RI",1872,320,71250  
"RI",1872,323,10089  
"RI",1872,343,22972  
"RI",1872,345,52687.5
"RI",1872,360,33625  
"RI",1872,361,27580  
"RI",1872,362,1748   
"RI",1872,363,45514  
"RI",1872,365,462    
"RI",1872,367,1389   
"RI",1872,369,29750  
"RI",1872,398,66046  
"RI",1872,400,164619 
"RI",1872,413,73000  
"RI",1873,220,14     
"RI",1873,310,2440   
"RI",1873,311,90943  
"RI",1873,313,13880  
"RI",1873,316,2296   
"RI",1873,320,101100 
"RI",1873,323,7246   
"RI",1873,343,21666  
"RI",1873,345,66458.5
"RI",1873,351,1292   
"RI",1873,360,45582  
"RI",1873,361,27804  
"RI",1873,362,1321   
"RI",1873,363,57473  
"RI",1873,367,2450   
"RI",1873,369,22202  
"RI",1873,398,43797  
"RI",1873,400,159249 
"RI",1873,413,75000  
"RI",1874,311,5384   
"RI",1874,313,102077 
"RI",1874,316,1786   
"RI",1874,320,123300 
"RI",1874,323,4665   
"RI",1874,343,23882  
"RI",1874,345,56262.5
"RI",1874,351,2086   
"RI",1874,360,43351  
"RI",1874,361,14875  
"RI",1874,362,1231   
"RI",1874,363,54362  
"RI",1874,367,1536   
"RI",1874,369,23134  
"RI",1874,398,38480  
"RI",1874,400,149949 
"RI",1874,413,75000  
"RI",1875,220,5150   
"RI",1875,311,27625  
"RI",1875,313,6396   
"RI",1875,316,1079   
"RI",1875,320,75300  
"RI",1875,323,6700   
"RI",1875,343,139038 
"RI",1875,345,906    
"RI",1875,351,413    
"RI",1875,360,37045  
"RI",1875,361,6170   
"RI",1875,362,362    
"RI",1875,363,25028  
"RI",1875,367,21120  
"RI",1875,369,19569  
"RI",1875,398,9774   
"RI",1875,400,77580  
"RI",1875,411,181000 
"RI",1876,310,1968   
"RI",1876,311,90418  
"RI",1876,313,14784  
"RI",1876,316,1927   
"RI",1876,320,97300  
"RI",1876,323,9607   
"RI",1876,343,153774 
"RI",1876,345,15822  
"RI",1876,351,1137   
"RI",1876,360,71065  
"RI",1876,361,19937  
"RI",1876,362,672    
"RI",1876,363,51559  
"RI",1876,367,188760 
"RI",1876,369,37800  
"RI",1876,398,14787  
"RI",1876,400,153960 
"RI",1876,411,181000 
"RI",1877,310,1717   
"RI",1877,311,90734  
"RI",1877,313,15387  
"RI",1877,316,1515   
"RI",1877,320,300    
"RI",1877,323,11302  
"RI",1877,324,100511 
"RI",1877,343,148797 
"RI",1877,345,16935  
"RI",1877,351,472    
"RI",1877,360,64797  
"RI",1877,361,17290  
"RI",1877,362,890    
"RI",1877,363,55835  
"RI",1877,367,122292 
"RI",1877,369,25746  
"RI",1877,398,13686  
"RI",1877,400,151920 
"RI",1877,411,181000 
"RI",1878,310,3032   
"RI",1878,311,90746  
"RI",1878,313,20490  
"RI",1878,316,1076   
"RI",1878,320,300    
"RI",1878,322,1346   
"RI",1878,323,18706  
"RI",1878,324,106770 
"RI",1878,343,281168 
"RI",1878,345,20728  
"RI",1878,351,190    
"RI",1878,360,110056 
"RI",1878,361,18124  
"RI",1878,362,1641   
"RI",1878,363,102240 
"RI",1878,367,72404  
"RI",1878,369,35041  
"RI",1878,398,110318 
"RI",1878,400,226650 
"RI",1878,411,181000 
"RI",1879,310,3131   
"RI",1879,311,90617  
"RI",1879,313,11276  
"RI",1879,316,733    
"RI",1879,320,100    
"RI",1879,322,1529   
"RI",1879,323,71452  
"RI",1879,324,21214  
"RI",1879,343,49791  
"RI",1879,345,18000  
"RI",1879,351,52     
"RI",1879,360,66583  
"RI",1879,361,14513  
"RI",1879,362,996    
"RI",1879,363,51185  
"RI",1879,367,5686   
"RI",1879,369,20934  
"RI",1879,398,22397  
"RI",1879,400,153013 
"RI",1879,411,100000 
"RI",1879,412,102425 
"RI",1880,310,2634   
"RI",1880,311,92107  
"RI",1880,313,10306  
"RI",1880,316,2963   
"RI",1880,320,62     
"RI",1880,322,1957   
"RI",1880,323,103027 
"RI",1880,343,31365  
"RI",1880,345,36728  
"RI",1880,360,64750  
"RI",1880,361,16182  
"RI",1880,362,617    
"RI",1880,363,44884  
"RI",1880,367,5664   
"RI",1880,369,19730  
"RI",1880,398,64672  
"RI",1880,400,153988 
"RI",1880,411,100000 
"RI",1881,310,420    
"RI",1881,311,94451  
"RI",1881,313,10297  
"RI",1881,316,2884   
"RI",1881,322,1498   
"RI",1881,323,135620 
"RI",1881,343,64619  
"RI",1881,345,23162  
"RI",1881,351,248    
"RI",1881,360,63267  
"RI",1881,361,17583  
"RI",1881,362,151    
"RI",1881,363,46245  
"RI",1881,367,5013   
"RI",1881,369,23515  
"RI",1881,398,58532  
"RI",1881,400,147180 
"RI",1881,411,100000 
"RI",1882,310,3465   
"RI",1882,311,91790  
"RI",1882,313,10288  
"RI",1882,316,3255   
"RI",1882,320,134681 
"RI",1882,322,1463   
"RI",1882,323,12644  
"RI",1882,343,57371  
"RI",1882,345,21178  
"RI",1882,351,13     
"RI",1882,360,63715  
"RI",1882,361,17291  
"RI",1882,362,234    
"RI",1882,363,63022  
"RI",1882,367,4992   
"RI",1882,369,18570  
"RI",1882,398,38518  
"RI",1882,400,132000 
"RI",1882,411,100000 
"RI",1883,261,500    
"RI",1883,310,1677   
"RI",1883,311,91617  
"RI",1883,313,10454  
"RI",1883,316,5015   
"RI",1883,320,172745 
"RI",1883,322,1115   
"RI",1883,323,12491  
"RI",1883,343,24607  
"RI",1883,345,22993  
"RI",1883,351,98     
"RI",1883,360,67397  
"RI",1883,361,12057  
"RI",1883,362,1285   
"RI",1883,363,54829  
"RI",1883,367,5391   
"RI",1883,369,20315  
"RI",1883,398,55014  
"RI",1883,400,100340 
"RI",1883,411,229981 
"RI",1884,310,2267   
"RI",1884,311,109693 
"RI",1884,313,11999  
"RI",1884,316,4727   
"RI",1884,320,150092 
"RI",1884,322,1471   
"RI",1884,323,15289  
"RI",1884,343,24836  
"RI",1884,345,23949  
"RI",1884,351,43     
"RI",1884,360,68892  
"RI",1884,361,17608  
"RI",1884,362,1689   
"RI",1884,363,60453  
"RI",1884,367,5404   
"RI",1884,369,22617  
"RI",1884,398,119045 
"RI",1884,400,82860  
"RI",1884,411,100000 
"RI",1885,261,1375   
"RI",1885,310,2904   
"RI",1885,311,121633 
"RI",1885,313,11998  
"RI",1885,316,4569   
"RI",1885,320,179183 
"RI",1885,322,4600   
"RI",1885,323,11109  
"RI",1885,343,9250   
"RI",1885,345,23978  
"RI",1885,351,271    
"RI",1885,360,69063  
"RI",1885,361,18735  
"RI",1885,362,1318   
"RI",1885,363,50122  
"RI",1885,367,5469   
"RI",1885,369,29234  
"RI",1885,398,124993 
"RI",1885,400,81870  
"RI",1885,411,100000 
"RI",1886,261,1356   
"RI",1886,310,3230   
"RI",1886,311,121167 
"RI",1886,313,12494  
"RI",1886,316,4872   
"RI",1886,320,195524 
"RI",1886,322,5153   
"RI",1886,323,18039  
"RI",1886,343,3782   
"RI",1886,345,28768  
"RI",1886,350,1197   
"RI",1886,351,221    
"RI",1886,360,78633  
"RI",1886,361,18306  
"RI",1886,362,1737   
"RI",1886,363,57333  
"RI",1886,367,8475   
"RI",1886,369,24595  
"RI",1886,398,44750  
"RI",1886,400,81870  
"RI",1886,411,100000 
"RI",1887,310,3388   
"RI",1887,311,122099 
"RI",1887,313,12499  
"RI",1887,316,5106   
"RI",1887,320,193520 
"RI",1887,322,5240   
"RI",1887,323,15272  
"RI",1887,343,3682   
"RI",1887,345,28971  
"RI",1887,350,1103   
"RI",1887,351,1202   
"RI",1887,360,86350  
"RI",1887,361,23060  
"RI",1887,362,1980   
"RI",1887,363,58953  
"RI",1887,367,9322   
"RI",1887,369,28765  
"RI",1887,398,71429  
"RI",1887,400,80760  
"RI",1887,411,100000 
"RI",1888,261,1500   
"RI",1888,310,3299   
"RI",1888,311,121990 
"RI",1888,313,12976  
"RI",1888,316,5464   
"RI",1888,320,202006 
"RI",1888,322,5718   
"RI",1888,323,12612  
"RI",1888,343,5687   
"RI",1888,345,28998  
"RI",1888,350,889    
"RI",1888,351,1062   
"RI",1888,360,88711  
"RI",1888,361,14475  
"RI",1888,362,2143   
"RI",1888,363,58981  
"RI",1888,367,9519   
"RI",1888,369,29868  
"RI",1888,398,111244 
"RI",1888,400,78510  
"RI",1888,411,100000 
"RI",1889,261,1684   
"RI",1889,310,3916   
"RI",1889,311,121738 
"RI",1889,313,13739  
"RI",1889,316,6252   
"RI",1889,320,241469 
"RI",1889,322,6577   
"RI",1889,323,14069  
"RI",1889,340,7526   
"RI",1889,343,5732   
"RI",1889,345,28605  
"RI",1889,350,651    
"RI",1889,351,2129   
"RI",1889,360,89604  
"RI",1889,361,23384  
"RI",1889,362,886    
"RI",1889,363,58877  
"RI",1889,367,9351   
"RI",1889,369,33307  
"RI",1889,398,141246 
"RI",1889,400,76350  
"RI",1889,411,50000  
"RI",1890,261,2000   
"RI",1890,290,40     
"RI",1890,310,5014   
"RI",1890,311,121823 
"RI",1890,313,14998  
"RI",1890,316,6372   
"RI",1890,320,249194 
"RI",1890,322,7674   
"RI",1890,323,14934  
"RI",1890,334,5714   
"RI",1890,343,6608   
"RI",1890,345,39265  
"RI",1890,350,45366  
"RI",1890,351,2558   
"RI",1890,360,103634 
"RI",1890,361,22504  
"RI",1890,362,1208   
"RI",1890,363,59258  
"RI",1890,367,10689  
"RI",1890,369,41146  
"RI",1890,398,282171 
"RI",1890,400,77430  
"RI",1890,411,50000  
"RI",1891,261,2000   
"RI",1891,310,5741   
"RI",1891,311,154654 
"RI",1891,313,14997  
"RI",1891,316,6826   
"RI",1891,320,273728 
"RI",1891,322,7384   
"RI",1891,323,14812  
"RI",1891,343,7562   
"RI",1891,345,37994  
"RI",1891,350,689    
"RI",1891,351,3339   
"RI",1891,360,117812 
"RI",1891,361,24921  
"RI",1891,362,2019   
"RI",1891,363,69958  
"RI",1891,367,15640  
"RI",1891,369,48445  
"RI",1891,398,273745 
"RI",1891,400,76890  
"RI",1891,411,50000  
"RI",1892,261,2207   
"RI",1892,290,48     
"RI",1892,310,6188   
"RI",1892,311,132633 
"RI",1892,313,15998  
"RI",1892,316,24872  
"RI",1892,320,287889 
"RI",1892,322,14918  
"RI",1892,323,15057  
"RI",1892,343,7386   
"RI",1892,345,43804  
"RI",1892,350,936    
"RI",1892,351,10181  
"RI",1892,360,122899 
"RI",1892,361,30729  
"RI",1892,362,2521   
"RI",1892,363,75189  
"RI",1892,367,11542  
"RI",1892,369,55271  
"RI",1892,398,143795 
"RI",1892,400,76770  
"RI",1892,411,50000  
"RI",1893,261,2500   
"RI",1893,310,6807   
"RI",1893,311,122298 
"RI",1893,313,18000  
"RI",1893,316,7218   
"RI",1893,320,323910 
"RI",1893,322,23895  
"RI",1893,323,11793  
"RI",1893,343,8495   
"RI",1893,345,37053  
"RI",1893,350,400    
"RI",1893,351,35987  
"RI",1893,360,118997 
"RI",1893,361,25712  
"RI",1893,362,3352   
"RI",1893,363,75722  
"RI",1893,367,12899  
"RI",1893,369,51366  
"RI",1893,380,403    
"RI",1893,398,2782   
"RI",1893,400,77400  
"RI",1893,411,50000  
"RI",1894,260,19032  
"RI",1894,261,2943   
"RI",1894,310,7135   
"RI",1894,311,142443 
"RI",1894,313,19999  
"RI",1894,316,5500   
"RI",1894,320,299011 
"RI",1894,322,13428  
"RI",1894,343,7628   
"RI",1894,345,38550  
"RI",1894,351,126977 
"RI",1894,360,127173 
"RI",1894,361,42206  
"RI",1894,362,2788   
"RI",1894,363,77595  
"RI",1894,367,8163   
"RI",1894,369,29999  
"RI",1894,380,500    
"RI",1894,398,1000   
"RI",1894,400,55428  
"RI",1894,411,50000  
"RI",1895,260,20462  
"RI",1895,261,1537   
"RI",1895,310,5785   
"RI",1895,311,132583 
"RI",1895,313,21000  
"RI",1895,316,7897   
"RI",1895,320,268855 
"RI",1895,322,18192  
"RI",1895,323,7757   
"RI",1895,343,8300   
"RI",1895,345,39530  
"RI",1895,350,417    
"RI",1895,351,27101  
"RI",1895,360,131864 
"RI",1895,361,36111  
"RI",1895,362,2103   
"RI",1895,363,88961  
"RI",1895,367,8560   
"RI",1895,369,52437  
"RI",1895,380,500    
"RI",1895,398,893    
"RI",1895,400,53278  
"RI",1895,411,50000  
"RI",1896,260,19621  
"RI",1896,261,3000   
"RI",1896,290,197    
"RI",1896,310,7586   
"RI",1896,311,133111 
"RI",1896,313,21583  
"RI",1896,316,9648   
"RI",1896,320,310439 
"RI",1896,322,30086  
"RI",1896,323,7602   
"RI",1896,331,48946  
"RI",1896,340,552    
"RI",1896,343,7747   
"RI",1896,345,58077  
"RI",1896,350,3157   
"RI",1896,351,24507  
"RI",1896,352,1000   
"RI",1896,360,134007 
"RI",1896,361,48816  
"RI",1896,362,2436   
"RI",1896,363,81133  
"RI",1896,367,15596  
"RI",1896,369,56008  
"RI",1896,380,782    
"RI",1896,398,280528 
"RI",1896,400,52500  
"RI",1896,411,20000  
"RI",1897,260,20239  
"RI",1897,261,3000   
"RI",1897,290,2454   
"RI",1897,310,7710   
"RI",1897,311,133263 
"RI",1897,313,25837  
"RI",1897,316,7904   
"RI",1897,320,323642 
"RI",1897,322,40859  
"RI",1897,340,505    
"RI",1897,343,11877  
"RI",1897,345,50930  
"RI",1897,350,2379   
"RI",1897,351,21278  
"RI",1897,360,138385 
"RI",1897,361,27249  
"RI",1897,362,2000   
"RI",1897,363,97529  
"RI",1897,367,18060  
"RI",1897,369,58259  
"RI",1897,380,950    
"RI",1897,398,258962 
"RI",1897,400,52500  
"RI",1897,411,20000  
"RI",1898,260,20470  
"RI",1898,261,3255   
"RI",1898,310,7967   
"RI",1898,311,154096 
"RI",1898,313,32997  
"RI",1898,316,8393   
"RI",1898,320,334396 
"RI",1898,322,32882  
"RI",1898,323,8000   
"RI",1898,331,1398   
"RI",1898,340,500    
"RI",1898,343,10470  
"RI",1898,345,42631  
"RI",1898,350,2259   
"RI",1898,351,24391  
"RI",1898,360,145304 
"RI",1898,361,40659  
"RI",1898,362,3110   
"RI",1898,363,121173 
"RI",1898,367,19152  
"RI",1898,369,61421  
"RI",1898,380,950    
"RI",1898,398,292103 
"RI",1898,400,58500  
"RI",1898,411,20000  
"RI",1898,413,50000  
"RI",1899,260,20485  
"RI",1899,261,3500   
"RI",1899,310,7095   
"RI",1899,311,140553 
"RI",1899,313,74145  
"RI",1899,316,6336   
"RI",1899,320,291729 
"RI",1899,322,18197  
"RI",1899,340,600    
"RI",1899,343,6554   
"RI",1899,345,2995   
"RI",1899,350,1500   
"RI",1899,351,22500  
"RI",1899,352,1000   
"RI",1899,360,147129 
"RI",1899,361,46489  
"RI",1899,362,3862   
"RI",1899,363,113577 
"RI",1899,369,35997  
"RI",1899,380,1283   
"RI",1899,398,1200   
"RI",1900,260,21262  
"RI",1900,261,3500   
"RI",1900,310,6128   
"RI",1900,311,139478 
"RI",1900,313,80150  
"RI",1900,316,6875   
"RI",1900,320,305034 
"RI",1900,322,33640  
"RI",1900,340,600    
"RI",1900,343,11499  
"RI",1900,345,50808  
"RI",1900,350,500    
"RI",1900,351,19998  
"RI",1900,360,147872 
"RI",1900,361,36127  
"RI",1900,362,3397   
"RI",1900,363,112775 
"RI",1900,369,45494  
"RI",1900,380,1600   
"RI",1900,398,311    
"RI",1900,400,82300  
"RI",1900,411,32000  
