"TN",1844,3,450528   
"TN",1846,3,598040   
"TN",1848,3,751848   
"TN",1850,3,770900   
"TN",1852,3,859344   
"TN",1854,3,1154305  
"TN",1856,3,735396   
"TN",1857,3,546359   
"TN",1858,3,750762   
"TN",1859,3,953494   
"TN",1860,3,771542   
"TN",1861,3,684929   
"TN",1862,3,23549    
"TN",1863,3,51233    
"TN",1864,3,55971    
"TN",1865,3,23804    
"TN",1866,3,1674695  
"TN",1868,3,2907942  
"TN",1869,3,2834596  
"TN",1871,3,1807252  
"TN",1872,3,2429857  
"TN",1875,3,4715793  
"TN",1877,3,1661786  
"TN",1879,3,1400314  
"TN",1881,3,1584673  
"TN",1883,3,1765068  
"TN",1885,3,3291301  
"TN",1887,3,3408766  
"TN",1889,3,3877469  
"TN",1891,3,4035303  
"TN",1893,3,3523048  
"TN",1895,3,3774513  
"TN",1897,3,4599180  
"TN",1901,3,4975873  
"TN",1903,3,5018367  
"TN",1905,3,6424696  
"TN",1907,3,7289292  
"TN",1911,3,8259211  
"TN",1913,3,9765578  
"TN",1915,3,10350231 
                     
"TN",1844,31,213331  
"TN",1844,32,16760   
"TN",1844,35,26182   
"TN",1844,36,176027  
"TN",1844,39,11066   
"TN",1844,41,7162    
"TN",1846,31,258605  
"TN",1846,32,14450   
"TN",1846,33,3151    
"TN",1846,34,823     
"TN",1846,35,2725    
"TN",1846,36,216757  
"TN",1846,39,9012    
"TN",1846,40,60611   
"TN",1846,41,31906   
"TN",1848,31,388260  
"TN",1848,32,21801   
"TN",1848,34,2845    
"TN",1848,35,9001    
"TN",1848,36,204946  
"TN",1848,39,18983   
"TN",1848,40,3861    
"TN",1848,41,102151  
"TN",1850,31,240928  
"TN",1850,32,107566  
"TN",1850,34,18674   
"TN",1850,35,1192    
"TN",1850,36,273444  
"TN",1850,39,13075   
"TN",1850,40,82085   
"TN",1850,41,33936   
"TN",1852,31,279621  
"TN",1852,32,93072   
"TN",1852,33,13992   
"TN",1852,34,31349   
"TN",1852,35,3403    
"TN",1852,36,275328  
"TN",1852,39,826     
"TN",1852,40,36753   
"TN",1852,41,125000  
"TN",1854,31,316360  
"TN",1854,32,106857  
"TN",1854,33,6000    
"TN",1854,34,10212   
"TN",1854,35,6007    
"TN",1854,36,301337  
"TN",1854,39,6749    
"TN",1854,40,400783  
"TN",1856,31,195070  
"TN",1856,32,90363   
"TN",1856,34,40582   
"TN",1856,35,6709    
"TN",1856,36,199579  
"TN",1856,39,12827   
"TN",1856,40,190266  
"TN",1857,31,219588  
"TN",1857,32,69000   
"TN",1857,33,2136    
"TN",1857,34,19205   
"TN",1857,35,9445    
"TN",1857,36,124090  
"TN",1857,39,17324   
"TN",1857,40,80571   
"TN",1857,41,5000    
"TN",1858,31,262857  
"TN",1858,32,77900   
"TN",1858,33,1000    
"TN",1858,34,24760   
"TN",1858,35,13556   
"TN",1858,36,255111  
"TN",1858,39,6071    
"TN",1858,40,64107   
"TN",1858,41,45400   
"TN",1859,31,217447  
"TN",1859,32,32613   
"TN",1859,33,6864    
"TN",1859,34,11107   
"TN",1859,35,13205   
"TN",1859,36,170033  
"TN",1859,39,13450   
"TN",1859,40,393151  
"TN",1859,41,95624   
"TN",1860,31,245973  
"TN",1860,32,74588   
"TN",1860,33,57664   
"TN",1860,34,2650    
"TN",1860,35,14211   
"TN",1860,36,267597  
"TN",1860,39,18358   
"TN",1860,40,89001   
"TN",1860,41,1500    
"TN",1861,31,204762  
"TN",1861,32,40021   
"TN",1861,33,38252   
"TN",1861,34,13147   
"TN",1861,35,10461   
"TN",1861,36,200975  
"TN",1861,39,19204   
"TN",1861,40,158107  
"TN",1862,31,400     
"TN",1862,32,7221    
"TN",1862,36,15928   
"TN",1863,31,4901    
"TN",1863,32,35566   
"TN",1863,36,10766   
"TN",1864,31,1784    
"TN",1864,32,19461   
"TN",1864,34,1100    
"TN",1864,36,32896   
"TN",1864,41,730     
"TN",1865,31,96      
"TN",1865,32,7314    
"TN",1865,36,16394   
"TN",1866,31,10987   
"TN",1866,32,70671   
"TN",1866,33,1807    
"TN",1866,34,545825  
"TN",1866,35,35      
"TN",1866,36,172015  
"TN",1866,39,94130   
"TN",1866,40,779225  
"TN",1868,31,63865   
"TN",1868,32,53259   
"TN",1868,33,4625    
"TN",1868,34,164234  
"TN",1868,35,460     
"TN",1868,36,580647  
"TN",1868,39,12915   
"TN",1868,40,2026140 
"TN",1868,41,1797    
"TN",1869,31,477236  
"TN",1869,32,41248   
"TN",1869,34,301779  
"TN",1869,35,1011    
"TN",1869,36,405905  
"TN",1869,39,44808   
"TN",1869,40,1492331 
"TN",1869,41,70278   
"TN",1871,31,122024  
"TN",1871,32,98234   
"TN",1871,33,784     
"TN",1871,34,33938   
"TN",1871,35,16944   
"TN",1871,36,381630  
"TN",1871,39,856639  
"TN",1871,40,34011   
"TN",1871,41,263048  
"TN",1872,31,313261  
"TN",1872,32,62158   
"TN",1872,33,22917   
"TN",1872,34,47825   
"TN",1872,35,78561   
"TN",1872,36,540433  
"TN",1872,39,833777  
"TN",1872,40,124024  
"TN",1872,41,406901  
"TN",1875,31,171174  
"TN",1875,32,184202  
"TN",1875,33,7366    
"TN",1875,34,60589   
"TN",1875,35,141256  
"TN",1875,36,871697  
"TN",1875,39,464044  
"TN",1875,40,1731097 
"TN",1875,41,1084368 
"TN",1877,31,102926  
"TN",1877,32,119014  
"TN",1877,33,3274    
"TN",1877,34,27007   
"TN",1877,35,40075   
"TN",1877,36,776772  
"TN",1877,39,144194  
"TN",1877,40,448424  
"TN",1877,41,100     
"TN",1879,31,92217   
"TN",1879,32,108598  
"TN",1879,33,1165    
"TN",1879,34,18580   
"TN",1879,35,17587   
"TN",1879,36,766720  
"TN",1879,39,10356   
"TN",1879,40,383449  
"TN",1879,41,1642    
"TN",1881,31,116741  
"TN",1881,32,94948   
"TN",1881,33,3448    
"TN",1881,34,18738   
"TN",1881,35,41174   
"TN",1881,36,796995  
"TN",1881,39,9783    
"TN",1881,40,482373  
"TN",1881,41,20473   
"TN",1883,31,117049  
"TN",1883,32,215809  
"TN",1883,33,12147   
"TN",1883,34,32976   
"TN",1883,35,49133   
"TN",1883,36,764605  
"TN",1883,39,20594   
"TN",1883,40,548051  
"TN",1883,41,4704    
"TN",1885,31,130215  
"TN",1885,32,306765  
"TN",1885,33,8208    
"TN",1885,34,27166   
"TN",1885,35,47411   
"TN",1885,36,821279  
"TN",1885,39,35311   
"TN",1885,40,1327953 
"TN",1885,41,586993  
"TN",1887,31,133636  
"TN",1887,32,374333  
"TN",1887,33,3586    
"TN",1887,34,23861   
"TN",1887,35,29595   
"TN",1887,36,719792  
"TN",1887,39,16900   
"TN",1887,40,1471442 
"TN",1887,41,635621  
"TN",1889,31,161979  
"TN",1889,32,440603  
"TN",1889,33,4571    
"TN",1889,34,31521   
"TN",1889,35,32263   
"TN",1889,36,769383  
"TN",1889,39,10803   
"TN",1889,40,1593068 
"TN",1889,41,833278  
"TN",1891,31,195831  
"TN",1891,32,476673  
"TN",1891,33,6827    
"TN",1891,34,183985  
"TN",1891,35,26552   
"TN",1891,36,823130  
"TN",1891,39,411452  
"TN",1891,40,1445432 
"TN",1891,41,465421  
"TN",1893,31,257814  
"TN",1893,32,438995  
"TN",1893,33,4000    
"TN",1893,34,311519  
"TN",1893,35,23235   
"TN",1893,36,930896  
"TN",1893,39,62190   
"TN",1893,40,1417009 
"TN",1893,41,77390   
"TN",1895,31,270659  
"TN",1895,32,495140  
"TN",1895,33,20      
"TN",1895,34,575415  
"TN",1895,35,26771   
"TN",1895,36,979906  
"TN",1895,39,23363   
"TN",1895,40,1365854 
"TN",1895,41,37385   
"TN",1897,31,307450  
"TN",1897,32,513772  
"TN",1897,33,15429   
"TN",1897,34,629284  
"TN",1897,35,24870   
"TN",1897,36,987498  
"TN",1897,39,69327   
"TN",1897,40,1425188 
"TN",1897,41,626362  
"TN",1901,31,369332  
"TN",1901,32,693182  
"TN",1901,33,30831   
"TN",1901,34,693622  
"TN",1901,35,66516   
"TN",1901,36,865273  
"TN",1901,39,31906   
"TN",1901,40,1326491 
"TN",1901,41,898720  
"TN",1903,31,375916  
"TN",1903,32,794631  
"TN",1903,33,49161   
"TN",1903,34,658520  
"TN",1903,35,78478   
"TN",1903,36,848036  
"TN",1903,39,52812   
"TN",1903,40,1559244 
"TN",1903,41,601569  
"TN",1905,31,398585  
"TN",1905,32,1024205 
"TN",1905,33,24827   
"TN",1905,34,706326  
"TN",1905,35,116775  
"TN",1905,36,875856  
"TN",1905,39,112527  
"TN",1905,40,2023599 
"TN",1905,41,1141996 
"TN",1907,31,487852  
"TN",1907,32,1409727 
"TN",1907,33,30224   
"TN",1907,34,845499  
"TN",1907,35,195962  
"TN",1907,36,1004255 
"TN",1907,39,51277   
"TN",1907,40,1851233 
"TN",1907,41,1413263 
"TN",1911,31,2584824 
"TN",1911,32,2190285 
"TN",1911,33,22273   
"TN",1911,34,937433  
"TN",1911,35,278692  
"TN",1911,36,1186957 
"TN",1911,39,19741   
"TN",1911,40,1039006 
"TN",1911,41,0       
"TN",1913,31,3018793 
"TN",1913,32,2415641 
"TN",1913,33,39992   
"TN",1913,34,1065224 
"TN",1913,35,342856  
"TN",1913,36,1328920 
"TN",1913,39,82057   
"TN",1913,40,1240515 
"TN",1913,41,231580  
"TN",1915,31,3021885 
"TN",1915,32,2472363 
"TN",1915,33,40249   
"TN",1915,34,1145819 
"TN",1915,35,427752  
"TN",1915,36,1491428 
"TN",1915,39,187951  
"TN",1915,40,1512138 
"TN",1915,41,50646   
                     
"TN",1844,311,213331 
"TN",1844,322,2435   
"TN",1844,323,14325  
"TN",1844,350,26182  
"TN",1844,361,8825   
"TN",1844,362,14856  
"TN",1844,363,72268  
"TN",1844,364,523    
"TN",1844,366,56543  
"TN",1844,367,8000   
"TN",1844,369,15012  
"TN",1844,390,2750   
"TN",1844,398,8316   
"TN",1844,414,7162   
"TN",1846,311,258605 
"TN",1846,323,14450  
"TN",1846,334,3034   
"TN",1846,337,117    
"TN",1846,343,823    
"TN",1846,350,2725   
"TN",1846,361,22871  
"TN",1846,362,12774  
"TN",1846,363,69722  
"TN",1846,365,2451   
"TN",1846,366,56938  
"TN",1846,367,41500  
"TN",1846,369,10501  
"TN",1846,390,997    
"TN",1846,391,227    
"TN",1846,398,7788   
"TN",1846,400,60611  
"TN",1846,410,22500  
"TN",1846,414,9406   
"TN",1848,311,348260 
"TN",1848,313,40000  
"TN",1848,323,21801  
"TN",1848,340,461    
"TN",1848,343,2384   
"TN",1848,350,9001   
"TN",1848,361,70088  
"TN",1848,362,14502  
"TN",1848,363,77055  
"TN",1848,364,670    
"TN",1848,366,23697  
"TN",1848,369,18934  
"TN",1848,390,2081   
"TN",1848,391,9471   
"TN",1848,398,7431   
"TN",1848,400,3861   
"TN",1848,415,102151 
"TN",1850,311,240928 
"TN",1850,322,25000  
"TN",1850,323,82566  
"TN",1850,343,18674  
"TN",1850,350,1192   
"TN",1850,361,68985  
"TN",1850,362,14488  
"TN",1850,363,72921  
"TN",1850,365,6810   
"TN",1850,366,86447  
"TN",1850,369,23793  
"TN",1850,390,3109   
"TN",1850,391,821    
"TN",1850,398,9145   
"TN",1850,400,82085  
"TN",1850,410,33936  
"TN",1852,311,279621 
"TN",1852,322,49000  
"TN",1852,323,44072  
"TN",1852,334,13992  
"TN",1852,343,31349  
"TN",1852,350,3403   
"TN",1852,361,6216   
"TN",1852,362,90937  
"TN",1852,363,75247  
"TN",1852,364,572    
"TN",1852,365,3931   
"TN",1852,366,74581  
"TN",1852,369,23844  
"TN",1852,390,727    
"TN",1852,391,99     
"TN",1852,400,36753  
"TN",1852,410,125000 
"TN",1854,311,312050 
"TN",1854,316,4310   
"TN",1854,322,41000  
"TN",1854,323,65857  
"TN",1854,334,6000   
"TN",1854,340,675    
"TN",1854,343,9537   
"TN",1854,350,2807   
"TN",1854,351,3200   
"TN",1854,361,89129  
"TN",1854,362,16674  
"TN",1854,363,90467  
"TN",1854,366,83043  
"TN",1854,367,150    
"TN",1854,369,21874  
"TN",1854,390,6392   
"TN",1854,391,9      
"TN",1854,395,348    
"TN",1854,400,400783 
"TN",1856,311,193409 
"TN",1856,316,1661   
"TN",1856,322,23750  
"TN",1856,323,66613  
"TN",1856,340,420    
"TN",1856,343,40162  
"TN",1856,350,161    
"TN",1856,351,6548   
"TN",1856,360,4656   
"TN",1856,361,82258  
"TN",1856,362,12923  
"TN",1856,363,51786  
"TN",1856,366,5857   
"TN",1856,367,534    
"TN",1856,369,41565  
"TN",1856,390,229    
"TN",1856,391,483    
"TN",1856,395,115    
"TN",1856,398,12000  
"TN",1856,400,190266 
"TN",1857,311,218588 
"TN",1857,316,1000   
"TN",1857,322,22000  
"TN",1857,323,47000  
"TN",1857,330,2136   
"TN",1857,340,432    
"TN",1857,343,18773  
"TN",1857,350,1451   
"TN",1857,351,7994   
"TN",1857,360,2000   
"TN",1857,361,316    
"TN",1857,362,14229  
"TN",1857,363,53104  
"TN",1857,364,578    
"TN",1857,366,47639  
"TN",1857,367,846    
"TN",1857,369,5378   
"TN",1857,390,90     
"TN",1857,391,252    
"TN",1857,395,1982   
"TN",1857,398,15000  
"TN",1857,400,80571  
"TN",1857,410,5000   
"TN",1858,311,240586 
"TN",1858,315,21349  
"TN",1858,316,922    
"TN",1858,322,32400  
"TN",1858,323,45500  
"TN",1858,337,1000   
"TN",1858,340,432    
"TN",1858,343,24328  
"TN",1858,350,1341   
"TN",1858,351,12215  
"TN",1858,361,119798 
"TN",1858,362,10213  
"TN",1858,363,56947  
"TN",1858,365,2096   
"TN",1858,366,52583  
"TN",1858,367,907    
"TN",1858,369,12567  
"TN",1858,390,5675   
"TN",1858,391,333    
"TN",1858,395,63     
"TN",1858,400,64107  
"TN",1858,410,29469  
"TN",1858,414,13681  
"TN",1858,415,2250   
"TN",1859,311,195289 
"TN",1859,315,18276  
"TN",1859,316,3882   
"TN",1859,322,14613  
"TN",1859,323,18000  
"TN",1859,330,4698   
"TN",1859,337,2166   
"TN",1859,340,1295   
"TN",1859,343,9812   
"TN",1859,350,77     
"TN",1859,351,13128  
"TN",1859,360,4325   
"TN",1859,361,30425  
"TN",1859,362,10213  
"TN",1859,363,52704  
"TN",1859,365,1543   
"TN",1859,366,67171  
"TN",1859,367,1342   
"TN",1859,369,2310   
"TN",1859,390,2091   
"TN",1859,391,973    
"TN",1859,395,357    
"TN",1859,398,10029  
"TN",1859,400,393151 
"TN",1859,410,53624  
"TN",1859,415,42000  
"TN",1860,315,242014 
"TN",1860,316,3959   
"TN",1860,322,74588  
"TN",1860,331,19473  
"TN",1860,337,38191  
"TN",1860,340,393    
"TN",1860,343,2257   
"TN",1860,350,1129   
"TN",1860,351,13082  
"TN",1860,361,105038 
"TN",1860,362,11585  
"TN",1860,363,60182  
"TN",1860,365,76     
"TN",1860,366,57085  
"TN",1860,367,1390   
"TN",1860,369,32241  
"TN",1860,390,7888   
"TN",1860,391,413    
"TN",1860,395,1739   
"TN",1860,398,8318   
"TN",1860,400,89001  
"TN",1860,414,1500   
"TN",1861,315,201462 
"TN",1861,316,3300   
"TN",1861,322,40021  
"TN",1861,337,38252  
"TN",1861,340,2423   
"TN",1861,343,9974   
"TN",1861,345,750    
"TN",1861,350,12     
"TN",1861,351,10449  
"TN",1861,360,3850   
"TN",1861,361,54250  
"TN",1861,362,12868  
"TN",1861,363,53092  
"TN",1861,364,1207   
"TN",1861,365,407    
"TN",1861,366,62061  
"TN",1861,367,2732   
"TN",1861,368,1361   
"TN",1861,369,9147   
"TN",1861,390,12014  
"TN",1861,391,4594   
"TN",1861,398,2596   
"TN",1861,400,158107 
"TN",1862,316,400    
"TN",1862,322,7221   
"TN",1862,362,14646  
"TN",1862,363,600    
"TN",1862,367,490    
"TN",1862,369,192    
"TN",1863,316,4901   
"TN",1863,322,35566  
"TN",1863,362,3761   
"TN",1863,363,3305   
"TN",1863,367,3306   
"TN",1863,369,394    
"TN",1864,313,395    
"TN",1864,316,1389   
"TN",1864,322,19461  
"TN",1864,345,1100   
"TN",1864,360,6323   
"TN",1864,362,961    
"TN",1864,363,20904  
"TN",1864,367,3474   
"TN",1864,369,1234   
"TN",1864,414,730    
"TN",1865,316,96     
"TN",1865,322,7314   
"TN",1865,360,1270   
"TN",1865,362,5165   
"TN",1865,363,6231   
"TN",1865,367,2784   
"TN",1865,369,944    
"TN",1866,311,8500   
"TN",1866,316,2487   
"TN",1866,323,70671  
"TN",1866,337,1807   
"TN",1866,341,447803 
"TN",1866,343,98022  
"TN",1866,350,35     
"TN",1866,360,11584  
"TN",1866,361,14990  
"TN",1866,362,1657   
"TN",1866,363,14202  
"TN",1866,366,94908  
"TN",1866,369,34674  
"TN",1866,390,74584  
"TN",1866,391,4190   
"TN",1866,398,12528  
"TN",1866,399,2828   
"TN",1866,400,779225 
"TN",1868,311,58496  
"TN",1868,313,2393   
"TN",1868,316,2976   
"TN",1868,323,53259  
"TN",1868,337,4625   
"TN",1868,341,143581 
"TN",1868,343,16621  
"TN",1868,344,275    
"TN",1868,345,3757   
"TN",1868,350,460    
"TN",1868,360,3235   
"TN",1868,361,190434 
"TN",1868,362,21774  
"TN",1868,363,102775 
"TN",1868,364,4625   
"TN",1868,365,1308   
"TN",1868,366,208116 
"TN",1868,367,6369   
"TN",1868,369,42011  
"TN",1868,390,484    
"TN",1868,391,2192   
"TN",1868,395,318    
"TN",1868,398,9921   
"TN",1868,400,2026140
"TN",1868,412,1565   
"TN",1868,415,232    
"TN",1869,311,474717 
"TN",1869,316,2519   
"TN",1869,323,41248  
"TN",1869,341,225851 
"TN",1869,343,73749  
"TN",1869,345,2179   
"TN",1869,350,1011   
"TN",1869,360,6741   
"TN",1869,361,96745  
"TN",1869,362,14921  
"TN",1869,363,96969  
"TN",1869,364,589    
"TN",1869,365,902    
"TN",1869,366,147054 
"TN",1869,367,5685   
"TN",1869,369,36299  
"TN",1869,390,13049  
"TN",1869,391,6936   
"TN",1869,395,1418   
"TN",1869,398,23405  
"TN",1869,400,1492331
"TN",1869,412,59866  
"TN",1869,415,10412  
"TN",1871,311,119689 
"TN",1871,316,2335   
"TN",1871,323,98234  
"TN",1871,337,784    
"TN",1871,341,1024   
"TN",1871,343,32914  
"TN",1871,350,14655  
"TN",1871,351,2289   
"TN",1871,360,3025   
"TN",1871,361,46034  
"TN",1871,362,24249  
"TN",1871,363,117423 
"TN",1871,364,2505   
"TN",1871,365,2018   
"TN",1871,366,150589 
"TN",1871,367,6245   
"TN",1871,369,29542  
"TN",1871,390,827468 
"TN",1871,391,10732  
"TN",1871,398,18129  
"TN",1871,399,310    
"TN",1871,400,34011  
"TN",1871,412,263048 
"TN",1872,311,306514 
"TN",1872,316,6747   
"TN",1872,323,62158  
"TN",1872,337,22917  
"TN",1872,340,625    
"TN",1872,341,52     
"TN",1872,343,47148  
"TN",1872,350,39004  
"TN",1872,351,39557  
"TN",1872,360,7141   
"TN",1872,361,60263  
"TN",1872,362,24148  
"TN",1872,363,153960 
"TN",1872,364,8283   
"TN",1872,365,1735   
"TN",1872,366,249599 
"TN",1872,367,8217   
"TN",1872,369,27087  
"TN",1872,390,816117 
"TN",1872,391,17660  
"TN",1872,400,124024 
"TN",1872,412,406901 
"TN",1875,311,167497 
"TN",1875,316,3677   
"TN",1875,322,177809 
"TN",1875,323,6393   
"TN",1875,337,7366   
"TN",1875,340,345    
"TN",1875,343,56644  
"TN",1875,345,3600   
"TN",1875,350,68000  
"TN",1875,351,73256  
"TN",1875,360,3000   
"TN",1875,361,50065  
"TN",1875,362,34713  
"TN",1875,363,266288 
"TN",1875,364,861    
"TN",1875,365,57625  
"TN",1875,366,426384 
"TN",1875,367,10628  
"TN",1875,369,22133  
"TN",1875,390,452544 
"TN",1875,391,10610  
"TN",1875,395,890    
"TN",1875,400,1731097
"TN",1875,412,1084368
"TN",1877,311,99818  
"TN",1877,316,3108   
"TN",1877,322,118510 
"TN",1877,323,504    
"TN",1877,337,3274   
"TN",1877,340,231    
"TN",1877,343,24153  
"TN",1877,345,2623   
"TN",1877,350,2282   
"TN",1877,351,37793  
"TN",1877,361,71518  
"TN",1877,362,31927  
"TN",1877,363,233850 
"TN",1877,364,667    
"TN",1877,365,15455  
"TN",1877,366,393407 
"TN",1877,367,10361  
"TN",1877,369,19587  
"TN",1877,390,134871 
"TN",1877,391,9323   
"TN",1877,400,448424 
"TN",1877,414,100    
"TN",1879,311,89774  
"TN",1879,316,2443   
"TN",1879,322,108209 
"TN",1879,323,389    
"TN",1879,337,1165   
"TN",1879,340,140    
"TN",1879,343,16323  
"TN",1879,345,2117   
"TN",1879,350,48     
"TN",1879,351,13009  
"TN",1879,356,4530   
"TN",1879,360,1425   
"TN",1879,361,69691  
"TN",1879,362,27740  
"TN",1879,363,216592 
"TN",1879,365,15394  
"TN",1879,366,407353 
"TN",1879,367,4666   
"TN",1879,369,23859  
"TN",1879,390,2282   
"TN",1879,391,8074   
"TN",1879,400,383449 
"TN",1879,412,1642   
"TN",1881,311,92397  
"TN",1881,313,20709  
"TN",1881,316,3635   
"TN",1881,322,94005  
"TN",1881,323,943    
"TN",1881,337,3448   
"TN",1881,340,70     
"TN",1881,343,14163  
"TN",1881,344,1822   
"TN",1881,345,2683   
"TN",1881,351,32310  
"TN",1881,356,8864   
"TN",1881,360,1354   
"TN",1881,361,108488 
"TN",1881,362,28207  
"TN",1881,363,213280 
"TN",1881,364,11697  
"TN",1881,365,37288  
"TN",1881,366,359636 
"TN",1881,367,8593   
"TN",1881,369,28452  
"TN",1881,390,1453   
"TN",1881,391,8330   
"TN",1881,400,482373 
"TN",1881,412,20473  
"TN",1883,311,97774  
"TN",1883,313,15442  
"TN",1883,316,3833   
"TN",1883,321,1530   
"TN",1883,322,4000   
"TN",1883,323,210279 
"TN",1883,337,12147  
"TN",1883,340,71     
"TN",1883,343,30462  
"TN",1883,345,2443   
"TN",1883,350,2004   
"TN",1883,351,41302  
"TN",1883,356,5827   
"TN",1883,360,800    
"TN",1883,361,57489  
"TN",1883,362,27075  
"TN",1883,363,259025 
"TN",1883,364,179    
"TN",1883,365,10924  
"TN",1883,366,378255 
"TN",1883,367,8818   
"TN",1883,369,22040  
"TN",1883,390,15984  
"TN",1883,391,4610   
"TN",1883,400,548051 
"TN",1883,412,4704   
"TN",1885,311,102310 
"TN",1885,313,24450  
"TN",1885,316,3455   
"TN",1885,321,2180   
"TN",1885,323,304585 
"TN",1885,337,8208   
"TN",1885,340,515    
"TN",1885,343,24251  
"TN",1885,345,2400   
"TN",1885,350,350    
"TN",1885,351,39631  
"TN",1885,356,7430   
"TN",1885,360,1050   
"TN",1885,361,84184  
"TN",1885,362,28693  
"TN",1885,363,253173 
"TN",1885,364,730    
"TN",1885,365,26905  
"TN",1885,366,388780 
"TN",1885,367,15901  
"TN",1885,369,21863  
"TN",1885,390,13105  
"TN",1885,391,6692   
"TN",1885,395,15514  
"TN",1885,400,1327953
"TN",1885,412,586993 
"TN",1887,311,105830 
"TN",1887,313,24515  
"TN",1887,316,3291   
"TN",1887,321,745    
"TN",1887,322,356971 
"TN",1887,323,7167   
"TN",1887,325,9450   
"TN",1887,337,3586   
"TN",1887,340,625    
"TN",1887,343,20736  
"TN",1887,345,2500   
"TN",1887,351,21906  
"TN",1887,356,7689   
"TN",1887,360,2433   
"TN",1887,361,66499  
"TN",1887,362,28221  
"TN",1887,363,196425 
"TN",1887,365,22771  
"TN",1887,366,378731 
"TN",1887,367,9747   
"TN",1887,369,14965  
"TN",1887,390,2335   
"TN",1887,391,12178  
"TN",1887,395,2387   
"TN",1887,400,1471442
"TN",1887,412,635621 
"TN",1889,311,131012 
"TN",1889,313,26943  
"TN",1889,316,4024   
"TN",1889,322,401921 
"TN",1889,323,783    
"TN",1889,325,37899  
"TN",1889,337,4571   
"TN",1889,340,2361   
"TN",1889,343,25840  
"TN",1889,345,3320   
"TN",1889,351,25311  
"TN",1889,356,6952   
"TN",1889,360,2085   
"TN",1889,361,97089  
"TN",1889,362,31299  
"TN",1889,363,195017 
"TN",1889,364,655    
"TN",1889,365,17630  
"TN",1889,366,399930 
"TN",1889,367,9685   
"TN",1889,369,15993  
"TN",1889,390,4270   
"TN",1889,391,6533   
"TN",1889,400,1593068
"TN",1889,412,833278 
"TN",1891,311,155571 
"TN",1891,313,36885  
"TN",1891,316,3375   
"TN",1891,322,369187 
"TN",1891,323,335    
"TN",1891,325,107151 
"TN",1891,337,6827   
"TN",1891,340,15309  
"TN",1891,341,111592 
"TN",1891,343,53539  
"TN",1891,345,3545   
"TN",1891,350,5000   
"TN",1891,351,15114  
"TN",1891,356,6438   
"TN",1891,360,1918   
"TN",1891,361,87026  
"TN",1891,362,30214  
"TN",1891,363,207832 
"TN",1891,364,17186  
"TN",1891,365,18332  
"TN",1891,366,417714 
"TN",1891,367,12538  
"TN",1891,368,7000   
"TN",1891,369,23370  
"TN",1891,390,3635   
"TN",1891,391,377818 
"TN",1891,395,29999  
"TN",1891,400,1445432
"TN",1891,412,465421 
"TN",1893,311,216546 
"TN",1893,313,37761  
"TN",1893,316,3507   
"TN",1893,322,296484 
"TN",1893,323,450    
"TN",1893,325,142061 
"TN",1893,337,4000   
"TN",1893,340,469    
"TN",1893,341,101036 
"TN",1893,343,187749 
"TN",1893,345,22265  
"TN",1893,350,675    
"TN",1893,351,12258  
"TN",1893,356,10302  
"TN",1893,360,2003   
"TN",1893,361,88124  
"TN",1893,362,35947  
"TN",1893,363,214420 
"TN",1893,364,1208   
"TN",1893,365,43513  
"TN",1893,366,490680 
"TN",1893,367,27756  
"TN",1893,368,7503   
"TN",1893,369,19742  
"TN",1893,390,1522   
"TN",1893,391,60668  
"TN",1893,400,1417009
"TN",1893,410,12000  
"TN",1893,412,65390  
"TN",1895,311,217931 
"TN",1895,313,48775  
"TN",1895,316,3953   
"TN",1895,321,131    
"TN",1895,322,364789 
"TN",1895,323,99     
"TN",1895,325,130121 
"TN",1895,337,20     
"TN",1895,341,19713  
"TN",1895,343,551865 
"TN",1895,345,3837   
"TN",1895,350,10221  
"TN",1895,351,8500   
"TN",1895,356,8050   
"TN",1895,360,2000   
"TN",1895,361,163216 
"TN",1895,362,41116  
"TN",1895,363,247036 
"TN",1895,364,23     
"TN",1895,365,54838  
"TN",1895,366,419078 
"TN",1895,367,24747  
"TN",1895,368,8334   
"TN",1895,369,19518  
"TN",1895,390,1462   
"TN",1895,391,21901  
"TN",1895,400,1365854
"TN",1895,410,34952  
"TN",1895,412,2433   
"TN",1897,311,254003 
"TN",1897,313,49865  
"TN",1897,316,3582   
"TN",1897,321,209    
"TN",1897,322,383348 
"TN",1897,323,58     
"TN",1897,325,130157 
"TN",1897,337,15429  
"TN",1897,341,16843  
"TN",1897,343,601536 
"TN",1897,345,10905  
"TN",1897,350,3915   
"TN",1897,351,5528   
"TN",1897,356,15427  
"TN",1897,360,211    
"TN",1897,361,101597 
"TN",1897,362,44382  
"TN",1897,363,347255 
"TN",1897,364,41     
"TN",1897,365,45289  
"TN",1897,366,393702 
"TN",1897,367,21886  
"TN",1897,368,8275   
"TN",1897,369,24860  
"TN",1897,390,51237  
"TN",1897,391,8980   
"TN",1897,395,9110   
"TN",1897,400,1425188
"TN",1897,410,74     
"TN",1897,412,626288 
"TN",1901,311,363512 
"TN",1901,316,5820   
"TN",1901,321,4070   
"TN",1901,322,412096 
"TN",1901,325,277016 
"TN",1901,337,30831  
"TN",1901,341,18917  
"TN",1901,343,647185 
"TN",1901,344,1927   
"TN",1901,345,25593  
"TN",1901,350,2150   
"TN",1901,351,52061  
"TN",1901,356,12305  
"TN",1901,361,101394 
"TN",1901,362,42745  
"TN",1901,363,309879 
"TN",1901,364,673    
"TN",1901,365,29696  
"TN",1901,366,341076 
"TN",1901,367,20764  
"TN",1901,368,7167   
"TN",1901,369,11879  
"TN",1901,390,440    
"TN",1901,391,6733   
"TN",1901,395,24733  
"TN",1901,400,1326491
"TN",1901,411,896374 
"TN",1901,412,2346   
"TN",1903,311,325045 
"TN",1903,313,45312  
"TN",1903,316,5559   
"TN",1903,321,11786  
"TN",1903,322,394921 
"TN",1903,325,387924 
"TN",1903,330,7684   
"TN",1903,337,41477  
"TN",1903,341,15760  
"TN",1903,343,635743 
"TN",1903,344,2300   
"TN",1903,345,4717   
"TN",1903,350,2200   
"TN",1903,351,68142  
"TN",1903,356,8136   
"TN",1903,361,88499  
"TN",1903,362,46296  
"TN",1903,363,317368 
"TN",1903,365,28839  
"TN",1903,366,349560 
"TN",1903,368,1872   
"TN",1903,369,15602  
"TN",1903,390,1189   
"TN",1903,391,4418   
"TN",1903,395,8524   
"TN",1903,399,38681  
"TN",1903,400,1559244
"TN",1903,411,601278 
"TN",1903,412,291    
"TN",1905,311,359502 
"TN",1905,313,33054  
"TN",1905,316,6029   
"TN",1905,321,38955  
"TN",1905,322,468509 
"TN",1905,325,516741 
"TN",1905,337,24827  
"TN",1905,341,29893  
"TN",1905,343,668671 
"TN",1905,344,2744   
"TN",1905,345,5018   
"TN",1905,350,1800   
"TN",1905,351,96001  
"TN",1905,356,18974  
"TN",1905,361,92890  
"TN",1905,362,45873  
"TN",1905,363,345094 
"TN",1905,365,32830  
"TN",1905,366,321816 
"TN",1905,367,18876  
"TN",1905,369,18477  
"TN",1905,391,20502  
"TN",1905,395,90374  
"TN",1905,399,1651   
"TN",1905,400,2023599
"TN",1905,411,1141911
"TN",1905,412,85     
"TN",1907,311,381642 
"TN",1907,313,100000 
"TN",1907,316,6210   
"TN",1907,321,150315 
"TN",1907,322,596730 
"TN",1907,325,662682 
"TN",1907,337,30224  
"TN",1907,341,38071  
"TN",1907,343,790092 
"TN",1907,344,7141   
"TN",1907,345,10195  
"TN",1907,350,5708   
"TN",1907,351,178398 
"TN",1907,356,11856  
"TN",1907,361,119839 
"TN",1907,362,84807  
"TN",1907,363,402692 
"TN",1907,364,1725   
"TN",1907,365,40244  
"TN",1907,366,304902 
"TN",1907,367,32209  
"TN",1907,369,17837  
"TN",1907,390,24278  
"TN",1907,391,5451   
"TN",1907,395,21548  
"TN",1907,400,1851233
"TN",1907,411,1413046
"TN",1907,412,217    
"TN",1911,311,2569433
"TN",1911,316,15391  
"TN",1911,321,451342 
"TN",1911,322,648043 
"TN",1911,325,1090900
"TN",1911,337,22273  
"TN",1911,341,46599  
"TN",1911,343,857746 
"TN",1911,344,23850  
"TN",1911,345,9238   
"TN",1911,350,46675  
"TN",1911,351,202105 
"TN",1911,356,29912  
"TN",1911,361,172310 
"TN",1911,362,65653  
"TN",1911,363,521530 
"TN",1911,364,2522   
"TN",1911,365,53884  
"TN",1911,366,325867 
"TN",1911,367,29573  
"TN",1911,369,15618  
"TN",1911,390,3985   
"TN",1911,391,7301   
"TN",1911,395,8455   
"TN",1911,400,1039006
"TN",1911,411,0      
"TN",1911,412,0      
"TN",1913,311,3008416
"TN",1913,316,10377  
"TN",1913,320,1367   
"TN",1913,321,592265 
"TN",1913,322,745231 
"TN",1913,325,1076778
"TN",1913,337,39992  
"TN",1913,341,49670  
"TN",1913,343,953425 
"TN",1913,344,52706  
"TN",1913,345,9423   
"TN",1913,350,101905 
"TN",1913,351,208648 
"TN",1913,356,32303  
"TN",1913,360,3547   
"TN",1913,361,174471 
"TN",1913,362,69842  
"TN",1913,363,546311 
"TN",1913,364,2587   
"TN",1913,365,98140  
"TN",1913,366,364249 
"TN",1913,367,38880  
"TN",1913,369,30893  
"TN",1913,390,17935  
"TN",1913,391,21284  
"TN",1913,395,2113   
"TN",1913,399,40725  
"TN",1913,400,1240515
"TN",1913,411,208000 
"TN",1913,412,23580  
"TN",1915,311,3010335
"TN",1915,316,11550  
"TN",1915,320,12197  
"TN",1915,321,25934  
"TN",1915,322,768652 
"TN",1915,325,1665580
"TN",1915,330,3000   
"TN",1915,337,37249  
"TN",1915,341,37744  
"TN",1915,343,1024050
"TN",1915,344,74117  
"TN",1915,345,9908   
"TN",1915,350,51766  
"TN",1915,351,324387 
"TN",1915,356,51599  
"TN",1915,361,197686 
"TN",1915,362,69867  
"TN",1915,363,596878 
"TN",1915,364,2183   
"TN",1915,365,110060 
"TN",1915,366,407508 
"TN",1915,367,45195  
"TN",1915,368,14819  
"TN",1915,369,47232  
"TN",1915,390,45127  
"TN",1915,391,3286   
"TN",1915,395,98030  
"TN",1915,399,41508  
"TN",1915,400,1512138
"TN",1915,410,1159   
"TN",1915,412,49487  
