"ME",1820,1,49    
"ME",1821,1,78    
"ME",1822,1,136   
"ME",1823,1,94    
"ME",1824,1,70    
"ME",1825,1,74    
"ME",1826,1,114   
"ME",1827,1,127   
"ME",1828,1,160   
"ME",1829,1,128   
"ME",1830,1,195   
"ME",1831,1,252   
"ME",1832,1,145   
"ME",1833,1,156   
"ME",1834,1,182   
"ME",1835,1,310   
"ME",1836,1,232   
"ME",1837,1,310   
"ME",1839,1,749   
"ME",1840,1,1340  
"ME",1841,1,429   
"ME",1842,1,315   
"ME",1843,1,739   
"ME",1844,1,759   
"ME",1846,1,1004  
"ME",1847,1,654   
"ME",1848,1,562   
"ME",1849,1,402   
"ME",1850,1,605   
"ME",1851,1,552   
"ME",1852,1,789   
"ME",1853,1,526   
"ME",1854,1,452   
"ME",1855,1,636   
"ME",1856,1,633   
"ME",1857,1,505   
"ME",1858,1,422   
"ME",1861,1,1426  
"ME",1862,1,659   
"ME",1863,1,2060  
"ME",1864,1,6069  
"ME",1865,1,3178  
"ME",1866,1,2550  
"ME",1867,1,1836  
"ME",1868,1,1358  
"ME",1869,1,1156  
"ME",1870,1,5188  
"ME",1871,1,2308  
"ME",1872,1,526   
"ME",1873,1,801   
"ME",1874,1,1860  
"ME",1875,1,1890  
"ME",1876,1,1677  
"ME",1877,1,1601  
"ME",1879,1,1384  
"ME",1880,1,1737  
"ME",1881,1,1565  
"ME",1882,1,1574  
"ME",1883,1,1862  
"ME",1884,1,1396  
"ME",1885,1,1639  
"ME",1886,1,1565  
"ME",1888,1,1399  
"ME",1889,1,5420  
"ME",1890,1,1919  
"ME",1891,1,1573  
"ME",1892,1,1761  
"ME",1893,1,2168  
"ME",1894,1,1986  
"ME",1895,1,1991  
"ME",1896,1,1866  
"ME",1897,1,1954  
"ME",1898,1,4291  
"ME",1899,1,2293  
"ME",1900,1,2213  
"ME",1901,1,2590  
"ME",1902,1,2715  
"ME",1903,1,2989  
"ME",1904,1,2946  
"ME",1905,1,2852  
"ME",1906,1,3103  
"ME",1907,1,3893  
"ME",1908,1,3471  
"ME",1909,1,3967  
"ME",1910,1,4058  
"ME",1911,1,5016  
"ME",1912,1,5753  
"ME",1913,1,5526  
"ME",1914,1,6999  
"ME",1915,1,9096  
"ME",1916,1,8011  
"ME",1917,1,9979  
"ME",1918,1,10183 
"ME",1919,1,11770 
"ME",1920,1,18884 
"ME",1921,1,8648  
"ME",1922,1,17710 
"ME",1923,1,17378 
"ME",1924,1,18773 
"ME",1925,1,19070 
"ME",1926,1,21079 
"ME",1927,1,28067 
"ME",1928,1,25938 
"ME",1929,1,25960 
"ME",1930,1,27796 
                  
"ME",1820,0,      
"ME",1820,12,     
"ME",1820,14,15   
"ME",1820,16,     
"ME",1820,18,     
"ME",1820,19,1    
"ME",1820,22,     
"ME",1820,23,     
"ME",1820,25,     
"ME",1820,26,     
"ME",1820,29,33   
"ME",1821,0,      
"ME",1821,12,     
"ME",1821,14,15   
"ME",1821,16,     
"ME",1821,18,     
"ME",1821,19,33   
"ME",1821,22,1    
"ME",1821,23,     
"ME",1821,25,     
"ME",1821,26,6    
"ME",1821,29,23   
"ME",1822,0,      
"ME",1822,12,     
"ME",1822,14,15   
"ME",1822,16,     
"ME",1822,18,     
"ME",1822,19,52   
"ME",1822,22,7    
"ME",1822,23,     
"ME",1822,25,     
"ME",1822,26,6    
"ME",1822,29,56   
"ME",1823,0,      
"ME",1823,12,     
"ME",1823,14,13   
"ME",1823,16,     
"ME",1823,18,     
"ME",1823,19,37   
"ME",1823,22,11   
"ME",1823,23,     
"ME",1823,25,     
"ME",1823,26,2    
"ME",1823,29,31   
"ME",1824,0,      
"ME",1824,12,     
"ME",1824,14,14   
"ME",1824,16,     
"ME",1824,18,     
"ME",1824,19,41   
"ME",1824,22,10   
"ME",1824,23,     
"ME",1824,25,     
"ME",1824,26,2    
"ME",1824,29,3    
"ME",1825,0,      
"ME",1825,12,     
"ME",1825,14,16   
"ME",1825,16,     
"ME",1825,18,     
"ME",1825,19,44   
"ME",1825,22,9    
"ME",1825,23,     
"ME",1825,25,     
"ME",1825,26,4    
"ME",1825,29,1    
"ME",1826,0,      
"ME",1826,12,     
"ME",1826,14,18   
"ME",1826,16,     
"ME",1826,18,     
"ME",1826,19,44   
"ME",1826,22,9    
"ME",1826,23,     
"ME",1826,25,     
"ME",1826,26,2    
"ME",1826,29,41   
"ME",1827,0,      
"ME",1827,12,     
"ME",1827,14,20   
"ME",1827,16,     
"ME",1827,18,     
"ME",1827,19,50   
"ME",1827,22,12   
"ME",1827,23,     
"ME",1827,25,     
"ME",1827,26,3    
"ME",1827,29,42   
"ME",1828,0,      
"ME",1828,12,     
"ME",1828,14,21   
"ME",1828,16,     
"ME",1828,18,     
"ME",1828,19,49   
"ME",1828,22,12   
"ME",1828,23,     
"ME",1828,25,     
"ME",1828,26,4    
"ME",1828,29,74   
"ME",1829,0,      
"ME",1829,12,     
"ME",1829,14,18   
"ME",1829,16,     
"ME",1829,18,     
"ME",1829,19,51   
"ME",1829,22,13   
"ME",1829,23,     
"ME",1829,25,     
"ME",1829,26,3    
"ME",1829,29,43   
"ME",1830,0,      
"ME",1830,12,     
"ME",1830,14,14   
"ME",1830,16,     
"ME",1830,18,     
"ME",1830,19,49   
"ME",1830,22,12   
"ME",1830,23,     
"ME",1830,25,     
"ME",1830,26,3    
"ME",1830,29,117  
"ME",1831,0,      
"ME",1831,12,     
"ME",1831,14,17   
"ME",1831,16,     
"ME",1831,18,     
"ME",1831,19,50   
"ME",1831,22,7    
"ME",1831,23,     
"ME",1831,25,     
"ME",1831,26,3    
"ME",1831,29,175  
"ME",1832,0,      
"ME",1832,12,     
"ME",1832,14,15   
"ME",1832,16,     
"ME",1832,18,     
"ME",1832,19,53   
"ME",1832,22,4    
"ME",1832,23,     
"ME",1832,25,     
"ME",1832,26,3    
"ME",1832,29,70   
"ME",1833,0,      
"ME",1833,12,     
"ME",1833,14,20   
"ME",1833,16,     
"ME",1833,18,     
"ME",1833,19,50   
"ME",1833,22,6    
"ME",1833,23,     
"ME",1833,25,     
"ME",1833,26,3    
"ME",1833,29,77   
"ME",1834,0,      
"ME",1834,12,     
"ME",1834,14,24   
"ME",1834,16,     
"ME",1834,18,     
"ME",1834,19,46   
"ME",1834,22,3    
"ME",1834,23,     
"ME",1834,25,     
"ME",1834,26,3    
"ME",1834,29,106  
"ME",1835,0,19    
"ME",1835,12,     
"ME",1835,14,26   
"ME",1835,16,     
"ME",1835,18,     
"ME",1835,19,51   
"ME",1835,22,     
"ME",1835,23,     
"ME",1835,25,     
"ME",1835,26,3    
"ME",1835,29,211  
"ME",1836,0,6     
"ME",1836,12,     
"ME",1836,14,36   
"ME",1836,16,     
"ME",1836,18,     
"ME",1836,19,49   
"ME",1836,22,     
"ME",1836,23,     
"ME",1836,25,     
"ME",1836,26,3    
"ME",1836,29,138  
"ME",1837,0,25    
"ME",1837,12,     
"ME",1837,14,49   
"ME",1837,16,     
"ME",1837,18,     
"ME",1837,19,1    
"ME",1837,22,     
"ME",1837,23,22   
"ME",1837,25,     
"ME",1837,26,3    
"ME",1837,29,210  
"ME",1839,0,6     
"ME",1839,12,     
"ME",1839,14,45   
"ME",1839,16,     
"ME",1839,18,     
"ME",1839,19,     
"ME",1839,22,     
"ME",1839,23,     
"ME",1839,25,     
"ME",1839,26,3    
"ME",1839,29,695  
"ME",1840,0,8     
"ME",1840,12,     
"ME",1840,14,41   
"ME",1840,16,     
"ME",1840,18,     
"ME",1840,19,3    
"ME",1840,22,     
"ME",1840,23,     
"ME",1840,25,     
"ME",1840,26,2    
"ME",1840,29,1286 
"ME",1841,0,83    
"ME",1841,12,     
"ME",1841,14,34   
"ME",1841,16,     
"ME",1841,18,     
"ME",1841,19,101  
"ME",1841,22,     
"ME",1841,23,     
"ME",1841,25,     
"ME",1841,26,3    
"ME",1841,29,208  
"ME",1842,0,56    
"ME",1842,12,     
"ME",1842,14,30   
"ME",1842,16,     
"ME",1842,18,     
"ME",1842,19,198  
"ME",1842,22,     
"ME",1842,23,     
"ME",1842,25,     
"ME",1842,26,3    
"ME",1842,29,28   
"ME",1843,0,8     
"ME",1843,12,     
"ME",1843,14,28   
"ME",1843,16,     
"ME",1843,18,     
"ME",1843,19,209  
"ME",1843,22,     
"ME",1843,23,434  
"ME",1843,25,     
"ME",1843,26,     
"ME",1843,29,60   
"ME",1844,0,389   
"ME",1844,12,     
"ME",1844,14,26   
"ME",1844,16,     
"ME",1844,18,     
"ME",1844,19,222  
"ME",1844,22,     
"ME",1844,23,     
"ME",1844,25,     
"ME",1844,26,2    
"ME",1844,29,120  
"ME",1846,0,392   
"ME",1846,12,     
"ME",1846,14,39   
"ME",1846,16,     
"ME",1846,18,     
"ME",1846,19,234  
"ME",1846,22,     
"ME",1846,23,162  
"ME",1846,25,     
"ME",1846,26,3    
"ME",1846,29,174  
"ME",1847,0,369   
"ME",1847,12,     
"ME",1847,14,26   
"ME",1847,16,     
"ME",1847,18,     
"ME",1847,19,161  
"ME",1847,22,     
"ME",1847,23,20   
"ME",1847,25,     
"ME",1847,26,2    
"ME",1847,29,76   
"ME",1848,0,93    
"ME",1848,12,     
"ME",1848,14,25   
"ME",1848,16,     
"ME",1848,18,     
"ME",1848,19,183  
"ME",1848,22,     
"ME",1848,23,     
"ME",1848,25,     
"ME",1848,26,2    
"ME",1848,29,259  
"ME",1849,0,126   
"ME",1849,12,     
"ME",1849,14,26   
"ME",1849,16,     
"ME",1849,18,     
"ME",1849,19,142  
"ME",1849,22,     
"ME",1849,23,     
"ME",1849,25,     
"ME",1849,26,2    
"ME",1849,29,106  
"ME",1850,0,79    
"ME",1850,12,     
"ME",1850,14,27   
"ME",1850,16,     
"ME",1850,18,     
"ME",1850,19,206  
"ME",1850,22,     
"ME",1850,23,     
"ME",1850,25,     
"ME",1850,26,2    
"ME",1850,29,291  
"ME",1851,0,126   
"ME",1851,12,     
"ME",1851,14,28   
"ME",1851,16,     
"ME",1851,18,     
"ME",1851,19,219  
"ME",1851,22,     
"ME",1851,23,3    
"ME",1851,25,     
"ME",1851,26,2    
"ME",1851,29,174  
"ME",1852,0,45    
"ME",1852,12,     
"ME",1852,14,51   
"ME",1852,16,     
"ME",1852,18,     
"ME",1852,19,346  
"ME",1852,22,     
"ME",1852,23,176  
"ME",1852,25,     
"ME",1852,26,3    
"ME",1852,29,168  
"ME",1853,0,165   
"ME",1853,12,     
"ME",1853,14,41   
"ME",1853,16,     
"ME",1853,18,     
"ME",1853,19,197  
"ME",1853,22,     
"ME",1853,23,     
"ME",1853,25,     
"ME",1853,26,2    
"ME",1853,29,121  
"ME",1854,0,92    
"ME",1854,12,     
"ME",1854,14,57   
"ME",1854,16,     
"ME",1854,18,     
"ME",1854,19,212  
"ME",1854,22,     
"ME",1854,23,     
"ME",1854,25,     
"ME",1854,26,3    
"ME",1854,29,88   
"ME",1855,0,108   
"ME",1855,12,     
"ME",1855,14,70   
"ME",1855,16,     
"ME",1855,18,     
"ME",1855,19,204  
"ME",1855,22,     
"ME",1855,23,     
"ME",1855,25,     
"ME",1855,26,2    
"ME",1855,29,252  
"ME",1856,0,39    
"ME",1856,12,     
"ME",1856,14,76   
"ME",1856,16,     
"ME",1856,18,     
"ME",1856,19,215  
"ME",1856,22,     
"ME",1856,23,     
"ME",1856,25,     
"ME",1856,26,3    
"ME",1856,29,300  
"ME",1857,0,146   
"ME",1857,12,     
"ME",1857,14,75   
"ME",1857,16,     
"ME",1857,18,     
"ME",1857,19,196  
"ME",1857,22,     
"ME",1857,23,     
"ME",1857,25,     
"ME",1857,26,2    
"ME",1857,29,86   
"ME",1858,0,48    
"ME",1858,12,     
"ME",1858,14,75   
"ME",1858,16,     
"ME",1858,18,     
"ME",1858,19,203  
"ME",1858,22,     
"ME",1858,23,10   
"ME",1858,25,     
"ME",1858,26,2    
"ME",1858,29,84   
"ME",1861,0,37    
"ME",1861,12,     
"ME",1861,14,78   
"ME",1861,16,     
"ME",1861,18,     
"ME",1861,19,231  
"ME",1861,22,     
"ME",1861,23,200  
"ME",1861,25,     
"ME",1861,26,     
"ME",1861,29,880  
"ME",1862,0,      
"ME",1862,12,     
"ME",1862,14,79   
"ME",1862,16,     
"ME",1862,18,     
"ME",1862,19,269  
"ME",1862,22,     
"ME",1862,23,251  
"ME",1862,25,     
"ME",1862,26,     
"ME",1862,29,60   
"ME",1863,0,      
"ME",1863,12,     
"ME",1863,14,60   
"ME",1863,16,     
"ME",1863,18,     
"ME",1863,19,427  
"ME",1863,22,     
"ME",1863,23,429  
"ME",1863,25,     
"ME",1863,26,     
"ME",1863,29,1144 
"ME",1864,0,365   
"ME",1864,12,     
"ME",1864,14,35   
"ME",1864,16,     
"ME",1864,18,     
"ME",1864,19,834  
"ME",1864,22,     
"ME",1864,23,204  
"ME",1864,25,     
"ME",1864,26,     
"ME",1864,29,4631 
"ME",1865,0,95    
"ME",1865,12,     
"ME",1865,14,19   
"ME",1865,16,     
"ME",1865,18,     
"ME",1865,19,1282 
"ME",1865,22,     
"ME",1865,23,51   
"ME",1865,25,     
"ME",1865,26,     
"ME",1865,29,1731 
"ME",1866,0,305   
"ME",1866,12,     
"ME",1866,14,5    
"ME",1866,16,     
"ME",1866,18,     
"ME",1866,19,2161 
"ME",1866,22,     
"ME",1866,23,     
"ME",1866,25,     
"ME",1866,26,     
"ME",1866,29,79   
"ME",1867,0,232   
"ME",1867,12,     
"ME",1867,14,4    
"ME",1867,16,     
"ME",1867,18,     
"ME",1867,19,1350 
"ME",1867,22,     
"ME",1867,23,209  
"ME",1867,25,     
"ME",1867,26,     
"ME",1867,29,41   
"ME",1868,0,209   
"ME",1868,12,     
"ME",1868,14,1    
"ME",1868,16,     
"ME",1868,18,     
"ME",1868,19,821  
"ME",1868,22,     
"ME",1868,23,248  
"ME",1868,25,     
"ME",1868,26,     
"ME",1868,29,79   
"ME",1869,0,216   
"ME",1869,12,     
"ME",1869,14,     
"ME",1869,16,     
"ME",1869,18,     
"ME",1869,19,895  
"ME",1869,22,     
"ME",1869,23,     
"ME",1869,25,     
"ME",1869,26,     
"ME",1869,29,45   
"ME",1870,0,263   
"ME",1870,12,     
"ME",1870,14,     
"ME",1870,16,     
"ME",1870,18,     
"ME",1870,19,1182 
"ME",1870,22,     
"ME",1870,23,678  
"ME",1870,25,     
"ME",1870,26,     
"ME",1870,29,3065 
"ME",1871,0,118   
"ME",1871,12,     
"ME",1871,14,     
"ME",1871,16,     
"ME",1871,18,     
"ME",1871,19,2103 
"ME",1871,22,     
"ME",1871,23,5    
"ME",1871,25,     
"ME",1871,26,     
"ME",1871,29,82   
"ME",1872,0,192   
"ME",1872,12,     
"ME",1872,14,120  
"ME",1872,16,     
"ME",1872,18,     
"ME",1872,19,160  
"ME",1872,22,     
"ME",1872,23,     
"ME",1872,25,     
"ME",1872,26,     
"ME",1872,29,54   
"ME",1873,0,380   
"ME",1873,12,     
"ME",1873,14,140  
"ME",1873,16,     
"ME",1873,18,     
"ME",1873,19,252  
"ME",1873,22,     
"ME",1873,23,     
"ME",1873,25,     
"ME",1873,26,     
"ME",1873,29,29   
"ME",1874,0,436   
"ME",1874,12,     
"ME",1874,14,157  
"ME",1874,16,     
"ME",1874,18,     
"ME",1874,19,1177 
"ME",1874,22,     
"ME",1874,23,     
"ME",1874,25,     
"ME",1874,26,     
"ME",1874,29,90   
"ME",1875,0,322   
"ME",1875,12,     
"ME",1875,14,435  
"ME",1875,16,     
"ME",1875,18,     
"ME",1875,19,1058 
"ME",1875,22,     
"ME",1875,23,     
"ME",1875,25,     
"ME",1875,26,     
"ME",1875,29,75   
"ME",1876,0,377   
"ME",1876,12,     
"ME",1876,14,346  
"ME",1876,16,     
"ME",1876,18,     
"ME",1876,19,898  
"ME",1876,22,     
"ME",1876,23,     
"ME",1876,25,     
"ME",1876,26,     
"ME",1876,29,56   
"ME",1877,0,394   
"ME",1877,12,     
"ME",1877,14,293  
"ME",1877,16,     
"ME",1877,18,     
"ME",1877,19,881  
"ME",1877,22,     
"ME",1877,23,     
"ME",1877,25,     
"ME",1877,26,     
"ME",1877,29,33   
"ME",1879,0,157   
"ME",1879,12,     
"ME",1879,14,247  
"ME",1879,16,     
"ME",1879,18,     
"ME",1879,19,829  
"ME",1879,22,     
"ME",1879,23,     
"ME",1879,25,     
"ME",1879,26,     
"ME",1879,29,151  
"ME",1880,0,69    
"ME",1880,12,     
"ME",1880,14,194  
"ME",1880,16,     
"ME",1880,18,     
"ME",1880,19,951  
"ME",1880,22,     
"ME",1880,23,     
"ME",1880,25,     
"ME",1880,26,     
"ME",1880,29,523  
"ME",1881,0,160   
"ME",1881,12,     
"ME",1881,14,256  
"ME",1881,16,     
"ME",1881,18,     
"ME",1881,19,1102 
"ME",1881,22,     
"ME",1881,23,     
"ME",1881,25,     
"ME",1881,26,     
"ME",1881,29,47   
"ME",1882,0,142   
"ME",1882,12,     
"ME",1882,14,345  
"ME",1882,16,     
"ME",1882,18,     
"ME",1882,19,1067 
"ME",1882,22,     
"ME",1882,23,     
"ME",1882,25,     
"ME",1882,26,     
"ME",1882,29,20   
"ME",1883,0,475   
"ME",1883,12,     
"ME",1883,14,289  
"ME",1883,16,     
"ME",1883,18,     
"ME",1883,19,1074 
"ME",1883,22,     
"ME",1883,23,2    
"ME",1883,25,     
"ME",1883,26,     
"ME",1883,29,22   
"ME",1884,0,88    
"ME",1884,12,     
"ME",1884,14,311  
"ME",1884,16,     
"ME",1884,18,     
"ME",1884,19,981  
"ME",1884,22,     
"ME",1884,23,     
"ME",1884,25,     
"ME",1884,26,     
"ME",1884,29,16   
"ME",1885,0,192   
"ME",1885,12,     
"ME",1885,14,325  
"ME",1885,16,     
"ME",1885,18,     
"ME",1885,19,1097 
"ME",1885,22,     
"ME",1885,23,     
"ME",1885,25,     
"ME",1885,26,     
"ME",1885,29,25   
"ME",1886,0,319   
"ME",1886,12,     
"ME",1886,14,349  
"ME",1886,16,     
"ME",1886,18,     
"ME",1886,19,869  
"ME",1886,22,     
"ME",1886,23,     
"ME",1886,25,     
"ME",1886,26,     
"ME",1886,29,28   
"ME",1888,0,312   
"ME",1888,12,     
"ME",1888,14,395  
"ME",1888,16,     
"ME",1888,18,     
"ME",1888,19,655  
"ME",1888,22,     
"ME",1888,23,     
"ME",1888,25,     
"ME",1888,26,     
"ME",1888,29,37   
"ME",1889,0,272   
"ME",1889,12,     
"ME",1889,14,430  
"ME",1889,16,     
"ME",1889,18,     
"ME",1889,19,699  
"ME",1889,22,     
"ME",1889,23,     
"ME",1889,25,     
"ME",1889,26,     
"ME",1889,29,4019 
"ME",1890,0,63    
"ME",1890,12,     
"ME",1890,14,463  
"ME",1890,16,     
"ME",1890,18,     
"ME",1890,19,677  
"ME",1890,22,     
"ME",1890,23,358  
"ME",1890,25,     
"ME",1890,26,25   
"ME",1890,29,333  
"ME",1891,0,175   
"ME",1891,12,     
"ME",1891,14,485  
"ME",1891,16,     
"ME",1891,18,3    
"ME",1891,19,541  
"ME",1891,22,     
"ME",1891,23,18   
"ME",1891,25,     
"ME",1891,26,28   
"ME",1891,29,323  
"ME",1892,0,200   
"ME",1892,12,     
"ME",1892,14,513  
"ME",1892,16,     
"ME",1892,18,4    
"ME",1892,19,853  
"ME",1892,22,     
"ME",1892,23,     
"ME",1892,25,     
"ME",1892,26,31   
"ME",1892,29,160  
"ME",1893,0,305   
"ME",1893,12,1    
"ME",1893,14,724  
"ME",1893,16,     
"ME",1893,18,2    
"ME",1893,19,890  
"ME",1893,22,     
"ME",1893,23,     
"ME",1893,25,     
"ME",1893,26,29   
"ME",1893,29,217  
"ME",1894,0,336   
"ME",1894,12,12   
"ME",1894,14,615  
"ME",1894,16,     
"ME",1894,18,3    
"ME",1894,19,947  
"ME",1894,22,     
"ME",1894,23,     
"ME",1894,25,     
"ME",1894,26,30   
"ME",1894,29,43   
"ME",1895,0,458   
"ME",1895,12,42   
"ME",1895,14,581  
"ME",1895,16,     
"ME",1895,18,1    
"ME",1895,19,834  
"ME",1895,22,     
"ME",1895,23,     
"ME",1895,25,     
"ME",1895,26,34   
"ME",1895,29,41   
"ME",1896,0,290   
"ME",1896,12,23   
"ME",1896,14,588  
"ME",1896,16,     
"ME",1896,18,     
"ME",1896,19,894  
"ME",1896,22,     
"ME",1896,23,     
"ME",1896,25,     
"ME",1896,26,32   
"ME",1896,29,39   
"ME",1897,0,204   
"ME",1897,12,29   
"ME",1897,14,603  
"ME",1897,16,     
"ME",1897,18,5    
"ME",1897,19,841  
"ME",1897,22,     
"ME",1897,23,     
"ME",1897,25,     
"ME",1897,26,31   
"ME",1897,29,241  
"ME",1898,0,307   
"ME",1898,12,59   
"ME",1898,14,1284 
"ME",1898,16,     
"ME",1898,18,11   
"ME",1898,19,1945 
"ME",1898,22,     
"ME",1898,23,17   
"ME",1898,25,     
"ME",1898,26,68   
"ME",1898,29,600  
"ME",1899,0,155   
"ME",1899,12,36   
"ME",1899,14,649  
"ME",1899,16,     
"ME",1899,18,7    
"ME",1899,19,984  
"ME",1899,22,     
"ME",1899,23,17   
"ME",1899,25,     
"ME",1899,26,35   
"ME",1899,29,410  
"ME",1900,0,200   
"ME",1900,12,18   
"ME",1900,14,716  
"ME",1900,16,     
"ME",1900,18,10   
"ME",1900,19,970  
"ME",1900,22,     
"ME",1900,23,9    
"ME",1900,25,     
"ME",1900,26,33   
"ME",1900,29,257  
"ME",1901,0,199   
"ME",1901,12,39   
"ME",1901,14,946  
"ME",1901,16,     
"ME",1901,18,12   
"ME",1901,19,997  
"ME",1901,22,     
"ME",1901,23,28   
"ME",1901,25,     
"ME",1901,26,42   
"ME",1901,29,327  
"ME",1902,0,298   
"ME",1902,12,40   
"ME",1902,14,1041 
"ME",1902,16,     
"ME",1902,18,7    
"ME",1902,19,933  
"ME",1902,22,     
"ME",1902,23,132  
"ME",1902,25,     
"ME",1902,26,48   
"ME",1902,29,216  
"ME",1903,0,439   
"ME",1903,12,31   
"ME",1903,14,1070 
"ME",1903,16,     
"ME",1903,18,39   
"ME",1903,19,1014 
"ME",1903,22,     
"ME",1903,23,228  
"ME",1903,25,     
"ME",1903,26,47   
"ME",1903,29,121  
"ME",1904,0,638   
"ME",1904,12,74   
"ME",1904,14,1052 
"ME",1904,16,     
"ME",1904,18,10   
"ME",1904,19,1032 
"ME",1904,22,     
"ME",1904,23,     
"ME",1904,25,     
"ME",1904,26,48   
"ME",1904,29,92   
"ME",1905,0,245   
"ME",1905,12,69   
"ME",1905,14,1209 
"ME",1905,16,2    
"ME",1905,18,74   
"ME",1905,19,1066 
"ME",1905,22,     
"ME",1905,23,7    
"ME",1905,25,     
"ME",1905,26,42   
"ME",1905,29,138  
"ME",1906,0,430   
"ME",1906,12,71   
"ME",1906,14,1238 
"ME",1906,16,     
"ME",1906,18,60   
"ME",1906,19,1025 
"ME",1906,22,     
"ME",1906,23,     
"ME",1906,25,     
"ME",1906,26,84   
"ME",1906,29,195  
"ME",1907,0,598   
"ME",1907,12,89   
"ME",1907,14,1459 
"ME",1907,16,     
"ME",1907,18,44   
"ME",1907,19,1241 
"ME",1907,22,     
"ME",1907,23,     
"ME",1907,25,     
"ME",1907,26,76   
"ME",1907,29,386  
"ME",1908,0,480   
"ME",1908,12,99   
"ME",1908,14,1559 
"ME",1908,16,     
"ME",1908,18,47   
"ME",1908,19,1097 
"ME",1908,22,     
"ME",1908,23,     
"ME",1908,25,     
"ME",1908,26,84   
"ME",1908,29,105  
"ME",1909,0,569   
"ME",1909,12,78   
"ME",1909,14,1555 
"ME",1909,16,     
"ME",1909,18,116  
"ME",1909,19,1413 
"ME",1909,22,     
"ME",1909,23,     
"ME",1909,25,     
"ME",1909,26,70   
"ME",1909,29,166  
"ME",1910,0,76    
"ME",1910,12,93   
"ME",1910,14,1674 
"ME",1910,16,60   
"ME",1910,18,64   
"ME",1910,19,1485 
"ME",1910,22,     
"ME",1910,23,     
"ME",1910,25,     
"ME",1910,26,63   
"ME",1910,29,543  
"ME",1911,0,136   
"ME",1911,12,147  
"ME",1911,14,1838 
"ME",1911,16,68   
"ME",1911,18,62   
"ME",1911,19,2235 
"ME",1911,22,     
"ME",1911,23,     
"ME",1911,25,     
"ME",1911,26,59   
"ME",1911,29,471  
"ME",1912,0,502   
"ME",1912,12,276  
"ME",1912,14,1947 
"ME",1912,16,75   
"ME",1912,18,144  
"ME",1912,19,2654 
"ME",1912,22,     
"ME",1912,23,     
"ME",1912,25,     
"ME",1912,26,2    
"ME",1912,29,153  
"ME",1913,0,457   
"ME",1913,12,170  
"ME",1913,14,2083 
"ME",1913,16,80   
"ME",1913,18,199  
"ME",1913,19,1967 
"ME",1913,22,53   
"ME",1913,23,     
"ME",1913,25,10   
"ME",1913,26,85   
"ME",1913,29,422  
"ME",1914,0,649   
"ME",1914,12,284  
"ME",1914,14,2199 
"ME",1914,16,74   
"ME",1914,18,250  
"ME",1914,19,2478 
"ME",1914,22,70   
"ME",1914,23,     
"ME",1914,25,152  
"ME",1914,26,244  
"ME",1914,29,599  
"ME",1915,0,778   
"ME",1915,12,179  
"ME",1915,14,2259 
"ME",1915,16,78   
"ME",1915,18,319  
"ME",1915,19,4387 
"ME",1915,22,66   
"ME",1915,23,     
"ME",1915,25,174  
"ME",1915,26,236  
"ME",1915,29,620  
"ME",1916,0,1159  
"ME",1916,12,224  
"ME",1916,14,2170 
"ME",1916,16,319  
"ME",1916,18,419  
"ME",1916,19,2348 
"ME",1916,22,76   
"ME",1916,23,     
"ME",1916,25,216  
"ME",1916,26,450  
"ME",1916,29,630  
"ME",1917,0,1473  
"ME",1917,12,216  
"ME",1917,14,2239 
"ME",1917,16,405  
"ME",1917,18,548  
"ME",1917,19,3304 
"ME",1917,22,53   
"ME",1917,23,     
"ME",1917,25,436  
"ME",1917,26,448  
"ME",1917,29,857  
"ME",1918,0,1862  
"ME",1918,12,274  
"ME",1918,14,2404 
"ME",1918,16,408  
"ME",1918,18,637  
"ME",1918,19,2893 
"ME",1918,22,49   
"ME",1918,23,     
"ME",1918,25,520  
"ME",1918,26,314  
"ME",1918,29,822  
"ME",1919,0,1986  
"ME",1919,12,412  
"ME",1919,14,2597 
"ME",1919,16,575  
"ME",1919,18,907  
"ME",1919,19,4014 
"ME",1919,22,60   
"ME",1919,23,     
"ME",1919,25,713  
"ME",1919,26,361  
"ME",1919,29,145  
"ME",1920,0,2218  
"ME",1920,12,594  
"ME",1920,14,2816 
"ME",1920,16,551  
"ME",1920,18,943  
"ME",1920,19,3800 
"ME",1920,22,69   
"ME",1920,23,     
"ME",1920,25,1089 
"ME",1920,26,554  
"ME",1920,29,6250 
"ME",1921,0,5551  
"ME",1921,12,214  
"ME",1921,14,1201 
"ME",1921,16,22   
"ME",1921,18,762  
"ME",1921,19,95   
"ME",1921,22,16   
"ME",1921,23,     
"ME",1921,25,470  
"ME",1921,26,235  
"ME",1921,29,82   
"ME",1922,0,2011  
"ME",1922,12,564  
"ME",1922,14,3493 
"ME",1922,16,551  
"ME",1922,18,1466 
"ME",1922,19,3318 
"ME",1922,22,67   
"ME",1922,23,     
"ME",1922,25,1500 
"ME",1922,26,1624 
"ME",1922,29,3116 
"ME",1923,0,1864  
"ME",1923,12,1119 
"ME",1923,14,3880 
"ME",1923,16,559  
"ME",1923,18,1721 
"ME",1923,19,3537 
"ME",1923,22,68   
"ME",1923,23,     
"ME",1923,25,2075 
"ME",1923,26,492  
"ME",1923,29,2063 
"ME",1924,0,2085  
"ME",1924,12,556  
"ME",1924,14,3945 
"ME",1924,16,1072 
"ME",1924,18,2041 
"ME",1924,19,4567 
"ME",1924,22,76   
"ME",1924,23,     
"ME",1924,25,2748 
"ME",1924,26,439  
"ME",1924,29,1244 
"ME",1925,0,2718  
"ME",1925,12,1373 
"ME",1925,14,3408 
"ME",1925,16,1167 
"ME",1925,18,2300 
"ME",1925,19,4227 
"ME",1925,22,80   
"ME",1925,23,     
"ME",1925,25,2080 
"ME",1925,26,476  
"ME",1925,29,1241 
"ME",1926,0,2612  
"ME",1926,12,688  
"ME",1926,14,3393 
"ME",1926,16,2162 
"ME",1926,18,2401 
"ME",1926,19,4640 
"ME",1926,22,87   
"ME",1926,23,     
"ME",1926,25,2655 
"ME",1926,26,501  
"ME",1926,29,1940 
"ME",1927,0,4639  
"ME",1927,12,800  
"ME",1927,14,4016 
"ME",1927,16,2712 
"ME",1927,18,2656 
"ME",1927,19,4583 
"ME",1927,22,69   
"ME",1927,23,     
"ME",1927,25,5061 
"ME",1927,26,661  
"ME",1927,29,2870 
"ME",1928,0,6023  
"ME",1928,12,1693 
"ME",1928,14,4046 
"ME",1928,16,3292 
"ME",1928,18,2858 
"ME",1928,19,4443 
"ME",1928,22,77   
"ME",1928,23,     
"ME",1928,25,1639 
"ME",1928,26,681  
"ME",1928,29,1186 
"ME",1929,0,4477  
"ME",1929,12,925  
"ME",1929,14,3594 
"ME",1929,16,3802 
"ME",1929,18,3096 
"ME",1929,19,4398 
"ME",1929,22,70   
"ME",1929,23,     
"ME",1929,25,2100 
"ME",1929,26,733  
"ME",1929,29,2765 
"ME",1930,0,2671  
"ME",1930,12,1013 
"ME",1930,14,4107 
"ME",1930,16,4716 
"ME",1930,18,3402 
"ME",1930,19,5249 
"ME",1930,22,70   
"ME",1930,23,     
"ME",1930,25,1767 
"ME",1930,26,820  
"ME",1930,29,3981 
                  
"ME",1820,0,      
"ME",1820,122,    
"ME",1820,140,15  
"ME",1820,141,    
"ME",1820,142,    
"ME",1820,143,    
"ME",1820,146,    
"ME",1820,160,    
"ME",1820,180,    
"ME",1820,184,    
"ME",1820,190,1   
"ME",1820,221,    
"ME",1820,235,    
"ME",1820,250,    
"ME",1820,260,    
"ME",1820,290,8   
"ME",1820,291,    
"ME",1820,292,    
"ME",1820,293,25  
"ME",1820,294,    
"ME",1821,0,      
"ME",1821,122,    
"ME",1821,140,15  
"ME",1821,141,    
"ME",1821,142,    
"ME",1821,143,    
"ME",1821,146,    
"ME",1821,160,    
"ME",1821,180,    
"ME",1821,184,    
"ME",1821,190,33  
"ME",1821,221,1   
"ME",1821,235,    
"ME",1821,250,    
"ME",1821,260,6   
"ME",1821,290,    
"ME",1821,291,    
"ME",1821,292,    
"ME",1821,293,23  
"ME",1821,294,    
"ME",1822,0,      
"ME",1822,122,    
"ME",1822,140,15  
"ME",1822,141,    
"ME",1822,142,    
"ME",1822,143,    
"ME",1822,146,    
"ME",1822,160,    
"ME",1822,180,    
"ME",1822,184,    
"ME",1822,190,52  
"ME",1822,221,7   
"ME",1822,235,    
"ME",1822,250,    
"ME",1822,260,6   
"ME",1822,290,15  
"ME",1822,291,    
"ME",1822,292,    
"ME",1822,293,41  
"ME",1822,294,    
"ME",1823,0,      
"ME",1823,122,    
"ME",1823,140,13  
"ME",1823,141,    
"ME",1823,142,    
"ME",1823,143,    
"ME",1823,146,    
"ME",1823,160,    
"ME",1823,180,    
"ME",1823,184,    
"ME",1823,190,37  
"ME",1823,221,11  
"ME",1823,235,    
"ME",1823,250,    
"ME",1823,260,2   
"ME",1823,290,30  
"ME",1823,291,    
"ME",1823,292,    
"ME",1823,293,    
"ME",1823,294,1   
"ME",1824,0,      
"ME",1824,122,    
"ME",1824,140,14  
"ME",1824,141,    
"ME",1824,142,    
"ME",1824,143,    
"ME",1824,146,    
"ME",1824,160,    
"ME",1824,180,    
"ME",1824,184,    
"ME",1824,190,41  
"ME",1824,221,10  
"ME",1824,235,    
"ME",1824,250,    
"ME",1824,260,2   
"ME",1824,290,1   
"ME",1824,291,    
"ME",1824,292,    
"ME",1824,293,    
"ME",1824,294,2   
"ME",1825,0,      
"ME",1825,122,    
"ME",1825,140,16  
"ME",1825,141,    
"ME",1825,142,    
"ME",1825,143,    
"ME",1825,146,    
"ME",1825,160,    
"ME",1825,180,    
"ME",1825,184,    
"ME",1825,190,44  
"ME",1825,221,9   
"ME",1825,235,    
"ME",1825,250,    
"ME",1825,260,4   
"ME",1825,290,    
"ME",1825,291,    
"ME",1825,292,    
"ME",1825,293,    
"ME",1825,294,1   
"ME",1826,0,      
"ME",1826,122,    
"ME",1826,140,18  
"ME",1826,141,    
"ME",1826,142,    
"ME",1826,143,    
"ME",1826,146,    
"ME",1826,160,    
"ME",1826,180,    
"ME",1826,184,    
"ME",1826,190,44  
"ME",1826,221,9   
"ME",1826,235,    
"ME",1826,250,    
"ME",1826,260,2   
"ME",1826,290,15  
"ME",1826,291,    
"ME",1826,292,    
"ME",1826,293,25  
"ME",1826,294,1   
"ME",1827,0,      
"ME",1827,122,    
"ME",1827,140,20  
"ME",1827,141,    
"ME",1827,142,    
"ME",1827,143,    
"ME",1827,146,    
"ME",1827,160,    
"ME",1827,180,    
"ME",1827,184,    
"ME",1827,190,50  
"ME",1827,221,12  
"ME",1827,235,    
"ME",1827,250,    
"ME",1827,260,3   
"ME",1827,290,    
"ME",1827,291,    
"ME",1827,292,    
"ME",1827,293,29  
"ME",1827,294,13  
"ME",1828,0,      
"ME",1828,122,    
"ME",1828,140,21  
"ME",1828,141,    
"ME",1828,142,    
"ME",1828,143,    
"ME",1828,146,    
"ME",1828,160,    
"ME",1828,180,    
"ME",1828,184,    
"ME",1828,190,49  
"ME",1828,221,12  
"ME",1828,235,    
"ME",1828,250,    
"ME",1828,260,4   
"ME",1828,290,25  
"ME",1828,291,    
"ME",1828,292,    
"ME",1828,293,27  
"ME",1828,294,22  
"ME",1829,0,      
"ME",1829,122,    
"ME",1829,140,18  
"ME",1829,141,    
"ME",1829,142,    
"ME",1829,143,    
"ME",1829,146,    
"ME",1829,160,    
"ME",1829,180,    
"ME",1829,184,    
"ME",1829,190,51  
"ME",1829,221,13  
"ME",1829,235,    
"ME",1829,250,    
"ME",1829,260,3   
"ME",1829,290,2   
"ME",1829,291,    
"ME",1829,292,    
"ME",1829,293,8   
"ME",1829,294,33  
"ME",1830,0,      
"ME",1830,122,    
"ME",1830,140,14  
"ME",1830,141,    
"ME",1830,142,    
"ME",1830,143,    
"ME",1830,146,    
"ME",1830,160,    
"ME",1830,180,    
"ME",1830,184,    
"ME",1830,190,49  
"ME",1830,221,12  
"ME",1830,235,    
"ME",1830,250,    
"ME",1830,260,3   
"ME",1830,290,20  
"ME",1830,291,    
"ME",1830,292,    
"ME",1830,293,52  
"ME",1830,294,45  
"ME",1831,0,      
"ME",1831,122,    
"ME",1831,140,17  
"ME",1831,141,    
"ME",1831,142,    
"ME",1831,143,    
"ME",1831,146,    
"ME",1831,160,    
"ME",1831,180,    
"ME",1831,184,    
"ME",1831,190,50  
"ME",1831,221,7   
"ME",1831,235,    
"ME",1831,250,    
"ME",1831,260,3   
"ME",1831,290,138 
"ME",1831,291,1   
"ME",1831,292,    
"ME",1831,293,33  
"ME",1831,294,3   
"ME",1832,0,      
"ME",1832,122,    
"ME",1832,140,15  
"ME",1832,141,    
"ME",1832,142,    
"ME",1832,143,    
"ME",1832,146,    
"ME",1832,160,    
"ME",1832,180,    
"ME",1832,184,    
"ME",1832,190,53  
"ME",1832,221,4   
"ME",1832,235,    
"ME",1832,250,    
"ME",1832,260,3   
"ME",1832,290,18  
"ME",1832,291,    
"ME",1832,292,1   
"ME",1832,293,20  
"ME",1832,294,31  
"ME",1833,0,      
"ME",1833,122,    
"ME",1833,140,20  
"ME",1833,141,    
"ME",1833,142,    
"ME",1833,143,    
"ME",1833,146,    
"ME",1833,160,    
"ME",1833,180,    
"ME",1833,184,    
"ME",1833,190,50  
"ME",1833,221,6   
"ME",1833,235,    
"ME",1833,250,    
"ME",1833,260,3   
"ME",1833,290,2   
"ME",1833,291,    
"ME",1833,292,1   
"ME",1833,293,50  
"ME",1833,294,24  
"ME",1834,0,      
"ME",1834,122,    
"ME",1834,140,24  
"ME",1834,141,    
"ME",1834,142,    
"ME",1834,143,    
"ME",1834,146,    
"ME",1834,160,    
"ME",1834,180,    
"ME",1834,184,    
"ME",1834,190,46  
"ME",1834,221,3   
"ME",1834,235,    
"ME",1834,250,    
"ME",1834,260,3   
"ME",1834,290,4   
"ME",1834,291,    
"ME",1834,292,1   
"ME",1834,293,70  
"ME",1834,294,31  
"ME",1835,0,19    
"ME",1835,122,    
"ME",1835,140,26  
"ME",1835,141,    
"ME",1835,142,    
"ME",1835,143,    
"ME",1835,146,    
"ME",1835,160,    
"ME",1835,180,    
"ME",1835,184,    
"ME",1835,190,51  
"ME",1835,221,    
"ME",1835,235,    
"ME",1835,250,    
"ME",1835,260,3   
"ME",1835,290,17  
"ME",1835,291,    
"ME",1835,292,1   
"ME",1835,293,59  
"ME",1835,294,134 
"ME",1836,0,6     
"ME",1836,122,    
"ME",1836,140,36  
"ME",1836,141,    
"ME",1836,142,    
"ME",1836,143,    
"ME",1836,146,    
"ME",1836,160,    
"ME",1836,180,    
"ME",1836,184,    
"ME",1836,190,49  
"ME",1836,221,    
"ME",1836,235,    
"ME",1836,250,    
"ME",1836,260,3   
"ME",1836,290,11  
"ME",1836,291,    
"ME",1836,292,2   
"ME",1836,293,80  
"ME",1836,294,45  
"ME",1837,0,25    
"ME",1837,122,    
"ME",1837,140,49  
"ME",1837,141,    
"ME",1837,142,    
"ME",1837,143,    
"ME",1837,146,    
"ME",1837,160,    
"ME",1837,180,    
"ME",1837,184,    
"ME",1837,190,1   
"ME",1837,221,    
"ME",1837,235,22  
"ME",1837,250,    
"ME",1837,260,3   
"ME",1837,290,14  
"ME",1837,291,1   
"ME",1837,292,2   
"ME",1837,293,181 
"ME",1837,294,12  
"ME",1839,0,6     
"ME",1839,122,    
"ME",1839,140,45  
"ME",1839,141,    
"ME",1839,142,    
"ME",1839,143,    
"ME",1839,146,    
"ME",1839,160,    
"ME",1839,180,    
"ME",1839,184,    
"ME",1839,190,    
"ME",1839,221,    
"ME",1839,235,    
"ME",1839,250,    
"ME",1839,260,3   
"ME",1839,290,11  
"ME",1839,291,    
"ME",1839,292,1   
"ME",1839,293,653 
"ME",1839,294,30  
"ME",1840,0,8     
"ME",1840,122,    
"ME",1840,140,41  
"ME",1840,141,    
"ME",1840,142,    
"ME",1840,143,    
"ME",1840,146,    
"ME",1840,160,    
"ME",1840,180,    
"ME",1840,184,    
"ME",1840,190,3   
"ME",1840,221,    
"ME",1840,235,    
"ME",1840,250,    
"ME",1840,260,2   
"ME",1840,290,2   
"ME",1840,291,    
"ME",1840,292,1   
"ME",1840,293,1280
"ME",1840,294,3   
"ME",1841,0,83    
"ME",1841,122,    
"ME",1841,140,34  
"ME",1841,141,    
"ME",1841,142,    
"ME",1841,143,    
"ME",1841,146,    
"ME",1841,160,    
"ME",1841,180,    
"ME",1841,184,    
"ME",1841,190,101 
"ME",1841,221,    
"ME",1841,235,    
"ME",1841,250,    
"ME",1841,260,3   
"ME",1841,290,4   
"ME",1841,291,    
"ME",1841,292,1   
"ME",1841,293,134 
"ME",1841,294,69  
"ME",1842,0,56    
"ME",1842,122,    
"ME",1842,140,30  
"ME",1842,141,    
"ME",1842,142,    
"ME",1842,143,    
"ME",1842,146,    
"ME",1842,160,    
"ME",1842,180,    
"ME",1842,184,    
"ME",1842,190,198 
"ME",1842,221,    
"ME",1842,235,    
"ME",1842,250,    
"ME",1842,260,3   
"ME",1842,290,5   
"ME",1842,291,    
"ME",1842,292,1   
"ME",1842,293,    
"ME",1842,294,22  
"ME",1843,0,8     
"ME",1843,122,    
"ME",1843,140,28  
"ME",1843,141,    
"ME",1843,142,    
"ME",1843,143,    
"ME",1843,146,    
"ME",1843,160,    
"ME",1843,180,    
"ME",1843,184,    
"ME",1843,190,209 
"ME",1843,221,    
"ME",1843,235,434 
"ME",1843,250,    
"ME",1843,260,    
"ME",1843,290,3   
"ME",1843,291,1   
"ME",1843,292,1   
"ME",1843,293,    
"ME",1843,294,55  
"ME",1844,0,389   
"ME",1844,122,    
"ME",1844,140,26  
"ME",1844,141,    
"ME",1844,142,    
"ME",1844,143,    
"ME",1844,146,    
"ME",1844,160,    
"ME",1844,180,    
"ME",1844,184,    
"ME",1844,190,222 
"ME",1844,221,    
"ME",1844,235,    
"ME",1844,250,    
"ME",1844,260,2   
"ME",1844,290,7   
"ME",1844,291,5   
"ME",1844,292,1   
"ME",1844,293,    
"ME",1844,294,107 
"ME",1846,0,392   
"ME",1846,122,    
"ME",1846,140,39  
"ME",1846,141,    
"ME",1846,142,    
"ME",1846,143,    
"ME",1846,146,    
"ME",1846,160,    
"ME",1846,180,    
"ME",1846,184,    
"ME",1846,190,234 
"ME",1846,221,    
"ME",1846,235,162 
"ME",1846,250,    
"ME",1846,260,3   
"ME",1846,290,7   
"ME",1846,291,9   
"ME",1846,292,1   
"ME",1846,293,    
"ME",1846,294,157 
"ME",1847,0,369   
"ME",1847,122,    
"ME",1847,140,26  
"ME",1847,141,    
"ME",1847,142,    
"ME",1847,143,    
"ME",1847,146,    
"ME",1847,160,    
"ME",1847,180,    
"ME",1847,184,    
"ME",1847,190,161 
"ME",1847,221,    
"ME",1847,235,20  
"ME",1847,250,    
"ME",1847,260,2   
"ME",1847,290,1   
"ME",1847,291,6   
"ME",1847,292,1   
"ME",1847,293,    
"ME",1847,294,68  
"ME",1848,0,93    
"ME",1848,122,    
"ME",1848,140,25  
"ME",1848,141,    
"ME",1848,142,    
"ME",1848,143,    
"ME",1848,146,    
"ME",1848,160,    
"ME",1848,180,    
"ME",1848,184,    
"ME",1848,190,183 
"ME",1848,221,    
"ME",1848,235,    
"ME",1848,250,    
"ME",1848,260,2   
"ME",1848,290,7   
"ME",1848,291,11  
"ME",1848,292,1   
"ME",1848,293,137 
"ME",1848,294,103 
"ME",1849,0,126   
"ME",1849,122,    
"ME",1849,140,26  
"ME",1849,141,    
"ME",1849,142,    
"ME",1849,143,    
"ME",1849,146,    
"ME",1849,160,    
"ME",1849,180,    
"ME",1849,184,    
"ME",1849,190,142 
"ME",1849,221,    
"ME",1849,235,    
"ME",1849,250,    
"ME",1849,260,2   
"ME",1849,290,3   
"ME",1849,291,12  
"ME",1849,292,1   
"ME",1849,293,    
"ME",1849,294,90  
"ME",1850,0,79    
"ME",1850,122,    
"ME",1850,140,27  
"ME",1850,141,    
"ME",1850,142,    
"ME",1850,143,    
"ME",1850,146,    
"ME",1850,160,    
"ME",1850,180,    
"ME",1850,184,    
"ME",1850,190,206 
"ME",1850,221,    
"ME",1850,235,    
"ME",1850,250,    
"ME",1850,260,2   
"ME",1850,290,142 
"ME",1850,291,12  
"ME",1850,292,1   
"ME",1850,293,    
"ME",1850,294,136 
"ME",1851,0,126   
"ME",1851,122,    
"ME",1851,140,28  
"ME",1851,141,    
"ME",1851,142,    
"ME",1851,143,    
"ME",1851,146,    
"ME",1851,160,    
"ME",1851,180,    
"ME",1851,184,    
"ME",1851,190,219 
"ME",1851,221,    
"ME",1851,235,3   
"ME",1851,250,    
"ME",1851,260,2   
"ME",1851,290,26  
"ME",1851,291,5   
"ME",1851,292,1   
"ME",1851,293,    
"ME",1851,294,142 
"ME",1852,0,45    
"ME",1852,122,    
"ME",1852,140,51  
"ME",1852,141,    
"ME",1852,142,    
"ME",1852,143,    
"ME",1852,146,    
"ME",1852,160,    
"ME",1852,180,    
"ME",1852,184,    
"ME",1852,190,346 
"ME",1852,221,    
"ME",1852,235,176 
"ME",1852,250,    
"ME",1852,260,3   
"ME",1852,290,6   
"ME",1852,291,3   
"ME",1852,292,1   
"ME",1852,293,    
"ME",1852,294,158 
"ME",1853,0,165   
"ME",1853,122,    
"ME",1853,140,41  
"ME",1853,141,    
"ME",1853,142,    
"ME",1853,143,    
"ME",1853,146,    
"ME",1853,160,    
"ME",1853,180,    
"ME",1853,184,    
"ME",1853,190,197 
"ME",1853,221,    
"ME",1853,235,    
"ME",1853,250,    
"ME",1853,260,2   
"ME",1853,290,12  
"ME",1853,291,2   
"ME",1853,292,1   
"ME",1853,293,    
"ME",1853,294,106 
"ME",1854,0,92    
"ME",1854,122,    
"ME",1854,140,57  
"ME",1854,141,    
"ME",1854,142,    
"ME",1854,143,    
"ME",1854,146,    
"ME",1854,160,    
"ME",1854,180,    
"ME",1854,184,    
"ME",1854,190,212 
"ME",1854,221,    
"ME",1854,235,    
"ME",1854,250,    
"ME",1854,260,3   
"ME",1854,290,11  
"ME",1854,291,1   
"ME",1854,292,1   
"ME",1854,293,    
"ME",1854,294,75  
"ME",1855,0,108   
"ME",1855,122,    
"ME",1855,140,70  
"ME",1855,141,    
"ME",1855,142,    
"ME",1855,143,    
"ME",1855,146,    
"ME",1855,160,    
"ME",1855,180,    
"ME",1855,184,    
"ME",1855,190,204 
"ME",1855,221,    
"ME",1855,235,    
"ME",1855,250,    
"ME",1855,260,2   
"ME",1855,290,2   
"ME",1855,291,    
"ME",1855,292,1   
"ME",1855,293,221 
"ME",1855,294,28  
"ME",1856,0,39    
"ME",1856,122,    
"ME",1856,140,76  
"ME",1856,141,    
"ME",1856,142,    
"ME",1856,143,    
"ME",1856,146,    
"ME",1856,160,    
"ME",1856,180,    
"ME",1856,184,    
"ME",1856,190,215 
"ME",1856,221,    
"ME",1856,235,    
"ME",1856,250,    
"ME",1856,260,3   
"ME",1856,290,10  
"ME",1856,291,    
"ME",1856,292,    
"ME",1856,293,184 
"ME",1856,294,106 
"ME",1857,0,146   
"ME",1857,122,    
"ME",1857,140,75  
"ME",1857,141,    
"ME",1857,142,    
"ME",1857,143,    
"ME",1857,146,    
"ME",1857,160,    
"ME",1857,180,    
"ME",1857,184,    
"ME",1857,190,196 
"ME",1857,221,    
"ME",1857,235,    
"ME",1857,250,    
"ME",1857,260,2   
"ME",1857,290,    
"ME",1857,291,1   
"ME",1857,292,    
"ME",1857,293,31  
"ME",1857,294,54  
"ME",1858,0,48    
"ME",1858,122,    
"ME",1858,140,75  
"ME",1858,141,    
"ME",1858,142,    
"ME",1858,143,    
"ME",1858,146,    
"ME",1858,160,    
"ME",1858,180,    
"ME",1858,184,    
"ME",1858,190,203 
"ME",1858,221,    
"ME",1858,235,10  
"ME",1858,250,    
"ME",1858,260,2   
"ME",1858,290,2   
"ME",1858,291,    
"ME",1858,292,    
"ME",1858,293,31  
"ME",1858,294,51  
"ME",1861,0,37    
"ME",1861,122,    
"ME",1861,140,78  
"ME",1861,141,    
"ME",1861,142,    
"ME",1861,143,    
"ME",1861,146,    
"ME",1861,160,    
"ME",1861,180,    
"ME",1861,184,    
"ME",1861,190,231 
"ME",1861,221,    
"ME",1861,235,200 
"ME",1861,250,    
"ME",1861,260,    
"ME",1861,290,50  
"ME",1861,291,    
"ME",1861,292,    
"ME",1861,293,830 
"ME",1861,294,    
"ME",1862,0,      
"ME",1862,122,    
"ME",1862,140,79  
"ME",1862,141,    
"ME",1862,142,    
"ME",1862,143,    
"ME",1862,146,    
"ME",1862,160,    
"ME",1862,180,    
"ME",1862,184,    
"ME",1862,190,269 
"ME",1862,221,    
"ME",1862,235,251 
"ME",1862,250,    
"ME",1862,260,    
"ME",1862,290,60  
"ME",1862,291,    
"ME",1862,292,    
"ME",1862,293,    
"ME",1862,294,    
"ME",1863,0,      
"ME",1863,122,    
"ME",1863,140,60  
"ME",1863,141,    
"ME",1863,142,    
"ME",1863,143,    
"ME",1863,146,    
"ME",1863,160,    
"ME",1863,180,    
"ME",1863,184,    
"ME",1863,190,427 
"ME",1863,221,    
"ME",1863,235,429 
"ME",1863,250,    
"ME",1863,260,    
"ME",1863,290,144 
"ME",1863,291,    
"ME",1863,292,    
"ME",1863,293,1000
"ME",1863,294,    
"ME",1864,0,365   
"ME",1864,122,    
"ME",1864,140,35  
"ME",1864,141,    
"ME",1864,142,    
"ME",1864,143,    
"ME",1864,146,    
"ME",1864,160,    
"ME",1864,180,    
"ME",1864,184,    
"ME",1864,190,834 
"ME",1864,221,    
"ME",1864,235,204 
"ME",1864,250,    
"ME",1864,260,    
"ME",1864,290,62  
"ME",1864,291,    
"ME",1864,292,    
"ME",1864,293,4569
"ME",1864,294,    
"ME",1865,0,95    
"ME",1865,122,    
"ME",1865,140,19  
"ME",1865,141,    
"ME",1865,142,    
"ME",1865,143,    
"ME",1865,146,    
"ME",1865,160,    
"ME",1865,180,    
"ME",1865,184,    
"ME",1865,190,1282
"ME",1865,221,    
"ME",1865,235,51  
"ME",1865,250,    
"ME",1865,260,    
"ME",1865,290,28  
"ME",1865,291,    
"ME",1865,292,    
"ME",1865,293,1703
"ME",1865,294,    
"ME",1866,0,305   
"ME",1866,122,    
"ME",1866,140,5   
"ME",1866,141,    
"ME",1866,142,    
"ME",1866,143,    
"ME",1866,146,    
"ME",1866,160,    
"ME",1866,180,    
"ME",1866,184,    
"ME",1866,190,2161
"ME",1866,221,    
"ME",1866,235,    
"ME",1866,250,    
"ME",1866,260,    
"ME",1866,290,65  
"ME",1866,291,    
"ME",1866,292,    
"ME",1866,293,14  
"ME",1866,294,    
"ME",1867,0,232   
"ME",1867,122,    
"ME",1867,140,4   
"ME",1867,141,    
"ME",1867,142,    
"ME",1867,143,    
"ME",1867,146,    
"ME",1867,160,    
"ME",1867,180,    
"ME",1867,184,    
"ME",1867,190,1350
"ME",1867,221,    
"ME",1867,235,209 
"ME",1867,250,    
"ME",1867,260,    
"ME",1867,290,41  
"ME",1867,291,    
"ME",1867,292,    
"ME",1867,293,    
"ME",1867,294,    
"ME",1868,0,209   
"ME",1868,122,    
"ME",1868,140,1   
"ME",1868,141,    
"ME",1868,142,    
"ME",1868,143,    
"ME",1868,146,    
"ME",1868,160,    
"ME",1868,180,    
"ME",1868,184,    
"ME",1868,190,821 
"ME",1868,221,    
"ME",1868,235,248 
"ME",1868,250,    
"ME",1868,260,    
"ME",1868,290,79  
"ME",1868,291,    
"ME",1868,292,    
"ME",1868,293,    
"ME",1868,294,    
"ME",1869,0,216   
"ME",1869,122,    
"ME",1869,140,    
"ME",1869,141,    
"ME",1869,142,    
"ME",1869,143,    
"ME",1869,146,    
"ME",1869,160,    
"ME",1869,180,    
"ME",1869,184,    
"ME",1869,190,895 
"ME",1869,221,    
"ME",1869,235,    
"ME",1869,250,    
"ME",1869,260,    
"ME",1869,290,45  
"ME",1869,291,    
"ME",1869,292,    
"ME",1869,293,    
"ME",1869,294,    
"ME",1870,0,263   
"ME",1870,122,    
"ME",1870,140,    
"ME",1870,141,    
"ME",1870,142,    
"ME",1870,143,    
"ME",1870,146,    
"ME",1870,160,    
"ME",1870,180,    
"ME",1870,184,    
"ME",1870,190,1182
"ME",1870,221,    
"ME",1870,235,678 
"ME",1870,250,    
"ME",1870,260,    
"ME",1870,290,43  
"ME",1870,291,    
"ME",1870,292,    
"ME",1870,293,3022
"ME",1870,294,    
"ME",1871,0,118   
"ME",1871,122,    
"ME",1871,140,    
"ME",1871,141,    
"ME",1871,142,    
"ME",1871,143,    
"ME",1871,146,    
"ME",1871,160,    
"ME",1871,180,    
"ME",1871,184,    
"ME",1871,190,2103
"ME",1871,221,    
"ME",1871,235,5   
"ME",1871,250,    
"ME",1871,260,    
"ME",1871,290,33  
"ME",1871,291,    
"ME",1871,292,    
"ME",1871,293,49  
"ME",1871,294,    
"ME",1872,0,192   
"ME",1872,122,    
"ME",1872,140,    
"ME",1872,141,    
"ME",1872,142,120 
"ME",1872,143,    
"ME",1872,146,    
"ME",1872,160,    
"ME",1872,180,    
"ME",1872,184,    
"ME",1872,190,160 
"ME",1872,221,    
"ME",1872,235,    
"ME",1872,250,    
"ME",1872,260,    
"ME",1872,290,43  
"ME",1872,291,    
"ME",1872,292,    
"ME",1872,293,11  
"ME",1872,294,    
"ME",1873,0,380   
"ME",1873,122,    
"ME",1873,140,    
"ME",1873,141,    
"ME",1873,142,140 
"ME",1873,143,    
"ME",1873,146,    
"ME",1873,160,    
"ME",1873,180,    
"ME",1873,184,    
"ME",1873,190,252 
"ME",1873,221,    
"ME",1873,235,    
"ME",1873,250,    
"ME",1873,260,    
"ME",1873,290,29  
"ME",1873,291,    
"ME",1873,292,    
"ME",1873,293,    
"ME",1873,294,    
"ME",1874,0,436   
"ME",1874,122,    
"ME",1874,140,    
"ME",1874,141,14  
"ME",1874,142,143 
"ME",1874,143,    
"ME",1874,146,    
"ME",1874,160,    
"ME",1874,180,    
"ME",1874,184,    
"ME",1874,190,1177
"ME",1874,221,    
"ME",1874,235,    
"ME",1874,250,    
"ME",1874,260,    
"ME",1874,290,89  
"ME",1874,291,    
"ME",1874,292,    
"ME",1874,293,1   
"ME",1874,294,    
"ME",1875,0,322   
"ME",1875,122,    
"ME",1875,140,    
"ME",1875,141,51  
"ME",1875,142,372 
"ME",1875,143,12  
"ME",1875,146,    
"ME",1875,160,    
"ME",1875,180,    
"ME",1875,184,    
"ME",1875,190,1058
"ME",1875,221,    
"ME",1875,235,    
"ME",1875,250,    
"ME",1875,260,    
"ME",1875,290,75  
"ME",1875,291,    
"ME",1875,292,    
"ME",1875,293,    
"ME",1875,294,    
"ME",1876,0,377   
"ME",1876,122,    
"ME",1876,140,    
"ME",1876,141,54  
"ME",1876,142,279 
"ME",1876,143,13  
"ME",1876,146,    
"ME",1876,160,    
"ME",1876,180,    
"ME",1876,184,    
"ME",1876,190,898 
"ME",1876,220,    
"ME",1876,221,    
"ME",1876,235,    
"ME",1876,250,    
"ME",1876,260,    
"ME",1876,290,56  
"ME",1876,291,    
"ME",1876,292,    
"ME",1876,293,    
"ME",1876,294,    
"ME",1877,0,394   
"ME",1877,122,    
"ME",1877,140,    
"ME",1877,141,29  
"ME",1877,142,246 
"ME",1877,143,18  
"ME",1877,146,    
"ME",1877,160,    
"ME",1877,180,    
"ME",1877,184,    
"ME",1877,190,881 
"ME",1877,220,    
"ME",1877,221,    
"ME",1877,235,    
"ME",1877,250,    
"ME",1877,260,    
"ME",1877,290,33  
"ME",1877,291,    
"ME",1877,292,    
"ME",1877,293,    
"ME",1877,294,    
"ME",1879,0,157   
"ME",1879,122,    
"ME",1879,140,    
"ME",1879,141,70  
"ME",1879,142,167 
"ME",1879,143,10  
"ME",1879,146,    
"ME",1879,160,    
"ME",1879,180,    
"ME",1879,184,    
"ME",1879,190,829 
"ME",1879,220,    
"ME",1879,221,    
"ME",1879,235,    
"ME",1879,250,    
"ME",1879,260,    
"ME",1879,290,26  
"ME",1879,291,    
"ME",1879,292,    
"ME",1879,293,125 
"ME",1879,294,    
"ME",1880,0,69    
"ME",1880,122,    
"ME",1880,140,    
"ME",1880,141,18  
"ME",1880,142,167 
"ME",1880,143,8   
"ME",1880,146,1   
"ME",1880,160,    
"ME",1880,180,    
"ME",1880,184,    
"ME",1880,190,951 
"ME",1880,220,    
"ME",1880,221,    
"ME",1880,235,    
"ME",1880,250,    
"ME",1880,260,    
"ME",1880,290,16  
"ME",1880,291,    
"ME",1880,292,    
"ME",1880,293,507 
"ME",1880,294,    
"ME",1881,0,160   
"ME",1881,122,    
"ME",1881,140,    
"ME",1881,141,58  
"ME",1881,142,178 
"ME",1881,143,19  
"ME",1881,146,1   
"ME",1881,160,    
"ME",1881,180,    
"ME",1881,184,    
"ME",1881,190,1102
"ME",1881,220,    
"ME",1881,221,    
"ME",1881,235,    
"ME",1881,250,    
"ME",1881,260,    
"ME",1881,290,17  
"ME",1881,291,    
"ME",1881,292,    
"ME",1881,293,30  
"ME",1881,294,    
"ME",1882,0,142   
"ME",1882,122,    
"ME",1882,140,    
"ME",1882,141,110 
"ME",1882,142,206 
"ME",1882,143,16  
"ME",1882,146,13  
"ME",1882,160,    
"ME",1882,180,    
"ME",1882,184,    
"ME",1882,190,1067
"ME",1882,220,    
"ME",1882,221,    
"ME",1882,235,    
"ME",1882,250,    
"ME",1882,260,    
"ME",1882,290,20  
"ME",1882,291,    
"ME",1882,292,    
"ME",1882,293,    
"ME",1882,294,    
"ME",1883,0,475   
"ME",1883,122,    
"ME",1883,140,    
"ME",1883,141,93  
"ME",1883,142,175 
"ME",1883,143,14  
"ME",1883,146,7   
"ME",1883,160,    
"ME",1883,180,    
"ME",1883,184,    
"ME",1883,190,1074
"ME",1883,220,    
"ME",1883,221,    
"ME",1883,235,2   
"ME",1883,250,    
"ME",1883,260,    
"ME",1883,290,20  
"ME",1883,291,    
"ME",1883,292,    
"ME",1883,293,2   
"ME",1883,294,    
"ME",1884,0,88    
"ME",1884,122,    
"ME",1884,140,    
"ME",1884,141,87  
"ME",1884,142,192 
"ME",1884,143,17  
"ME",1884,146,15  
"ME",1884,160,    
"ME",1884,180,    
"ME",1884,184,    
"ME",1884,190,981 
"ME",1884,220,    
"ME",1884,221,    
"ME",1884,235,    
"ME",1884,250,    
"ME",1884,260,    
"ME",1884,290,16  
"ME",1884,291,    
"ME",1884,292,    
"ME",1884,293,    
"ME",1884,294,    
"ME",1885,0,192   
"ME",1885,122,    
"ME",1885,140,    
"ME",1885,141,88  
"ME",1885,142,210 
"ME",1885,143,15  
"ME",1885,146,12  
"ME",1885,160,    
"ME",1885,180,    
"ME",1885,184,    
"ME",1885,190,1097
"ME",1885,220,    
"ME",1885,221,    
"ME",1885,235,    
"ME",1885,250,    
"ME",1885,260,    
"ME",1885,290,25  
"ME",1885,291,    
"ME",1885,292,    
"ME",1885,293,    
"ME",1885,294,    
"ME",1886,0,319   
"ME",1886,122,    
"ME",1886,140,    
"ME",1886,141,85  
"ME",1886,142,235 
"ME",1886,143,20  
"ME",1886,146,9   
"ME",1886,160,    
"ME",1886,180,    
"ME",1886,184,    
"ME",1886,190,869 
"ME",1886,220,    
"ME",1886,221,    
"ME",1886,235,    
"ME",1886,250,    
"ME",1886,260,    
"ME",1886,290,28  
"ME",1886,291,    
"ME",1886,292,    
"ME",1886,293,    
"ME",1886,294,    
"ME",1888,0,312   
"ME",1888,122,    
"ME",1888,140,    
"ME",1888,141,93  
"ME",1888,142,272 
"ME",1888,143,23  
"ME",1888,146,7   
"ME",1888,160,    
"ME",1888,180,    
"ME",1888,184,    
"ME",1888,190,655 
"ME",1888,220,    
"ME",1888,221,    
"ME",1888,235,    
"ME",1888,250,    
"ME",1888,260,    
"ME",1888,290,37  
"ME",1888,291,    
"ME",1888,292,    
"ME",1888,293,    
"ME",1888,294,    
"ME",1889,0,272   
"ME",1889,122,    
"ME",1889,140,    
"ME",1889,141,100 
"ME",1889,142,296 
"ME",1889,143,25  
"ME",1889,146,9   
"ME",1889,160,    
"ME",1889,180,    
"ME",1889,184,    
"ME",1889,190,699 
"ME",1889,220,    
"ME",1889,221,    
"ME",1889,235,    
"ME",1889,250,    
"ME",1889,260,    
"ME",1889,290,1437
"ME",1889,291,    
"ME",1889,292,    
"ME",1889,293,2582
"ME",1889,294,    
"ME",1890,0,63    
"ME",1890,122,    
"ME",1890,140,    
"ME",1890,141,106 
"ME",1890,142,324 
"ME",1890,143,25  
"ME",1890,146,8   
"ME",1890,160,    
"ME",1890,180,    
"ME",1890,184,    
"ME",1890,190,677 
"ME",1890,220,    
"ME",1890,221,    
"ME",1890,235,358 
"ME",1890,250,    
"ME",1890,260,25  
"ME",1890,290,33  
"ME",1890,291,    
"ME",1890,292,    
"ME",1890,293,300 
"ME",1890,294,    
"ME",1891,0,175   
"ME",1891,122,    
"ME",1891,140,    
"ME",1891,141,101 
"ME",1891,142,348 
"ME",1891,143,27  
"ME",1891,146,9   
"ME",1891,160,    
"ME",1891,180,3   
"ME",1891,184,    
"ME",1891,190,541 
"ME",1891,220,    
"ME",1891,221,    
"ME",1891,235,18  
"ME",1891,250,    
"ME",1891,260,28  
"ME",1891,290,36  
"ME",1891,291,    
"ME",1891,292,    
"ME",1891,293,287 
"ME",1891,294,    
"ME",1892,0,200   
"ME",1892,122,    
"ME",1892,140,    
"ME",1892,141,103 
"ME",1892,142,368 
"ME",1892,143,32  
"ME",1892,146,10  
"ME",1892,160,    
"ME",1892,180,4   
"ME",1892,184,    
"ME",1892,190,853 
"ME",1892,220,    
"ME",1892,221,    
"ME",1892,235,    
"ME",1892,250,    
"ME",1892,260,31  
"ME",1892,290,60  
"ME",1892,291,    
"ME",1892,292,    
"ME",1892,293,100 
"ME",1892,294,    
"ME",1893,0,305   
"ME",1893,122,1   
"ME",1893,140,    
"ME",1893,141,280 
"ME",1893,142,402 
"ME",1893,143,31  
"ME",1893,146,11  
"ME",1893,160,    
"ME",1893,180,2   
"ME",1893,184,    
"ME",1893,190,890 
"ME",1893,220,    
"ME",1893,221,    
"ME",1893,235,    
"ME",1893,250,    
"ME",1893,260,29  
"ME",1893,290,92  
"ME",1893,291,    
"ME",1893,292,    
"ME",1893,293,125 
"ME",1893,294,    
"ME",1894,0,336   
"ME",1894,122,12  
"ME",1894,140,    
"ME",1894,141,170 
"ME",1894,142,402 
"ME",1894,143,29  
"ME",1894,146,14  
"ME",1894,160,    
"ME",1894,180,3   
"ME",1894,184,    
"ME",1894,190,947 
"ME",1894,220,    
"ME",1894,221,    
"ME",1894,235,    
"ME",1894,250,    
"ME",1894,260,30  
"ME",1894,290,43  
"ME",1894,291,    
"ME",1894,292,    
"ME",1894,293,    
"ME",1894,294,    
"ME",1895,0,458   
"ME",1895,122,42  
"ME",1895,140,    
"ME",1895,141,145 
"ME",1895,142,388 
"ME",1895,143,33  
"ME",1895,146,15  
"ME",1895,160,    
"ME",1895,180,1   
"ME",1895,184,    
"ME",1895,190,834 
"ME",1895,220,    
"ME",1895,221,    
"ME",1895,235,    
"ME",1895,250,    
"ME",1895,260,34  
"ME",1895,290,41  
"ME",1895,291,    
"ME",1895,292,    
"ME",1895,293,    
"ME",1895,294,    
"ME",1896,0,290   
"ME",1896,122,23  
"ME",1896,140,    
"ME",1896,141,153 
"ME",1896,142,381 
"ME",1896,143,36  
"ME",1896,146,18  
"ME",1896,160,    
"ME",1896,180,    
"ME",1896,184,    
"ME",1896,190,894 
"ME",1896,220,    
"ME",1896,221,    
"ME",1896,235,    
"ME",1896,250,    
"ME",1896,260,32  
"ME",1896,290,39  
"ME",1896,291,    
"ME",1896,292,    
"ME",1896,293,    
"ME",1896,294,    
"ME",1897,0,204   
"ME",1897,122,29  
"ME",1897,140,    
"ME",1897,141,164 
"ME",1897,142,382 
"ME",1897,143,38  
"ME",1897,146,19  
"ME",1897,160,    
"ME",1897,180,5   
"ME",1897,184,    
"ME",1897,190,841 
"ME",1897,220,    
"ME",1897,221,    
"ME",1897,235,    
"ME",1897,250,    
"ME",1897,260,31  
"ME",1897,290,41  
"ME",1897,291,    
"ME",1897,292,    
"ME",1897,293,200 
"ME",1897,294,    
"ME",1898,0,307   
"ME",1898,122,59  
"ME",1898,140,    
"ME",1898,141,330 
"ME",1898,142,797 
"ME",1898,143,121 
"ME",1898,146,36  
"ME",1898,160,    
"ME",1898,180,11  
"ME",1898,184,    
"ME",1898,190,1945
"ME",1898,220,    
"ME",1898,221,    
"ME",1898,235,17  
"ME",1898,250,    
"ME",1898,260,68  
"ME",1898,290,100 
"ME",1898,291,    
"ME",1898,292,    
"ME",1898,293,500 
"ME",1898,294,    
"ME",1899,0,155   
"ME",1899,122,36  
"ME",1899,140,    
"ME",1899,141,160 
"ME",1899,142,403 
"ME",1899,143,62  
"ME",1899,146,24  
"ME",1899,160,    
"ME",1899,180,7   
"ME",1899,184,    
"ME",1899,190,984 
"ME",1899,220,    
"ME",1899,221,    
"ME",1899,235,17  
"ME",1899,250,    
"ME",1899,260,35  
"ME",1899,290,60  
"ME",1899,291,    
"ME",1899,292,    
"ME",1899,293,350 
"ME",1899,294,    
"ME",1900,0,200   
"ME",1900,122,18  
"ME",1900,140,    
"ME",1900,141,176 
"ME",1900,142,449 
"ME",1900,143,69  
"ME",1900,146,22  
"ME",1900,160,    
"ME",1900,180,10  
"ME",1900,184,    
"ME",1900,190,970 
"ME",1900,220,    
"ME",1900,221,    
"ME",1900,235,9   
"ME",1900,250,    
"ME",1900,260,33  
"ME",1900,290,57  
"ME",1900,291,    
"ME",1900,292,    
"ME",1900,293,200 
"ME",1900,294,    
"ME",1901,0,199   
"ME",1901,122,39  
"ME",1901,140,    
"ME",1901,141,292 
"ME",1901,142,522 
"ME",1901,143,73  
"ME",1901,146,59  
"ME",1901,160,    
"ME",1901,180,12  
"ME",1901,184,    
"ME",1901,190,997 
"ME",1901,220,    
"ME",1901,221,    
"ME",1901,235,28  
"ME",1901,250,    
"ME",1901,260,42  
"ME",1901,290,77  
"ME",1901,291,    
"ME",1901,292,    
"ME",1901,293,250 
"ME",1901,294,    
"ME",1902,0,298   
"ME",1902,122,40  
"ME",1902,140,    
"ME",1902,141,327 
"ME",1902,142,562 
"ME",1902,143,79  
"ME",1902,146,73  
"ME",1902,160,    
"ME",1902,180,7   
"ME",1902,184,    
"ME",1902,190,933 
"ME",1902,220,    
"ME",1902,221,    
"ME",1902,235,132 
"ME",1902,250,    
"ME",1902,260,48  
"ME",1902,290,116 
"ME",1902,291,    
"ME",1902,292,    
"ME",1902,293,100 
"ME",1902,294,    
"ME",1903,0,439   
"ME",1903,122,31  
"ME",1903,140,    
"ME",1903,141,365 
"ME",1903,142,522 
"ME",1903,143,90  
"ME",1903,146,93  
"ME",1903,160,    
"ME",1903,180,39  
"ME",1903,184,    
"ME",1903,190,1014
"ME",1903,220,    
"ME",1903,221,    
"ME",1903,235,228 
"ME",1903,250,    
"ME",1903,260,47  
"ME",1903,290,121 
"ME",1903,291,    
"ME",1903,292,    
"ME",1903,293,    
"ME",1903,294,    
"ME",1904,0,638   
"ME",1904,122,74  
"ME",1904,140,    
"ME",1904,141,404 
"ME",1904,142,453 
"ME",1904,143,97  
"ME",1904,146,98  
"ME",1904,160,    
"ME",1904,180,10  
"ME",1904,184,    
"ME",1904,190,1032
"ME",1904,220,    
"ME",1904,221,    
"ME",1904,235,    
"ME",1904,250,    
"ME",1904,260,48  
"ME",1904,290,92  
"ME",1904,291,    
"ME",1904,292,    
"ME",1904,293,    
"ME",1904,294,    
"ME",1905,0,245   
"ME",1905,122,69  
"ME",1905,140,    
"ME",1905,141,520 
"ME",1905,142,476 
"ME",1905,143,105 
"ME",1905,146,108 
"ME",1905,160,2   
"ME",1905,180,71  
"ME",1905,184,3   
"ME",1905,190,1066
"ME",1905,220,    
"ME",1905,221,    
"ME",1905,235,7   
"ME",1905,250,    
"ME",1905,260,42  
"ME",1905,290,138 
"ME",1905,291,    
"ME",1905,292,    
"ME",1905,293,    
"ME",1905,294,    
"ME",1906,0,430   
"ME",1906,122,71  
"ME",1906,140,    
"ME",1906,141,494 
"ME",1906,142,500 
"ME",1906,143,111 
"ME",1906,146,133 
"ME",1906,160,    
"ME",1906,180,57  
"ME",1906,184,3   
"ME",1906,190,1025
"ME",1906,220,    
"ME",1906,221,    
"ME",1906,235,    
"ME",1906,250,    
"ME",1906,260,84  
"ME",1906,290,195 
"ME",1906,291,    
"ME",1906,292,    
"ME",1906,293,    
"ME",1906,294,    
"ME",1907,0,598   
"ME",1907,122,89  
"ME",1907,140,    
"ME",1907,141,606 
"ME",1907,142,538 
"ME",1907,143,113 
"ME",1907,146,202 
"ME",1907,160,    
"ME",1907,180,41  
"ME",1907,184,3   
"ME",1907,190,1241
"ME",1907,220,    
"ME",1907,221,    
"ME",1907,235,    
"ME",1907,250,    
"ME",1907,260,76  
"ME",1907,290,186 
"ME",1907,291,    
"ME",1907,292,    
"ME",1907,293,200 
"ME",1907,294,    
"ME",1908,0,480   
"ME",1908,122,99  
"ME",1908,140,    
"ME",1908,141,658 
"ME",1908,142,559 
"ME",1908,143,114 
"ME",1908,146,228 
"ME",1908,160,    
"ME",1908,180,43  
"ME",1908,184,4   
"ME",1908,190,1097
"ME",1908,220,    
"ME",1908,221,    
"ME",1908,235,    
"ME",1908,250,    
"ME",1908,260,84  
"ME",1908,290,105 
"ME",1908,291,    
"ME",1908,292,    
"ME",1908,293,    
"ME",1908,294,    
"ME",1909,0,569   
"ME",1909,122,78  
"ME",1909,140,    
"ME",1909,141,615 
"ME",1909,142,566 
"ME",1909,143,118 
"ME",1909,146,256 
"ME",1909,160,    
"ME",1909,180,109 
"ME",1909,184,7   
"ME",1909,190,1413
"ME",1909,220,    
"ME",1909,221,    
"ME",1909,235,    
"ME",1909,250,    
"ME",1909,260,70  
"ME",1909,290,166 
"ME",1909,291,    
"ME",1909,292,    
"ME",1909,293,    
"ME",1909,294,    
"ME",1910,0,76    
"ME",1910,122,93  
"ME",1910,140,    
"ME",1910,141,717 
"ME",1910,142,564 
"ME",1910,143,126 
"ME",1910,146,267 
"ME",1910,160,60  
"ME",1910,180,54  
"ME",1910,184,10  
"ME",1910,190,1485
"ME",1910,220,    
"ME",1910,221,    
"ME",1910,235,    
"ME",1910,250,    
"ME",1910,260,63  
"ME",1910,290,243 
"ME",1910,291,    
"ME",1910,292,    
"ME",1910,293,300 
"ME",1910,294,    
"ME",1911,0,136   
"ME",1911,122,147 
"ME",1911,140,    
"ME",1911,141,851 
"ME",1911,142,569 
"ME",1911,143,137 
"ME",1911,146,281 
"ME",1911,160,68  
"ME",1911,180,50  
"ME",1911,184,12  
"ME",1911,190,2235
"ME",1911,220,    
"ME",1911,221,    
"ME",1911,235,    
"ME",1911,250,    
"ME",1911,260,59  
"ME",1911,290,171 
"ME",1911,291,    
"ME",1911,292,    
"ME",1911,293,300 
"ME",1911,294,    
"ME",1912,0,502   
"ME",1912,122,276 
"ME",1912,140,    
"ME",1912,141,888 
"ME",1912,142,590 
"ME",1912,143,151 
"ME",1912,146,318 
"ME",1912,160,75  
"ME",1912,180,46  
"ME",1912,184,98  
"ME",1912,190,2654
"ME",1912,220,    
"ME",1912,221,    
"ME",1912,235,    
"ME",1912,250,    
"ME",1912,260,2   
"ME",1912,290,153 
"ME",1912,291,    
"ME",1912,292,    
"ME",1912,293,    
"ME",1912,294,    
"ME",1913,0,457   
"ME",1913,122,170 
"ME",1913,140,    
"ME",1913,141,976 
"ME",1913,142,616 
"ME",1913,143,155 
"ME",1913,146,336 
"ME",1913,160,80  
"ME",1913,180,60  
"ME",1913,184,139 
"ME",1913,190,1967
"ME",1913,220,    
"ME",1913,221,53  
"ME",1913,235,    
"ME",1913,250,10  
"ME",1913,260,85  
"ME",1913,290,110 
"ME",1913,291,12  
"ME",1913,292,    
"ME",1913,293,300 
"ME",1913,294,    
"ME",1914,0,649   
"ME",1914,122,284 
"ME",1914,140,    
"ME",1914,141,1051
"ME",1914,142,632 
"ME",1914,143,157 
"ME",1914,146,359 
"ME",1914,160,74  
"ME",1914,180,57  
"ME",1914,184,193 
"ME",1914,190,2478
"ME",1914,220,    
"ME",1914,221,70  
"ME",1914,235,    
"ME",1914,250,152 
"ME",1914,260,244 
"ME",1914,290,67  
"ME",1914,291,32  
"ME",1914,292,    
"ME",1914,293,500 
"ME",1914,294,    
"ME",1915,0,778   
"ME",1915,122,179 
"ME",1915,140,    
"ME",1915,141,1089
"ME",1915,142,633 
"ME",1915,143,162 
"ME",1915,146,375 
"ME",1915,160,78  
"ME",1915,180,51  
"ME",1915,184,268 
"ME",1915,190,4387
"ME",1915,220,    
"ME",1915,221,66  
"ME",1915,235,    
"ME",1915,250,174 
"ME",1915,260,236 
"ME",1915,290,87  
"ME",1915,291,33  
"ME",1915,292,    
"ME",1915,293,500 
"ME",1915,294,    
"ME",1916,0,1159  
"ME",1916,122,224 
"ME",1916,140,    
"ME",1916,141,998 
"ME",1916,142,621 
"ME",1916,143,174 
"ME",1916,146,377 
"ME",1916,160,319 
"ME",1916,180,55  
"ME",1916,184,364 
"ME",1916,190,2348
"ME",1916,220,    
"ME",1916,221,76  
"ME",1916,235,    
"ME",1916,250,216 
"ME",1916,260,450 
"ME",1916,290,87  
"ME",1916,291,43  
"ME",1916,292,    
"ME",1916,293,500 
"ME",1916,294,    
"ME",1917,0,1473  
"ME",1917,122,216 
"ME",1917,140,    
"ME",1917,141,1092
"ME",1917,142,571 
"ME",1917,143,186 
"ME",1917,146,390 
"ME",1917,160,405 
"ME",1917,180,60  
"ME",1917,184,488 
"ME",1917,190,3304
"ME",1917,220,    
"ME",1917,221,53  
"ME",1917,235,    
"ME",1917,250,436 
"ME",1917,260,448 
"ME",1917,290,100 
"ME",1917,291,47  
"ME",1917,292,    
"ME",1917,293,710 
"ME",1917,294,    
"ME",1918,0,1862  
"ME",1918,122,274 
"ME",1918,140,    
"ME",1918,141,1292
"ME",1918,142,509 
"ME",1918,143,207 
"ME",1918,146,396 
"ME",1918,160,408 
"ME",1918,180,67  
"ME",1918,184,570 
"ME",1918,190,2893
"ME",1918,220,    
"ME",1918,221,49  
"ME",1918,235,    
"ME",1918,250,520 
"ME",1918,260,314 
"ME",1918,290,69  
"ME",1918,291,41  
"ME",1918,292,    
"ME",1918,293,712 
"ME",1918,294,    
"ME",1919,0,1986  
"ME",1919,122,412 
"ME",1919,140,    
"ME",1919,141,1529
"ME",1919,142,409 
"ME",1919,143,236 
"ME",1919,146,423 
"ME",1919,160,575 
"ME",1919,180,117 
"ME",1919,184,790 
"ME",1919,190,4014
"ME",1919,220,    
"ME",1919,221,60  
"ME",1919,235,    
"ME",1919,250,713 
"ME",1919,260,361 
"ME",1919,290,106 
"ME",1919,291,39  
"ME",1919,292,    
"ME",1919,293,    
"ME",1919,294,    
"ME",1920,0,2218  
"ME",1920,122,594 
"ME",1920,140,    
"ME",1920,141,1671
"ME",1920,142,386 
"ME",1920,143,263 
"ME",1920,146,496 
"ME",1920,160,551 
"ME",1920,180,109 
"ME",1920,184,834 
"ME",1920,190,3800
"ME",1920,220,    
"ME",1920,221,69  
"ME",1920,235,    
"ME",1920,250,1089
"ME",1920,260,554 
"ME",1920,290,84  
"ME",1920,291,101 
"ME",1920,292,    
"ME",1920,293,6065
"ME",1920,294,    
"ME",1921,0,5551  
"ME",1921,122,214 
"ME",1921,140,    
"ME",1921,141,410 
"ME",1921,142,203 
"ME",1921,143,297 
"ME",1921,146,291 
"ME",1921,160,22  
"ME",1921,180,15  
"ME",1921,184,747 
"ME",1921,190,95  
"ME",1921,220,    
"ME",1921,221,16  
"ME",1921,235,    
"ME",1921,250,470 
"ME",1921,260,235 
"ME",1921,290,23  
"ME",1921,291,59  
"ME",1921,292,    
"ME",1921,293,    
"ME",1921,294,    
"ME",1922,0,2011  
"ME",1922,122,564 
"ME",1922,140,    
"ME",1922,141,2273
"ME",1922,142,402 
"ME",1922,143,311 
"ME",1922,146,507 
"ME",1922,160,551 
"ME",1922,180,124 
"ME",1922,184,1342
"ME",1922,190,3318
"ME",1922,220,    
"ME",1922,221,67  
"ME",1922,235,    
"ME",1922,250,1500
"ME",1922,260,1624
"ME",1922,290,55  
"ME",1922,291,61  
"ME",1922,292,    
"ME",1922,293,3000
"ME",1922,294,    
"ME",1923,0,1864  
"ME",1923,122,1119
"ME",1923,140,    
"ME",1923,141,2305
"ME",1923,142,687 
"ME",1923,143,325 
"ME",1923,146,563 
"ME",1923,160,559 
"ME",1923,180,109 
"ME",1923,184,1612
"ME",1923,190,3537
"ME",1923,220,    
"ME",1923,221,68  
"ME",1923,235,    
"ME",1923,250,2075
"ME",1923,260,492 
"ME",1923,290,119 
"ME",1923,291,50  
"ME",1923,292,    
"ME",1923,293,1894
"ME",1923,294,    
"ME",1924,0,2085  
"ME",1924,122,556 
"ME",1924,140,    
"ME",1924,141,2386
"ME",1924,142,642 
"ME",1924,143,358 
"ME",1924,146,559 
"ME",1924,160,1072
"ME",1924,180,116 
"ME",1924,184,1925
"ME",1924,190,4567
"ME",1924,220,    
"ME",1924,221,76  
"ME",1924,235,    
"ME",1924,250,2748
"ME",1924,260,439 
"ME",1924,290,122 
"ME",1924,291,122 
"ME",1924,292,    
"ME",1924,293,1000
"ME",1924,294,    
"ME",1925,0,2718  
"ME",1925,122,1373
"ME",1925,140,    
"ME",1925,141,1847
"ME",1925,142,607 
"ME",1925,143,386 
"ME",1925,146,568 
"ME",1925,160,1167
"ME",1925,180,130 
"ME",1925,184,2170
"ME",1925,190,4227
"ME",1925,220,    
"ME",1925,221,80  
"ME",1925,235,    
"ME",1925,250,2080
"ME",1925,260,476 
"ME",1925,290,246 
"ME",1925,291,53  
"ME",1925,292,    
"ME",1925,293,942 
"ME",1925,294,    
"ME",1926,0,2612  
"ME",1926,122,688 
"ME",1926,140,    
"ME",1926,141,1626
"ME",1926,142,698 
"ME",1926,143,406 
"ME",1926,146,663 
"ME",1926,160,2162
"ME",1926,180,143 
"ME",1926,184,2258
"ME",1926,190,4640
"ME",1926,220,    
"ME",1926,221,87  
"ME",1926,235,    
"ME",1926,250,2655
"ME",1926,260,501 
"ME",1926,290,286 
"ME",1926,291,54  
"ME",1926,292,    
"ME",1926,293,1600
"ME",1926,294,    
"ME",1927,0,4639  
"ME",1927,122,800 
"ME",1927,140,    
"ME",1927,141,2087
"ME",1927,142,716 
"ME",1927,143,435 
"ME",1927,146,778 
"ME",1927,160,2712
"ME",1927,180,85  
"ME",1927,184,2571
"ME",1927,190,4583
"ME",1927,220,    
"ME",1927,221,69  
"ME",1927,235,    
"ME",1927,250,5061
"ME",1927,260,661 
"ME",1927,290,241 
"ME",1927,291,129 
"ME",1927,292,    
"ME",1927,293,2500
"ME",1927,294,    
"ME",1928,0,6023  
"ME",1928,122,1693
"ME",1928,140,    
"ME",1928,141,1997
"ME",1928,142,739 
"ME",1928,143,451 
"ME",1928,146,859 
"ME",1928,160,3292
"ME",1928,180,159 
"ME",1928,184,2699
"ME",1928,190,4443
"ME",1928,220,    
"ME",1928,221,77  
"ME",1928,235,    
"ME",1928,250,1639
"ME",1928,260,681 
"ME",1928,290,223 
"ME",1928,291,88  
"ME",1928,292,    
"ME",1928,293,875 
"ME",1928,294,    
"ME",1929,0,4477  
"ME",1929,122,925 
"ME",1929,140,    
"ME",1929,141,1682
"ME",1929,142,552 
"ME",1929,143,475 
"ME",1929,146,885 
"ME",1929,160,3802
"ME",1929,180,179 
"ME",1929,184,2917
"ME",1929,190,4398
"ME",1929,220,    
"ME",1929,221,70  
"ME",1929,235,    
"ME",1929,250,2100
"ME",1929,260,733 
"ME",1929,290,164 
"ME",1929,291,145 
"ME",1929,292,    
"ME",1929,293,2456
"ME",1929,294,    
"ME",1930,0,2671  
"ME",1930,122,1013
"ME",1930,140,    
"ME",1930,141,1635
"ME",1930,142,1003
"ME",1930,143,545 
"ME",1930,146,924 
"ME",1930,160,4716
"ME",1930,180,238 
"ME",1930,184,3164
"ME",1930,190,5249
"ME",1930,220,    
"ME",1930,221,70  
"ME",1930,235,    
"ME",1930,250,1767
"ME",1930,260,820 
"ME",1930,290,166 
"ME",1930,291,115 
"ME",1930,292,    
"ME",1930,293,3700
"ME",1930,294,    
