"KY",1818,3,201607.41   
"KY",1818,3,201607.41   
"KY",1819,3,164058.96   
"KY",1819,3,164058.96   
"KY",1820,3,158978.84   
"KY",1820,3,158978.84   
"KY",1822,3,251295.24   
"KY",1822,3,251295.24   
"KY",1823,3,233467.57   
"KY",1823,3,233467.57   
"KY",1824,3,305868.41   
"KY",1824,3,305868.41   
"KY",1825,3,301737.82   
"KY",1825,3,301737.82   
"KY",1826,3,241767.05   
"KY",1826,3,241767.05   
"KY",1826,3,241767.05   
"KY",1827,3,215413.1    
"KY",1827,3,215413.1    
"KY",1827,3,215413.1    
"KY",1828,3,184069.56   
"KY",1828,3,184069.56   
"KY",1829,3,177584.17   
"KY",1829,3,177584.17   
"KY",1830,3,161043.97   
"KY",1830,3,161043.97   
"KY",1830,3,161043.97   
"KY",1831,3,213706.47   
"KY",1831,3,213706.47   
"KY",1831,3,213706.47   
"KY",1832,3,221141.77   
"KY",1832,3,221141.77   
"KY",1832,3,221141.77   
"KY",1833,3,169410.42   
"KY",1833,3,169410.42   
"KY",1833,3,169410.42   
"KY",1834,3,230340.81   
"KY",1834,3,230340.81   
"KY",1834,3,230340.81   
"KY",1835,3,319914.85   
"KY",1835,3,319914.85   
"KY",1836,3,552540.86   
"KY",1836,3,552540.86   
"KY",1837,3,2577857.59  
"KY",1837,3,2577857.59  
"KY",1838,3,1528632.41  
"KY",1838,3,1528632.41  
"KY",1839,3,1659680.31  
"KY",1839,3,1659680.31  
"KY",1841,3,295169.32   
"KY",1841,3,295169.32   
"KY",1841,3,295169.32   
"KY",1842,3,267298.13   
"KY",1842,3,267298.13   
"KY",1842,3,267298.13   
"KY",1843,3,261661.65   
"KY",1843,3,261661.65   
"KY",1843,3,261661.65   
"KY",1844,3,246336.7    
"KY",1844,3,246336.7    
"KY",1844,3,246336.7    
"KY",1845,3,249536.82   
"KY",1845,3,249536.82   
"KY",1845,3,249536.82   
"KY",1846,3,651816.47   
"KY",1846,3,651816.47   
"KY",1846,3,651816.47   
"KY",1847,3,625250.22   
"KY",1847,3,625250.22   
"KY",1847,3,625250.22   
"KY",1849,3,660553.61   
"KY",1849,3,660553.61   
"KY",1849,3,660553.61   
"KY",1850,3,722516.15   
"KY",1850,3,722516.15   
"KY",1850,3,722516.15   
"KY",1851,3,1070330.35  
"KY",1851,3,1070330.35  
"KY",1851,3,1070330.35  
"KY",1853,3,660635.88   
"KY",1853,3,660635.88   
"KY",1853,3,660635.88   
"KY",1854,3,1024325.29  
"KY",1854,3,1024325.29  
"KY",1854,3,1024325.29  
"KY",1856,3,1629406.8   
"KY",1856,3,1629406.8   
"KY",1856,3,1629406.8   
"KY",1857,3,1467243.1   
"KY",1857,3,1467243.1   
"KY",1857,3,1467243.1   
"KY",1858,3,1375561.32  
"KY",1858,3,1375561.32  
"KY",1858,3,1375561.32  
"KY",1859,3,1119440.25  
"KY",1859,3,1119440.25  
"KY",1859,3,1119440.25  
"KY",1860,3,1825959.39  
"KY",1860,3,1825959.39  
"KY",1860,3,1825959.39  
"KY",1862,3,3443790.9   
"KY",1862,3,3443790.9   
"KY",1862,3,3443790.9   
"KY",1863,3,866881.95   
"KY",1863,3,866881.95   
"KY",1863,3,866881.95   
"KY",1864,3,1118739.14  
"KY",1864,3,1118739.14  
"KY",1864,3,1118739.14  
"KY",1865,3,2051805.01  
"KY",1865,3,2051805.01  
"KY",1865,3,2051805.01  
"KY",1866,3,1474894.03  
"KY",1866,3,1474894.03  
"KY",1866,3,1474894.03  
"KY",1867,3,2580320.21  
"KY",1867,3,2580320.21  
"KY",1867,3,2580320.21  
"KY",1868,3,1253828.35  
"KY",1868,3,1253828.35  
"KY",1868,3,1253828.35  
"KY",1869,3,1941949.59  
"KY",1869,3,1941949.59  
"KY",1869,3,1941949.59  
"KY",1870,3,1097447.16  
"KY",1870,3,1097447.16  
"KY",1871,3,2547095.75  
"KY",1871,3,2547095.75  
"KY",1871,3,2547095.75  
"KY",1872,3,2879139.86  
"KY",1872,3,2879139.86  
"KY",1872,3,2879139.86  
"KY",1873,3,1210849.42  
"KY",1873,3,1210849.42  
"KY",1874,3,2643745.97  
"KY",1874,3,2643745.97  
"KY",1875,3,2257500.76  
"KY",1875,3,2257500.76  
"KY",1876,3,1522473.55  
"KY",1876,3,1522473.55  
"KY",1877,3,2418104.58  
"KY",1877,3,2418104.58  
"KY",1880,3,2385511.8   
"KY",1880,3,2385511.8   
"KY",1881,3,2238444.18  
"KY",1881,3,2238444.18  
"KY",1882,3,999187.86   
"KY",1883,3,1021981.8   
"KY",1884,3,2631964.59  
"KY",1884,3,2631964.59  
"KY",1885,3,2708822.58  
"KY",1885,3,2708822.58  
"KY",1886,3,3237119.94  
"KY",1886,3,3237119.94  
"KY",1887,3,3210430.87  
"KY",1887,3,3210430.87  
"KY",1888,3,3478882.45  
"KY",1888,3,3478882.45  
"KY",1889,3,3843649.23  
"KY",1889,3,3843649.23  
"KY",1890,3,3592317.03  
"KY",1890,3,3592317.03  
"KY",1891,3,3821834.9   
"KY",1891,3,3821834.9   
"KY",1892,3,4019603.13  
"KY",1892,3,4019603.13  
"KY",1893,3,4101126.13  
"KY",1893,3,4101126.13  
"KY",1894,3,4426520.44  
"KY",1894,3,4426520.44  
"KY",1895,3,3927893.23  
"KY",1895,3,3927893.23  
"KY",1895,3,3927893.23  
"KY",1896,3,5148341.62  
"KY",1896,3,5148341.62  
"KY",1897,3,3489376.36  
"KY",1897,3,3489376.36  
"KY",1897,3,3489376.36  
"KY",1898,3,4282225.01  
"KY",1898,3,4282225.01  
"KY",1898,3,4282225.01  
"KY",1899,3,2059740.45  
"KY",1900,3,3658397.23  
"KY",1900,3,3658397.23  
"KY",1900,3,3658397.23  
"KY",1901,3,4758130.09  
"KY",1901,3,4758130.09  
"KY",1901,3,4758130.09  
"KY",1902,3,4492580.42  
"KY",1902,3,4492580.42  
"KY",1902,3,4492580.42  
"KY",1903,3,5853975.59  
"KY",1903,3,5853975.59  
"KY",1904,3,4936086.66  
"KY",1904,3,4936086.66  
"KY",1905,3,5292496.18  
"KY",1905,3,5292496.18  
"KY",1906,3,5638480.77  
"KY",1906,3,5638480.77  
"KY",1907,3,6206226.44  
"KY",1907,3,6206226.44  
"KY",1908,3,6598519.95  
"KY",1908,3,6598519.95  
"KY",1909,3,7052198.02  
"KY",1909,3,7052198.02  
"KY",1910,3,7203884.61  
"KY",1910,3,7203884.61  
"KY",1910,3,7203884.61  
"KY",1911,3,7338851.22  
"KY",1911,3,7338851.22  
"KY",1912,3,7718672.74  
"KY",1912,3,7718672.74  
"KY",1913,3,7767954.08  
"KY",1913,3,7767954.08  
"KY",1913,3,7767954.08  
"KY",1914,3,8293089.99  
"KY",1914,3,8293089.99  
"KY",1914,3,8293089.99  
"KY",1915,3,8430240.01  
"KY",1915,3,8430240.01  
"KY",1915,3,8430240.01  
"KY",1818,32,8645.11    
"KY",1818,33,38133      
"KY",1818,34,26713.16   
"KY",1818,36,87558.53   
"KY",1818,38,30         
"KY",1818,39,8227.61    
"KY",1818,41,32300      
"KY",1819,32,10572.82   
"KY",1819,33,7523.24    
"KY",1819,34,24986.82   
"KY",1819,36,76196.89   
"KY",1819,38,80         
"KY",1819,39,24933.91   
"KY",1819,41,19765.28   
"KY",1820,31,5000       
"KY",1820,32,10935.01   
"KY",1820,33,542        
"KY",1820,34,25508.19   
"KY",1820,36,79415.13   
"KY",1820,38,60         
"KY",1820,39,17218.51   
"KY",1820,41,20300      
"KY",1822,32,15490.44   
"KY",1822,33,1324.5     
"KY",1822,34,26431.12   
"KY",1822,36,93318.61   
"KY",1822,38,75         
"KY",1822,39,35440.44   
"KY",1822,41,79215.13   
"KY",1823,31,3000       
"KY",1823,32,32513.69   
"KY",1823,33,1532       
"KY",1823,34,36630.56   
"KY",1823,36,97714.41   
"KY",1823,38,51.41      
"KY",1823,39,34016      
"KY",1823,41,28009.5    
"KY",1824,32,27119.11   
"KY",1824,33,2891       
"KY",1824,34,36681.31   
"KY",1824,36,99990.63   
"KY",1824,39,55582.36   
"KY",1824,41,83604      
"KY",1825,32,19569.57   
"KY",1825,33,204        
"KY",1825,34,24770.44   
"KY",1825,36,105329.99  
"KY",1825,39,21123.82   
"KY",1825,41,130740     
"KY",1826,32,23727.59   
"KY",1826,33,143.7      
"KY",1826,34,12687.99   
"KY",1826,36,99801.47   
"KY",1826,39,16556.3    
"KY",1826,41,88850      
"KY",1827,32,24247.95   
"KY",1827,33,145.25     
"KY",1827,34,9647.68    
"KY",1827,35,500        
"KY",1827,36,109336.46  
"KY",1827,39,11865.76   
"KY",1827,41,59670      
"KY",1828,31,36         
"KY",1828,32,19020.52   
"KY",1828,33,1398.14    
"KY",1828,34,7680.47    
"KY",1828,35,43         
"KY",1828,36,116598.04  
"KY",1828,39,9758.39    
"KY",1828,41,29535      
"KY",1829,32,22191.13   
"KY",1829,33,1094.7     
"KY",1829,34,6262.84    
"KY",1829,36,105052.18  
"KY",1829,39,13148.32   
"KY",1829,41,29835      
"KY",1830,32,20037.69   
"KY",1830,33,5298.66    
"KY",1830,34,8018.26    
"KY",1830,35,126.49     
"KY",1830,36,99945.3    
"KY",1830,39,12700.07   
"KY",1830,41,14917.5    
"KY",1831,32,22695.5    
"KY",1831,33,48923.3    
"KY",1831,34,7638.9     
"KY",1831,36,89645.09   
"KY",1831,39,14968.68   
"KY",1831,41,29835      
"KY",1832,31,57.71      
"KY",1832,32,27521.31   
"KY",1832,33,65586.13   
"KY",1832,34,7204.29    
"KY",1832,36,91832.46   
"KY",1832,39,14022.37   
"KY",1832,41,14917.5    
"KY",1833,32,25786.74   
"KY",1833,33,27077.69   
"KY",1833,34,7968.24    
"KY",1833,36,91972.12   
"KY",1833,39,16605.63   
"KY",1834,31,1000       
"KY",1834,32,21183.66   
"KY",1834,33,84624.37   
"KY",1834,34,9657.5     
"KY",1834,36,94778.76   
"KY",1834,39,19096.52   
"KY",1835,32,13672.34   
"KY",1835,33,161117.75  
"KY",1835,34,14207.32   
"KY",1835,36,88690.23   
"KY",1835,39,42227.21   
"KY",1836,31,39.23      
"KY",1836,32,28370.81   
"KY",1836,33,340237.58  
"KY",1836,34,10330.89   
"KY",1836,36,112837.15  
"KY",1836,39,29710.82   
"KY",1836,40,31014.38   
"KY",1837,32,16929.6    
"KY",1837,33,740734.43  
"KY",1837,34,8539.06    
"KY",1837,36,137137.98  
"KY",1837,39,42571.65   
"KY",1837,40,25000      
"KY",1837,41,1606944.87 
"KY",1838,32,18587.92   
"KY",1838,33,1145392.37 
"KY",1838,34,9920.31    
"KY",1838,36,164315     
"KY",1838,39,39074.78   
"KY",1838,41,151342.03  
"KY",1839,31,24000      
"KY",1839,32,18629.34   
"KY",1839,33,1245162.27 
"KY",1839,34,12166.89   
"KY",1839,36,166049.07  
"KY",1839,39,51981      
"KY",1839,41,141691.74  
"KY",1841,31,217.24     
"KY",1841,32,32116.31   
"KY",1841,34,14792.74   
"KY",1841,35,2111.5     
"KY",1841,36,186115.92  
"KY",1841,39,19721.6    
"KY",1841,40,9776.2     
"KY",1841,41,30317.81   
"KY",1842,31,222.42     
"KY",1842,32,35019.93   
"KY",1842,34,15441.16   
"KY",1842,35,2398       
"KY",1842,36,184030.26  
"KY",1842,39,17734.85   
"KY",1842,40,12451.51   
"KY",1843,31,4534.95    
"KY",1843,32,30738.66   
"KY",1843,34,12381.2    
"KY",1843,35,1333.92    
"KY",1843,36,190302.66  
"KY",1843,39,13278.26   
"KY",1843,40,9092       
"KY",1844,31,7768.52    
"KY",1844,32,31290.41   
"KY",1844,33,66.76      
"KY",1844,34,13498.77   
"KY",1844,35,2423.47    
"KY",1844,36,173923.78  
"KY",1844,39,11326.49   
"KY",1844,40,6038.5     
"KY",1845,31,8067.33    
"KY",1845,32,25812.29   
"KY",1845,34,18191.69   
"KY",1845,35,3965.7     
"KY",1845,36,167792.62  
"KY",1845,39,15808.19   
"KY",1845,40,9899       
"KY",1846,31,9218.82    
"KY",1846,32,37717.31   
"KY",1846,33,31034.27   
"KY",1846,34,29219.59   
"KY",1846,35,3454.16    
"KY",1846,36,182453.63  
"KY",1846,39,12974.3    
"KY",1846,40,271125.59  
"KY",1846,41,74618.8    
"KY",1847,31,10951.36   
"KY",1847,32,41960.64   
"KY",1847,33,29400      
"KY",1847,34,13659.75   
"KY",1847,35,864        
"KY",1847,36,181940.33  
"KY",1847,39,20733.85   
"KY",1847,40,279982.7   
"KY",1847,41,45757.59   
"KY",1849,3,8236.26     
"KY",1849,31,15958.88   
"KY",1849,32,45577.11   
"KY",1849,33,40269.59   
"KY",1849,34,11149.27   
"KY",1849,35,695.6      
"KY",1849,36,188000.59  
"KY",1849,39,22167.3    
"KY",1849,40,271287.35  
"KY",1849,41,57211.66   
"KY",1850,31,58551.09   
"KY",1850,32,57809.93   
"KY",1850,33,35511.92   
"KY",1850,34,16285.97   
"KY",1850,35,768        
"KY",1850,36,247471.49  
"KY",1850,39,14741.75   
"KY",1850,40,290258     
"KY",1850,41,1118       
"KY",1851,31,149829.35  
"KY",1851,32,61755.11   
"KY",1851,33,28751.22   
"KY",1851,34,17864.5    
"KY",1851,35,1321       
"KY",1851,36,257069.5   
"KY",1851,39,17649.61   
"KY",1851,40,263073.81  
"KY",1851,41,273016.25  
"KY",1853,31,116405.52  
"KY",1853,32,78191.26   
"KY",1853,34,19573.92   
"KY",1853,35,1337       
"KY",1853,36,172768.26  
"KY",1853,39,6053.49    
"KY",1853,40,249724.61  
"KY",1853,41,16581.82   
"KY",1854,31,142523.02  
"KY",1854,32,169002.19  
"KY",1854,33,26928.07   
"KY",1854,34,17518.77   
"KY",1854,35,1138       
"KY",1854,36,225055.59  
"KY",1854,39,41494.1    
"KY",1854,40,266868.74  
"KY",1854,41,133796.81  
"KY",1856,31,158078.85  
"KY",1856,32,139530.88  
"KY",1856,33,23547      
"KY",1856,34,25946.98   
"KY",1856,35,4128       
"KY",1856,36,280556.85  
"KY",1856,39,23566.49   
"KY",1856,40,240490     
"KY",1856,41,733561.75  
"KY",1857,31,322390.97  
"KY",1857,32,67824.26   
"KY",1857,33,17500      
"KY",1857,34,45970.94   
"KY",1857,35,10097.5    
"KY",1857,36,257569.14  
"KY",1857,39,18495.42   
"KY",1857,40,218075     
"KY",1857,41,509319.87  
"KY",1858,31,327766.61  
"KY",1858,32,94071.86   
"KY",1858,33,39302.06   
"KY",1858,34,48863.19   
"KY",1858,35,9873.6     
"KY",1858,36,331177.21  
"KY",1858,39,27504.42   
"KY",1858,40,210769.99  
"KY",1858,41,286232.38  
"KY",1859,31,326792.97  
"KY",1859,32,41398.84   
"KY",1859,33,19291.92   
"KY",1859,34,58671.93   
"KY",1859,35,6520       
"KY",1859,36,269863.97  
"KY",1859,39,82149.87   
"KY",1859,40,204095     
"KY",1859,41,110655.75  
"KY",1860,31,343578.46  
"KY",1860,32,146852.76  
"KY",1860,33,4626.95    
"KY",1860,34,58950.86   
"KY",1860,35,11662.44   
"KY",1860,36,391820.15  
"KY",1860,39,52928.62   
"KY",1860,40,209579.38  
"KY",1860,41,605959.77  
"KY",1862,31,139295.21  
"KY",1862,32,128815.65  
"KY",1862,34,2514185.07 
"KY",1862,35,3519.3     
"KY",1862,36,331825.9   
"KY",1862,39,14879      
"KY",1862,40,273675.78  
"KY",1862,41,37594.99   
"KY",1863,31,1302.27    
"KY",1863,32,126849.23  
"KY",1863,34,431701.3   
"KY",1863,35,2566.1     
"KY",1863,36,278030.27  
"KY",1863,39,26432.78   
"KY",1864,31,1666.21    
"KY",1864,32,158792.42  
"KY",1864,33,5060.75    
"KY",1864,34,583683.7   
"KY",1864,35,1295.88    
"KY",1864,36,346415.5   
"KY",1864,39,21824.68   
"KY",1865,31,266198.84  
"KY",1865,32,197898.08  
"KY",1865,33,28001.5    
"KY",1865,34,671539.61  
"KY",1865,35,413.65     
"KY",1865,36,390582.5   
"KY",1865,39,21513.33   
"KY",1865,40,30142.05   
"KY",1865,41,445515.45  
"KY",1866,31,164593.48  
"KY",1866,32,206033.98  
"KY",1866,33,28006.5    
"KY",1866,34,510048.16  
"KY",1866,35,4487.95    
"KY",1866,36,534109.48  
"KY",1866,39,27614.48   
"KY",1867,31,315972.63  
"KY",1867,32,336370.15  
"KY",1867,34,468944.86  
"KY",1867,35,23669.82   
"KY",1867,36,603395.49  
"KY",1867,39,46834.15   
"KY",1867,40,137132.59  
"KY",1867,41,648000.52  
"KY",1868,31,3314.54    
"KY",1868,32,272978.58  
"KY",1868,33,46299.91   
"KY",1868,34,198088.01  
"KY",1868,35,20480.89   
"KY",1868,36,664324.33  
"KY",1868,39,48342.09   
"KY",1869,31,306274.71  
"KY",1869,32,242647.55  
"KY",1869,33,48626.23   
"KY",1869,34,150563.55  
"KY",1869,35,14958.25   
"KY",1869,36,709937.42  
"KY",1869,39,52773.87   
"KY",1869,40,70338.86   
"KY",1869,41,345829.15  
"KY",1870,31,30911.76   
"KY",1870,32,206626.05  
"KY",1870,33,63647.6    
"KY",1870,34,105393.59  
"KY",1870,35,11545.75   
"KY",1870,36,651793.73  
"KY",1870,39,27417.18   
"KY",1870,40,111.5      
"KY",1871,31,845648.04  
"KY",1871,32,290347.51  
"KY",1871,33,45231.35   
"KY",1871,34,200752.07  
"KY",1871,35,6329.15    
"KY",1871,36,691842.92  
"KY",1871,39,21992.73   
"KY",1871,40,85657.63   
"KY",1871,41,359294.35  
"KY",1872,31,996393.76  
"KY",1872,32,327640.4   
"KY",1872,33,36158.93   
"KY",1872,34,202295.34  
"KY",1872,35,4245.51    
"KY",1872,36,886632.48  
"KY",1872,39,43804.38   
"KY",1872,40,51656.36   
"KY",1872,41,330312.7   
"KY",1873,31,1862.88    
"KY",1873,32,225201.49  
"KY",1873,33,2014.62    
"KY",1873,34,171640.53  
"KY",1873,35,1901.35    
"KY",1873,36,767304.01  
"KY",1873,39,40475.45   
"KY",1873,40,449.09     
"KY",1874,31,784121.2   
"KY",1874,32,530720.59  
"KY",1874,33,21676.83   
"KY",1874,34,161389.03  
"KY",1874,36,757532.86  
"KY",1874,39,48285.46   
"KY",1874,40,17901.9    
"KY",1874,41,322118.1   
"KY",1875,31,894183.88  
"KY",1875,32,334244.67  
"KY",1875,33,16779.88   
"KY",1875,34,191097.61  
"KY",1875,35,710.35     
"KY",1875,36,710270.61  
"KY",1875,39,59363.14   
"KY",1875,40,15168.97   
"KY",1875,41,35681.65   
"KY",1876,31,3343.21    
"KY",1876,32,345350.17  
"KY",1876,33,24090.56   
"KY",1876,34,170337.02  
"KY",1876,35,2228.45    
"KY",1876,36,884135.69  
"KY",1876,39,92502.95   
"KY",1876,40,485.5      
"KY",1877,31,938498.69  
"KY",1877,32,397157.62  
"KY",1877,33,29184.62   
"KY",1877,34,162761.54  
"KY",1877,35,2408.65    
"KY",1877,36,860418.78  
"KY",1877,39,17024.68   
"KY",1877,40,10650      
"KY",1880,29,2252       
"KY",1880,31,732786.77  
"KY",1880,32,439704.1   
"KY",1880,33,13602.66   
"KY",1880,34,40142.83   
"KY",1880,35,3562.44    
"KY",1880,36,1065645.01 
"KY",1880,39,81344.32   
"KY",1880,40,5430       
"KY",1880,41,1041.67    
"KY",1881,31,820414.71  
"KY",1881,32,394832.54  
"KY",1881,33,12890.52   
"KY",1881,34,33712.77   
"KY",1881,35,4714.24    
"KY",1881,36,799519.54  
"KY",1881,39,58000.42   
"KY",1881,40,13859.44   
"KY",1881,41,100500     
"KY",1882,31,752449.01  
"KY",1882,32,55550.01   
"KY",1882,34,511.4      
"KY",1882,35,1250       
"KY",1882,36,32317.23   
"KY",1882,39,88         
"KY",1882,41,157022.21  
"KY",1883,31,793239.12  
"KY",1883,32,78935.98   
"KY",1883,36,26077.63   
"KY",1883,39,11544.5    
"KY",1883,41,112184.57  
"KY",1884,31,915445.46  
"KY",1884,32,435136.66  
"KY",1884,33,21317.76   
"KY",1884,34,47325.24   
"KY",1884,35,5358.28    
"KY",1884,36,1002295.47 
"KY",1884,39,68434.06   
"KY",1884,40,25231.66   
"KY",1884,41,111420     
"KY",1885,31,952756.3   
"KY",1885,32,377231.37  
"KY",1885,33,25943.81   
"KY",1885,34,98692.76   
"KY",1885,35,6516.48    
"KY",1885,36,852461.54  
"KY",1885,39,74544.62   
"KY",1885,40,9750       
"KY",1885,41,310925.7   
"KY",1886,31,1120580.06 
"KY",1886,32,498136.83  
"KY",1886,33,19597.59   
"KY",1886,34,145744.78  
"KY",1886,35,6184.1     
"KY",1886,36,1086030.11 
"KY",1886,39,56734.73   
"KY",1886,40,21933.34   
"KY",1886,41,282178.4   
"KY",1887,31,1106620.67 
"KY",1887,32,523999.62  
"KY",1887,33,20440.52   
"KY",1887,34,288692.59  
"KY",1887,35,7744.2     
"KY",1887,36,1011082.87 
"KY",1887,39,67122.85   
"KY",1887,41,184727.55  
"KY",1888,31,1329004.78 
"KY",1888,32,553382.18  
"KY",1888,33,26583.47   
"KY",1888,34,123778.66  
"KY",1888,35,2376.27    
"KY",1888,36,1286666.93 
"KY",1888,39,14253.39   
"KY",1888,40,9000       
"KY",1888,41,133836.77  
"KY",1889,31,1433391.08 
"KY",1889,32,593310.78  
"KY",1889,33,20665.18   
"KY",1889,34,194291.67  
"KY",1889,35,7078.59    
"KY",1889,36,1283155.63 
"KY",1889,39,31532.5    
"KY",1889,41,280223.8   
"KY",1890,31,1561589.75 
"KY",1890,32,525341.44  
"KY",1890,33,22361.63   
"KY",1890,34,161206.65  
"KY",1890,35,7189.28    
"KY",1890,36,1133565.58 
"KY",1890,39,47449.11   
"KY",1890,41,133613.59  
"KY",1891,31,1626602.19 
"KY",1891,32,444193.2   
"KY",1891,33,26229.64   
"KY",1891,34,110988.58  
"KY",1891,35,15113.84   
"KY",1891,36,1454466.55 
"KY",1891,39,10944.1    
"KY",1891,41,133296.8   
"KY",1892,31,1671602.6  
"KY",1892,32,492500.04  
"KY",1892,33,18663.17   
"KY",1892,34,115225.29  
"KY",1892,35,17080.74   
"KY",1892,36,1552657.14 
"KY",1892,39,6049.89    
"KY",1892,40,1979.85    
"KY",1892,41,143844.41  
"KY",1893,31,1852591.05 
"KY",1893,32,482776.76  
"KY",1893,33,8605.03    
"KY",1893,34,78627.62   
"KY",1893,35,11284.83   
"KY",1893,36,1482086.23 
"KY",1893,39,102635.97  
"KY",1893,40,67.88      
"KY",1893,41,82450.76   
"KY",1894,31,2121506.64 
"KY",1894,32,471131.48  
"KY",1894,33,72.2       
"KY",1894,34,305456.83  
"KY",1894,35,10857.11   
"KY",1894,36,1353537.49 
"KY",1894,39,4762.89    
"KY",1894,41,159195.8   
"KY",1895,31,2085163.59 
"KY",1895,32,422020.5   
"KY",1895,33,130.7      
"KY",1895,34,238421.01  
"KY",1895,35,8975.17    
"KY",1895,36,1006087.38 
"KY",1895,39,31372.79   
"KY",1895,41,135722.09  
"KY",1896,31,1960521.43 
"KY",1896,32,910054.64  
"KY",1896,34,311076.3   
"KY",1896,35,14518.01   
"KY",1896,36,1606137.28 
"KY",1896,39,85118.24   
"KY",1896,41,260915.72  
"KY",1897,31,925110.85  
"KY",1897,32,607533.17  
"KY",1897,34,369013.83  
"KY",1897,35,11510.45   
"KY",1897,36,1255091.26 
"KY",1897,39,92435.46   
"KY",1897,41,228681.34  
"KY",1898,31,1684675.13 
"KY",1898,32,706745.16  
"KY",1898,34,391622.59  
"KY",1898,35,14263.91   
"KY",1898,36,1274017.77 
"KY",1898,39,105711.23  
"KY",1898,40,19273      
"KY",1898,41,85916.22   
"KY",1899,31,1684098.55 
"KY",1899,32,99843.93   
"KY",1899,34,21238.59   
"KY",1899,35,2500       
"KY",1899,36,186646.39  
"KY",1899,39,498.11     
"KY",1899,41,64914.88   
"KY",1900,31,1918230.32 
"KY",1900,32,508918.37  
"KY",1900,34,371003.11  
"KY",1900,35,13273.91   
"KY",1900,36,644206.28  
"KY",1900,39,126648.19  
"KY",1900,40,31207.05   
"KY",1900,41,44910      
"KY",1901,31,1952943.93 
"KY",1901,32,796234.68  
"KY",1901,34,339312.79  
"KY",1901,35,10929.7    
"KY",1901,36,1458299.1  
"KY",1901,39,144299.62  
"KY",1901,40,1160.27    
"KY",1901,41,54950      
"KY",1902,31,1948554.7  
"KY",1902,32,731753.59  
"KY",1902,34,308951.51  
"KY",1902,35,5000       
"KY",1902,36,1339425.8  
"KY",1902,39,110082.57  
"KY",1902,41,48812.25   
"KY",1903,31,1869062.45 
"KY",1903,32,889297.89  
"KY",1903,34,391845.65  
"KY",1903,35,14708.79   
"KY",1903,36,1424997.76 
"KY",1903,39,218428.07  
"KY",1903,40,2290       
"KY",1903,41,1043344.98 
"KY",1904,31,2055507.83 
"KY",1904,32,814876.15  
"KY",1904,33,2305.81    
"KY",1904,34,370122.68  
"KY",1904,35,15303.12   
"KY",1904,36,1438229    
"KY",1904,39,220609.64  
"KY",1904,41,19132.43   
"KY",1905,2,141303.37   
"KY",1905,31,2288379.19 
"KY",1905,32,743319.04  
"KY",1905,33,17193.06   
"KY",1905,34,387460.8   
"KY",1905,35,16827.43   
"KY",1905,36,1432851.7  
"KY",1905,39,243821.59  
"KY",1905,41,21340      
"KY",1906,31,2520339.12 
"KY",1906,32,790772.73  
"KY",1906,33,14882.27   
"KY",1906,34,355093.9   
"KY",1906,35,18838.98   
"KY",1906,36,1733926.55 
"KY",1906,39,193687.22  
"KY",1906,41,10940      
"KY",1907,31,2600668.71 
"KY",1907,32,865693.82  
"KY",1907,33,20994.23   
"KY",1907,34,364458.51  
"KY",1907,35,41061.44   
"KY",1907,36,2089652.66 
"KY",1907,39,212757.07  
"KY",1907,41,10940      
"KY",1908,31,2806267.73 
"KY",1908,32,941229.78  
"KY",1908,33,24258.85   
"KY",1908,34,530494.81  
"KY",1908,35,33211.87   
"KY",1908,36,2002925.51 
"KY",1908,39,223711.4   
"KY",1908,41,36420      
"KY",1909,31,3219823.48 
"KY",1909,32,977399.59  
"KY",1909,33,14142.97   
"KY",1909,34,683980.58  
"KY",1909,35,40004.68   
"KY",1909,36,1858630.39 
"KY",1909,39,248138.73  
"KY",1909,40,177.6      
"KY",1909,41,9900       
"KY",1910,31,3378938.17 
"KY",1910,32,971495.74  
"KY",1910,33,20380.53   
"KY",1910,34,495003.64  
"KY",1910,35,38031.5    
"KY",1910,36,2028575.46 
"KY",1910,39,261559.57  
"KY",1910,41,9900       
"KY",1911,31,3497999.93 
"KY",1911,32,973214.41  
"KY",1911,33,24760.48   
"KY",1911,34,663841.27  
"KY",1911,35,52923.61   
"KY",1911,36,1788817.79 
"KY",1911,39,276024.42  
"KY",1911,40,51369.31   
"KY",1911,41,9900       
"KY",1912,31,3607480.39 
"KY",1912,32,1035659.2  
"KY",1912,33,24878.59   
"KY",1912,34,728051.95  
"KY",1912,35,82841.18   
"KY",1912,36,1879175.95 
"KY",1912,39,282432.31  
"KY",1912,40,68253.17   
"KY",1912,41,9900       
"KY",1913,31,3556294.55 
"KY",1913,32,1002212.54 
"KY",1913,33,32149.07   
"KY",1913,34,649936.96  
"KY",1913,35,197189.42  
"KY",1913,36,1883646.1  
"KY",1913,39,356763.37  
"KY",1913,40,79862.07   
"KY",1913,41,9900       
"KY",1914,31,3393202.13 
"KY",1914,32,1017363.6  
"KY",1914,33,40451.98   
"KY",1914,34,640522.17  
"KY",1914,35,166205.63  
"KY",1914,36,2162527.46 
"KY",1914,38,504684.3   
"KY",1914,39,273298.72  
"KY",1914,40,84934      
"KY",1914,41,9900       
"KY",1915,31,3729064.2  
"KY",1915,32,1114810.67 
"KY",1915,33,45740.19   
"KY",1915,34,599687.82  
"KY",1915,35,202541.9   
"KY",1915,36,1905237.68 
"KY",1915,38,400839.65  
"KY",1915,39,294738.12  
"KY",1915,40,127679.78  
"KY",1915,41,9900       
"KY",1818,323,8645.11   
"KY",1818,334,38133     
"KY",1818,343,25970.07  
"KY",1818,345,743.09    
"KY",1818,360,32344.47  
"KY",1818,361,24617.36  
"KY",1818,363,403.86    
"KY",1818,364,37.76     
"KY",1818,366,12809.29  
"KY",1818,367,7372.17   
"KY",1818,369,9973.62   
"KY",1818,381,30        
"KY",1818,390,2270.82   
"KY",1818,398,4090.15   
"KY",1818,399,1866.64   
"KY",1818,415,32300     
"KY",1819,323,10572.82  
"KY",1819,331,3500      
"KY",1819,336,4023.24   
"KY",1819,343,24595.3   
"KY",1819,345,391.52    
"KY",1819,360,29123.63  
"KY",1819,361,17753.64  
"KY",1819,363,831.21    
"KY",1819,364,264.7     
"KY",1819,365,2153      
"KY",1819,366,15949.83  
"KY",1819,367,1977.84   
"KY",1819,369,8143.04   
"KY",1819,381,80        
"KY",1819,390,11806.7   
"KY",1819,398,6621.61   
"KY",1819,399,6505.6    
"KY",1819,415,19765.28  
"KY",1820,313,5000      
"KY",1820,323,10935.01  
"KY",1820,331,129       
"KY",1820,336,413       
"KY",1820,343,24852.9   
"KY",1820,345,655.29    
"KY",1820,360,24203.41  
"KY",1820,361,19345.76  
"KY",1820,363,934.12    
"KY",1820,364,949.74    
"KY",1820,365,6206.39   
"KY",1820,366,17061.76  
"KY",1820,367,1646.07   
"KY",1820,369,9067.88   
"KY",1820,381,60        
"KY",1820,390,12395.75  
"KY",1820,398,1293.11   
"KY",1820,399,3529.65   
"KY",1820,415,20300     
"KY",1822,323,15490.44  
"KY",1822,331,1024      
"KY",1822,336,300.5     
"KY",1822,343,26116.62  
"KY",1822,345,314.5     
"KY",1822,360,28990.05  
"KY",1822,361,26793.73  
"KY",1822,363,875.62    
"KY",1822,364,116.65    
"KY",1822,365,7845.25   
"KY",1822,366,15763.91  
"KY",1822,367,3394.55   
"KY",1822,369,9538.85   
"KY",1822,381,75        
"KY",1822,390,30045.07  
"KY",1822,398,1608.25   
"KY",1822,399,3787.12   
"KY",1822,415,79215.13  
"KY",1823,313,3000      
"KY",1823,322,6000      
"KY",1823,323,26513.69  
"KY",1823,331,1500      
"KY",1823,336,32        
"KY",1823,343,36267.29  
"KY",1823,345,363.27    
"KY",1823,360,31743.33  
"KY",1823,361,15947.31  
"KY",1823,363,9657.44   
"KY",1823,364,351.99    
"KY",1823,365,8196.65   
"KY",1823,366,18022.07  
"KY",1823,367,3687.06   
"KY",1823,369,10108.56  
"KY",1823,381,51.41     
"KY",1823,390,21426.7   
"KY",1823,398,2346.15   
"KY",1823,399,10243.15  
"KY",1823,415,28009.5   
"KY",1824,322,867.59    
"KY",1824,323,26251.52  
"KY",1824,331,2891      
"KY",1824,343,36229.95  
"KY",1824,345,451.36    
"KY",1824,360,28406.27  
"KY",1824,361,20834.21  
"KY",1824,363,3277.85   
"KY",1824,364,1485.74   
"KY",1824,365,8478.9    
"KY",1824,366,21730.62  
"KY",1824,367,4289.03   
"KY",1824,369,11488.01  
"KY",1824,390,23541.75  
"KY",1824,398,2141.83   
"KY",1824,399,29898.78  
"KY",1824,415,83604     
"KY",1825,322,1455.62   
"KY",1825,323,18113.95  
"KY",1825,331,204       
"KY",1825,343,24361.87  
"KY",1825,345,408.57    
"KY",1825,360,33282     
"KY",1825,361,23124.09  
"KY",1825,363,1000      
"KY",1825,364,1308.04   
"KY",1825,365,8648.93   
"KY",1825,366,23451     
"KY",1825,367,2355.93   
"KY",1825,369,12160     
"KY",1825,390,15090.28  
"KY",1825,398,1357.87   
"KY",1825,399,4675.67   
"KY",1825,415,130740    
"KY",1826,322,3862.41   
"KY",1826,323,19865.18  
"KY",1826,331,98.25     
"KY",1826,336,45.45     
"KY",1826,343,12001.1   
"KY",1826,345,686.89    
"KY",1826,360,30008.37  
"KY",1826,361,14408.09  
"KY",1826,363,836.37    
"KY",1826,364,73.58     
"KY",1826,365,6509.66   
"KY",1826,366,25787.66  
"KY",1826,367,2088.92   
"KY",1826,369,20088.82  
"KY",1826,390,6091.56   
"KY",1826,398,327.04    
"KY",1826,399,10137.7   
"KY",1826,415,88850     
"KY",1827,322,2392.74   
"KY",1827,323,21855.21  
"KY",1827,331,145.25    
"KY",1827,343,9324.2    
"KY",1827,345,323.48    
"KY",1827,351,500       
"KY",1827,360,35570.26  
"KY",1827,361,16821.11  
"KY",1827,363,1543.5    
"KY",1827,364,165.63    
"KY",1827,365,726.94    
"KY",1827,366,25758.9   
"KY",1827,367,17022.77  
"KY",1827,369,11727.35  
"KY",1827,390,8766.57   
"KY",1827,398,2984.36   
"KY",1827,399,114.83    
"KY",1827,415,59670     
"KY",1828,313,36        
"KY",1828,322,3286.57   
"KY",1828,323,15733.95  
"KY",1828,331,56.75     
"KY",1828,336,1341.39   
"KY",1828,343,6994.59   
"KY",1828,345,685.88    
"KY",1828,351,43        
"KY",1828,360,26230.88  
"KY",1828,361,21731.09  
"KY",1828,363,2144.62   
"KY",1828,364,2304.55   
"KY",1828,365,1578.64   
"KY",1828,366,28204.5   
"KY",1828,367,22469.19  
"KY",1828,369,11934.57  
"KY",1828,390,8628.89   
"KY",1828,398,1115      
"KY",1828,399,14.5      
"KY",1828,415,29535     
"KY",1829,322,1650.66   
"KY",1829,323,20540.47  
"KY",1829,336,1094.7    
"KY",1829,343,5832.17   
"KY",1829,345,430.67    
"KY",1829,360,24443.8   
"KY",1829,361,18159.78  
"KY",1829,363,2180.31   
"KY",1829,364,2274.73   
"KY",1829,365,7144.85   
"KY",1829,366,18971.95  
"KY",1829,367,22109.5   
"KY",1829,369,9767.26   
"KY",1829,390,12307.84  
"KY",1829,398,801       
"KY",1829,399,39.48     
"KY",1829,415,29835     
"KY",1830,322,1987.97   
"KY",1830,323,18049.72  
"KY",1830,331,4734.75   
"KY",1830,336,563.91    
"KY",1830,343,7615.82   
"KY",1830,345,402.44    
"KY",1830,351,126.49    
"KY",1830,360,28247.19  
"KY",1830,361,16604.69  
"KY",1830,363,3554.98   
"KY",1830,364,669.3     
"KY",1830,365,7594.23   
"KY",1830,366,19480.33  
"KY",1830,367,14826.94  
"KY",1830,369,8967.64   
"KY",1830,390,11650.07  
"KY",1830,398,1050      
"KY",1830,415,14917.5   
"KY",1831,322,3948.85   
"KY",1831,323,18746.65  
"KY",1831,331,47627.62  
"KY",1831,336,1295.68   
"KY",1831,343,7008.51   
"KY",1831,345,630.39    
"KY",1831,360,27148.87  
"KY",1831,361,13032.25  
"KY",1831,363,1597.34   
"KY",1831,364,87.61     
"KY",1831,365,8188.35   
"KY",1831,366,18173.21  
"KY",1831,367,11634.15  
"KY",1831,369,9783.31   
"KY",1831,390,11781.68  
"KY",1831,398,3187      
"KY",1831,415,29835     
"KY",1832,316,57.71     
"KY",1832,322,4547.12   
"KY",1832,323,22974.19  
"KY",1832,331,65586.13  
"KY",1832,343,6991.01   
"KY",1832,345,213.28    
"KY",1832,360,26770     
"KY",1832,361,14830.72  
"KY",1832,363,6213.28   
"KY",1832,364,2223.34   
"KY",1832,365,7847.73   
"KY",1832,366,21032.6   
"KY",1832,367,2886.27   
"KY",1832,369,10028.52  
"KY",1832,390,12647.37  
"KY",1832,398,1375      
"KY",1832,415,14917.5   
"KY",1833,322,4837.57   
"KY",1833,323,20949.17  
"KY",1833,331,27077.69  
"KY",1833,343,7168.33   
"KY",1833,345,799.91    
"KY",1833,360,29859.61  
"KY",1833,361,18477.6   
"KY",1833,363,8458.16   
"KY",1833,364,2562.06   
"KY",1833,365,3946.21   
"KY",1833,366,17272.33  
"KY",1833,367,3481.29   
"KY",1833,369,7914.86   
"KY",1833,390,12922.49  
"KY",1833,398,2480.89   
"KY",1833,399,1202.25   
"KY",1834,316,1000      
"KY",1834,322,2417.84   
"KY",1834,323,18765.82  
"KY",1834,331,54824.38  
"KY",1834,334,29799.99  
"KY",1834,343,8607.18   
"KY",1834,345,1050.32   
"KY",1834,360,27393.91  
"KY",1834,361,17299.45  
"KY",1834,363,2152.8    
"KY",1834,364,515.19    
"KY",1834,365,9401.66   
"KY",1834,366,19305.42  
"KY",1834,367,4066.85   
"KY",1834,369,14643.48  
"KY",1834,390,15637.25  
"KY",1834,398,2810      
"KY",1834,399,649.27    
"KY",1835,322,1108.72   
"KY",1835,323,12563.62  
"KY",1835,331,60317.75  
"KY",1835,334,65000     
"KY",1835,336,35800     
"KY",1835,343,13775.08  
"KY",1835,345,432.24    
"KY",1835,360,27649.09  
"KY",1835,361,19973.6   
"KY",1835,363,2562      
"KY",1835,364,182.18    
"KY",1835,365,9083.82   
"KY",1835,366,16741.66  
"KY",1835,367,3003.99   
"KY",1835,369,9493.89   
"KY",1835,390,38457.93  
"KY",1835,398,575       
"KY",1835,399,3194.28   
"KY",1836,316,39.23     
"KY",1836,322,3143.53   
"KY",1836,323,25227.28  
"KY",1836,331,268741.37 
"KY",1836,334,40065.75  
"KY",1836,336,11430.46  
"KY",1836,337,20000     
"KY",1836,343,8763.88   
"KY",1836,345,1567.01   
"KY",1836,360,36585.92  
"KY",1836,361,20863.97  
"KY",1836,363,563.6     
"KY",1836,364,2088.74   
"KY",1836,365,9632.05   
"KY",1836,366,19709.33  
"KY",1836,367,7185.59   
"KY",1836,369,16207.95  
"KY",1836,390,25447.21  
"KY",1836,398,2475      
"KY",1836,399,1788.61   
"KY",1836,401,31014.38  
"KY",1837,322,1962.66   
"KY",1837,323,14966.94  
"KY",1837,331,445352.61 
"KY",1837,334,151841.79 
"KY",1837,336,61637.04  
"KY",1837,337,81902.99  
"KY",1837,343,7930.06   
"KY",1837,345,609       
"KY",1837,360,41343.57  
"KY",1837,361,37162.78  
"KY",1837,363,17523.28  
"KY",1837,364,2392.11   
"KY",1837,365,10560.91  
"KY",1837,366,15286.54  
"KY",1837,367,3517.55   
"KY",1837,369,9351.24   
"KY",1837,390,39810.25  
"KY",1837,398,1205.62   
"KY",1837,399,1555.78   
"KY",1837,401,25000     
"KY",1837,411,1023346.51
"KY",1837,415,583598.36 
"KY",1838,322,1790.66   
"KY",1838,323,16797.26  
"KY",1838,331,485123.26 
"KY",1838,334,247077.51 
"KY",1838,336,393191.6  
"KY",1838,337,20000     
"KY",1838,343,8969.3    
"KY",1838,345,951.01    
"KY",1838,360,46399.17  
"KY",1838,361,35088.16  
"KY",1838,363,33563.71  
"KY",1838,364,510.26    
"KY",1838,365,16341.95  
"KY",1838,366,18250.85  
"KY",1838,367,4014.81   
"KY",1838,369,10146.09  
"KY",1838,390,31741.73  
"KY",1838,398,2700      
"KY",1838,399,4633.05   
"KY",1838,411,151342.03 
"KY",1839,311,21500     
"KY",1839,316,2500      
"KY",1839,322,1752.59   
"KY",1839,323,16876.75  
"KY",1839,331,385686.75 
"KY",1839,334,384496.19 
"KY",1839,336,467479.33 
"KY",1839,337,7500      
"KY",1839,343,10784.68  
"KY",1839,345,1382.21   
"KY",1839,360,47321.38  
"KY",1839,361,38340.55  
"KY",1839,363,11933.49  
"KY",1839,364,148.87    
"KY",1839,365,16814.28  
"KY",1839,366,17871.68  
"KY",1839,367,2804.06   
"KY",1839,369,30814.76  
"KY",1839,390,45454.69  
"KY",1839,398,3425      
"KY",1839,399,3101.31   
"KY",1839,411,141691.74 
"KY",1841,316,217.24    
"KY",1841,322,4047.72   
"KY",1841,323,28068.59  
"KY",1841,343,12961.67  
"KY",1841,345,1831.07   
"KY",1841,351,2111.5    
"KY",1841,360,53055.29  
"KY",1841,361,34232.25  
"KY",1841,363,32897.97  
"KY",1841,364,2846.73   
"KY",1841,365,17006.18  
"KY",1841,366,18283.06  
"KY",1841,367,5235.49   
"KY",1841,369,22558.95  
"KY",1841,390,16699.33  
"KY",1841,398,2950      
"KY",1841,399,72.27     
"KY",1841,401,9776.2    
"KY",1841,412,30317.81  
"KY",1842,316,222.42    
"KY",1842,322,3383.8    
"KY",1842,323,31636.13  
"KY",1842,343,12836.45  
"KY",1842,344,6.5       
"KY",1842,345,2598.21   
"KY",1842,351,2398      
"KY",1842,360,50242.82  
"KY",1842,361,30084.5   
"KY",1842,362,250       
"KY",1842,363,43314.79  
"KY",1842,364,344.31    
"KY",1842,365,10319.75  
"KY",1842,366,18659.23  
"KY",1842,367,5994.78   
"KY",1842,369,24820.08  
"KY",1842,390,15389.35  
"KY",1842,398,2300      
"KY",1842,399,45.5      
"KY",1842,401,12451.51  
"KY",1843,311,4489.2    
"KY",1843,316,45.75     
"KY",1843,322,2858.33   
"KY",1843,323,27880.33  
"KY",1843,343,11038.65  
"KY",1843,345,1342.55   
"KY",1843,351,1333.92   
"KY",1843,360,49419.07  
"KY",1843,361,33345.67  
"KY",1843,362,169.45    
"KY",1843,363,41966.05  
"KY",1843,364,122.65    
"KY",1843,365,14775.27  
"KY",1843,366,22596.14  
"KY",1843,367,5186.18   
"KY",1843,369,22722.18  
"KY",1843,390,11458.26  
"KY",1843,398,1775      
"KY",1843,399,45        
"KY",1843,401,9092      
"KY",1844,311,7684.07   
"KY",1844,316,84.45     
"KY",1844,322,8854.14   
"KY",1844,323,22436.27  
"KY",1844,336,66.76     
"KY",1844,343,11601.64  
"KY",1844,345,1897.13   
"KY",1844,351,2423.47   
"KY",1844,360,43945.17  
"KY",1844,361,29971.56  
"KY",1844,362,217.77    
"KY",1844,363,38069.06  
"KY",1844,364,632.67    
"KY",1844,365,14063.21  
"KY",1844,366,22113.61  
"KY",1844,367,4277.34   
"KY",1844,369,20633.39  
"KY",1844,390,10401.49  
"KY",1844,398,925       
"KY",1844,401,6038.5    
"KY",1845,311,7511.8    
"KY",1845,316,555.53    
"KY",1845,322,5311.67   
"KY",1845,323,20500.62  
"KY",1845,343,16906.09  
"KY",1845,345,1285.6    
"KY",1845,351,3965.7    
"KY",1845,360,44720.81  
"KY",1845,361,21678.22  
"KY",1845,362,112.58    
"KY",1845,363,38647.62  
"KY",1845,364,722.79    
"KY",1845,365,13947.4   
"KY",1845,366,20650.47  
"KY",1845,367,7737.07   
"KY",1845,369,19575.66  
"KY",1845,390,11919.44  
"KY",1845,398,3025      
"KY",1845,399,863.75    
"KY",1845,401,9899      
"KY",1846,311,9203.61   
"KY",1846,316,15.21     
"KY",1846,322,7012.02   
"KY",1846,323,30705.29  
"KY",1846,336,30445.39  
"KY",1846,337,588.88    
"KY",1846,343,28244.87  
"KY",1846,345,974.72    
"KY",1846,351,3454.16   
"KY",1846,360,43613.79  
"KY",1846,361,28232.5   
"KY",1846,362,80.48     
"KY",1846,363,37569.19  
"KY",1846,364,598.71    
"KY",1846,365,13695.17  
"KY",1846,366,25682.35  
"KY",1846,367,6874.41   
"KY",1846,369,26107.03  
"KY",1846,390,12974.3   
"KY",1846,401,271125.59 
"KY",1846,411,2496.98   
"KY",1846,412,30060     
"KY",1846,416,42061.82  
"KY",1847,311,10945.9   
"KY",1847,316,5.46      
"KY",1847,322,8132.8    
"KY",1847,323,33827.84  
"KY",1847,334,28386.22  
"KY",1847,336,1013.78   
"KY",1847,343,12395.88  
"KY",1847,345,1263.87   
"KY",1847,351,864       
"KY",1847,360,47631.8   
"KY",1847,361,29511.04  
"KY",1847,362,144.44    
"KY",1847,363,35764.4   
"KY",1847,364,164.77    
"KY",1847,365,14936.88  
"KY",1847,366,22910.43  
"KY",1847,367,6288.9    
"KY",1847,369,24587.67  
"KY",1847,390,15255.01  
"KY",1847,398,5100      
"KY",1847,399,378.84    
"KY",1847,401,279982.7  
"KY",1847,411,1445.59   
"KY",1847,416,44312     
"KY",1849,39,8236.26    
"KY",1849,311,15905.67  
"KY",1849,316,53.21     
"KY",1849,322,7820.98   
"KY",1849,323,37756.13  
"KY",1849,334,39132.06  
"KY",1849,336,448.65    
"KY",1849,337,688.88    
"KY",1849,343,10664.88  
"KY",1849,345,484.39    
"KY",1849,351,695.6     
"KY",1849,360,46299.87  
"KY",1849,361,30392.69  
"KY",1849,362,125.06    
"KY",1849,363,41677     
"KY",1849,364,629.01    
"KY",1849,365,16498.25  
"KY",1849,366,24118.74  
"KY",1849,367,7423.67   
"KY",1849,369,20836.3   
"KY",1849,390,19767.3   
"KY",1849,398,2400      
"KY",1849,401,271287.35 
"KY",1849,411,167.16    
"KY",1849,416,57044.5   
"KY",1850,311,58328.04  
"KY",1850,316,223.05    
"KY",1850,322,10196.38  
"KY",1850,323,47613.55  
"KY",1850,334,34425.71  
"KY",1850,336,364       
"KY",1850,337,722.21    
"KY",1850,343,13000.77  
"KY",1850,345,3285.2    
"KY",1850,351,768       
"KY",1850,360,47461.86  
"KY",1850,361,32010.62  
"KY",1850,362,25        
"KY",1850,363,41205.41  
"KY",1850,364,711.26    
"KY",1850,365,16776.86  
"KY",1850,366,24426.16  
"KY",1850,367,4584.99   
"KY",1850,369,80269.33  
"KY",1850,390,14723.14  
"KY",1850,399,18.61     
"KY",1850,401,290258    
"KY",1850,411,103       
"KY",1850,416,1015      
"KY",1851,311,149715.53 
"KY",1851,316,113.82    
"KY",1851,322,13105.6   
"KY",1851,323,48649.51  
"KY",1851,334,28379.22  
"KY",1851,336,372       
"KY",1851,343,13365.79  
"KY",1851,345,4498.71   
"KY",1851,351,1321      
"KY",1851,360,47151.75  
"KY",1851,361,62651.23  
"KY",1851,362,25        
"KY",1851,363,50286.94  
"KY",1851,364,323.85    
"KY",1851,365,18094.78  
"KY",1851,366,29390.42  
"KY",1851,367,3686.56   
"KY",1851,369,45458.97  
"KY",1851,390,11584.81  
"KY",1851,398,5600      
"KY",1851,399,464.8     
"KY",1851,401,263073.81 
"KY",1851,411,260       
"KY",1851,412,50000     
"KY",1851,416,222756.25 
"KY",1853,311,115904.37 
"KY",1853,316,501.15    
"KY",1853,322,20161.23  
"KY",1853,323,58030.03  
"KY",1853,343,15642.72  
"KY",1853,344,2898      
"KY",1853,345,1033.2    
"KY",1853,351,1337      
"KY",1853,360,43374.12  
"KY",1853,361,192       
"KY",1853,362,1025.03   
"KY",1853,363,46660.18  
"KY",1853,364,435.55    
"KY",1853,365,17966.06  
"KY",1853,366,35466.59  
"KY",1853,367,3083.78   
"KY",1853,369,24564.95  
"KY",1853,390,2677.72   
"KY",1853,398,1875      
"KY",1853,399,1500.77   
"KY",1853,401,249724.61 
"KY",1853,411,268.5     
"KY",1853,416,16313.32  
"KY",1854,311,142356.67 
"KY",1854,316,166.35    
"KY",1854,322,37338.47  
"KY",1854,323,131663.72 
"KY",1854,334,24391.57  
"KY",1854,336,2536.5    
"KY",1854,343,16018.5   
"KY",1854,344,645.68    
"KY",1854,345,854.59    
"KY",1854,351,1138      
"KY",1854,360,47519.83  
"KY",1854,361,33869.57  
"KY",1854,362,664.3     
"KY",1854,363,42406.45  
"KY",1854,364,52.78     
"KY",1854,365,20558.92  
"KY",1854,366,32550.19  
"KY",1854,367,4907.76   
"KY",1854,369,42525.79  
"KY",1854,390,33144.1   
"KY",1854,398,8350      
"KY",1854,401,266868.74 
"KY",1854,411,1136.5    
"KY",1854,414,60000     
"KY",1854,416,72660.31  
"KY",1856,311,157290.87 
"KY",1856,316,787.98    
"KY",1856,322,35482.54  
"KY",1856,323,104048.34 
"KY",1856,334,8500      
"KY",1856,336,15047     
"KY",1856,343,25036.58  
"KY",1856,345,910.4     
"KY",1856,351,4128      
"KY",1856,360,53679.54  
"KY",1856,361,36051.02  
"KY",1856,362,695.61    
"KY",1856,363,56714.47  
"KY",1856,365,25620.34  
"KY",1856,366,38190.85  
"KY",1856,367,18648.78  
"KY",1856,369,50956.24  
"KY",1856,390,22566.49  
"KY",1856,398,1000      
"KY",1856,401,240490    
"KY",1856,411,148354.5  
"KY",1856,414,310000    
"KY",1856,416,275207.25 
"KY",1857,311,321779.18 
"KY",1857,316,611.79    
"KY",1857,322,33463.29  
"KY",1857,323,34360.97  
"KY",1857,334,13000     
"KY",1857,336,4500      
"KY",1857,343,45116.27  
"KY",1857,345,854.67    
"KY",1857,351,10097.5   
"KY",1857,360,59212.17  
"KY",1857,361,526       
"KY",1857,362,529.12    
"KY",1857,363,64471.02  
"KY",1857,364,486.88    
"KY",1857,365,30515.49  
"KY",1857,366,40036.92  
"KY",1857,367,12863.22  
"KY",1857,369,48928.32  
"KY",1857,390,14495.42  
"KY",1857,398,4000      
"KY",1857,401,218075    
"KY",1857,411,276732    
"KY",1857,414,100000    
"KY",1857,416,132587.87 
"KY",1858,311,327542.3  
"KY",1858,316,224.31    
"KY",1858,322,30647.37  
"KY",1858,323,63424.49  
"KY",1858,334,22013.89  
"KY",1858,336,17288.17  
"KY",1858,343,48015.99  
"KY",1858,344,151.2     
"KY",1858,345,696       
"KY",1858,351,9873.6    
"KY",1858,360,59595.38  
"KY",1858,361,48836.95  
"KY",1858,362,761.37    
"KY",1858,363,62423.61  
"KY",1858,365,30536.78  
"KY",1858,366,60737.33  
"KY",1858,367,13038.69  
"KY",1858,369,55247.1   
"KY",1858,390,19338.82  
"KY",1858,398,6700      
"KY",1858,399,1465.6    
"KY",1858,401,210769.99 
"KY",1858,411,216388.78 
"KY",1858,416,69843.6   
"KY",1859,311,325428.48 
"KY",1859,316,1364.49   
"KY",1859,322,19893.51  
"KY",1859,323,21505.33  
"KY",1859,334,9771.23   
"KY",1859,336,9520.69   
"KY",1859,343,57713.17  
"KY",1859,345,958.76    
"KY",1859,351,6520      
"KY",1859,360,62738.38  
"KY",1859,361,952       
"KY",1859,362,1397.55   
"KY",1859,363,59620.73  
"KY",1859,365,32493.36  
"KY",1859,366,71995.67  
"KY",1859,367,6703.18   
"KY",1859,369,33963.1   
"KY",1859,390,76424.87  
"KY",1859,398,5725      
"KY",1859,401,204095    
"KY",1859,411,68023     
"KY",1859,416,42632.75  
"KY",1860,311,343117.86 
"KY",1860,316,460.6     
"KY",1860,322,42119.08  
"KY",1860,323,104733.68 
"KY",1860,334,3935.56   
"KY",1860,336,691.39    
"KY",1860,343,57317.22  
"KY",1860,345,1633.64   
"KY",1860,351,11662.44  
"KY",1860,360,66027.98  
"KY",1860,361,57678.75  
"KY",1860,362,1877.95   
"KY",1860,363,78943.74  
"KY",1860,365,35126.25  
"KY",1860,366,73866.39  
"KY",1860,367,6990.73   
"KY",1860,369,71308.36  
"KY",1860,390,35895.62  
"KY",1860,398,7033      
"KY",1860,399,10000     
"KY",1860,401,209579.38 
"KY",1860,411,59090.57  
"KY",1860,416,546869.2  
"KY",1862,311,138764.46 
"KY",1862,316,530.75    
"KY",1862,322,14868.99  
"KY",1862,323,113946.66 
"KY",1862,343,27568.65  
"KY",1862,345,2486616.42
"KY",1862,351,3519.3    
"KY",1862,360,53048.9   
"KY",1862,361,55210.3   
"KY",1862,362,365.97    
"KY",1862,363,107657.85 
"KY",1862,364,11.28     
"KY",1862,365,30242.88  
"KY",1862,366,29271.83  
"KY",1862,367,4447.46   
"KY",1862,369,51569.43  
"KY",1862,390,11745     
"KY",1862,398,3100      
"KY",1862,399,34        
"KY",1862,401,273675.78 
"KY",1862,411,594.99    
"KY",1862,416,37000     
"KY",1863,316,1302.27   
"KY",1863,322,13933.05  
"KY",1863,323,112899.71 
"KY",1863,325,16.47     
"KY",1863,343,36866.38  
"KY",1863,345,394834.92 
"KY",1863,351,2566.1    
"KY",1863,360,63160.96  
"KY",1863,361,34550.45  
"KY",1863,362,814.9     
"KY",1863,363,58437.94  
"KY",1863,365,31879.14  
"KY",1863,366,34469.67  
"KY",1863,367,10419.21  
"KY",1863,369,44298     
"KY",1863,390,17768.48  
"KY",1863,398,6500      
"KY",1863,399,2164.3    
"KY",1864,311,27.73     
"KY",1864,316,1638.48   
"KY",1864,322,16610.08  
"KY",1864,323,141960.86 
"KY",1864,325,221.48    
"KY",1864,334,5000      
"KY",1864,336,60.75     
"KY",1864,343,36607.8   
"KY",1864,345,547075.9  
"KY",1864,351,1295.88   
"KY",1864,360,64916.56  
"KY",1864,361,50024.6   
"KY",1864,362,1446.03   
"KY",1864,363,61254.56  
"KY",1864,365,44054.04  
"KY",1864,366,40766.55  
"KY",1864,367,3890.79   
"KY",1864,369,80062.37  
"KY",1864,390,15782.58  
"KY",1864,398,5850      
"KY",1864,399,192.1     
"KY",1865,311,264099.57 
"KY",1865,316,2099.27   
"KY",1865,322,26518.51  
"KY",1865,323,171317.96 
"KY",1865,325,61.61     
"KY",1865,334,28000     
"KY",1865,336,1.5       
"KY",1865,343,111434.34 
"KY",1865,345,560105.27 
"KY",1865,351,413.65    
"KY",1865,360,74526.58  
"KY",1865,361,57472.9   
"KY",1865,362,1610.44   
"KY",1865,363,71001.32  
"KY",1865,364,461.76    
"KY",1865,365,39999.47  
"KY",1865,366,42531.94  
"KY",1865,367,9311.58   
"KY",1865,369,93666.51  
"KY",1865,390,19010.81  
"KY",1865,399,2502.52   
"KY",1865,401,30142.05  
"KY",1865,411,201515.45 
"KY",1865,414,240000    
"KY",1865,416,4000      
"KY",1866,311,551.6     
"KY",1866,313,160960    
"KY",1866,316,3081.88   
"KY",1866,322,30166.98  
"KY",1866,323,175553.13 
"KY",1866,325,313.87    
"KY",1866,331,15000     
"KY",1866,334,13000     
"KY",1866,336,6.5       
"KY",1866,343,145177.66 
"KY",1866,345,364870.5  
"KY",1866,351,4487.95   
"KY",1866,360,88639.59  
"KY",1866,361,49625.35  
"KY",1866,362,8769.06   
"KY",1866,363,121002.35 
"KY",1866,365,69475.13  
"KY",1866,366,111955.81 
"KY",1866,367,5545.53   
"KY",1866,369,79096.66  
"KY",1866,390,20268.95  
"KY",1866,399,7345.53   
"KY",1867,311,289934.27 
"KY",1867,313,24045     
"KY",1867,316,1993.36   
"KY",1867,321,2580      
"KY",1867,322,25002.32  
"KY",1867,323,305723.8  
"KY",1867,325,3064.03   
"KY",1867,343,214899.27 
"KY",1867,345,254045.59 
"KY",1867,351,23669.82  
"KY",1867,360,105400.53 
"KY",1867,361,109944.1  
"KY",1867,362,4759.36   
"KY",1867,363,60849.41  
"KY",1867,365,68484.72  
"KY",1867,366,135671.18 
"KY",1867,367,10933.76  
"KY",1867,369,107352.43 
"KY",1867,390,41455.48  
"KY",1867,398,50        
"KY",1867,399,5328.67   
"KY",1867,401,137132.59 
"KY",1867,411,501.11    
"KY",1867,416,647499.41 
"KY",1868,311,688.2     
"KY",1868,316,2626.34   
"KY",1868,321,3594      
"KY",1868,322,52624     
"KY",1868,323,215745.61 
"KY",1868,325,1014.97   
"KY",1868,334,46299.91  
"KY",1868,343,158423.8  
"KY",1868,345,39664.21  
"KY",1868,351,20480.89  
"KY",1868,360,111510.29 
"KY",1868,361,76320.14  
"KY",1868,362,83.87     
"KY",1868,363,172619.71 
"KY",1868,365,68693.92  
"KY",1868,366,103042.64 
"KY",1868,367,20835.65  
"KY",1868,369,111218.11 
"KY",1868,390,42422.93  
"KY",1868,398,2355.23   
"KY",1868,399,3563.93   
"KY",1869,311,305409.73 
"KY",1869,316,864.98    
"KY",1869,321,2199.04   
"KY",1869,322,31338.18  
"KY",1869,323,207402.37 
"KY",1869,325,1707.96   
"KY",1869,334,48626.23  
"KY",1869,343,113678.88 
"KY",1869,345,36884.67  
"KY",1869,351,14958.25  
"KY",1869,360,120778.9  
"KY",1869,361,57835.45  
"KY",1869,362,703.29    
"KY",1869,363,226642.11 
"KY",1869,364,525.6     
"KY",1869,365,78724.8   
"KY",1869,366,106010.13 
"KY",1869,367,32606.18  
"KY",1869,369,86110.96  
"KY",1869,390,51928.64  
"KY",1869,398,407.73    
"KY",1869,399,437.5     
"KY",1869,401,70338.86  
"KY",1869,411,11329.15  
"KY",1869,416,334500    
"KY",1870,311,404.5     
"KY",1870,316,30507.26  
"KY",1870,321,7000      
"KY",1870,322,25382.46  
"KY",1870,323,170815.77 
"KY",1870,325,3427.82   
"KY",1870,331,5000      
"KY",1870,334,58647.6   
"KY",1870,343,89122.72  
"KY",1870,344,27        
"KY",1870,345,16243.87  
"KY",1870,351,11545.75  
"KY",1870,360,113167.33 
"KY",1870,361,84350.5   
"KY",1870,362,4421.82   
"KY",1870,363,179107.95 
"KY",1870,365,62184.58  
"KY",1870,366,95488.43  
"KY",1870,367,47418.27  
"KY",1870,369,65654.85  
"KY",1870,390,26867.18  
"KY",1870,398,50        
"KY",1870,399,500       
"KY",1870,401,111.5     
"KY",1871,311,828825.58 
"KY",1871,316,16822.46  
"KY",1871,321,750       
"KY",1871,322,43619.93  
"KY",1871,323,244086.09 
"KY",1871,325,1891.49   
"KY",1871,331,4000      
"KY",1871,334,41231.35  
"KY",1871,343,193912.98 
"KY",1871,345,6839.09   
"KY",1871,351,6329.15   
"KY",1871,360,118402.35 
"KY",1871,361,65894.4   
"KY",1871,362,9921.41   
"KY",1871,363,196243.56 
"KY",1871,365,85461.62  
"KY",1871,366,102193.99 
"KY",1871,367,38057.31  
"KY",1871,369,75668.28  
"KY",1871,390,21696.23  
"KY",1871,398,150       
"KY",1871,399,146.5     
"KY",1871,401,85657.63  
"KY",1871,411,3294.35   
"KY",1871,416,356000    
"KY",1872,311,988608.01 
"KY",1872,316,7785.75   
"KY",1872,321,3580      
"KY",1872,322,46674.15  
"KY",1872,323,277386.25 
"KY",1872,331,4000      
"KY",1872,334,32158.93  
"KY",1872,343,188615.91 
"KY",1872,345,13679.43  
"KY",1872,351,4245.51   
"KY",1872,360,128842.4  
"KY",1872,361,94383.4   
"KY",1872,362,8969.74   
"KY",1872,363,216616.5  
"KY",1872,365,137288.48 
"KY",1872,366,130540.95 
"KY",1872,367,63769.55  
"KY",1872,369,106221.46 
"KY",1872,390,34027.97  
"KY",1872,398,117       
"KY",1872,399,9659.41   
"KY",1872,401,51656.36  
"KY",1872,411,28832.7   
"KY",1872,416,301480    
"KY",1873,316,1862.88   
"KY",1873,321,6684.5    
"KY",1873,322,36373.09  
"KY",1873,323,182143.9  
"KY",1873,334,1345.95   
"KY",1873,336,668.67    
"KY",1873,343,165070.8  
"KY",1873,344,116       
"KY",1873,345,6453.73   
"KY",1873,351,1901.35   
"KY",1873,360,131157.88 
"KY",1873,361,93668.9   
"KY",1873,362,6473.98   
"KY",1873,363,207193.61 
"KY",1873,364,547.68    
"KY",1873,365,116499.51 
"KY",1873,366,102497.58 
"KY",1873,367,10540.55  
"KY",1873,369,98724.32  
"KY",1873,390,38875.45  
"KY",1873,398,100       
"KY",1873,399,1500      
"KY",1873,401,449.09    
"KY",1874,311,780165.02 
"KY",1874,316,3956.18   
"KY",1874,321,5300.25   
"KY",1874,322,44128.13  
"KY",1874,323,481292.21 
"KY",1874,334,4185.65   
"KY",1874,336,17491.18  
"KY",1874,343,131221.45 
"KY",1874,344,58        
"KY",1874,345,30109.58  
"KY",1874,360,136280.93 
"KY",1874,361,70180.2   
"KY",1874,362,1516.31   
"KY",1874,363,201477.62 
"KY",1874,365,115437.48 
"KY",1874,366,115524.92 
"KY",1874,367,19851.42  
"KY",1874,369,97263.98  
"KY",1874,390,39192.46  
"KY",1874,398,9093      
"KY",1874,401,17901.9   
"KY",1874,411,7118.1    
"KY",1874,416,315000    
"KY",1875,311,888609.04 
"KY",1875,316,5574.84   
"KY",1875,321,5150.25   
"KY",1875,322,34877.35  
"KY",1875,323,294217.07 
"KY",1875,334,213.4     
"KY",1875,336,16566.48  
"KY",1875,343,141232.9  
"KY",1875,345,49864.71  
"KY",1875,351,710.35    
"KY",1875,360,144863.79 
"KY",1875,361,150       
"KY",1875,362,6245.61   
"KY",1875,363,209536.25 
"KY",1875,365,121044.46 
"KY",1875,366,152399.12 
"KY",1875,367,6412.29   
"KY",1875,369,69619.09  
"KY",1875,390,34115.56  
"KY",1875,398,16490.04  
"KY",1875,399,8757.54   
"KY",1875,401,15168.97  
"KY",1875,411,3681.65   
"KY",1875,416,32000     
"KY",1876,311,116.5     
"KY",1876,316,3226.71   
"KY",1876,321,5208      
"KY",1876,322,41107.3   
"KY",1876,323,299034.87 
"KY",1876,334,2394.5    
"KY",1876,336,21696.06  
"KY",1876,343,164723.86 
"KY",1876,345,5613.16   
"KY",1876,351,2228.45   
"KY",1876,360,147926.58 
"KY",1876,361,73582.52  
"KY",1876,362,3101.59   
"KY",1876,363,249841.52 
"KY",1876,365,134011    
"KY",1876,366,165762.19 
"KY",1876,367,8583.39   
"KY",1876,369,101326.9  
"KY",1876,390,78228.97  
"KY",1876,398,14243.75  
"KY",1876,399,30.23     
"KY",1876,401,485.5     
"KY",1877,311,934067.6  
"KY",1877,316,4431.09   
"KY",1877,321,9000      
"KY",1877,322,37748     
"KY",1877,323,350409.62 
"KY",1877,334,2561.89   
"KY",1877,336,26622.73  
"KY",1877,343,157192.34 
"KY",1877,345,5569.2    
"KY",1877,351,2408.65   
"KY",1877,360,160378.03 
"KY",1877,361,1450      
"KY",1877,362,3280.79   
"KY",1877,363,261713.14 
"KY",1877,364,511.2     
"KY",1877,365,121060.28 
"KY",1877,366,188326.89 
"KY",1877,367,4227.77   
"KY",1877,369,119470.68 
"KY",1877,390,4420.79   
"KY",1877,398,12603.89  
"KY",1877,401,10650     
"KY",1880,290,2252      
"KY",1880,311,729829.24 
"KY",1880,313,543.7     
"KY",1880,316,2413.83   
"KY",1880,321,10000     
"KY",1880,322,44198.66  
"KY",1880,323,385505.44 
"KY",1880,334,30.01     
"KY",1880,336,12228.65  
"KY",1880,337,1344      
"KY",1880,343,18018.44  
"KY",1880,345,22124.39  
"KY",1880,351,687.44    
"KY",1880,356,2875      
"KY",1880,360,161661.63 
"KY",1880,361,98300.65  
"KY",1880,362,4679.85   
"KY",1880,363,228907.18 
"KY",1880,365,118414.59 
"KY",1880,366,344149.69 
"KY",1880,367,15206.79  
"KY",1880,369,94324.63  
"KY",1880,390,70980.82  
"KY",1880,398,10363.5   
"KY",1880,401,5430      
"KY",1880,411,1041.67   
"KY",1881,311,803221.77 
"KY",1881,313,15082.98  
"KY",1881,316,2109.96   
"KY",1881,321,21140     
"KY",1881,322,42664.03  
"KY",1881,323,331028.51 
"KY",1881,336,6806.52   
"KY",1881,337,6084      
"KY",1881,343,28579.42  
"KY",1881,345,5133.35   
"KY",1881,351,1589.24   
"KY",1881,356,3125      
"KY",1881,360,146476.26 
"KY",1881,362,2504.96   
"KY",1881,363,210384.42 
"KY",1881,364,519.9     
"KY",1881,365,115763.5  
"KY",1881,366,234614.18 
"KY",1881,367,10718.53  
"KY",1881,369,78537.79  
"KY",1881,390,41922.31  
"KY",1881,398,16078.11  
"KY",1881,401,13859.44  
"KY",1881,411,500       
"KY",1881,412,100000    
"KY",1882,311,751896.95 
"KY",1882,316,552.06    
"KY",1882,323,55550.01  
"KY",1882,345,511.4     
"KY",1882,356,1250      
"KY",1882,363,18608.74  
"KY",1882,365,11025.11  
"KY",1882,367,382.79    
"KY",1882,369,2300.59   
"KY",1882,398,88        
"KY",1882,411,157022.21 
"KY",1883,311,793227.62 
"KY",1883,316,11.5      
"KY",1883,323,78935.98  
"KY",1883,363,25920.83  
"KY",1883,365,156.8     
"KY",1883,398,10000     
"KY",1883,399,1544.5    
"KY",1883,411,112184.57 
"KY",1884,311,887505.92 
"KY",1884,313,26723.95  
"KY",1884,316,1215.59   
"KY",1884,322,47436.65  
"KY",1884,323,387700.01 
"KY",1884,336,14819.86  
"KY",1884,337,6497.9    
"KY",1884,343,31135.48  
"KY",1884,344,11.45     
"KY",1884,345,16178.31  
"KY",1884,351,2858.28   
"KY",1884,356,2500      
"KY",1884,360,153725.84 
"KY",1884,361,136592.86 
"KY",1884,362,1310.76   
"KY",1884,363,271436.32 
"KY",1884,365,102414.31 
"KY",1884,366,225737.35 
"KY",1884,367,16266.9   
"KY",1884,369,94811.13  
"KY",1884,390,68175.06  
"KY",1884,398,259       
"KY",1884,401,25231.66  
"KY",1884,411,11420     
"KY",1884,412,100000    
"KY",1885,311,932670.33 
"KY",1885,313,18489.1   
"KY",1885,316,1596.87   
"KY",1885,322,43811.65  
"KY",1885,323,333419.72 
"KY",1885,331,3000      
"KY",1885,336,16476.18  
"KY",1885,337,6467.63   
"KY",1885,343,78039.25  
"KY",1885,344,2589.78   
"KY",1885,345,18063.73  
"KY",1885,351,4016.48   
"KY",1885,356,2500      
"KY",1885,360,158411.81 
"KY",1885,361,102.6     
"KY",1885,362,1358.43   
"KY",1885,363,309580.74 
"KY",1885,364,587       
"KY",1885,365,82547.7   
"KY",1885,366,209624.53 
"KY",1885,367,7846.28   
"KY",1885,369,82402.45  
"KY",1885,390,61857.28  
"KY",1885,398,12687.34  
"KY",1885,401,9750      
"KY",1885,411,10925.7   
"KY",1885,412,300000    
"KY",1886,311,1105783.91
"KY",1886,313,13236.25  
"KY",1886,316,1559.9    
"KY",1886,321,149.35    
"KY",1886,322,48897.5   
"KY",1886,323,449089.98 
"KY",1886,336,14416.26  
"KY",1886,337,5181.33   
"KY",1886,343,119944.49 
"KY",1886,344,2454.75   
"KY",1886,345,23345.54  
"KY",1886,351,3059.1    
"KY",1886,356,3125      
"KY",1886,360,160081.48 
"KY",1886,361,136630.73 
"KY",1886,362,2127.84   
"KY",1886,363,327872.87 
"KY",1886,365,120760.52 
"KY",1886,366,243802.39 
"KY",1886,367,9745      
"KY",1886,369,85009.28  
"KY",1886,390,56049.03  
"KY",1886,398,685.7     
"KY",1886,401,21933.34  
"KY",1886,411,82178.4   
"KY",1886,412,200000    
"KY",1887,311,1088484.83
"KY",1887,313,17066.52  
"KY",1887,316,1069.32   
"KY",1887,322,68310     
"KY",1887,323,455689.62 
"KY",1887,336,15091.64  
"KY",1887,337,5348.88   
"KY",1887,343,266817.18 
"KY",1887,344,2441.15   
"KY",1887,345,19434.26  
"KY",1887,351,2869.2    
"KY",1887,356,4875      
"KY",1887,360,154949.04 
"KY",1887,361,1930.45   
"KY",1887,362,2977.87   
"KY",1887,363,332307.43 
"KY",1887,365,186241    
"KY",1887,366,196321.13 
"KY",1887,367,9907.54   
"KY",1887,369,126448.41 
"KY",1887,390,11050.1   
"KY",1887,398,56072.75  
"KY",1887,411,184727.55 
"KY",1888,311,1293962.88
"KY",1888,313,33339.06  
"KY",1888,316,1702.84   
"KY",1888,322,63817.5   
"KY",1888,323,489564.68 
"KY",1888,331,10000     
"KY",1888,336,6806.15   
"KY",1888,337,9777.32   
"KY",1888,343,103708.12 
"KY",1888,344,3263.48   
"KY",1888,345,16807.06  
"KY",1888,351,1751.27   
"KY",1888,356,625       
"KY",1888,360,157181.83 
"KY",1888,361,138424.46 
"KY",1888,362,2081.57   
"KY",1888,363,435742.76 
"KY",1888,365,188290.14 
"KY",1888,366,230070.3  
"KY",1888,367,13268.9   
"KY",1888,369,121606.97 
"KY",1888,390,13072.39  
"KY",1888,398,1028.35   
"KY",1888,399,152.65    
"KY",1888,401,9000      
"KY",1888,411,133836.77 
"KY",1889,311,1409725.43
"KY",1889,313,20995.54  
"KY",1889,316,2670.11   
"KY",1889,322,86189.9   
"KY",1889,323,507120.88 
"KY",1889,336,13581.91  
"KY",1889,337,7083.27   
"KY",1889,343,179199.77 
"KY",1889,344,6149.24   
"KY",1889,345,8942.66   
"KY",1889,351,2703.59   
"KY",1889,356,4375      
"KY",1889,360,181505.19 
"KY",1889,361,490.05    
"KY",1889,362,3500.92   
"KY",1889,363,566091.76 
"KY",1889,364,642.7     
"KY",1889,365,155767.45 
"KY",1889,366,231245.71 
"KY",1889,367,16281.53  
"KY",1889,369,127630.32 
"KY",1889,390,14695.47  
"KY",1889,398,9759.2    
"KY",1889,399,7077.83   
"KY",1889,411,280223.8  
"KY",1890,311,1496578.99
"KY",1890,313,60175.97  
"KY",1890,316,4834.79   
"KY",1890,322,67374.65  
"KY",1890,323,457966.79 
"KY",1890,336,15337.83  
"KY",1890,337,7023.8    
"KY",1890,343,135362.18 
"KY",1890,344,5919.58   
"KY",1890,345,19924.89  
"KY",1890,351,4689.28   
"KY",1890,356,2500      
"KY",1890,360,190292.76 
"KY",1890,361,151129.82 
"KY",1890,362,3498.69   
"KY",1890,363,272940.66 
"KY",1890,365,154449.1  
"KY",1890,366,225402.57 
"KY",1890,367,15711.79  
"KY",1890,369,120140.19 
"KY",1890,390,45517.11  
"KY",1890,398,1262      
"KY",1890,399,670       
"KY",1890,411,133613.59 
"KY",1891,311,1586594.32
"KY",1891,313,37749.4   
"KY",1891,316,2258.47   
"KY",1891,322,65736.25  
"KY",1891,323,378456.95 
"KY",1891,336,18003.8   
"KY",1891,337,8225.84   
"KY",1891,343,94701.32  
"KY",1891,344,5885.09   
"KY",1891,345,10402.17  
"KY",1891,351,12613.84  
"KY",1891,356,2500      
"KY",1891,360,223753.81 
"KY",1891,361,252.62    
"KY",1891,362,4552.52   
"KY",1891,363,495228.28 
"KY",1891,365,163581.41 
"KY",1891,366,252163.46 
"KY",1891,367,15415.55  
"KY",1891,369,299518.9  
"KY",1891,390,8129.98   
"KY",1891,398,2304.7    
"KY",1891,399,509.42    
"KY",1891,411,133296.8  
"KY",1892,311,1610330.53
"KY",1892,313,60525.18  
"KY",1892,316,746.89    
"KY",1892,322,62070     
"KY",1892,323,430430.04 
"KY",1892,336,10510.11  
"KY",1892,337,8153.06   
"KY",1892,343,94303.53  
"KY",1892,344,6039.31   
"KY",1892,345,14882.45  
"KY",1892,351,14580.74  
"KY",1892,356,2500      
"KY",1892,360,222006.78 
"KY",1892,361,162121.93 
"KY",1892,362,2881.77   
"KY",1892,363,600416.8  
"KY",1892,365,147614.61 
"KY",1892,366,247891.84 
"KY",1892,367,22976.94  
"KY",1892,369,146746.47 
"KY",1892,390,3934.39   
"KY",1892,398,1565.5    
"KY",1892,399,550       
"KY",1892,401,1979.85   
"KY",1892,411,143844.41 
"KY",1893,311,1803983.66
"KY",1893,313,47138.63  
"KY",1893,316,1468.76   
"KY",1893,322,70535     
"KY",1893,323,412241.76 
"KY",1893,336,1432.65   
"KY",1893,337,7172.38   
"KY",1893,343,70786.49  
"KY",1893,344,6007.96   
"KY",1893,345,1833.17   
"KY",1893,351,8784.83   
"KY",1893,356,2500      
"KY",1893,360,218823.97 
"KY",1893,361,320142.79 
"KY",1893,362,5175.77   
"KY",1893,363,369225.32 
"KY",1893,364,1135.9    
"KY",1893,365,192738.22 
"KY",1893,366,269506.39 
"KY",1893,367,17126.43  
"KY",1893,369,88211.44  
"KY",1893,390,2385.97   
"KY",1893,398,250       
"KY",1893,399,100000    
"KY",1893,401,67.88     
"KY",1893,411,82450.76  
"KY",1894,311,2069988.55
"KY",1894,313,49793.45  
"KY",1894,316,1724.64   
"KY",1894,322,64400     
"KY",1894,323,406731.48 
"KY",1894,336,72.2      
"KY",1894,343,294088.12 
"KY",1894,344,291.3     
"KY",1894,345,11077.41  
"KY",1894,351,10857.11  
"KY",1894,360,214298.32 
"KY",1894,361,108532.21 
"KY",1894,362,8228.96   
"KY",1894,363,340189.93 
"KY",1894,365,286971.9  
"KY",1894,366,244417.58 
"KY",1894,367,22862.32  
"KY",1894,369,128036.27 
"KY",1894,390,4512.89   
"KY",1894,398,250       
"KY",1894,411,159195.8  
"KY",1895,311,2034396.24
"KY",1895,313,49055.75  
"KY",1895,316,1711.6    
"KY",1895,322,51414.2   
"KY",1895,323,370606.3  
"KY",1895,336,130.7     
"KY",1895,343,226549.75 
"KY",1895,345,11871.26  
"KY",1895,351,6475.17   
"KY",1895,356,2500      
"KY",1895,360,178633.09 
"KY",1895,361,3520.85   
"KY",1895,362,5588.25   
"KY",1895,363,283295.65 
"KY",1895,365,223682.06 
"KY",1895,366,231703.07 
"KY",1895,367,18931.14  
"KY",1895,369,60733.27  
"KY",1895,390,13636.57  
"KY",1895,398,250       
"KY",1895,399,17486.22  
"KY",1895,411,135722.09 
"KY",1896,311,1905900.54
"KY",1896,313,53511.19  
"KY",1896,316,1109.7    
"KY",1896,322,111718.5  
"KY",1896,323,798336.14 
"KY",1896,343,291834.32 
"KY",1896,345,19241.98  
"KY",1896,351,12018.01  
"KY",1896,356,2500      
"KY",1896,360,261962.27 
"KY",1896,361,71627.7   
"KY",1896,362,7506.39   
"KY",1896,363,562339.9  
"KY",1896,365,306140.66 
"KY",1896,366,285590.07 
"KY",1896,367,19888.23  
"KY",1896,369,91082.06  
"KY",1896,390,1188.09   
"KY",1896,398,1049.25   
"KY",1896,399,82880.9   
"KY",1896,411,260915.72 
"KY",1897,311,872448.4  
"KY",1897,313,51239.32  
"KY",1897,316,1423.13   
"KY",1897,322,83011.93  
"KY",1897,323,524521.24 
"KY",1897,343,362161.46 
"KY",1897,345,6852.37   
"KY",1897,351,6510.45   
"KY",1897,356,5000      
"KY",1897,360,226210.71 
"KY",1897,361,68558.14  
"KY",1897,362,8093.83   
"KY",1897,363,360305.17 
"KY",1897,364,588.5     
"KY",1897,365,248568.1  
"KY",1897,366,266210.24 
"KY",1897,367,21058.48  
"KY",1897,369,55498.09  
"KY",1897,390,4809.07   
"KY",1897,398,375       
"KY",1897,399,87251.39  
"KY",1897,411,228681.34 
"KY",1898,311,1627382.17
"KY",1898,313,51340.7   
"KY",1898,316,5952.26   
"KY",1898,322,86571.41  
"KY",1898,323,620173.75 
"KY",1898,343,369976.92 
"KY",1898,345,21645.67  
"KY",1898,351,9413.91   
"KY",1898,352,350       
"KY",1898,356,4500      
"KY",1898,360,230705.21 
"KY",1898,361,72787.61  
"KY",1898,362,6859.44   
"KY",1898,363,336063    
"KY",1898,365,257336.02 
"KY",1898,366,267081.63 
"KY",1898,367,24861.98  
"KY",1898,369,78322.88  
"KY",1898,390,656.26    
"KY",1898,398,185.5     
"KY",1898,399,104869.47 
"KY",1898,401,19273     
"KY",1898,411,85916.22  
"KY",1899,311,1679575.58
"KY",1899,316,4522.97   
"KY",1899,323,99843.93  
"KY",1899,343,16500     
"KY",1899,344,1990.77   
"KY",1899,345,2747.82   
"KY",1899,356,2500      
"KY",1899,362,3235.73   
"KY",1899,363,146492.11 
"KY",1899,364,268.07    
"KY",1899,365,36650.48  
"KY",1899,399,498.11    
"KY",1899,411,64914.88  
"KY",1900,311,1862782.41
"KY",1900,313,52154.74  
"KY",1900,316,3293.17   
"KY",1900,322,59625.28  
"KY",1900,323,449293.09 
"KY",1900,343,301024.81 
"KY",1900,344,1763.76   
"KY",1900,345,68214.54  
"KY",1900,351,9523.91   
"KY",1900,356,3750      
"KY",1900,362,1782.08   
"KY",1900,363,168821.13 
"KY",1900,364,649.28    
"KY",1900,365,232273.21 
"KY",1900,366,187467.28 
"KY",1900,367,23210.09  
"KY",1900,369,30003.21  
"KY",1900,390,878.21    
"KY",1900,398,125       
"KY",1900,399,125644.98 
"KY",1900,401,31207.05  
"KY",1900,411,44910     
"KY",1901,311,1885579.87
"KY",1901,313,64184.71  
"KY",1901,316,3179.35   
"KY",1901,322,102832.89 
"KY",1901,323,693401.79 
"KY",1901,343,304274.92 
"KY",1901,344,1878.58   
"KY",1901,345,33159.29  
"KY",1901,351,7179.7    
"KY",1901,356,3750      
"KY",1901,360,231680.46 
"KY",1901,361,65104.45  
"KY",1901,362,8546.42   
"KY",1901,363,363102.57 
"KY",1901,364,1138.98   
"KY",1901,365,347326.25 
"KY",1901,366,323841.95 
"KY",1901,367,27384.57  
"KY",1901,369,90173.45  
"KY",1901,390,13405.79  
"KY",1901,398,150       
"KY",1901,399,130743.83 
"KY",1901,401,1160.27   
"KY",1901,411,54950     
"KY",1902,311,1868067.63
"KY",1902,313,76453.11  
"KY",1902,316,4033.96   
"KY",1902,322,91463.05  
"KY",1902,323,640290.54 
"KY",1902,343,271864.82 
"KY",1902,344,3427.86   
"KY",1902,345,33658.83  
"KY",1902,356,5000      
"KY",1902,360,228889.74 
"KY",1902,361,72154.64  
"KY",1902,362,9845.37   
"KY",1902,363,306252.33 
"KY",1902,364,492.69    
"KY",1902,365,300219.72 
"KY",1902,366,308650.03 
"KY",1902,367,23911.37  
"KY",1902,369,89009.91  
"KY",1902,391,1753.7    
"KY",1902,398,150       
"KY",1902,399,108178.87 
"KY",1902,411,48812.25  
"KY",1903,311,1781791.66
"KY",1903,313,85710.04  
"KY",1903,316,1560.75   
"KY",1903,321,10000     
"KY",1903,322,129354.01 
"KY",1903,323,749943.88 
"KY",1903,343,359263.13 
"KY",1903,344,5318.3    
"KY",1903,345,27264.22  
"KY",1903,351,9708.79   
"KY",1903,356,5000      
"KY",1903,360,238127.75 
"KY",1903,361,27.5      
"KY",1903,362,11085.8   
"KY",1903,363,342686.98 
"KY",1903,364,308.72    
"KY",1903,365,311653.78 
"KY",1903,366,417124.03 
"KY",1903,367,24459.1   
"KY",1903,369,79524.1   
"KY",1903,390,61864     
"KY",1903,398,216       
"KY",1903,399,156348.07 
"KY",1903,401,2290      
"KY",1903,411,1043344.98
"KY",1904,311,1962139.66
"KY",1904,313,88205.32  
"KY",1904,316,5162.85   
"KY",1904,322,124807.46 
"KY",1904,323,690068.69 
"KY",1904,336,2305.81   
"KY",1904,343,294918.98 
"KY",1904,344,9509.94   
"KY",1904,345,65693.76  
"KY",1904,351,10303.12  
"KY",1904,356,5000      
"KY",1904,360,239929.03 
"KY",1904,361,78681.61  
"KY",1904,362,13078.17  
"KY",1904,363,362655.44 
"KY",1904,364,374.26    
"KY",1904,365,320174.53 
"KY",1904,366,291230.33 
"KY",1904,367,31173.26  
"KY",1904,369,100932.37 
"KY",1904,390,2622.84   
"KY",1904,398,250       
"KY",1904,399,217736.8  
"KY",1904,411,19132.43  
"KY",1905,23,141303.37  
"KY",1905,311,2223395.77
"KY",1905,313,61001.54  
"KY",1905,316,3981.88   
"KY",1905,321,15000     
"KY",1905,322,110087.13 
"KY",1905,323,618231.91 
"KY",1905,336,17193.06  
"KY",1905,343,353608.13 
"KY",1905,344,10460.7   
"KY",1905,345,23391.97  
"KY",1905,351,11827.43  
"KY",1905,356,5000      
"KY",1905,360,240069.98 
"KY",1905,361,34473.54  
"KY",1905,362,11384.7   
"KY",1905,363,360030.13 
"KY",1905,364,975.58    
"KY",1905,365,350837.63 
"KY",1905,366,292581.32 
"KY",1905,367,65142.84  
"KY",1905,369,77355.98  
"KY",1905,390,2215.59   
"KY",1905,398,250       
"KY",1905,399,241356    
"KY",1905,411,21340     
"KY",1906,311,2425130.57
"KY",1906,313,91827.19  
"KY",1906,316,3381.36   
"KY",1906,321,15000     
"KY",1906,322,97364.3   
"KY",1906,323,678408.43 
"KY",1906,336,14882.27  
"KY",1906,343,301958.52 
"KY",1906,344,10498.49  
"KY",1906,345,42636.89  
"KY",1906,351,13838.98  
"KY",1906,356,5000      
"KY",1906,360,248360.76 
"KY",1906,361,105404.39 
"KY",1906,362,12149.38  
"KY",1906,363,367957.68 
"KY",1906,364,356       
"KY",1906,365,424252.67 
"KY",1906,366,321765.59 
"KY",1906,367,168253.15 
"KY",1906,369,85426.93  
"KY",1906,390,8028.44   
"KY",1906,398,250       
"KY",1906,399,185408.78 
"KY",1906,411,10940     
"KY",1907,311,2530420.65
"KY",1907,313,65982.83  
"KY",1907,316,4265.23   
"KY",1907,321,15000     
"KY",1907,322,125637.35 
"KY",1907,323,725056.47 
"KY",1907,336,20994.23  
"KY",1907,342,8886.34   
"KY",1907,343,318796.01 
"KY",1907,344,10498.64  
"KY",1907,345,26277.52  
"KY",1907,351,36061.44  
"KY",1907,356,5000      
"KY",1907,360,267814.15 
"KY",1907,361,2017.4    
"KY",1907,362,14567.11  
"KY",1907,363,394096.88 
"KY",1907,364,316.5     
"KY",1907,365,410911.44 
"KY",1907,366,312736.75 
"KY",1907,367,606614.76 
"KY",1907,369,80577.67  
"KY",1907,390,4018.94   
"KY",1907,398,250       
"KY",1907,399,208488.13 
"KY",1907,411,10940     
"KY",1908,311,2705501.22
"KY",1908,313,98468.32  
"KY",1908,316,2298.19   
"KY",1908,321,15000     
"KY",1908,322,115492.99 
"KY",1908,323,810736.79 
"KY",1908,336,24258.85  
"KY",1908,342,8478.05   
"KY",1908,343,400499.81 
"KY",1908,344,10495.15  
"KY",1908,345,111021.8  
"KY",1908,351,28211.87  
"KY",1908,356,5000      
"KY",1908,360,275867.84 
"KY",1908,361,84448.6   
"KY",1908,362,14763.35  
"KY",1908,363,345806.18 
"KY",1908,364,333.5     
"KY",1908,365,387052.5  
"KY",1908,366,298907.58 
"KY",1908,367,506603.41 
"KY",1908,369,89142.55  
"KY",1908,390,6757.73   
"KY",1908,398,250       
"KY",1908,399,216703.67 
"KY",1908,411,36420     
"KY",1909,311,3065981.35
"KY",1909,313,148425    
"KY",1909,316,5417.13   
"KY",1909,321,30000     
"KY",1909,322,119298.8  
"KY",1909,323,828100.79 
"KY",1909,336,14142.97  
"KY",1909,342,12758.12  
"KY",1909,343,488454.61 
"KY",1909,344,24419.14  
"KY",1909,345,158348.71 
"KY",1909,351,35004.68  
"KY",1909,356,5000      
"KY",1909,360,290613.7  
"KY",1909,361,2471.45   
"KY",1909,362,14193.9   
"KY",1909,363,420777.82 
"KY",1909,364,1000.36   
"KY",1909,365,435255.56 
"KY",1909,366,303148.28 
"KY",1909,367,300993.15 
"KY",1909,369,90176.17  
"KY",1909,390,7684.1    
"KY",1909,398,250       
"KY",1909,399,240204.63 
"KY",1909,401,177.6     
"KY",1909,411,9900      
"KY",1910,311,3143883.14
"KY",1910,313,232513.48 
"KY",1910,316,2541.55   
"KY",1910,321,45000     
"KY",1910,322,126156.94 
"KY",1910,323,800338.8  
"KY",1910,336,20380.53  
"KY",1910,342,14372.53  
"KY",1910,343,422524.07 
"KY",1910,344,30113.77  
"KY",1910,345,27993.27  
"KY",1910,351,33031.5   
"KY",1910,356,5000      
"KY",1910,360,294304.46 
"KY",1910,361,93416.24  
"KY",1910,362,13653.19  
"KY",1910,363,407589.98 
"KY",1910,364,368.48    
"KY",1910,365,427601.5  
"KY",1910,366,275453.8  
"KY",1910,367,403131.6  
"KY",1910,369,113056.21 
"KY",1910,390,5912      
"KY",1910,391,86.12     
"KY",1910,398,250       
"KY",1910,399,255311.45 
"KY",1910,411,9900      
"KY",1911,311,3277174.29
"KY",1911,313,211079.17 
"KY",1911,316,9746.47   
"KY",1911,321,30000     
"KY",1911,322,127267.17 
"KY",1911,323,815947.24 
"KY",1911,336,24760.48  
"KY",1911,342,15688.56  
"KY",1911,343,544157.57 
"KY",1911,344,40865.29  
"KY",1911,345,63129.85  
"KY",1911,351,33968.26  
"KY",1911,356,18955.35  
"KY",1911,360,323312.51 
"KY",1911,361,2662.75   
"KY",1911,362,14266.34  
"KY",1911,363,420594.5  
"KY",1911,364,327.93    
"KY",1911,365,497150.41 
"KY",1911,366,276853.08 
"KY",1911,367,123678.09 
"KY",1911,369,129972.18 
"KY",1911,390,8304.16   
"KY",1911,391,1607.3    
"KY",1911,398,250       
"KY",1911,399,265862.96 
"KY",1911,401,51369.31  
"KY",1911,411,9900      
"KY",1912,311,3419069.06
"KY",1912,313,177250.1  
"KY",1912,316,11161.23  
"KY",1912,321,40000     
"KY",1912,322,138663.31 
"KY",1912,323,856995.89 
"KY",1912,336,24878.59  
"KY",1912,342,17778.88  
"KY",1912,343,619508.59 
"KY",1912,344,33378.28  
"KY",1912,345,57386.2   
"KY",1912,351,52798.62  
"KY",1912,356,30042.56  
"KY",1912,360,322454.64 
"KY",1912,361,100230.74 
"KY",1912,362,16842.95  
"KY",1912,363,394363.59 
"KY",1912,364,403.64    
"KY",1912,365,500204.08 
"KY",1912,366,262773.51 
"KY",1912,367,95684.39  
"KY",1912,369,186218.41 
"KY",1912,390,9835.9    
"KY",1912,391,2344.71   
"KY",1912,398,250       
"KY",1912,399,270001.7  
"KY",1912,401,68253.17  
"KY",1912,411,9900      
"KY",1913,311,3356652.4 
"KY",1913,313,179453.27 
"KY",1913,316,20188.88  
"KY",1913,321,50000     
"KY",1913,322,708306.33 
"KY",1913,323,243906.21 
"KY",1913,331,10064.01  
"KY",1913,336,22085.06  
"KY",1913,343,584590.14 
"KY",1913,344,34202.65  
"KY",1913,345,31144.17  
"KY",1913,351,149589.42 
"KY",1913,352,2600      
"KY",1913,356,45000     
"KY",1913,360,357536.27 
"KY",1913,361,2841.35   
"KY",1913,362,6102.68   
"KY",1913,363,406233.03 
"KY",1913,364,1079.73   
"KY",1913,365,562202.01 
"KY",1913,366,258037.65 
"KY",1913,367,114185.45 
"KY",1913,369,175427.93 
"KY",1913,390,9513.18   
"KY",1913,391,602.7     
"KY",1913,398,250       
"KY",1913,399,346397.49 
"KY",1913,401,79862.07  
"KY",1913,411,9900      
"KY",1914,311,3198276.95
"KY",1914,313,186146.63 
"KY",1914,316,8778.55   
"KY",1914,321,55000     
"KY",1914,322,715594.05 
"KY",1914,323,246769.55 
"KY",1914,331,15951.71  
"KY",1914,336,24500.27  
"KY",1914,342,22535.9   
"KY",1914,343,565874.26 
"KY",1914,344,27118.7   
"KY",1914,345,24993.31  
"KY",1914,351,124041.62 
"KY",1914,356,42164.01  
"KY",1914,360,360168.83 
"KY",1914,361,142005.21 
"KY",1914,362,7134.38   
"KY",1914,363,436543.44 
"KY",1914,364,326       
"KY",1914,365,601406.43 
"KY",1914,366,298300.17 
"KY",1914,367,123535.09 
"KY",1914,369,193107.91 
"KY",1914,381,504684.3  
"KY",1914,390,3369.92   
"KY",1914,391,2878.12   
"KY",1914,398,250       
"KY",1914,399,266800.68 
"KY",1914,401,84934     
"KY",1914,411,9900      
"KY",1915,311,3577464.97
"KY",1915,313,139750    
"KY",1915,316,11849.23  
"KY",1915,321,59996.94  
"KY",1915,322,765744.04 
"KY",1915,323,289069.69 
"KY",1915,331,24992.85  
"KY",1915,336,20747.34  
"KY",1915,342,31975.57  
"KY",1915,343,497872.6  
"KY",1915,344,47648.85  
"KY",1915,345,22190.8   
"KY",1915,351,152728.15 
"KY",1915,356,49813.75  
"KY",1915,360,367780.24 
"KY",1915,361,4426.73   
"KY",1915,362,13414.12  
"KY",1915,363,216140.69 
"KY",1915,364,358.11    
"KY",1915,365,699640.41 
"KY",1915,366,366193.42 
"KY",1915,367,79896.92  
"KY",1915,369,157387.04 
"KY",1915,381,400839.65 
"KY",1915,390,2913.28   
"KY",1915,391,2432.28   
"KY",1915,398,250       
"KY",1915,399,289142.56 
"KY",1915,401,127679.78 
"KY",1915,411,9900      
