"VT",1793,1,7365     
"VT",1794,1,14551    
"VT",1796,1,6424     
"VT",1797,1,45312    
"VT",1798,1,45316    
"VT",1799,1,36766    
"VT",1802,1,36105    
"VT",1803,1,38349    
"VT",1804,1,38298    
"VT",1805,1,38124    
"VT",1806,1,43827    
"VT",1807,1,46519    
"VT",1808,1,81535    
"VT",1809,1,77910    
"VT",1810,1,58705    
"VT",1811,1,50390    
"VT",1812,1,43422    
"VT",1813,1,93023    
"VT",1814,1,124320   
"VT",1815,1,95908    
"VT",1816,1,87218    
"VT",1817,1,40227    
"VT",1818,1,49511    
"VT",1819,1,49635    
"VT",1820,1,55674    
"VT",1821,1,53293    
"VT",1822,1,51104    
"VT",1823,1,48571    
"VT",1824,1,52930    
"VT",1825,1,56150    
"VT",1826,1,58966    
"VT",1827,1,53554    
"VT",1828,1,67020    
"VT",1829,1,59203    
"VT",1830,1,59016    
"VT",1831,1,76880    
"VT",1832,1,70956    
"VT",1833,1,83321    
"VT",1834,1,88865    
"VT",1835,1,120779   
"VT",1836,1,108150   
"VT",1837,1,760905   
"VT",1838,1,83583    
"VT",1839,1,84963    
"VT",1840,1,90485    
"VT",1841,1,84923    
"VT",1842,1,132612   
"VT",1843,1,150858   
"VT",1844,1,108455   
"VT",1845,1,113921   
"VT",1846,1,111240   
"VT",1847,1,104975   
"VT",1848,1,100078   
"VT",1849,1,119386   
"VT",1850,1,126890   
"VT",1851,1,170245   
"VT",1852,1,186635   
"VT",1853,1,134151   
"VT",1854,1,138338   
"VT",1855,1,157183   
"VT",1856,1,152776   
"VT",1857,1,193349   
"VT",1858,1,284579   
"VT",1859,1,179162   
"VT",1860,1,241089   
"VT",1861,1,631546   
"VT",1862,1,1442502  
"VT",1863,1,1921599  
"VT",1864,1,1904776  
"VT",1865,1,2009271  
"VT",1867,1,785012   
"VT",1871,1,953496   
"VT",1872,1,758188   
"VT",1873,1,506505   
"VT",1874,1,460379   
"VT",1875,1,424791   
"VT",1876,1,449126   
"VT",1877,1,357444   
"VT",1878,1,391635   
"VT",1879,1,501969   
"VT",1880,1,586045   
"VT",1881,1,362132   
"VT",1882,1,473074   
"VT",1883,1,482991   
"VT",1884,1,388160   
"VT",1885,1,671924   
"VT",1886,1,520102   
"VT",1887,1,426798   
"VT",1888,1,710054   
"VT",1889,1,607493   
"VT",1890,1,782342   
"VT",1891,1,908925   
"VT",1892,1,1229662  
"VT",1893,1,710097   
"VT",1894,1,1006285  
"VT",1895,1,771481   
"VT",1896,1,1217223  
"VT",1897,1,1133379  
"VT",1898,1,1322916  
"VT",1899,1,1276491  
"VT",1900,1,1342264  
"VT",1901,1,749479   
"VT",1902,1,1194421  
"VT",1903,1,1005866  
"VT",1904,1,1049639  
"VT",1905,1,1083298  
"VT",1906,1,940387   
"VT",1907,1,1394411  
"VT",1908,1,1611765  
"VT",1909,1,1599252  
"VT",1910,1,1794773  
"VT",1911,1,1837367  
"VT",1912,1,1932853  
"VT",1913,1,1934817  
"VT",1914,1,2490472  
"VT",1915,1,2555796  
"VT",1916,1,2548294  
"VT",1917,1,3124253  
"VT",1918,1,3668131  
"VT",1919,1,3704121  
"VT",1920,1,4514739  
"VT",1921,1,4802160  
"VT",1922,1,4925044  
                     
"VT",1793,11,3652    
"VT",1793,22,145     
"VT",1793,29,3568    
"VT",1794,11,11082   
"VT",1794,22,269     
"VT",1794,29,3200    
"VT",1796,11,3291    
"VT",1796,22,272     
"VT",1796,29,2861    
"VT",1797,11,26001   
"VT",1797,22,806     
"VT",1797,29,18505   
"VT",1798,11,26003   
"VT",1798,22,806     
"VT",1798,29,18507   
"VT",1799,11,21268   
"VT",1799,22,561     
"VT",1799,29,14937   
"VT",1802,11,18759   
"VT",1802,22,396     
"VT",1802,29,16950   
"VT",1803,11,22239   
"VT",1803,22,565     
"VT",1803,29,15545   
"VT",1804,11,21961   
"VT",1804,22,1026    
"VT",1804,29,15311   
"VT",1805,11,26778   
"VT",1805,22,592     
"VT",1805,29,10754   
"VT",1806,11,26411   
"VT",1806,22,1398    
"VT",1806,29,16018   
"VT",1807,11,23263   
"VT",1807,22,1122    
"VT",1807,29,22134   
"VT",1808,11,59735   
"VT",1808,18,100     
"VT",1808,22,4199    
"VT",1808,29,17501   
"VT",1809,11,34742   
"VT",1809,18,38      
"VT",1809,22,4438    
"VT",1809,29,38692   
"VT",1810,11,26395   
"VT",1810,18,57      
"VT",1810,22,10276   
"VT",1810,29,21977   
"VT",1811,11,24680   
"VT",1811,18,318     
"VT",1811,22,7578    
"VT",1811,29,17814   
"VT",1812,11,20468   
"VT",1812,18,24      
"VT",1812,22,5066    
"VT",1812,29,17864   
"VT",1813,11,63764   
"VT",1813,18,104     
"VT",1813,22,5677    
"VT",1813,29,23478   
"VT",1814,11,65488   
"VT",1814,18,112     
"VT",1814,22,2794    
"VT",1814,29,55926   
"VT",1815,11,36245   
"VT",1815,18,57      
"VT",1815,22,2825    
"VT",1815,29,56781   
"VT",1816,11,27611   
"VT",1816,18,114     
"VT",1816,22,2001    
"VT",1816,29,57492   
"VT",1817,11,33050   
"VT",1817,18,158     
"VT",1817,22,1211    
"VT",1817,29,5808    
"VT",1818,11,40793   
"VT",1818,18,57      
"VT",1818,22,3175    
"VT",1818,29,5486    
"VT",1819,11,38410   
"VT",1819,18,95      
"VT",1819,22,2632    
"VT",1819,29,8498    
"VT",1820,11,37788   
"VT",1820,18,266     
"VT",1820,22,2731    
"VT",1820,23,4421    
"VT",1820,29,10468   
"VT",1821,11,38448   
"VT",1821,18,233     
"VT",1821,22,1849    
"VT",1821,29,12763   
"VT",1822,11,37138   
"VT",1822,18,247     
"VT",1822,22,1649    
"VT",1822,29,12070   
"VT",1823,11,35327   
"VT",1823,18,308     
"VT",1823,22,1719    
"VT",1823,29,11217   
"VT",1824,11,33604   
"VT",1824,18,797     
"VT",1824,22,1986    
"VT",1824,29,16543   
"VT",1825,11,35312   
"VT",1825,18,472     
"VT",1825,22,959     
"VT",1825,29,19407   
"VT",1826,11,35593   
"VT",1826,18,905     
"VT",1826,22,1844    
"VT",1826,29,20624   
"VT",1827,11,38789   
"VT",1827,18,2088    
"VT",1827,22,1867    
"VT",1827,26,151     
"VT",1827,29,10659   
"VT",1828,11,48716   
"VT",1828,18,2243    
"VT",1828,22,3658    
"VT",1828,26,380     
"VT",1828,29,12023   
"VT",1829,11,39942   
"VT",1829,18,1001    
"VT",1829,22,1887    
"VT",1829,26,827     
"VT",1829,29,15546   
"VT",1830,11,42066   
"VT",1830,18,758     
"VT",1830,22,2414    
"VT",1830,26,1140    
"VT",1830,29,12638   
"VT",1831,11,59391   
"VT",1831,18,908     
"VT",1831,22,1569    
"VT",1831,26,1528    
"VT",1831,29,13484   
"VT",1832,11,46966   
"VT",1832,18,657     
"VT",1832,22,1561    
"VT",1832,26,1742    
"VT",1832,29,20030   
"VT",1833,11,51180   
"VT",1833,18,1557    
"VT",1833,22,2851    
"VT",1833,26,2162    
"VT",1833,29,25571   
"VT",1834,11,49518   
"VT",1834,18,1394    
"VT",1834,22,1393    
"VT",1834,26,2967    
"VT",1834,29,33593   
"VT",1835,11,77793   
"VT",1835,18,3256    
"VT",1835,22,5814    
"VT",1835,26,2987    
"VT",1835,29,30929   
"VT",1836,11,46938   
"VT",1836,18,2037    
"VT",1836,22,5036    
"VT",1836,26,3088    
"VT",1836,29,51051   
"VT",1837,11,58820   
"VT",1837,18,2178    
"VT",1837,22,4298    
"VT",1837,23,669087  
"VT",1837,26,2696    
"VT",1837,29,23826   
"VT",1838,11,57382   
"VT",1838,18,345     
"VT",1838,22,3033    
"VT",1838,23,2908    
"VT",1838,26,2207    
"VT",1838,29,17708   
"VT",1839,11,56844   
"VT",1839,18,584     
"VT",1839,22,3598    
"VT",1839,26,2217    
"VT",1839,29,21720   
"VT",1840,11,52292   
"VT",1840,18,702     
"VT",1840,22,5428    
"VT",1840,26,1988    
"VT",1840,29,30075   
"VT",1841,11,67866   
"VT",1841,18,1359    
"VT",1841,22,3238    
"VT",1841,26,2698    
"VT",1841,29,9762    
"VT",1842,11,57173   
"VT",1842,18,1455    
"VT",1842,22,6499    
"VT",1842,29,67485   
"VT",1843,11,90125   
"VT",1843,18,1439    
"VT",1843,22,6943    
"VT",1843,29,52351   
"VT",1844,11,69144   
"VT",1844,18,886     
"VT",1844,22,3166    
"VT",1844,29,35259   
"VT",1845,11,72106   
"VT",1845,18,2398    
"VT",1845,22,4205    
"VT",1845,29,35212   
"VT",1846,11,68288   
"VT",1846,14,3280    
"VT",1846,18,1485    
"VT",1846,22,9549    
"VT",1846,29,28638   
"VT",1847,11,59075   
"VT",1847,14,3377    
"VT",1847,18,4829    
"VT",1847,22,7721    
"VT",1847,29,29973   
"VT",1848,11,70042   
"VT",1848,14,2566    
"VT",1848,18,3575    
"VT",1848,22,7794    
"VT",1848,29,16101   
"VT",1849,11,84484   
"VT",1849,14,2118    
"VT",1849,18,113     
"VT",1849,22,12665   
"VT",1849,29,20006   
"VT",1850,11,93463   
"VT",1850,22,13621   
"VT",1850,29,19806   
"VT",1851,11,105797  
"VT",1851,22,10588   
"VT",1851,29,53860   
"VT",1852,11,120085  
"VT",1852,18,80      
"VT",1852,22,13193   
"VT",1852,29,53277   
"VT",1853,11,110921  
"VT",1853,14,1440    
"VT",1853,22,11812   
"VT",1853,27,920     
"VT",1853,29,9058    
"VT",1854,11,115714  
"VT",1854,14,2834    
"VT",1854,22,11625   
"VT",1854,29,8165    
"VT",1855,11,114353  
"VT",1855,14,839     
"VT",1855,22,16148   
"VT",1855,29,25843   
"VT",1856,11,114536  
"VT",1856,14,3187    
"VT",1856,22,15258   
"VT",1856,29,19795   
"VT",1857,11,124453  
"VT",1857,14,3546    
"VT",1857,21,1462    
"VT",1857,22,15459   
"VT",1857,23,4009    
"VT",1857,29,44420   
"VT",1858,11,140819  
"VT",1858,14,2162    
"VT",1858,21,977     
"VT",1858,22,12801   
"VT",1858,29,127820  
"VT",1859,11,119863  
"VT",1859,14,1815    
"VT",1859,21,943     
"VT",1859,22,16087   
"VT",1859,29,40454   
"VT",1860,11,146904  
"VT",1860,12,2409    
"VT",1860,14,2572    
"VT",1860,18,563     
"VT",1860,21,1660    
"VT",1860,22,8894    
"VT",1860,29,78087   
"VT",1861,11,209596  
"VT",1861,21,768     
"VT",1861,22,18330   
"VT",1861,24,1000    
"VT",1861,29,401852  
"VT",1862,11,538022  
"VT",1862,14,2888    
"VT",1862,21,1143    
"VT",1862,22,20300   
"VT",1862,23,333146  
"VT",1862,29,547003  
"VT",1863,11,727875  
"VT",1863,14,3230    
"VT",1863,21,2878    
"VT",1863,22,18623   
"VT",1863,23,507551  
"VT",1863,29,661442  
"VT",1864,11,980781  
"VT",1864,14,4658    
"VT",1864,21,3596    
"VT",1864,22,24993   
"VT",1864,23,419780  
"VT",1864,29,470968  
"VT",1865,11,1207304 
"VT",1865,14,2910    
"VT",1865,21,243     
"VT",1865,22,28070   
"VT",1865,23,38049   
"VT",1865,29,732695  
"VT",1867,11,564924  
"VT",1867,14,196     
"VT",1867,21,822     
"VT",1867,22,27246   
"VT",1867,29,191824  
"VT",1871,11,561189  
"VT",1871,21,1063    
"VT",1871,22,33993   
"VT",1871,29,357251  
"VT",1872,11,507736  
"VT",1872,21,1093    
"VT",1872,22,36926   
"VT",1872,29,212433  
"VT",1873,11,446603  
"VT",1873,21,1024    
"VT",1873,22,31682   
"VT",1873,29,27196   
"VT",1874,11,393244  
"VT",1874,21,585     
"VT",1874,22,36443   
"VT",1874,29,30107   
"VT",1875,11,329382  
"VT",1875,21,3072    
"VT",1875,22,39378   
"VT",1875,29,52959   
"VT",1876,11,380957  
"VT",1876,21,2320    
"VT",1876,22,39967   
"VT",1876,29,25882   
"VT",1877,11,278071  
"VT",1877,21,3217    
"VT",1877,22,34496   
"VT",1877,29,41660   
"VT",1878,11,321075  
"VT",1878,21,3378    
"VT",1878,22,37559   
"VT",1878,29,29623   
"VT",1879,11,297438  
"VT",1879,21,3368    
"VT",1879,22,35428   
"VT",1879,29,165735  
"VT",1880,11,384734  
"VT",1880,21,3413    
"VT",1880,22,51798   
"VT",1880,29,146100  
"VT",1881,11,198550  
"VT",1881,14,33957   
"VT",1881,21,3666    
"VT",1881,22,48287   
"VT",1881,29,77672   
"VT",1882,11,269843  
"VT",1882,14,43529   
"VT",1882,21,3564    
"VT",1882,22,39318   
"VT",1882,29,116820  
"VT",1883,11,162930  
"VT",1883,14,86913   
"VT",1883,21,3619    
"VT",1883,22,44120   
"VT",1883,29,185409  
"VT",1884,14,198993  
"VT",1884,21,3690    
"VT",1884,22,39831   
"VT",1884,29,145646  
"VT",1885,14,202942  
"VT",1885,21,3750    
"VT",1885,22,37091   
"VT",1885,29,428141  
"VT",1886,11,171011  
"VT",1886,14,200686  
"VT",1886,21,3307    
"VT",1886,22,41887   
"VT",1886,29,103211  
"VT",1887,14,220702  
"VT",1887,21,3434    
"VT",1887,22,45083   
"VT",1887,29,157579  
"VT",1888,11,210018  
"VT",1888,14,239004  
"VT",1888,21,3628    
"VT",1888,22,61028   
"VT",1888,25,2258    
"VT",1888,29,194118  
"VT",1889,14,245308  
"VT",1889,21,4550    
"VT",1889,22,42197   
"VT",1889,25,10953   
"VT",1889,29,304485  
"VT",1890,11,353412  
"VT",1890,14,268153  
"VT",1890,21,4945    
"VT",1890,22,41649   
"VT",1890,23,6544    
"VT",1890,25,3676    
"VT",1890,29,103963  
"VT",1891,14,256601  
"VT",1891,16,87477   
"VT",1891,18,4070    
"VT",1891,21,4642    
"VT",1891,22,45978   
"VT",1891,23,90424   
"VT",1891,25,3639    
"VT",1891,29,416094  
"VT",1892,11,272859  
"VT",1892,14,307484  
"VT",1892,16,86846   
"VT",1892,18,4200    
"VT",1892,21,5205    
"VT",1892,22,68513   
"VT",1892,23,200954  
"VT",1892,25,1658    
"VT",1892,27,1800    
"VT",1892,29,280143  
"VT",1893,11,39196   
"VT",1893,14,335993  
"VT",1893,16,175558  
"VT",1893,18,6695    
"VT",1893,21,4784    
"VT",1893,22,53288   
"VT",1893,23,23343   
"VT",1893,25,10745   
"VT",1893,27,9057    
"VT",1893,29,51438   
"VT",1894,11,250545  
"VT",1894,14,343090  
"VT",1894,16,171541  
"VT",1894,18,6373    
"VT",1894,21,5047    
"VT",1894,22,65023   
"VT",1894,23,23975   
"VT",1894,25,1494    
"VT",1894,27,6832    
"VT",1894,29,132365  
"VT",1895,11,13532   
"VT",1895,14,346436  
"VT",1895,16,177919  
"VT",1895,18,10279   
"VT",1895,21,6191    
"VT",1895,22,58670   
"VT",1895,23,26244   
"VT",1895,25,4597    
"VT",1895,27,6745    
"VT",1895,29,120868  
"VT",1896,11,199820  
"VT",1896,14,364936  
"VT",1896,16,171406  
"VT",1896,18,11150   
"VT",1896,21,6660    
"VT",1896,22,75198   
"VT",1896,23,27610   
"VT",1896,25,400     
"VT",1896,27,11384   
"VT",1896,29,348659  
"VT",1897,11,8739    
"VT",1897,12,544     
"VT",1897,14,372919  
"VT",1897,16,171499  
"VT",1897,18,10810   
"VT",1897,21,6582    
"VT",1897,22,76825   
"VT",1897,23,28218   
"VT",1897,25,272     
"VT",1897,27,8233    
"VT",1897,29,448738  
"VT",1898,11,252425  
"VT",1898,12,11478   
"VT",1898,14,375957  
"VT",1898,16,172006  
"VT",1898,18,11768   
"VT",1898,21,6824    
"VT",1898,22,69085   
"VT",1898,23,28944   
"VT",1898,25,1409    
"VT",1898,27,6022    
"VT",1898,29,386998  
"VT",1899,11,9162    
"VT",1899,12,13661   
"VT",1899,14,389695  
"VT",1899,16,182174  
"VT",1899,18,12002   
"VT",1899,21,6706    
"VT",1899,22,65761   
"VT",1899,23,29983   
"VT",1899,25,28      
"VT",1899,27,6122    
"VT",1899,29,561197  
"VT",1900,11,346811  
"VT",1900,12,26328   
"VT",1900,14,428561  
"VT",1900,16,175096  
"VT",1900,18,11376   
"VT",1900,21,7509    
"VT",1900,22,54420   
"VT",1900,23,30515   
"VT",1900,25,763     
"VT",1900,27,7963    
"VT",1900,29,252922  
"VT",1901,11,4413    
"VT",1901,12,50758   
"VT",1901,14,461914  
"VT",1901,16,90678   
"VT",1901,18,17855   
"VT",1901,21,4028    
"VT",1901,22,67315   
"VT",1901,23,30942   
"VT",1901,27,4525    
"VT",1901,29,17051   
"VT",1902,11,268522  
"VT",1902,12,55067   
"VT",1902,14,470745  
"VT",1902,16,232721  
"VT",1902,18,20453   
"VT",1902,21,3082    
"VT",1902,22,50087   
"VT",1902,23,37659   
"VT",1902,25,563     
"VT",1902,27,4095    
"VT",1902,29,51427   
"VT",1903,12,29440   
"VT",1903,14,548156  
"VT",1903,16,234857  
"VT",1903,18,68564   
"VT",1903,21,5703    
"VT",1903,22,37297   
"VT",1903,23,31406   
"VT",1903,27,6033    
"VT",1903,29,44410   
"VT",1904,12,37227   
"VT",1904,14,571423  
"VT",1904,16,239143  
"VT",1904,18,68099   
"VT",1904,21,4770    
"VT",1904,22,44636   
"VT",1904,23,31048   
"VT",1904,27,3736    
"VT",1904,29,49557   
"VT",1905,12,41058   
"VT",1905,14,597556  
"VT",1905,16,231168  
"VT",1905,18,75504   
"VT",1905,21,6647    
"VT",1905,22,44907   
"VT",1905,23,33150   
"VT",1905,27,1353    
"VT",1905,29,51955   
"VT",1906,12,40581   
"VT",1906,14,649483  
"VT",1906,18,82501   
"VT",1906,22,91897   
"VT",1906,23,1263    
"VT",1906,25,162     
"VT",1906,27,2055    
"VT",1906,29,72445   
"VT",1907,12,52121   
"VT",1907,14,694050  
"VT",1907,16,249750  
"VT",1907,18,89280   
"VT",1907,21,6594    
"VT",1907,22,75900   
"VT",1907,23,33200   
"VT",1907,26,146165  
"VT",1907,27,1686    
"VT",1907,29,45665   
"VT",1908,12,67973   
"VT",1908,14,843932  
"VT",1908,16,267026  
"VT",1908,18,86969   
"VT",1908,21,7685    
"VT",1908,22,84018   
"VT",1908,23,32450   
"VT",1908,25,825     
"VT",1908,26,176691  
"VT",1908,27,1280    
"VT",1908,29,42916   
"VT",1909,12,65842   
"VT",1909,14,891813  
"VT",1909,16,267240  
"VT",1909,18,95612   
"VT",1909,21,8544    
"VT",1909,22,74633   
"VT",1909,23,42891   
"VT",1909,25,16877   
"VT",1909,26,89505   
"VT",1909,27,2150    
"VT",1909,29,44145   
"VT",1910,12,88845   
"VT",1910,14,952227  
"VT",1910,16,265644  
"VT",1910,18,92362   
"VT",1910,21,25237   
"VT",1910,22,82743   
"VT",1910,23,123000  
"VT",1910,25,40984   
"VT",1910,26,66042   
"VT",1910,27,18918   
"VT",1910,29,38771   
"VT",1911,12,71349   
"VT",1911,14,1008879 
"VT",1911,16,270033  
"VT",1911,18,136623  
"VT",1911,21,27355   
"VT",1911,22,77416   
"VT",1911,23,53700   
"VT",1911,25,56609   
"VT",1911,26,89563   
"VT",1911,27,1747    
"VT",1911,29,44093   
"VT",1912,12,92653   
"VT",1912,14,1083909 
"VT",1912,16,287561  
"VT",1912,18,104998  
"VT",1912,21,29930   
"VT",1912,22,78080   
"VT",1912,23,57875   
"VT",1912,25,75471   
"VT",1912,26,81965   
"VT",1912,27,1715    
"VT",1912,29,38696   
"VT",1913,12,78593   
"VT",1913,14,1158863 
"VT",1913,16,184620  
"VT",1913,18,112473  
"VT",1913,21,30489   
"VT",1913,22,90154   
"VT",1913,23,58225   
"VT",1913,25,102967  
"VT",1913,26,73583   
"VT",1913,27,1500    
"VT",1913,29,43350   
"VT",1914,11,241225  
"VT",1914,12,92890   
"VT",1914,14,1469428 
"VT",1914,16,105096  
"VT",1914,18,122873  
"VT",1914,21,43745   
"VT",1914,22,95840   
"VT",1914,23,56975   
"VT",1914,25,139605  
"VT",1914,26,67654   
"VT",1914,27,6025    
"VT",1914,29,49116   
"VT",1915,12,77824   
"VT",1915,14,1521407 
"VT",1915,16,314813  
"VT",1915,18,93198   
"VT",1915,21,40163   
"VT",1915,22,83229   
"VT",1915,23,56050   
"VT",1915,25,227159  
"VT",1915,26,53469   
"VT",1915,27,24025   
"VT",1915,29,64459   
"VT",1916,12,101364  
"VT",1916,14,1564024 
"VT",1916,16,185411  
"VT",1916,18,118495  
"VT",1916,21,60966   
"VT",1916,22,98274   
"VT",1916,23,55388   
"VT",1916,25,266970  
"VT",1916,26,7810    
"VT",1916,27,22420   
"VT",1916,29,67172   
"VT",1917,11,124693  
"VT",1917,12,88150   
"VT",1917,14,1633123 
"VT",1917,16,441175  
"VT",1917,18,127157  
"VT",1917,21,61170   
"VT",1917,22,114119  
"VT",1917,23,58351   
"VT",1917,25,365622  
"VT",1917,26,5989    
"VT",1917,27,28066   
"VT",1917,29,76638   
"VT",1918,11,506034  
"VT",1918,12,135924  
"VT",1918,14,1680417 
"VT",1918,16,438614  
"VT",1918,18,86453   
"VT",1918,21,79208   
"VT",1918,22,103548  
"VT",1918,23,54800   
"VT",1918,25,431111  
"VT",1918,26,14264   
"VT",1918,27,31756   
"VT",1918,29,106002  
"VT",1919,11,516163  
"VT",1919,12,101317  
"VT",1919,14,1652928 
"VT",1919,16,440601  
"VT",1919,18,90135   
"VT",1919,21,68575   
"VT",1919,22,101266  
"VT",1919,23,131288  
"VT",1919,25,436994  
"VT",1919,26,13343   
"VT",1919,27,45648   
"VT",1919,29,105863  
"VT",1920,11,1083318 
"VT",1920,12,143233  
"VT",1920,14,1672252 
"VT",1920,16,452798  
"VT",1920,18,80210   
"VT",1920,21,81748   
"VT",1920,22,147661  
"VT",1920,23,105138  
"VT",1920,25,546046  
"VT",1920,26,36141   
"VT",1920,27,34381   
"VT",1920,29,131813  
"VT",1921,11,1121797 
"VT",1921,12,140090  
"VT",1921,14,1708738 
"VT",1921,16,475474  
"VT",1921,18,75482   
"VT",1921,21,85436   
"VT",1921,22,131130  
"VT",1921,23,185782  
"VT",1921,25,663939  
"VT",1921,26,36872   
"VT",1921,27,49298   
"VT",1921,29,128122  
"VT",1922,11,552495  
"VT",1922,12,271484  
"VT",1922,14,1787064 
"VT",1922,16,490998  
"VT",1922,18,75015   
"VT",1922,21,94330   
"VT",1922,22,150278  
"VT",1922,23,457738  
"VT",1922,25,751949  
"VT",1922,26,30052   
"VT",1922,27,46633   
"VT",1922,29,217008  
                     
"VT",1793,110,3652   
"VT",1793,220,145    
"VT",1793,291,55     
"VT",1793,293,2206   
"VT",1793,294,1307   
"VT",1794,110,11082  
"VT",1794,220,269    
"VT",1794,290,13     
"VT",1794,291,33     
"VT",1794,293,2902   
"VT",1794,294,252    
"VT",1796,110,3291   
"VT",1796,220,272    
"VT",1796,290,10     
"VT",1796,291,68     
"VT",1796,293,2701   
"VT",1796,294,82     
"VT",1797,110,26001  
"VT",1797,220,806    
"VT",1797,290,51     
"VT",1797,291,129    
"VT",1797,293,17655  
"VT",1797,294,670    
"VT",1798,110,26003  
"VT",1798,220,806    
"VT",1798,290,52     
"VT",1798,291,129    
"VT",1798,293,17656  
"VT",1798,294,670    
"VT",1799,110,21268  
"VT",1799,220,561    
"VT",1799,290,43     
"VT",1799,293,14894  
"VT",1802,110,18759  
"VT",1802,220,396    
"VT",1802,290,305    
"VT",1802,291,46     
"VT",1802,293,16337  
"VT",1802,294,262    
"VT",1803,110,22239  
"VT",1803,220,565    
"VT",1803,290,529    
"VT",1803,291,51     
"VT",1803,293,14965  
"VT",1804,110,21961  
"VT",1804,220,1026   
"VT",1804,290,77     
"VT",1804,291,71     
"VT",1804,293,15163  
"VT",1805,110,26778  
"VT",1805,220,592    
"VT",1805,290,40     
"VT",1805,291,115    
"VT",1805,293,10599  
"VT",1806,110,26411  
"VT",1806,220,1398   
"VT",1806,290,255    
"VT",1806,291,287    
"VT",1806,293,15476  
"VT",1807,110,23263  
"VT",1807,220,1122   
"VT",1807,290,152    
"VT",1807,291,916    
"VT",1807,293,21066  
"VT",1808,110,59735  
"VT",1808,180,100    
"VT",1808,220,4199   
"VT",1808,290,106    
"VT",1808,291,226    
"VT",1808,293,17169  
"VT",1809,110,34742  
"VT",1809,180,38     
"VT",1809,220,4438   
"VT",1809,290,171    
"VT",1809,291,207    
"VT",1809,293,38314  
"VT",1810,110,26395  
"VT",1810,180,57     
"VT",1810,220,10276  
"VT",1810,290,368    
"VT",1810,291,210    
"VT",1810,293,21399  
"VT",1811,110,24680  
"VT",1811,180,318    
"VT",1811,220,7578   
"VT",1811,290,183    
"VT",1811,291,225    
"VT",1811,293,17406  
"VT",1812,110,20468  
"VT",1812,180,24     
"VT",1812,220,5066   
"VT",1812,290,324    
"VT",1812,291,265    
"VT",1812,293,17275  
"VT",1813,110,63764  
"VT",1813,180,104    
"VT",1813,220,5677   
"VT",1813,290,579    
"VT",1813,291,217    
"VT",1813,293,22682  
"VT",1814,110,65488  
"VT",1814,180,112    
"VT",1814,220,2794   
"VT",1814,290,895    
"VT",1814,291,467    
"VT",1814,293,54564  
"VT",1815,110,36245  
"VT",1815,180,57     
"VT",1815,220,2825   
"VT",1815,290,241    
"VT",1815,291,361    
"VT",1815,293,56179  
"VT",1816,110,27611  
"VT",1816,180,114    
"VT",1816,220,2001   
"VT",1816,290,189    
"VT",1816,291,343    
"VT",1816,293,56960  
"VT",1817,110,33050  
"VT",1817,180,158    
"VT",1817,220,1211   
"VT",1817,290,1395   
"VT",1817,291,461    
"VT",1817,293,3400   
"VT",1817,299,552    
"VT",1818,110,40793  
"VT",1818,180,57     
"VT",1818,220,3175   
"VT",1818,290,76     
"VT",1818,291,715    
"VT",1818,293,4341   
"VT",1818,299,354    
"VT",1819,110,38410  
"VT",1819,180,95     
"VT",1819,220,2632   
"VT",1819,290,25     
"VT",1819,291,374    
"VT",1819,293,8099   
"VT",1820,110,37788  
"VT",1820,180,266    
"VT",1820,220,2731   
"VT",1820,235,4421   
"VT",1820,290,34     
"VT",1820,291,456    
"VT",1820,292,228    
"VT",1820,293,8581   
"VT",1820,296,27     
"VT",1820,299,1142   
"VT",1821,110,38448  
"VT",1821,180,233    
"VT",1821,220,1849   
"VT",1821,290,33     
"VT",1821,291,479    
"VT",1821,292,456    
"VT",1821,293,10570  
"VT",1821,299,1225   
"VT",1822,110,37138  
"VT",1822,180,247    
"VT",1822,220,1649   
"VT",1822,290,240    
"VT",1822,291,476    
"VT",1822,292,486    
"VT",1822,293,9910   
"VT",1822,299,958    
"VT",1823,110,35327  
"VT",1823,180,308    
"VT",1823,220,1719   
"VT",1823,290,95     
"VT",1823,291,499    
"VT",1823,292,480    
"VT",1823,293,8284   
"VT",1823,299,1859   
"VT",1824,110,33604  
"VT",1824,180,797    
"VT",1824,220,1986   
"VT",1824,290,24     
"VT",1824,291,530    
"VT",1824,292,744    
"VT",1824,293,12697  
"VT",1824,299,2548   
"VT",1825,110,35312  
"VT",1825,180,472    
"VT",1825,220,959    
"VT",1825,290,12     
"VT",1825,291,743    
"VT",1825,292,1464   
"VT",1825,293,16033  
"VT",1825,299,1155   
"VT",1826,110,35593  
"VT",1826,180,905    
"VT",1826,220,1844   
"VT",1826,290,85     
"VT",1826,291,520    
"VT",1826,292,984    
"VT",1826,293,17726  
"VT",1826,299,1309   
"VT",1827,110,38789  
"VT",1827,180,2088   
"VT",1827,220,1867   
"VT",1827,261,151    
"VT",1827,291,723    
"VT",1827,292,844    
"VT",1827,293,7168   
"VT",1827,299,1924   
"VT",1828,110,48716  
"VT",1828,180,2243   
"VT",1828,220,3658   
"VT",1828,261,380    
"VT",1828,290,155    
"VT",1828,291,918    
"VT",1828,292,3891   
"VT",1828,293,5492   
"VT",1828,299,1567   
"VT",1829,110,39942  
"VT",1829,180,1001   
"VT",1829,220,1887   
"VT",1829,261,827    
"VT",1829,290,177    
"VT",1829,291,645    
"VT",1829,292,1574   
"VT",1829,293,8820   
"VT",1829,299,4330   
"VT",1830,110,42066  
"VT",1830,180,758    
"VT",1830,220,2414   
"VT",1830,261,1140   
"VT",1830,290,147    
"VT",1830,291,894    
"VT",1830,292,1951   
"VT",1830,293,9336   
"VT",1830,299,310    
"VT",1831,110,59391  
"VT",1831,180,908    
"VT",1831,220,1569   
"VT",1831,261,1528   
"VT",1831,290,584    
"VT",1831,291,1043   
"VT",1831,292,3271   
"VT",1831,293,5449   
"VT",1831,299,3137   
"VT",1832,110,46966  
"VT",1832,180,657    
"VT",1832,220,1561   
"VT",1832,261,1742   
"VT",1832,290,65     
"VT",1832,291,627    
"VT",1832,292,3109   
"VT",1832,293,15884  
"VT",1832,299,345    
"VT",1833,110,51180  
"VT",1833,180,1557   
"VT",1833,220,2851   
"VT",1833,261,2162   
"VT",1833,290,142    
"VT",1833,291,875    
"VT",1833,292,2969   
"VT",1833,293,20415  
"VT",1833,299,1170   
"VT",1834,110,49518  
"VT",1834,180,1394   
"VT",1834,220,1393   
"VT",1834,261,2967   
"VT",1834,290,397    
"VT",1834,291,1428   
"VT",1834,292,3456   
"VT",1834,293,25413  
"VT",1834,299,2899   
"VT",1835,110,77793  
"VT",1835,180,3256   
"VT",1835,220,5814   
"VT",1835,261,2987   
"VT",1835,290,198    
"VT",1835,291,1362   
"VT",1835,292,5318   
"VT",1835,293,21582  
"VT",1835,299,2469   
"VT",1836,110,46938  
"VT",1836,180,2037   
"VT",1836,220,5036   
"VT",1836,261,3088   
"VT",1836,290,295    
"VT",1836,291,563    
"VT",1836,292,7335   
"VT",1836,293,39336  
"VT",1836,299,3522   
"VT",1837,110,58820  
"VT",1837,180,2178   
"VT",1837,220,4298   
"VT",1837,235,669087 
"VT",1837,261,2696   
"VT",1837,290,51     
"VT",1837,291,794    
"VT",1837,292,7801   
"VT",1837,293,10597  
"VT",1837,299,4583   
"VT",1838,110,57382  
"VT",1838,180,345    
"VT",1838,220,3033   
"VT",1838,235,2908   
"VT",1838,261,2207   
"VT",1838,291,806    
"VT",1838,292,6130   
"VT",1838,293,6417   
"VT",1838,299,4355   
"VT",1839,110,56844  
"VT",1839,180,584    
"VT",1839,220,3598   
"VT",1839,261,2217   
"VT",1839,290,487    
"VT",1839,291,782    
"VT",1839,292,8022   
"VT",1839,293,8849   
"VT",1839,299,3580   
"VT",1840,110,52292  
"VT",1840,180,702    
"VT",1840,220,5428   
"VT",1840,261,1988   
"VT",1840,290,575    
"VT",1840,291,921    
"VT",1840,292,4066   
"VT",1840,293,22375  
"VT",1840,299,2138   
"VT",1841,110,67866  
"VT",1841,180,1359   
"VT",1841,220,3238   
"VT",1841,261,2698   
"VT",1841,290,165    
"VT",1841,291,1320   
"VT",1841,292,4684   
"VT",1841,293,1688   
"VT",1841,299,1905   
"VT",1842,110,57173  
"VT",1842,180,1455   
"VT",1842,220,6499   
"VT",1842,290,100    
"VT",1842,291,4812   
"VT",1842,292,7855   
"VT",1842,293,48307  
"VT",1842,299,6411   
"VT",1843,110,90125  
"VT",1843,180,1439   
"VT",1843,220,6943   
"VT",1843,291,2845   
"VT",1843,292,3220   
"VT",1843,293,33142  
"VT",1843,294,10331  
"VT",1843,299,2813   
"VT",1844,110,69144  
"VT",1844,180,886    
"VT",1844,220,3166   
"VT",1844,290,125    
"VT",1844,291,2643   
"VT",1844,292,3385   
"VT",1844,293,25336  
"VT",1844,294,1257   
"VT",1844,299,2513   
"VT",1845,110,72106  
"VT",1845,180,2398   
"VT",1845,220,4205   
"VT",1845,291,1097   
"VT",1845,292,3254   
"VT",1845,293,28761  
"VT",1845,299,2100   
"VT",1846,110,68288  
"VT",1846,142,3280   
"VT",1846,180,1485   
"VT",1846,220,9549   
"VT",1846,290,1226   
"VT",1846,291,2422   
"VT",1846,293,23115  
"VT",1846,299,1875   
"VT",1847,110,59075  
"VT",1847,142,3377   
"VT",1847,180,4829   
"VT",1847,220,7721   
"VT",1847,290,2417   
"VT",1847,291,1948   
"VT",1847,293,23194  
"VT",1847,299,2414   
"VT",1848,110,70042  
"VT",1848,142,2566   
"VT",1848,180,3575   
"VT",1848,220,7794   
"VT",1848,290,1256   
"VT",1848,291,1579   
"VT",1848,293,12253  
"VT",1848,299,1013   
"VT",1849,110,84484  
"VT",1849,142,2118   
"VT",1849,180,113    
"VT",1849,220,12665  
"VT",1849,291,1594   
"VT",1849,292,17     
"VT",1849,293,17710  
"VT",1849,299,685    
"VT",1850,110,93463  
"VT",1850,220,13621  
"VT",1850,290,68     
"VT",1850,291,2575   
"VT",1850,293,16600  
"VT",1850,299,563    
"VT",1851,110,105797 
"VT",1851,220,10588  
"VT",1851,290,20     
"VT",1851,291,2260   
"VT",1851,293,51017  
"VT",1851,299,563    
"VT",1852,110,120085 
"VT",1852,180,80     
"VT",1852,220,13193  
"VT",1852,290,130    
"VT",1852,291,1741   
"VT",1852,293,2781   
"VT",1852,298,44187  
"VT",1852,299,4438   
"VT",1853,110,110921 
"VT",1853,142,1440   
"VT",1853,220,11812  
"VT",1853,276,920    
"VT",1853,290,1597   
"VT",1853,291,1300   
"VT",1853,293,3723   
"VT",1853,299,2438   
"VT",1854,110,115714 
"VT",1854,142,2834   
"VT",1854,220,11625  
"VT",1854,290,34     
"VT",1854,291,1302   
"VT",1854,293,4954   
"VT",1854,299,1875   
"VT",1855,110,114353 
"VT",1855,142,839    
"VT",1855,220,16148  
"VT",1855,290,175    
"VT",1855,291,2825   
"VT",1855,293,13358  
"VT",1855,299,9485   
"VT",1856,110,114536 
"VT",1856,142,3187   
"VT",1856,220,15258  
"VT",1856,290,149    
"VT",1856,291,1040   
"VT",1856,293,17387  
"VT",1856,299,1219   
"VT",1857,110,124453 
"VT",1857,142,3546   
"VT",1857,210,1462   
"VT",1857,220,15459  
"VT",1857,235,4009   
"VT",1857,290,10354  
"VT",1857,291,1072   
"VT",1857,293,32830  
"VT",1857,294,51     
"VT",1857,299,113    
"VT",1858,110,140819 
"VT",1858,142,2162   
"VT",1858,210,977    
"VT",1858,220,12801  
"VT",1858,290,5212   
"VT",1858,291,1253   
"VT",1858,293,120605 
"VT",1858,299,750    
"VT",1859,110,119863 
"VT",1859,142,1815   
"VT",1859,210,943    
"VT",1859,220,16087  
"VT",1859,290,5017   
"VT",1859,291,1284   
"VT",1859,293,34153  
"VT",1860,110,146904 
"VT",1860,122,2409   
"VT",1860,142,2572   
"VT",1860,180,563    
"VT",1860,210,1660   
"VT",1860,220,8894   
"VT",1860,291,1900   
"VT",1860,293,76187  
"VT",1861,110,209596 
"VT",1861,210,768    
"VT",1861,220,18330  
"VT",1861,240,1000   
"VT",1861,290,18128  
"VT",1861,291,2677   
"VT",1861,293,381047 
"VT",1862,110,538022 
"VT",1862,142,2888   
"VT",1862,210,1143   
"VT",1862,220,20300  
"VT",1862,235,333146 
"VT",1862,290,6586   
"VT",1862,291,1102   
"VT",1862,293,539315 
"VT",1863,110,727875 
"VT",1863,142,3230   
"VT",1863,210,2878   
"VT",1863,220,18623  
"VT",1863,235,507551 
"VT",1863,290,16126  
"VT",1863,291,1638   
"VT",1863,293,643678 
"VT",1864,110,980781 
"VT",1864,142,4658   
"VT",1864,210,3596   
"VT",1864,220,24993  
"VT",1864,235,419780 
"VT",1864,290,16038  
"VT",1864,291,1646   
"VT",1864,293,453241 
"VT",1864,294,43     
"VT",1865,110,1207304
"VT",1865,142,2910   
"VT",1865,210,243    
"VT",1865,220,28054  
"VT",1865,222,16     
"VT",1865,235,38049  
"VT",1865,290,57036  
"VT",1865,291,319    
"VT",1865,293,675318 
"VT",1865,294,22     
"VT",1867,110,564924 
"VT",1867,142,196    
"VT",1867,210,822    
"VT",1867,220,26914  
"VT",1867,222,332    
"VT",1867,290,3156   
"VT",1867,291,1601   
"VT",1867,293,178665 
"VT",1867,294,246    
"VT",1867,298,8156   
"VT",1871,110,561189 
"VT",1871,210,1063   
"VT",1871,220,33993  
"VT",1871,290,181027 
"VT",1871,291,6964   
"VT",1871,293,161000 
"VT",1871,298,8260   
"VT",1872,110,507736 
"VT",1872,210,1093   
"VT",1872,220,36926  
"VT",1872,290,78744  
"VT",1872,291,5225   
"VT",1872,293,120334 
"VT",1872,298,8130   
"VT",1873,110,446603 
"VT",1873,210,1024   
"VT",1873,220,31682  
"VT",1873,290,8547   
"VT",1873,291,8019   
"VT",1873,293,2500   
"VT",1873,298,8130   
"VT",1874,110,393244 
"VT",1874,210,585    
"VT",1874,220,36443  
"VT",1874,290,7384   
"VT",1874,291,14593  
"VT",1874,298,8130   
"VT",1875,110,329382 
"VT",1875,210,3072   
"VT",1875,220,39378  
"VT",1875,290,29811  
"VT",1875,291,9018   
"VT",1875,296,6000   
"VT",1875,298,8130   
"VT",1876,110,380957 
"VT",1876,210,2320   
"VT",1876,220,39967  
"VT",1876,290,9239   
"VT",1876,291,8513   
"VT",1876,298,8130   
"VT",1877,110,278071 
"VT",1877,210,3217   
"VT",1877,220,34496  
"VT",1877,290,2150   
"VT",1877,291,5408   
"VT",1877,296,25972  
"VT",1877,298,8130   
"VT",1878,110,321075 
"VT",1878,210,3378   
"VT",1878,220,37559  
"VT",1878,290,2477   
"VT",1878,291,2674   
"VT",1878,293,5000   
"VT",1878,296,11342  
"VT",1878,298,8130   
"VT",1879,110,297438 
"VT",1879,210,3368   
"VT",1879,220,35428  
"VT",1879,290,11859  
"VT",1879,291,1480   
"VT",1879,293,125000 
"VT",1879,296,19266  
"VT",1879,298,8130   
"VT",1880,110,384734 
"VT",1880,210,3413   
"VT",1880,220,51798  
"VT",1880,290,27115  
"VT",1880,291,2100   
"VT",1880,293,93000  
"VT",1880,296,15755  
"VT",1880,298,8130   
"VT",1881,110,198550 
"VT",1881,140,33957  
"VT",1881,210,3666   
"VT",1881,220,48287  
"VT",1881,290,43585  
"VT",1881,291,3067   
"VT",1881,296,22890  
"VT",1881,298,8130   
"VT",1882,110,269843 
"VT",1882,140,43529  
"VT",1882,210,3564   
"VT",1882,220,39318  
"VT",1882,290,6893   
"VT",1882,291,1470   
"VT",1882,293,83500  
"VT",1882,296,16827  
"VT",1882,298,8130   
"VT",1883,110,162930 
"VT",1883,140,86913  
"VT",1883,210,3619   
"VT",1883,220,44120  
"VT",1883,290,13048  
"VT",1883,291,1250   
"VT",1883,293,145724 
"VT",1883,296,16807  
"VT",1883,298,8580   
"VT",1884,140,31     
"VT",1884,141,85517  
"VT",1884,142,82791  
"VT",1884,145,9371   
"VT",1884,146,21283  
"VT",1884,210,3690   
"VT",1884,220,39831  
"VT",1884,290,6964   
"VT",1884,291,646    
"VT",1884,293,114310 
"VT",1884,296,14996  
"VT",1884,298,8730   
"VT",1885,141,93386  
"VT",1885,142,79056  
"VT",1885,145,8532   
"VT",1885,146,21968  
"VT",1885,210,3750   
"VT",1885,220,37091  
"VT",1885,290,8486   
"VT",1885,291,1032   
"VT",1885,293,225000 
"VT",1885,296,18664  
"VT",1885,298,174959 
"VT",1886,110,171011 
"VT",1886,141,87446  
"VT",1886,142,82929  
"VT",1886,145,8434   
"VT",1886,146,21877  
"VT",1886,210,3307   
"VT",1886,220,41887  
"VT",1886,290,6974   
"VT",1886,291,1683   
"VT",1886,293,36000  
"VT",1886,296,19737  
"VT",1886,298,38817  
"VT",1887,141,101536 
"VT",1887,142,86536  
"VT",1887,145,9204   
"VT",1887,146,23426  
"VT",1887,210,3434   
"VT",1887,220,45083  
"VT",1887,290,8977   
"VT",1887,291,2297   
"VT",1887,293,120165 
"VT",1887,296,17323  
"VT",1887,298,8817   
"VT",1888,110,210018 
"VT",1888,141,110018 
"VT",1888,142,93615  
"VT",1888,145,8981   
"VT",1888,146,26390  
"VT",1888,210,3628   
"VT",1888,220,61028  
"VT",1888,250,2258   
"VT",1888,290,8310   
"VT",1888,291,1661   
"VT",1888,293,155000 
"VT",1888,296,20445  
"VT",1888,298,8702   
"VT",1889,141,108956 
"VT",1889,142,100405 
"VT",1889,145,9504   
"VT",1889,146,26443  
"VT",1889,210,4550   
"VT",1889,220,42197  
"VT",1889,250,10953  
"VT",1889,290,5807   
"VT",1889,291,1833   
"VT",1889,293,258165 
"VT",1889,296,15340  
"VT",1889,298,23340  
"VT",1890,110,353412 
"VT",1890,141,120653 
"VT",1890,142,108140 
"VT",1890,145,9306   
"VT",1890,146,30054  
"VT",1890,210,4945   
"VT",1890,220,41649  
"VT",1890,235,6544   
"VT",1890,250,3676   
"VT",1890,290,4071   
"VT",1890,291,3065   
"VT",1890,293,75000  
"VT",1890,296,13285  
"VT",1890,298,8542   
"VT",1891,141,85355  
"VT",1891,142,127393 
"VT",1891,145,9413   
"VT",1891,146,34440  
"VT",1891,160,87477  
"VT",1891,180,4070   
"VT",1891,210,4642   
"VT",1891,220,45978  
"VT",1891,235,90424  
"VT",1891,250,3639   
"VT",1891,290,6389   
"VT",1891,291,1385   
"VT",1891,293,374000 
"VT",1891,296,12105  
"VT",1891,298,22215  
"VT",1892,110,272859 
"VT",1892,141,110351 
"VT",1892,142,151399 
"VT",1892,145,9287   
"VT",1892,146,36447  
"VT",1892,160,86846  
"VT",1892,180,4200   
"VT",1892,210,5205   
"VT",1892,220,68513  
"VT",1892,235,200954 
"VT",1892,250,1658   
"VT",1892,270,1800   
"VT",1892,290,6645   
"VT",1892,291,1457   
"VT",1892,293,246000 
"VT",1892,296,17911  
"VT",1892,298,8130   
"VT",1893,110,39196  
"VT",1893,141,112810 
"VT",1893,142,170336 
"VT",1893,145,8899   
"VT",1893,146,43948  
"VT",1893,160,175558 
"VT",1893,180,6695   
"VT",1893,210,4784   
"VT",1893,220,53288  
"VT",1893,235,23343  
"VT",1893,250,10745  
"VT",1893,270,9057   
"VT",1893,290,5878   
"VT",1893,291,2453   
"VT",1893,293,15000  
"VT",1893,296,19844  
"VT",1893,298,8263   
"VT",1894,110,250545 
"VT",1894,141,107224 
"VT",1894,142,184213 
"VT",1894,145,8966   
"VT",1894,146,42687  
"VT",1894,160,171541 
"VT",1894,180,6373   
"VT",1894,210,5047   
"VT",1894,220,65023  
"VT",1894,235,23975  
"VT",1894,250,1494   
"VT",1894,270,6832   
"VT",1894,290,6296   
"VT",1894,291,2911   
"VT",1894,293,87500  
"VT",1894,296,27461  
"VT",1894,298,8197   
"VT",1895,110,13532  
"VT",1895,141,103009 
"VT",1895,142,191575 
"VT",1895,145,8112   
"VT",1895,146,43740  
"VT",1895,160,177919 
"VT",1895,180,10279  
"VT",1895,210,6191   
"VT",1895,220,58670  
"VT",1895,235,26244  
"VT",1895,250,4597   
"VT",1895,270,6231   
"VT",1895,275,514    
"VT",1895,290,6961   
"VT",1895,291,2649   
"VT",1895,293,75000  
"VT",1895,296,28061  
"VT",1895,298,8197   
"VT",1896,110,199820 
"VT",1896,141,106154 
"VT",1896,142,204860 
"VT",1896,145,9117   
"VT",1896,146,44805  
"VT",1896,160,171406 
"VT",1896,180,11150  
"VT",1896,210,6660   
"VT",1896,220,75198  
"VT",1896,235,27610  
"VT",1896,250,400    
"VT",1896,270,9209   
"VT",1896,275,2175   
"VT",1896,290,9048   
"VT",1896,291,1341   
"VT",1896,293,300000 
"VT",1896,296,30073  
"VT",1896,298,8197   
"VT",1897,110,8739   
"VT",1897,122,544    
"VT",1897,141,107913 
"VT",1897,142,213407 
"VT",1897,145,7779   
"VT",1897,146,43820  
"VT",1897,160,171499 
"VT",1897,180,10810  
"VT",1897,210,6582   
"VT",1897,220,76825  
"VT",1897,235,28218  
"VT",1897,250,272    
"VT",1897,270,7625   
"VT",1897,275,608    
"VT",1897,290,10665  
"VT",1897,291,1306   
"VT",1897,293,400000 
"VT",1897,296,28337  
"VT",1897,298,8430   
"VT",1898,110,252425 
"VT",1898,122,11478  
"VT",1898,141,112911 
"VT",1898,142,213271 
"VT",1898,145,7825   
"VT",1898,146,41950  
"VT",1898,160,172006 
"VT",1898,180,11768  
"VT",1898,210,6824   
"VT",1898,220,69085  
"VT",1898,235,28944  
"VT",1898,250,1409   
"VT",1898,270,4669   
"VT",1898,275,1353   
"VT",1898,290,7367   
"VT",1898,291,824    
"VT",1898,293,325000 
"VT",1898,296,45560  
"VT",1898,298,8247   
"VT",1899,110,9162   
"VT",1899,122,13661  
"VT",1899,141,114167 
"VT",1899,142,220971 
"VT",1899,145,7933   
"VT",1899,146,46624  
"VT",1899,160,182174 
"VT",1899,180,12002  
"VT",1899,210,6706   
"VT",1899,220,65761  
"VT",1899,235,29983  
"VT",1899,250,28     
"VT",1899,270,4251   
"VT",1899,275,1871   
"VT",1899,290,18802  
"VT",1899,291,948    
"VT",1899,293,510000 
"VT",1899,296,23268  
"VT",1899,298,8179   
"VT",1900,110,346811 
"VT",1900,122,26328  
"VT",1900,141,133728 
"VT",1900,142,235332 
"VT",1900,145,9015   
"VT",1900,146,50486  
"VT",1900,160,175096 
"VT",1900,180,11376  
"VT",1900,210,7509   
"VT",1900,220,54420  
"VT",1900,235,30515  
"VT",1900,250,763    
"VT",1900,270,4144   
"VT",1900,275,3819   
"VT",1900,290,12099  
"VT",1900,291,718    
"VT",1900,293,190000 
"VT",1900,296,41943  
"VT",1900,298,8162   
"VT",1901,110,4413   
"VT",1901,122,50758  
"VT",1901,141,140306 
"VT",1901,142,252697 
"VT",1901,145,8530   
"VT",1901,146,60381  
"VT",1901,160,90678  
"VT",1901,180,17855  
"VT",1901,210,4028   
"VT",1901,220,67315  
"VT",1901,235,30942  
"VT",1901,270,1512   
"VT",1901,275,3013   
"VT",1901,290,1028   
"VT",1901,291,789    
"VT",1901,296,15234  
"VT",1902,110,268522 
"VT",1902,122,55067  
"VT",1902,141,123644 
"VT",1902,142,268746 
"VT",1902,145,8667   
"VT",1902,146,69688  
"VT",1902,160,232721 
"VT",1902,180,20453  
"VT",1902,210,3082   
"VT",1902,220,50087  
"VT",1902,235,37659  
"VT",1902,250,563    
"VT",1902,270,1336   
"VT",1902,275,2759   
"VT",1902,290,507    
"VT",1902,291,612    
"VT",1902,296,50308  
"VT",1903,122,29440  
"VT",1903,141,171759 
"VT",1903,142,284623 
"VT",1903,145,8502   
"VT",1903,146,83272  
"VT",1903,160,234857 
"VT",1903,180,68564  
"VT",1903,210,5703   
"VT",1903,220,37297  
"VT",1903,235,31406  
"VT",1903,270,1540   
"VT",1903,275,4493   
"VT",1903,290,1114   
"VT",1903,291,2167   
"VT",1903,294,250    
"VT",1903,296,40879  
"VT",1904,122,37227  
"VT",1904,141,164900 
"VT",1904,142,309002 
"VT",1904,145,9674   
"VT",1904,146,87847  
"VT",1904,160,239143 
"VT",1904,180,68099  
"VT",1904,210,4770   
"VT",1904,220,44636  
"VT",1904,235,31048  
"VT",1904,270,1410   
"VT",1904,275,2326   
"VT",1904,290,1434   
"VT",1904,291,2880   
"VT",1904,296,45243  
"VT",1905,122,41058  
"VT",1905,141,163265 
"VT",1905,142,326487 
"VT",1905,145,8598   
"VT",1905,146,99206  
"VT",1905,160,231168 
"VT",1905,180,75504  
"VT",1905,210,6647   
"VT",1905,220,44907  
"VT",1905,235,33150  
"VT",1905,270,1353   
"VT",1905,290,4270   
"VT",1905,291,3849   
"VT",1905,296,43836  
"VT",1906,122,40581  
"VT",1906,141,175218 
"VT",1906,142,343495 
"VT",1906,145,7258   
"VT",1906,146,123512 
"VT",1906,180,82501  
"VT",1906,220,91897  
"VT",1906,235,1263   
"VT",1906,250,162    
"VT",1906,270,2055   
"VT",1906,290,15418  
"VT",1906,291,3050   
"VT",1906,296,53977  
"VT",1907,122,52121  
"VT",1907,141,184290 
"VT",1907,142,364664 
"VT",1907,145,7589   
"VT",1907,146,137507 
"VT",1907,160,249750 
"VT",1907,180,89280  
"VT",1907,210,6594   
"VT",1907,220,75900  
"VT",1907,235,33200  
"VT",1907,261,146165 
"VT",1907,270,1686   
"VT",1907,290,5841   
"VT",1907,291,3548   
"VT",1907,294,50     
"VT",1907,296,36226  
"VT",1908,122,67973  
"VT",1908,141,237970 
"VT",1908,142,443420 
"VT",1908,145,23679  
"VT",1908,146,138863 
"VT",1908,160,267026 
"VT",1908,180,86969  
"VT",1908,210,7685   
"VT",1908,220,84018  
"VT",1908,235,32450  
"VT",1908,250,825    
"VT",1908,261,176691 
"VT",1908,270,1280   
"VT",1908,290,1111   
"VT",1908,291,4548   
"VT",1908,296,37257  
"VT",1909,122,65842  
"VT",1909,141,261502 
"VT",1909,142,469744 
"VT",1909,145,11822  
"VT",1909,146,148745 
"VT",1909,160,267240 
"VT",1909,180,95612  
"VT",1909,210,8544   
"VT",1909,220,74633  
"VT",1909,235,42891  
"VT",1909,250,16877  
"VT",1909,261,89505  
"VT",1909,270,2150   
"VT",1909,290,5624   
"VT",1909,291,5137   
"VT",1909,296,33384  
"VT",1910,122,88845  
"VT",1910,141,272153 
"VT",1910,142,506084 
"VT",1910,145,11301  
"VT",1910,146,162689 
"VT",1910,160,265644 
"VT",1910,180,92362  
"VT",1910,210,25237  
"VT",1910,220,82743  
"VT",1910,235,123000 
"VT",1910,250,40984  
"VT",1910,261,66042  
"VT",1910,270,18918  
"VT",1910,290,880    
"VT",1910,291,5012   
"VT",1910,296,32879  
"VT",1911,122,71349  
"VT",1911,141,293936 
"VT",1911,142,535163 
"VT",1911,145,12113  
"VT",1911,146,167667 
"VT",1911,160,270033 
"VT",1911,180,136623 
"VT",1911,210,27355  
"VT",1911,220,77416  
"VT",1911,235,53700  
"VT",1911,250,56609  
"VT",1911,261,89563  
"VT",1911,270,1747   
"VT",1911,290,4050   
"VT",1911,291,5873   
"VT",1911,296,34170  
"VT",1912,122,92653  
"VT",1912,141,315234 
"VT",1912,142,578991 
"VT",1912,145,11611  
"VT",1912,146,178073 
"VT",1912,160,287561 
"VT",1912,180,104998 
"VT",1912,210,29930  
"VT",1912,220,78080  
"VT",1912,235,57875  
"VT",1912,250,75471  
"VT",1912,261,81965  
"VT",1912,270,1715   
"VT",1912,290,188    
"VT",1912,291,4872   
"VT",1912,296,33636  
"VT",1913,122,78593  
"VT",1913,141,332232 
"VT",1913,142,626925 
"VT",1913,145,11636  
"VT",1913,146,188070 
"VT",1913,160,184620 
"VT",1913,180,112473 
"VT",1913,210,30489  
"VT",1913,220,90154  
"VT",1913,235,58225  
"VT",1913,250,102967 
"VT",1913,261,73583  
"VT",1913,270,1500   
"VT",1913,290,294    
"VT",1913,291,4905   
"VT",1913,296,38151  
"VT",1914,110,241225 
"VT",1914,122,92890  
"VT",1914,141,548313 
"VT",1914,142,706021 
"VT",1914,145,15838  
"VT",1914,146,199256 
"VT",1914,160,105096 
"VT",1914,180,122873 
"VT",1914,210,43745  
"VT",1914,220,95840  
"VT",1914,235,56975  
"VT",1914,250,139605 
"VT",1914,261,67654  
"VT",1914,270,6025   
"VT",1914,290,7852   
"VT",1914,291,4512   
"VT",1914,296,36752  
"VT",1915,122,77824  
"VT",1915,141,544730 
"VT",1915,142,724889 
"VT",1915,145,25790  
"VT",1915,146,225998 
"VT",1915,160,314813 
"VT",1915,180,93198  
"VT",1915,210,40163  
"VT",1915,220,83229  
"VT",1915,235,56050  
"VT",1915,250,227159 
"VT",1915,261,53469  
"VT",1915,270,24025  
"VT",1915,290,20659  
"VT",1915,291,6511   
"VT",1915,296,37289  
"VT",1916,122,101364 
"VT",1916,141,545079 
"VT",1916,142,755762 
"VT",1916,145,22914  
"VT",1916,146,240269 
"VT",1916,160,185411 
"VT",1916,180,118495 
"VT",1916,210,60966  
"VT",1916,220,98274  
"VT",1916,235,55388  
"VT",1916,250,266970 
"VT",1916,261,7810   
"VT",1916,270,22420  
"VT",1916,290,22295  
"VT",1916,291,2196   
"VT",1916,296,42681  
"VT",1917,110,124693 
"VT",1917,122,88150  
"VT",1917,141,545079 
"VT",1917,142,812981 
"VT",1917,145,22244  
"VT",1917,146,252819 
"VT",1917,160,441175 
"VT",1917,180,127157 
"VT",1917,210,61170  
"VT",1917,220,114119 
"VT",1917,235,58351  
"VT",1917,250,365622 
"VT",1917,261,5989   
"VT",1917,270,28066  
"VT",1917,290,30286  
"VT",1917,291,8063   
"VT",1917,296,38289  
"VT",1918,110,506034 
"VT",1918,122,135924 
"VT",1918,141,540516 
"VT",1918,142,861860 
"VT",1918,145,21758  
"VT",1918,146,256283 
"VT",1918,160,438614 
"VT",1918,180,86453  
"VT",1918,210,79208  
"VT",1918,220,103548 
"VT",1918,235,54800  
"VT",1918,250,431111 
"VT",1918,261,14264  
"VT",1918,270,31756  
"VT",1918,290,51869  
"VT",1918,291,17626  
"VT",1918,296,36507  
"VT",1919,110,516163 
"VT",1919,122,101317 
"VT",1919,141,546417 
"VT",1919,142,820572 
"VT",1919,145,22019  
"VT",1919,146,263920 
"VT",1919,160,440601 
"VT",1919,180,90135  
"VT",1919,210,68575  
"VT",1919,220,101266 
"VT",1919,235,131288 
"VT",1919,250,436994 
"VT",1919,261,13343  
"VT",1919,270,45648  
"VT",1919,290,57379  
"VT",1919,291,15069  
"VT",1919,296,33415  
"VT",1920,110,1083318
"VT",1920,122,143233 
"VT",1920,141,540451 
"VT",1920,142,824257 
"VT",1920,145,22158  
"VT",1920,146,285386 
"VT",1920,160,452798 
"VT",1920,180,80210  
"VT",1920,210,81748  
"VT",1920,220,147661 
"VT",1920,235,105138 
"VT",1920,250,546046 
"VT",1920,261,36141  
"VT",1920,270,34381  
"VT",1920,290,52711  
"VT",1920,291,40366  
"VT",1920,296,38736  
"VT",1921,110,1121797
"VT",1921,122,140090 
"VT",1921,141,521328 
"VT",1921,142,873493 
"VT",1921,145,22161  
"VT",1921,146,291756 
"VT",1921,160,475474 
"VT",1921,180,75482  
"VT",1921,210,85436  
"VT",1921,220,131130 
"VT",1921,235,185782 
"VT",1921,250,663939 
"VT",1921,261,36872  
"VT",1921,270,49298  
"VT",1921,290,49771  
"VT",1921,291,54606  
"VT",1921,296,23745  
"VT",1922,110,552495 
"VT",1922,122,271484 
"VT",1922,141,561935 
"VT",1922,142,895982 
"VT",1922,145,21981  
"VT",1922,146,307166 
"VT",1922,160,490998 
"VT",1922,180,75015  
"VT",1922,210,94330  
"VT",1922,220,150278 
"VT",1922,235,457738 
"VT",1922,250,751949 
"VT",1922,261,30052  
"VT",1922,270,46633  
"VT",1922,290,100485 
"VT",1922,291,75687  
"VT",1922,296,40836  
