"VA",1783,1,985339.09     
"VA",1784,1,2028440.38    
"VA",1785,1,2694833.41    
"VA",1786,1,2316771.14    
"VA",1787,1,2718025       
"VA",1788,1,2010644.82    
"VA",1789,1,1832789.27    
"VA",1790,1,1299055.87    
"VA",1791,1,972045.78     
"VA",1792,1,645149.08     
"VA",1793,1,527156.78     
"VA",1794,1,647185.92     
"VA",1795,1,1164942.64    
"VA",1796,1,593335.98     
"VA",1797,1,407736.76     
"VA",1798,1,434285.08     
"VA",1799,1,546690.72     
"VA",1800,1,306905.41     
"VA",1801,1,356770.13     
"VA",1802,1,316093.17     
"VA",1803,1,300202.38     
"VA",1804,1,289486.11     
"VA",1805,1,342576.13     
"VA",1806,1,323232.26     
"VA",1807,1,341330.41     
"VA",1808,1,318538.16     
"VA",1809,1,355662.99     
"VA",1810,1,353006.53     
"VA",1811,1,414138.17     
"VA",1812,1,401606.23     
"VA",1813,1,879579.93     
"VA",1814,1,561048.34     
"VA",1815,1,1610613.12    
"VA",1816,1,1987372.16    
"VA",1817,1,1297966.84    
"VA",1818,1,1304977.61    
"VA",1819,1,880817.85     
"VA",1821,1,937570.41     
"VA",1822,1,804191.31     
"VA",1823,1,877253.67     
"VA",1824,1,1107390.97    
"VA",1825,1,1286491.54    
"VA",1826,1,843906.69     
"VA",1827,1,893316.7      
"VA",1828,1,829613.76     
"VA",1829,1,852965.58     
"VA",1830,1,828280.55     
"VA",1831,1,865793.23     
"VA",1832,1,1325146.07    
"VA",1833,1,1165138.74    
"VA",1834,1,1013602.92    
"VA",1835,1,1249676.45    
"VA",1836,1,951113.2      
"VA",1837,1,4115389.42    
"VA",1838,1,2278451.13    
"VA",1839,1,3602945.45    
"VA",1840,1,1540592.2     
"VA",1841,1,1735150.4     
"VA",1842,1,1825915.65    
"VA",1843,1,1789187.59    
"VA",1844,1,1502375.92    
"VA",1845,1,1537784.48    
"VA",1846,1,1382579.51    
"VA",1847,1,1451833.43    
"VA",1848,1,1752377.88    
"VA",1849,1,2342628.88    
"VA",1850,1,3054546.98    
"VA",1851,1,4167806.29    
"VA",1852,1,5279864.26    
"VA",1853,1,7171534.19    
"VA",1854,1,7329112.76    
"VA",1855,1,4022318.56    
"VA",1856,1,5977907.83    
"VA",1857,1,5658210.12    
"VA",1858,1,6662996.26    
"VA",1859,1,6778309.81    
"VA",1865,1,125022.1      
"VA",1866,1,999044.57     
"VA",1868,1,1993277.78    
"VA",1869,1,1752399.68    
"VA",1870,1,1529853.84    
"VA",1871,1,2781851.97    
"VA",1872,1,2156672.34    
"VA",1873,1,2630326.76    
"VA",1874,1,2758938.23    
"VA",1875,1,2647790.05    
"VA",1876,1,3790819.79    
"VA",1877,1,3009387.17    
"VA",1878,1,3020139.79    
"VA",1879,1,2799899.16    
"VA",1880,1,3123761.36    
"VA",1881,1,2616425.36    
"VA",1882,1,3334856.15    
"VA",1883,1,3832924.97    
"VA",1884,1,2750338.46    
"VA",1885,1,2696103.28    
"VA",1886,1,2773376.56    
"VA",1887,1,2569338.75    
"VA",1888,1,2704725.29    
"VA",1889,1,2612522.01    
"VA",1890,1,2887527.35    
"VA",1891,1,2902425       
"VA",1892,1,3287556.81    
"VA",1893,1,3297577.24    
"VA",1894,1,3083094.11    
"VA",1895,1,3333139.32    
"VA",1896,1,3499233.96    
"VA",1897,1,3131255.55    
"VA",1898,1,3230277.4     
"VA",1899,1,3475404.042   
"VA",1900,1,3739267.92    
"VA",1901,1,3633156.392   
"VA",1902,1,3795093.45    
"VA",1903,1,3675507.25    
"VA",1904,1,4483185.69    
"VA",1905,1,4579203.65    
"VA",1906,1,4897100.952   
"VA",1907,1,5250466.28    
"VA",1908,1,5526615.91    
"VA",1909,1,5536510.08    
                          
"VA",1783,14,69654.81     
"VA",1783,19,650911.96    
"VA",1783,26,74970.8      
"VA",1783,29,189801.52    
"VA",1784,14,142171.05    
"VA",1784,19,1815367.23   
"VA",1784,26,13780.22     
"VA",1784,29,57121.88     
"VA",1785,14,164962.44    
"VA",1785,19,2314069.79   
"VA",1785,26,7483.74      
"VA",1785,29,208317.44    
"VA",1786,14,272022.61    
"VA",1786,19,1728010.24   
"VA",1786,22,10525.26     
"VA",1786,26,4782.39      
"VA",1786,29,301430.64    
"VA",1787,14,393063.1     
"VA",1787,19,2062697.5    
"VA",1787,22,20116.72     
"VA",1787,29,242147.68    
"VA",1788,14,493773.43    
"VA",1788,19,1189521.13   
"VA",1788,22,28914.45     
"VA",1788,29,298435.81    
"VA",1789,14,570178.28    
"VA",1789,19,911468.84    
"VA",1789,22,44548.93     
"VA",1789,29,306593.22    
"VA",1790,14,186633.27    
"VA",1790,19,815974.45    
"VA",1790,22,14353.84     
"VA",1790,26,7450.39      
"VA",1790,29,274643.92    
"VA",1791,14,44168.74     
"VA",1791,19,736134.55    
"VA",1791,22,5049.19      
"VA",1791,29,186693.3     
"VA",1792,14,12219.44     
"VA",1792,19,467927.18    
"VA",1792,22,24632.31     
"VA",1792,23,9691.51      
"VA",1792,26,727.03       
"VA",1792,29,129951.61    
"VA",1793,19,365069.11    
"VA",1793,22,21904.28     
"VA",1793,23,56574.94     
"VA",1793,29,83608.45     
"VA",1794,19,318022.42    
"VA",1794,22,12373.56     
"VA",1794,29,316789.94    
"VA",1795,19,328851.04    
"VA",1795,22,7291.02      
"VA",1795,29,828800.58    
"VA",1796,19,305674.04    
"VA",1796,22,4754.38      
"VA",1796,29,282907.56    
"VA",1797,19,338714.1     
"VA",1797,22,5826.38      
"VA",1797,29,63196.28     
"VA",1798,19,358510.6     
"VA",1798,22,9187.94      
"VA",1798,29,66586.54     
"VA",1799,19,485279.52    
"VA",1799,22,13313.66     
"VA",1799,29,48097.54     
"VA",1800,19,259901.67    
"VA",1800,22,10310.72     
"VA",1800,29,36693.02     
"VA",1801,19,276199.4     
"VA",1801,22,11307.75     
"VA",1801,26,782.6        
"VA",1801,29,68480.38     
"VA",1802,19,263400.73    
"VA",1802,22,13544.58     
"VA",1802,29,39147.86     
"VA",1803,19,249913.05    
"VA",1803,22,7713.94      
"VA",1803,29,20039.43     
"VA",1803,50,22535.96     
"VA",1804,19,238178.95    
"VA",1804,22,14971.37     
"VA",1804,29,36335.79     
"VA",1805,19,287818.58    
"VA",1805,22,15070.32     
"VA",1805,29,39687.23     
"VA",1806,19,260983.73    
"VA",1806,22,15921.34     
"VA",1806,29,46327.19     
"VA",1807,19,258985.57    
"VA",1807,22,19466        
"VA",1807,29,62878.84     
"VA",1808,19,238496.62    
"VA",1808,22,17900.92     
"VA",1808,23,13657.39     
"VA",1808,29,48483.23     
"VA",1809,19,274841.04    
"VA",1809,22,23995.93     
"VA",1809,29,56826.02     
"VA",1810,14,15000        
"VA",1810,19,297821.53    
"VA",1810,22,5500         
"VA",1810,29,34685        
"VA",1811,19,311305.83    
"VA",1811,22,3568.94      
"VA",1811,29,99263.4      
"VA",1812,19,279571.74    
"VA",1812,22,32992.68     
"VA",1812,29,89041.81     
"VA",1813,19,425012.44    
"VA",1813,22,2851.6       
"VA",1813,29,451715.89    
"VA",1814,19,68234.01     
"VA",1814,22,9484.19      
"VA",1814,23,0            
"VA",1814,29,483330.14    
"VA",1815,14,1057.1       
"VA",1815,19,552141.36    
"VA",1815,22,11622.39     
"VA",1815,23,100000       
"VA",1815,29,945792.27    
"VA",1816,14,6312.5       
"VA",1816,19,655282.8     
"VA",1816,22,9802.48      
"VA",1816,23,0            
"VA",1816,26,600000       
"VA",1816,29,712876.38    
"VA",1816,298,3098        
"VA",1817,12,12363.87     
"VA",1817,14,1529.47      
"VA",1817,19,488063.46    
"VA",1817,22,53411.9      
"VA",1817,23,600000       
"VA",1817,29,142598.14    
"VA",1818,12,4249.29      
"VA",1818,14,1484.35      
"VA",1818,19,486947.57    
"VA",1818,22,68507.88     
"VA",1818,23,147596       
"VA",1818,26,406804.35    
"VA",1818,29,189388.17    
"VA",1819,19,474392.51    
"VA",1819,22,86472.36     
"VA",1819,23,46515        
"VA",1819,26,58961.22     
"VA",1819,29,154476.76    
"VA",1819,62,60000        
"VA",1821,19,516272.38    
"VA",1821,22,93932.34     
"VA",1821,26,241789.78    
"VA",1821,29,85575.91     
"VA",1822,19,411757.35    
"VA",1822,22,78947.58     
"VA",1822,26,207097.29    
"VA",1822,29,41863.61     
"VA",1822,63,64525.48     
"VA",1823,19,410000.06    
"VA",1823,22,77671.58     
"VA",1823,26,342779.56    
"VA",1823,29,46802.47     
"VA",1824,19,382698.08    
"VA",1824,22,54599.61     
"VA",1824,26,609376.92    
"VA",1824,29,60716.36     
"VA",1825,19,390953.84    
"VA",1825,22,52179.04     
"VA",1825,26,813008.46    
"VA",1825,29,30350.2      
"VA",1826,19,354494.42    
"VA",1826,22,47232.92     
"VA",1826,26,397489.11    
"VA",1826,29,44690.24     
"VA",1827,19,397813.32    
"VA",1827,22,42630.51     
"VA",1827,26,411801.9     
"VA",1827,29,41070.97     
"VA",1828,19,387490.2     
"VA",1828,22,44525.62     
"VA",1828,26,345277.78    
"VA",1828,29,36457.01     
"VA",1828,63,15863.15     
"VA",1829,19,395273.81    
"VA",1829,22,45768.27     
"VA",1829,26,364292.49    
"VA",1829,29,47631.01     
"VA",1830,19,386808.85    
"VA",1830,22,38729.83     
"VA",1830,26,363868.53    
"VA",1830,29,38873.34     
"VA",1831,19,372171.53    
"VA",1831,22,34572.25     
"VA",1831,26,413154.96    
"VA",1831,29,45894.49     
"VA",1832,19,350847.08    
"VA",1832,22,26550.67     
"VA",1832,23,380888.66    
"VA",1832,26,512322.47    
"VA",1832,29,54537.19     
"VA",1833,19,341367.49    
"VA",1833,22,24791.47     
"VA",1833,26,496098.55    
"VA",1833,29,302881.23    
"VA",1834,19,347272.34    
"VA",1834,22,23093.79     
"VA",1834,26,609778.63    
"VA",1834,29,33458.16     
"VA",1835,19,392461.36    
"VA",1835,22,26824.35     
"VA",1835,26,800787.82    
"VA",1835,29,29602.92     
"VA",1836,19,373893.23    
"VA",1836,22,26949.04     
"VA",1836,26,516895.85    
"VA",1836,29,33375.08     
"VA",1837,19,367608.58    
"VA",1837,22,25502.19     
"VA",1837,23,2198427.99   
"VA",1837,26,1484528.81   
"VA",1837,29,39321.85     
"VA",1838,19,372940.08    
"VA",1838,22,30148.36     
"VA",1838,23,63781.86     
"VA",1838,26,1762507.8    
"VA",1838,29,49073.03     
"VA",1839,19,450720.1     
"VA",1839,22,35267.45     
"VA",1839,23,47637.51     
"VA",1839,26,1411827.56   
"VA",1839,29,1655612.83   
"VA",1839,62,1880         
"VA",1840,19,456288.55    
"VA",1840,22,31399.01     
"VA",1840,26,699662.82    
"VA",1840,29,353241.82    
"VA",1841,19,465144.44    
"VA",1841,22,36171.81     
"VA",1841,26,729792.62    
"VA",1841,29,504041.53    
"VA",1842,19,580004.48    
"VA",1842,22,36672.55     
"VA",1842,26,556842.34    
"VA",1842,29,652396.28    
"VA",1843,18,110732.89    
"VA",1843,19,555142.9     
"VA",1843,22,60843.34     
"VA",1843,26,1796.52      
"VA",1843,29,819671.94    
"VA",1843,63,241000       
"VA",1844,18,121100.11    
"VA",1844,19,601763.64    
"VA",1844,22,56244.83     
"VA",1844,29,537267.34    
"VA",1844,68,186000       
"VA",1845,18,117463.7     
"VA",1845,19,536481.43    
"VA",1845,22,47984.32     
"VA",1845,29,645855.03    
"VA",1845,63,190000       
"VA",1846,18,117927.81    
"VA",1846,19,426938.66    
"VA",1846,22,49775.18     
"VA",1846,29,587261.19    
"VA",1846,62,45676.67     
"VA",1846,63,155000       
"VA",1847,14,4953.05      
"VA",1847,18,127123.1     
"VA",1847,19,446703.13    
"VA",1847,22,53237.19     
"VA",1847,26,1550.3       
"VA",1847,29,598266.66    
"VA",1847,63,220000       
"VA",1848,14,5330.92      
"VA",1848,18,142869.97    
"VA",1848,19,459395.36    
"VA",1848,22,49241.11     
"VA",1848,25,732.39       
"VA",1848,26,6576.13      
"VA",1848,29,813232       
"VA",1848,63,275000       
"VA",1849,14,52044.51     
"VA",1849,18,143116.21    
"VA",1849,19,462969.05    
"VA",1849,22,48210.58     
"VA",1849,23,170803.08    
"VA",1849,26,3335.5       
"VA",1849,29,1282149.95   
"VA",1849,63,180000       
"VA",1850,14,59029.96     
"VA",1850,18,149188.5     
"VA",1850,19,478547.18    
"VA",1850,22,55739.93     
"VA",1850,26,11408.96     
"VA",1850,29,2092912.4    
"VA",1850,63,207720.05    
"VA",1851,14,55258.82     
"VA",1851,18,187521.12    
"VA",1851,19,499938.85    
"VA",1851,22,50989.5      
"VA",1851,26,5565.73      
"VA",1851,29,3123532.27   
"VA",1851,63,245000       
"VA",1852,14,60431.94     
"VA",1852,18,176168.68    
"VA",1852,19,647637.4     
"VA",1852,22,48459.87     
"VA",1852,26,3896.06      
"VA",1852,29,3886184.67   
"VA",1852,62,150000       
"VA",1852,63,295305.36    
"VA",1852,292429,11780.28 
"VA",1853,14,68308.11     
"VA",1853,18,235638.86    
"VA",1853,19,954922.32    
"VA",1853,22,53593.07     
"VA",1853,26,12569.3      
"VA",1853,29,5020581.09   
"VA",1853,62,178400       
"VA",1853,63,647521.44    
"VA",1854,13,50.61        
"VA",1854,14,80954.2      
"VA",1854,18,242201.64    
"VA",1854,19,1025927.29   
"VA",1854,22,61649.02     
"VA",1854,26,135630.88    
"VA",1854,29,5150180.82   
"VA",1854,62,150000       
"VA",1854,63,482518.3     
"VA",1855,13,50.1         
"VA",1855,14,92451.53     
"VA",1855,18,211666.08    
"VA",1855,19,1043869.53   
"VA",1855,22,59107.27     
"VA",1855,26,3678.01      
"VA",1855,29,2033030.85   
"VA",1855,62,400000       
"VA",1855,63,178465.19    
"VA",1856,14,118444.62    
"VA",1856,18,811172.55    
"VA",1856,19,576546.42    
"VA",1856,22,61227.18     
"VA",1856,26,52380.9      
"VA",1856,29,3794165.98   
"VA",1856,62,277500       
"VA",1856,63,286470.18    
"VA",1857,13,14.04        
"VA",1857,14,146622.87    
"VA",1857,18,432044.3     
"VA",1857,19,2222365.36   
"VA",1857,22,72230.25     
"VA",1857,26,4965.94      
"VA",1857,29,2539387.26   
"VA",1857,63,240580.1     
"VA",1858,12,124214.87    
"VA",1858,14,166396.22    
"VA",1858,18,332492.12    
"VA",1858,19,2419276.34   
"VA",1858,22,71589.99     
"VA",1858,25,2863.08      
"VA",1858,26,1268.47      
"VA",1858,29,3166174.11   
"VA",1858,63,378721.06    
"VA",1859,12,122872.56    
"VA",1859,14,172202.53    
"VA",1859,18,387021.89    
"VA",1859,19,2547791.29   
"VA",1859,22,101576.66    
"VA",1859,25,7613.14      
"VA",1859,26,16032.02     
"VA",1859,29,2640581.65   
"VA",1859,61,131359.68    
"VA",1859,62,106258.39    
"VA",1859,63,545000       
"VA",1865,14,241.83       
"VA",1865,19,123060.79    
"VA",1865,22,1507.34      
"VA",1865,29,212.14       
"VA",1866,14,5706.28      
"VA",1866,19,925333.3     
"VA",1866,22,3232.51      
"VA",1866,26,7391.33      
"VA",1866,29,57381.15     
"VA",1868,12,85391.53     
"VA",1868,14,117294.23    
"VA",1868,18,472389.31    
"VA",1868,19,950318.58    
"VA",1868,22,29713.4      
"VA",1868,23,6128.62      
"VA",1868,26,5193.1       
"VA",1868,29,326849.01    
"VA",1869,12,93668.95     
"VA",1869,14,76713.46     
"VA",1869,18,504281.35    
"VA",1869,19,945775.4     
"VA",1869,22,25759.81     
"VA",1869,23,16022.11     
"VA",1869,26,17300.2      
"VA",1869,29,72878.4      
"VA",1870,12,83424.16     
"VA",1870,14,79250.07     
"VA",1870,18,292642.47    
"VA",1870,19,907527.11    
"VA",1870,22,30148.31     
"VA",1870,26,9343.16      
"VA",1870,29,127518.56    
"VA",1871,12,136628.74    
"VA",1871,14,34006.83     
"VA",1871,18,152040.07    
"VA",1871,19,2218742.48   
"VA",1871,22,67897.88     
"VA",1871,23,16.38        
"VA",1871,26,29214.52     
"VA",1871,29,143305.07    
"VA",1872,12,16746        
"VA",1872,14,74222.99     
"VA",1872,18,31440.62     
"VA",1872,19,1809245.98   
"VA",1872,22,35496.72     
"VA",1872,26,9265.79      
"VA",1872,29,180254.24    
"VA",1873,14,88589.47     
"VA",1873,18,7530         
"VA",1873,19,2160309.45   
"VA",1873,22,28221.52     
"VA",1873,26,4714.95      
"VA",1873,29,132580.13    
"VA",1873,99,208381.24    
"VA",1874,12,2849.78      
"VA",1874,14,63363.75     
"VA",1874,18,11409        
"VA",1874,19,2293372.05   
"VA",1874,22,38734.65     
"VA",1874,26,12240.59     
"VA",1874,29,156968.41    
"VA",1874,99,180000       
"VA",1875,12,8812.06      
"VA",1875,14,89056.67     
"VA",1875,18,11388.56     
"VA",1875,19,2267772.51   
"VA",1875,22,53295.95     
"VA",1875,26,9292.04      
"VA",1875,29,208172.26    
"VA",1876,12,39422.29     
"VA",1876,14,103437.01    
"VA",1876,18,6900.18      
"VA",1876,19,2420582.08   
"VA",1876,22,57523.31     
"VA",1876,26,14324.55     
"VA",1876,29,1148630.37   
"VA",1877,12,4800         
"VA",1877,14,56218.81     
"VA",1877,18,16206.19     
"VA",1877,19,2348508.47   
"VA",1877,22,44629.18     
"VA",1877,25,2360.14      
"VA",1877,26,6650.9       
"VA",1877,29,530013.48    
"VA",1878,12,8181.75      
"VA",1878,14,182379.83    
"VA",1878,18,127234.27    
"VA",1878,19,2261026.39   
"VA",1878,22,58442.47     
"VA",1878,25,455.47       
"VA",1878,26,9411.6       
"VA",1878,29,373008.01    
"VA",1879,12,15562.72     
"VA",1879,14,97545.81     
"VA",1879,18,326130.19    
"VA",1879,19,2123166.03   
"VA",1879,22,64881.79     
"VA",1879,25,243.07       
"VA",1879,26,8857.9       
"VA",1879,29,163511.65    
"VA",1880,12,5837.91      
"VA",1880,13,267.7        
"VA",1880,14,119788.47    
"VA",1880,18,172747.45    
"VA",1880,19,2467746.13   
"VA",1880,22,70889.32     
"VA",1880,25,50.47        
"VA",1880,26,4475.68      
"VA",1880,29,281958.23    
"VA",1881,12,1547106.38   
"VA",1881,13,25524.13     
"VA",1881,14,81376.07     
"VA",1881,18,659503.6     
"VA",1881,19,163863.34    
"VA",1881,22,58287.43     
"VA",1881,24,2248         
"VA",1881,26,4100.58      
"VA",1881,29,74415.83     
"VA",1882,12,1674468.63   
"VA",1882,13,26262.47     
"VA",1882,14,195415.89    
"VA",1882,18,700997.53    
"VA",1882,19,79952.99     
"VA",1882,22,64617.09     
"VA",1882,25,800          
"VA",1882,26,20614.7      
"VA",1882,29,168014.22    
"VA",1882,99,403712.63    
"VA",1883,12,1436107.26   
"VA",1883,13,36394.87     
"VA",1883,14,949105.98    
"VA",1883,18,700682.76    
"VA",1883,19,124623.25    
"VA",1883,22,9094.96      
"VA",1883,25,             
"VA",1883,26,4762.9       
"VA",1883,29,97152.99     
"VA",1883,99,475000       
"VA",1884,12,1461996.46   
"VA",1884,13,36765.39     
"VA",1884,14,147911.12    
"VA",1884,18,884286.86    
"VA",1884,19,109825.72    
"VA",1884,22,12314.82     
"VA",1884,26,3907.36      
"VA",1884,29,93330.73     
"VA",1885,12,1367634.97   
"VA",1885,13,24333.62     
"VA",1885,14,238685.11    
"VA",1885,18,770834.77    
"VA",1885,19,166074.96    
"VA",1885,22,20942.53     
"VA",1885,25,1093         
"VA",1885,26,18884.73     
"VA",1885,29,87619.59     
"VA",1886,12,1615093.83   
"VA",1886,13,20698.42     
"VA",1886,14,187669.35    
"VA",1886,18,709325.16    
"VA",1886,19,152290.1     
"VA",1886,22,18997.14     
"VA",1886,26,3679.19      
"VA",1886,29,65623.37     
"VA",1887,12,1154241.73   
"VA",1887,13,22041.33     
"VA",1887,14,338037.77    
"VA",1887,18,633905.57    
"VA",1887,19,157225.91    
"VA",1887,22,19942.85     
"VA",1887,25,816          
"VA",1887,26,112066.24    
"VA",1887,29,131061.35    
"VA",1888,12,1675848.8    
"VA",1888,13,16817.77     
"VA",1888,14,69891.86     
"VA",1888,18,586756.29    
"VA",1888,19,186705.52    
"VA",1888,22,19052.51     
"VA",1888,26,77535.7      
"VA",1888,29,72116.84     
"VA",1889,12,1515021.07   
"VA",1889,13,37643.29     
"VA",1889,14,209704.81    
"VA",1889,18,595714.04    
"VA",1889,19,162015.42    
"VA",1889,22,26415.12     
"VA",1889,24,30           
"VA",1889,26,6859.32      
"VA",1889,29,59118.94     
"VA",1890,12,1428351.4    
"VA",1890,13,49486.22     
"VA",1890,14,263154.07    
"VA",1890,18,552375.42    
"VA",1890,19,217734.73    
"VA",1890,22,70634.72     
"VA",1890,25,10           
"VA",1890,26,265008.97    
"VA",1890,29,40771.82     
"VA",1891,12,1467763.92   
"VA",1891,13,36805.73     
"VA",1891,14,272583.66    
"VA",1891,18,673293.43    
"VA",1891,19,211543.52    
"VA",1891,22,70635.23     
"VA",1891,26,58295.03     
"VA",1891,29,111504.48    
"VA",1892,12,1747611.16   
"VA",1892,13,58409.59     
"VA",1892,14,305499.89    
"VA",1892,18,704708.35    
"VA",1892,19,214626.94    
"VA",1892,22,48375.66     
"VA",1892,25,50           
"VA",1892,26,19914.42     
"VA",1892,29,188360.8     
"VA",1893,12,1612079.76   
"VA",1893,13,50853.76     
"VA",1893,14,237005.99    
"VA",1893,18,682834.97    
"VA",1893,19,262585.8     
"VA",1893,22,43671.29     
"VA",1893,26,215572.53    
"VA",1893,29,192973.14    
"VA",1894,12,1588998.21   
"VA",1894,13,45131.14     
"VA",1894,14,398404.31    
"VA",1894,18,577388.76    
"VA",1894,19,169104.19    
"VA",1894,22,45614.31     
"VA",1894,26,69517.12     
"VA",1894,29,188936.07    
"VA",1895,12,1677464.41   
"VA",1895,13,44917.8      
"VA",1895,14,309996.64    
"VA",1895,18,718757.66    
"VA",1895,19,233416.64    
"VA",1895,22,58648.39     
"VA",1895,26,54632.92     
"VA",1895,29,235304.86    
"VA",1896,12,1731278.75   
"VA",1896,13,41635.19     
"VA",1896,14,307968.22    
"VA",1896,18,716023.27    
"VA",1896,19,171445.25    
"VA",1896,22,53624.23     
"VA",1896,26,46781.99     
"VA",1896,29,430477.06    
"VA",1897,12,1624593.75   
"VA",1897,13,40764.07     
"VA",1897,14,315521.25    
"VA",1897,18,632001.72    
"VA",1897,19,190316.13    
"VA",1897,22,41354.58     
"VA",1897,24,40           
"VA",1897,26,40177.95     
"VA",1897,29,246486.1     
"VA",1898,12,1687552.89   
"VA",1898,13,39909.27     
"VA",1898,14,315992.66    
"VA",1898,18,654642.13    
"VA",1898,19,138871.11    
"VA",1898,22,57682.56     
"VA",1898,26,39457.97     
"VA",1898,28,2270.57      
"VA",1898,29,293898.24    
"VA",1899,12,1764620.09   
"VA",1899,13,42320.83     
"VA",1899,14,372482.812   
"VA",1899,18,672126.54    
"VA",1899,19,148077.18    
"VA",1899,22,58188.57     
"VA",1899,23,2957.81      
"VA",1899,26,66142.93     
"VA",1899,29,348487.28    
"VA",1900,12,1891448.02   
"VA",1900,13,44228.15     
"VA",1900,14,409701.47    
"VA",1900,18,811888.21    
"VA",1900,19,175200.77    
"VA",1900,22,107698.5     
"VA",1900,26,57871.53     
"VA",1900,28,479.69       
"VA",1900,29,240751.58    
"VA",1901,12,1858323.77   
"VA",1901,13,46076.86     
"VA",1901,14,427849.62    
"VA",1901,18,767085.04    
"VA",1901,19,153674.36    
"VA",1901,22,86593.78     
"VA",1901,26,57322.82     
"VA",1901,27,850          
"VA",1901,29,235380.142   
"VA",1902,12,1888209.52   
"VA",1902,13,60020.26     
"VA",1902,14,469435.21    
"VA",1902,18,770314.95    
"VA",1902,19,193518.72    
"VA",1902,22,114065.03    
"VA",1902,24,266          
"VA",1902,26,68785.17     
"VA",1902,27,1506.19      
"VA",1902,29,228972.4     
"VA",1903,12,1938066.82   
"VA",1903,13,36571.49     
"VA",1903,14,215691.01    
"VA",1903,18,904844.46    
"VA",1903,19,182930.54    
"VA",1903,22,100098.18    
"VA",1903,24,40           
"VA",1903,26,75086.11     
"VA",1903,27,5208.93      
"VA",1903,29,216969.71    
"VA",1904,12,1891181.82   
"VA",1904,13,65098.74     
"VA",1904,14,957157.71    
"VA",1904,18,899533.73    
"VA",1904,19,186588.34    
"VA",1904,22,162316.33    
"VA",1904,23,48066.24     
"VA",1904,26,77522.87     
"VA",1904,27,4108.24      
"VA",1904,29,191611.67    
"VA",1905,12,1929764.16   
"VA",1905,13,71167.07     
"VA",1905,14,971922.61    
"VA",1905,18,939903.96    
"VA",1905,19,165618.99    
"VA",1905,22,142458.91    
"VA",1905,23,46347.84     
"VA",1905,24,700.5        
"VA",1905,26,81773.01     
"VA",1905,27,7827.01      
"VA",1905,29,221719.59    
"VA",1906,12,1968227.37   
"VA",1906,13,77556.87     
"VA",1906,14,1032016.37   
"VA",1906,18,1012210.32   
"VA",1906,19,230614.992   
"VA",1906,22,183140.64    
"VA",1906,23,47207.02     
"VA",1906,26,97172.07     
"VA",1906,27,10302.07     
"VA",1906,29,238653.23    
"VA",1907,12,2046115.78   
"VA",1907,13,95690.5      
"VA",1907,14,1163026.87   
"VA",1907,18,1084089.2    
"VA",1907,19,257119.79    
"VA",1907,22,208492.39    
"VA",1907,23,55207.01     
"VA",1907,26,106530.84    
"VA",1907,27,10863.87     
"VA",1907,29,223330.03    
"VA",1908,12,2261153      
"VA",1908,13,122764.32    
"VA",1908,14,1239769.03   
"VA",1908,18,1115268.65   
"VA",1908,19,216441.88    
"VA",1908,22,173143.1     
"VA",1908,23,55207.01     
"VA",1908,24,65           
"VA",1908,26,122755.82    
"VA",1908,27,18202.23     
"VA",1908,29,201845.87    
"VA",1909,12,2241390.95   
"VA",1909,13,102810.5     
"VA",1909,14,1166427.05   
"VA",1909,18,1066652.37   
"VA",1909,19,255994.1     
"VA",1909,22,185921.24    
"VA",1909,23,56457.02     
"VA",1909,24,7985.3       
"VA",1909,26,161955.41    
"VA",1909,27,18545.13     
"VA",1909,29,272371.01    
                          
"VA",1783,147,69654.81    
"VA",1783,190,650911.96   
"VA",1783,264,71122.21    
"VA",1783,266,3848.59     
"VA",1783,290,133606.77   
"VA",1783,294,56194.75    
"VA",1784,147,142171.05   
"VA",1784,190,762974.63   
"VA",1784,191,73156.56    
"VA",1784,193,979236.04   
"VA",1784,264,13780.22    
"VA",1784,290,41374.01    
"VA",1784,294,15747.87    
"VA",1785,147,164962.44   
"VA",1785,190,1090384.92  
"VA",1785,191,291385.62   
"VA",1785,192,60.03       
"VA",1785,193,932239.22   
"VA",1785,264,7483.74     
"VA",1785,290,10598.63    
"VA",1785,294,25979.65    
"VA",1785,295,171739.16   
"VA",1786,147,272022.61   
"VA",1786,190,518799.27   
"VA",1786,191,481774.1    
"VA",1786,192,313.49      
"VA",1786,193,727123.38   
"VA",1786,220,10525.26    
"VA",1786,264,4782.39     
"VA",1786,290,20383.52    
"VA",1786,294,96708.33    
"VA",1786,295,184338.79   
"VA",1787,147,393063.1    
"VA",1787,190,944518.69   
"VA",1787,191,454280.36   
"VA",1787,192,867.1       
"VA",1787,193,663031.35   
"VA",1787,220,4135.4      
"VA",1787,222,80.04       
"VA",1787,223,15901.28    
"VA",1787,290,4675.67     
"VA",1787,294,51085.53    
"VA",1787,295,186386.48   
"VA",1788,147,493773.43   
"VA",1788,190,600.3       
"VA",1788,191,995330.75   
"VA",1788,192,900.45      
"VA",1788,193,192689.63   
"VA",1788,220,613.64      
"VA",1788,222,28300.81    
"VA",1788,290,566.95      
"VA",1788,291,2701.35     
"VA",1788,294,129291.28   
"VA",1788,295,165876.23   
"VA",1789,147,570178.28   
"VA",1789,190,175374.31   
"VA",1789,191,714983.98   
"VA",1789,192,553.61      
"VA",1789,193,20556.94    
"VA",1789,220,246.79      
"VA",1789,222,44302.14    
"VA",1789,290,9731.53     
"VA",1789,291,3661.83     
"VA",1789,294,64172.07    
"VA",1789,295,229027.79   
"VA",1790,147,186633.27   
"VA",1790,191,803154.71   
"VA",1790,193,12819.74    
"VA",1790,221,14353.84    
"VA",1790,266,7450.39     
"VA",1790,290,15054.19    
"VA",1790,294,14080.37    
"VA",1790,295,245482.68   
"VA",1790,297,26.68       
"VA",1791,147,44168.74    
"VA",1791,190,18075.7     
"VA",1791,191,699602.96   
"VA",1791,193,18455.89    
"VA",1791,221,5049.19     
"VA",1791,290,14560.61    
"VA",1791,291,1013.84     
"VA",1791,294,18736.03    
"VA",1791,295,152382.82   
"VA",1792,147,12219.44    
"VA",1792,190,45509.41    
"VA",1792,191,422417.77   
"VA",1792,221,24632.31    
"VA",1792,235,9691.51     
"VA",1792,266,727.03      
"VA",1792,290,1507.42     
"VA",1792,291,19496.41    
"VA",1792,293,4715.69     
"VA",1792,294,30161.74    
"VA",1792,295,74070.35    
"VA",1793,190,21170.58    
"VA",1793,191,343898.53   
"VA",1793,221,21904.28    
"VA",1793,235,56574.94    
"VA",1793,290,6203.1      
"VA",1793,294,8584.29     
"VA",1793,295,68821.06    
"VA",1794,190,13484.6     
"VA",1794,191,304537.82   
"VA",1794,221,12373.56    
"VA",1794,290,101850.08   
"VA",1794,294,195471.8    
"VA",1794,295,19468.06    
"VA",1795,190,32501.94    
"VA",1795,191,296349.1    
"VA",1795,221,7291.02     
"VA",1795,290,112419.18   
"VA",1795,294,684836.84   
"VA",1795,295,31544.56    
"VA",1796,190,74683.32    
"VA",1796,191,230990.72   
"VA",1796,221,4754.38     
"VA",1796,290,79020.88    
"VA",1796,294,181901.02   
"VA",1796,295,21985.66    
"VA",1797,190,143595.92   
"VA",1797,191,195118.18   
"VA",1797,221,5826.38     
"VA",1797,290,9612.54     
"VA",1797,294,28043.58    
"VA",1797,295,25540.16    
"VA",1798,190,235486.22   
"VA",1798,191,123024.38   
"VA",1798,221,9187.94     
"VA",1798,290,17512.88    
"VA",1798,291,6861.54     
"VA",1798,294,19432.56    
"VA",1798,295,22779.56    
"VA",1799,190,257658.4    
"VA",1799,191,227621.12   
"VA",1799,221,11509.12    
"VA",1799,222,1804.54     
"VA",1799,290,6454.12     
"VA",1799,294,22243.22    
"VA",1799,295,19400.2     
"VA",1800,190,142131.19   
"VA",1800,191,117770.48   
"VA",1800,221,9230.77     
"VA",1800,222,1079.95     
"VA",1800,290,9021.27     
"VA",1800,294,8154.53     
"VA",1800,295,19517.22    
"VA",1801,190,136321.19   
"VA",1801,191,139878.21   
"VA",1801,221,10417.43    
"VA",1801,222,890.32      
"VA",1801,266,782.6       
"VA",1801,290,36906.4     
"VA",1801,294,5156.58     
"VA",1801,295,26417.4     
"VA",1802,190,142841.53   
"VA",1802,191,120559.2    
"VA",1802,221,12609.08    
"VA",1802,222,935.5       
"VA",1802,290,13499.42    
"VA",1802,292,3388.5      
"VA",1802,294,4243.03     
"VA",1802,295,18016.91    
"VA",1803,190,208644.06   
"VA",1803,191,41268.99    
"VA",1803,221,6771.03     
"VA",1803,222,942.91      
"VA",1803,290,9919.7      
"VA",1803,294,3485.22     
"VA",1803,295,6634.51     
"VA",1803,501,22535.96    
"VA",1804,190,176498.18   
"VA",1804,191,61680.77    
"VA",1804,221,13465.31    
"VA",1804,222,1506.06     
"VA",1804,290,12628.95    
"VA",1804,294,4549.69     
"VA",1804,295,19157.15    
"VA",1805,190,180538.02   
"VA",1805,191,107280.56   
"VA",1805,221,13953.64    
"VA",1805,222,1116.68     
"VA",1805,290,7098.49     
"VA",1805,292,2250        
"VA",1805,294,8587.58     
"VA",1805,295,21751.16    
"VA",1806,190,173392.84   
"VA",1806,191,87482.45    
"VA",1806,193,108.44      
"VA",1806,221,14616.48    
"VA",1806,222,1304.86     
"VA",1806,290,8009.87     
"VA",1806,292,12297.32    
"VA",1806,294,3682.16     
"VA",1806,295,22337.84    
"VA",1807,190,156234.41   
"VA",1807,191,102751.16   
"VA",1807,221,16757.9     
"VA",1807,222,2708.1      
"VA",1807,290,11412.51    
"VA",1807,292,15000       
"VA",1807,294,15648.67    
"VA",1807,295,20817.66    
"VA",1808,190,123374.88   
"VA",1808,191,115121.74   
"VA",1808,221,16533.12    
"VA",1808,222,1367.8      
"VA",1808,235,13657.39    
"VA",1808,290,9579.57     
"VA",1808,292,14700       
"VA",1808,294,5285.99     
"VA",1808,295,18917.67    
"VA",1809,190,244309.81   
"VA",1809,191,30531.23    
"VA",1809,221,20217.58    
"VA",1809,222,3778.35     
"VA",1809,290,16956.45    
"VA",1809,292,14400       
"VA",1809,294,17882.42    
"VA",1809,295,613.76      
"VA",1809,296,6973.39     
"VA",1810,147,15000       
"VA",1810,190,276821.53   
"VA",1810,191,6000        
"VA",1810,193,15000       
"VA",1810,222,3500        
"VA",1810,223,2000        
"VA",1810,290,1600        
"VA",1810,292,24000       
"VA",1810,295,2085        
"VA",1810,296,7000        
"VA",1811,190,260472.46   
"VA",1811,191,26775.46    
"VA",1811,192,24057.91    
"VA",1811,222,3568.94     
"VA",1811,290,21908.86    
"VA",1811,292,33000       
"VA",1811,294,21105.17    
"VA",1811,295,12140.56    
"VA",1811,296,11108.81    
"VA",1812,190,258045.56   
"VA",1812,191,21526.18    
"VA",1812,221,30328.81    
"VA",1812,222,2663.87     
"VA",1812,290,23932.75    
"VA",1812,292,36000       
"VA",1812,294,10236.33    
"VA",1812,295,5427.87     
"VA",1812,296,13444.86    
"VA",1813,190,372340.83   
"VA",1813,191,23180.84    
"VA",1813,192,29490.77    
"VA",1813,222,2851.6      
"VA",1813,290,25451.24    
"VA",1813,292,394115.5    
"VA",1813,294,9257.16     
"VA",1813,295,2900.09     
"VA",1813,296,19991.9     
"VA",1814,190,19497.62    
"VA",1814,191,19225.29    
"VA",1814,192,29511.1     
"VA",1814,222,9484.19     
"VA",1814,235,0           
"VA",1814,290,11725.01    
"VA",1814,291,1525        
"VA",1814,292,53507       
"VA",1814,293,400000      
"VA",1814,294,4527.66     
"VA",1814,295,742.03      
"VA",1814,296,10945.27    
"VA",1814,299,358.17      
"VA",1815,147,1057.1      
"VA",1815,190,484492.58   
"VA",1815,191,8998.53     
"VA",1815,192,58650.25    
"VA",1815,222,11622.39    
"VA",1815,235,100000      
"VA",1815,290,23729.72    
"VA",1815,291,2513        
"VA",1815,292,6000        
"VA",1815,293,800000      
"VA",1815,294,3764.38     
"VA",1815,295,2396.19     
"VA",1815,296,10035.29    
"VA",1815,297,5320.44     
"VA",1815,299,92033.25    
"VA",1816,147,6312.5      
"VA",1816,190,589247.01   
"VA",1816,191,20282.53    
"VA",1816,192,45753.26    
"VA",1816,222,9802.48     
"VA",1816,235,0           
"VA",1816,266,600000      
"VA",1816,290,34821.52    
"VA",1816,292,51388.75    
"VA",1816,293,550000      
"VA",1816,294,48997.09    
"VA",1816,295,12906.68    
"VA",1816,296,14357.34    
"VA",1816,297,405         
"VA",1816,2981,3098       
"VA",1817,121,12363.87    
"VA",1817,147,1529.47     
"VA",1817,190,447084.88   
"VA",1817,191,32147.61    
"VA",1817,192,8830.97     
"VA",1817,221,42408.71    
"VA",1817,222,11003.19    
"VA",1817,235,600000      
"VA",1817,290,9071.71     
"VA",1817,291,40152.28    
"VA",1817,293,50000       
"VA",1817,294,12710.3     
"VA",1817,295,13825.83    
"VA",1817,296,12509.47    
"VA",1817,297,3728.55     
"VA",1817,298,600         
"VA",1818,121,4249.29     
"VA",1818,147,1484.35     
"VA",1818,190,448464.07   
"VA",1818,191,35259.74    
"VA",1818,192,3223.76     
"VA",1818,221,48484.02    
"VA",1818,222,20023.86    
"VA",1818,235,147596      
"VA",1818,261,234172      
"VA",1818,263,172487.35   
"VA",1818,266,145         
"VA",1818,290,3136.15     
"VA",1818,292,118969      
"VA",1818,294,6355.81     
"VA",1818,295,14068.79    
"VA",1818,296,32863.76    
"VA",1818,297,6062.66     
"VA",1818,298,7932        
"VA",1819,190,454450.94   
"VA",1819,191,16998.99    
"VA",1819,192,2942.58     
"VA",1819,221,52533.06    
"VA",1819,222,33939.3     
"VA",1819,235,46515       
"VA",1819,261,0           
"VA",1819,263,58961.22    
"VA",1819,290,1291.69     
"VA",1819,291,84653       
"VA",1819,292,4640        
"VA",1819,294,11787.79    
"VA",1819,295,12833.56    
"VA",1819,296,35068.6     
"VA",1819,298,4202.12     
"VA",1819,622,60000       
"VA",1821,190,494145.29   
"VA",1821,191,19296.88    
"VA",1821,192,2830.21     
"VA",1821,221,66425.4     
"VA",1821,222,27506.94    
"VA",1821,261,166136.97   
"VA",1821,263,75652.81    
"VA",1821,290,27076.33    
"VA",1821,294,5318.56     
"VA",1821,295,12188.08    
"VA",1821,296,37078.2     
"VA",1821,297,3914.74     
"VA",1822,190,395630.71   
"VA",1822,191,13690.75    
"VA",1822,192,2435.89     
"VA",1822,221,59583.64    
"VA",1822,222,19363.94    
"VA",1822,261,119439.89   
"VA",1822,263,87657.4     
"VA",1822,290,6769.33     
"VA",1822,294,6717.62     
"VA",1822,295,8162.77     
"VA",1822,296,13011.12    
"VA",1822,297,7032.77     
"VA",1822,298,170         
"VA",1822,631,64525.48    
"VA",1823,190,379817.26   
"VA",1823,191,27666.8     
"VA",1823,192,2516        
"VA",1823,221,55569.14    
"VA",1823,222,22102.44    
"VA",1823,261,261843.73   
"VA",1823,263,80935.83    
"VA",1823,290,22728.14    
"VA",1823,294,4073.01     
"VA",1823,295,10555.71    
"VA",1823,296,7142.28     
"VA",1823,297,2303.33     
"VA",1824,190,364895.89   
"VA",1824,191,14726.48    
"VA",1824,192,3075.71     
"VA",1824,220,15556.47    
"VA",1824,221,39043.14    
"VA",1824,261,609376.92   
"VA",1824,290,42201.78    
"VA",1824,294,7213.1      
"VA",1824,295,8534.46     
"VA",1824,296,2767.02     
"VA",1825,190,379915.01   
"VA",1825,191,8935.31     
"VA",1825,192,2103.52     
"VA",1825,221,36474.51    
"VA",1825,222,15704.53    
"VA",1825,261,813008.46   
"VA",1825,290,14770.77    
"VA",1825,294,8538.95     
"VA",1825,295,5924.91     
"VA",1825,296,1115.57     
"VA",1826,190,348913.4    
"VA",1826,191,4099.72     
"VA",1826,192,1481.3      
"VA",1826,221,29200.42    
"VA",1826,222,18032.5     
"VA",1826,261,397489.11   
"VA",1826,290,29159.07    
"VA",1826,294,5234.16     
"VA",1826,295,10297.01    
"VA",1827,190,386448.14   
"VA",1827,191,9461.14     
"VA",1827,192,1904.04     
"VA",1827,221,26687.7     
"VA",1827,222,15942.81    
"VA",1827,261,411801.9    
"VA",1827,290,23403.96    
"VA",1827,294,5570.01     
"VA",1827,295,6897        
"VA",1827,296,5200        
"VA",1828,190,376150.59   
"VA",1828,191,7529.26     
"VA",1828,192,3810.35     
"VA",1828,221,30971.14    
"VA",1828,222,13554.48    
"VA",1828,261,345277.78   
"VA",1828,290,14381.77    
"VA",1828,294,4268        
"VA",1828,295,17735.81    
"VA",1828,296,71.43       
"VA",1828,631,15863.15    
"VA",1829,190,389702.81   
"VA",1829,191,2688.32     
"VA",1829,192,2882.68     
"VA",1829,221,32001.5     
"VA",1829,222,13766.77    
"VA",1829,261,364292.49   
"VA",1829,290,21664.1     
"VA",1829,294,5387.81     
"VA",1829,295,14795.32    
"VA",1829,296,5000        
"VA",1829,298,783.78      
"VA",1830,190,382386.88   
"VA",1830,191,2346.81     
"VA",1830,192,2075.16     
"VA",1830,221,24790.25    
"VA",1830,222,13939.58    
"VA",1830,261,363868.53   
"VA",1830,290,15469.51    
"VA",1830,292,352.5       
"VA",1830,294,5178.31     
"VA",1830,295,12029.24    
"VA",1830,296,5000        
"VA",1830,298,843.78      
"VA",1831,190,367788.89   
"VA",1831,191,1783.06     
"VA",1831,192,2599.58     
"VA",1831,221,20300.29    
"VA",1831,222,14271.96    
"VA",1831,261,413154.96   
"VA",1831,290,16029.13    
"VA",1831,292,327.5       
"VA",1831,294,8455.2      
"VA",1831,295,12798.88    
"VA",1831,296,7500        
"VA",1831,298,783.78      
"VA",1832,190,340838.62   
"VA",1832,191,7677.62     
"VA",1832,192,2330.84     
"VA",1832,221,13328.35    
"VA",1832,222,13222.32    
"VA",1832,235,380888.66   
"VA",1832,261,512322.47   
"VA",1832,290,25384.35    
"VA",1832,292,366.41      
"VA",1832,294,11135.81    
"VA",1832,295,11859.19    
"VA",1832,296,5000        
"VA",1832,298,791.43      
"VA",1833,190,337694.2    
"VA",1833,191,617.52      
"VA",1833,192,3055.77     
"VA",1833,221,14215.74    
"VA",1833,222,10575.73    
"VA",1833,261,496098.55   
"VA",1833,290,22035.62    
"VA",1833,292,435         
"VA",1833,293,258657.5    
"VA",1833,294,7755.64     
"VA",1833,295,5200.04     
"VA",1833,296,8000        
"VA",1833,298,797.43      
"VA",1834,190,341903.38   
"VA",1834,191,2229.07     
"VA",1834,192,3139.89     
"VA",1834,221,14226.2     
"VA",1834,222,8867.59     
"VA",1834,261,609778.63   
"VA",1834,290,7542.68     
"VA",1834,292,489.46      
"VA",1834,294,12743.28    
"VA",1834,295,4573.32     
"VA",1834,296,7000        
"VA",1834,298,1109.42     
"VA",1835,190,382487.75   
"VA",1835,191,6273.15     
"VA",1835,192,3700.46     
"VA",1835,221,16559.3     
"VA",1835,222,10265.05    
"VA",1835,261,800787.82   
"VA",1835,290,2826.48     
"VA",1835,292,483.5       
"VA",1835,294,7190.24     
"VA",1835,295,3090.27     
"VA",1835,296,6000        
"VA",1835,297,8646        
"VA",1835,298,1366.43     
"VA",1836,190,370141.73   
"VA",1836,191,778.78      
"VA",1836,192,2972.72     
"VA",1836,221,16859.04    
"VA",1836,222,10090       
"VA",1836,261,516895.85   
"VA",1836,290,8873.84     
"VA",1836,292,602.5       
"VA",1836,294,10155.32    
"VA",1836,295,6136.25     
"VA",1836,297,6500        
"VA",1836,298,1107.17     
"VA",1837,190,364228.42   
"VA",1837,191,651.47      
"VA",1837,192,2728.69     
"VA",1837,221,13069.79    
"VA",1837,222,12432.4     
"VA",1837,235,2198427.99  
"VA",1837,261,1484528.81  
"VA",1837,290,4551.96     
"VA",1837,292,510         
"VA",1837,294,11118.2     
"VA",1837,295,7306.09     
"VA",1837,296,6000        
"VA",1837,297,7750        
"VA",1837,298,2085.6      
"VA",1838,190,364532.44   
"VA",1838,191,2234.81     
"VA",1838,192,6172.83     
"VA",1838,221,15329.56    
"VA",1838,222,14818.8     
"VA",1838,235,63781.86    
"VA",1838,261,1762507.8   
"VA",1838,290,8258.68     
"VA",1838,292,390         
"VA",1838,294,17354.58    
"VA",1838,295,5753.07     
"VA",1838,296,15190.44    
"VA",1838,298,2126.26     
"VA",1839,190,442852.94   
"VA",1839,191,2984.38     
"VA",1839,192,4882.78     
"VA",1839,221,19317.62    
"VA",1839,222,15949.83    
"VA",1839,235,47637.51    
"VA",1839,261,1411827.56  
"VA",1839,290,2153.75     
"VA",1839,292,41017.96    
"VA",1839,293,385412      
"VA",1839,294,6612.27     
"VA",1839,295,7854.33     
"VA",1839,296,8000        
"VA",1839,298,4562.52     
"VA",1839,299,1200000     
"VA",1839,623,1880        
"VA",1840,190,452598.22   
"VA",1840,192,3690.33     
"VA",1840,221,17005.97    
"VA",1840,222,14393.04    
"VA",1840,261,699662.82   
"VA",1840,290,3144.88     
"VA",1840,292,85054.94    
"VA",1840,293,175700      
"VA",1840,294,5319.26     
"VA",1840,295,3547.11     
"VA",1840,297,12500       
"VA",1840,298,5150.63     
"VA",1840,299,62825       
"VA",1841,190,456548.09   
"VA",1841,191,1817.63     
"VA",1841,192,6778.72     
"VA",1841,221,19973.46    
"VA",1841,222,16198.35    
"VA",1841,261,726578.92   
"VA",1841,263,3213.7      
"VA",1841,290,3581.96     
"VA",1841,292,120391.93   
"VA",1841,293,350000      
"VA",1841,294,10410.39    
"VA",1841,295,7987.77     
"VA",1841,296,7000        
"VA",1841,298,4669.48     
"VA",1842,190,569715.51   
"VA",1842,191,4732.28     
"VA",1842,192,5556.69     
"VA",1842,221,22803.79    
"VA",1842,222,13868.76    
"VA",1842,261,556842.34   
"VA",1842,290,2980.85     
"VA",1842,292,115095.76   
"VA",1842,293,510000      
"VA",1842,294,7064.95     
"VA",1842,295,8341.43     
"VA",1842,297,7100        
"VA",1842,298,1813.29     
"VA",1843,181,110732.89   
"VA",1843,190,543762.83   
"VA",1843,191,4671.49     
"VA",1843,192,6708.58     
"VA",1843,221,28930.07    
"VA",1843,222,31913.27    
"VA",1843,261,1796.52     
"VA",1843,290,2084.19     
"VA",1843,291,123797.98   
"VA",1843,292,303623.74   
"VA",1843,293,370000      
"VA",1843,294,8777.9      
"VA",1843,295,8469.99     
"VA",1843,298,2918.14     
"VA",1843,632,241000      
"VA",1844,181,121100.11   
"VA",1844,190,592779.37   
"VA",1844,191,2866.22     
"VA",1844,192,6118.05     
"VA",1844,221,31287.52    
"VA",1844,222,24907.93    
"VA",1844,224,49.38       
"VA",1844,290,4454.55     
"VA",1844,291,77602.05    
"VA",1844,292,358505.68   
"VA",1844,293,70000       
"VA",1844,294,9025.97     
"VA",1844,295,8922.94     
"VA",1844,296,2629.71     
"VA",1844,297,4150        
"VA",1844,298,1976.44     
"VA",1844,682,186000      
"VA",1845,181,117463.7    
"VA",1845,190,524894.24   
"VA",1845,191,8190.76     
"VA",1845,192,3396.43     
"VA",1845,221,22297.69    
"VA",1845,222,25549.57    
"VA",1845,224,137.06      
"VA",1845,290,6452.38     
"VA",1845,291,163900.35   
"VA",1845,292,396111.91   
"VA",1845,293,30000       
"VA",1845,294,31777.5     
"VA",1845,295,5948.76     
"VA",1845,297,9454.84     
"VA",1845,298,2209.29     
"VA",1845,632,190000      
"VA",1846,181,117927.81   
"VA",1846,190,419071.27   
"VA",1846,191,3692.36     
"VA",1846,192,4175.03     
"VA",1846,221,31019.97    
"VA",1846,222,18737.37    
"VA",1846,224,17.84       
"VA",1846,290,2093.07     
"VA",1846,291,86459.22    
"VA",1846,292,451654.73   
"VA",1846,294,21744.41    
"VA",1846,295,6099.17     
"VA",1846,296,3000        
"VA",1846,297,4875        
"VA",1846,298,11335.59    
"VA",1846,624,45676.67    
"VA",1846,632,155000      
"VA",1847,148,4953.05     
"VA",1847,181,127123.1    
"VA",1847,190,438010.65   
"VA",1847,191,3972.34     
"VA",1847,192,4720.14     
"VA",1847,221,25363.23    
"VA",1847,222,23772.74    
"VA",1847,223,3980.16     
"VA",1847,224,121.06      
"VA",1847,264,1550.3      
"VA",1847,290,5360.36     
"VA",1847,291,108589.33   
"VA",1847,292,418087.24   
"VA",1847,294,14236.36    
"VA",1847,295,8068.3      
"VA",1847,296,8000        
"VA",1847,297,70.96       
"VA",1847,298,35854.11    
"VA",1847,632,220000      
"VA",1848,148,5330.92     
"VA",1848,181,142869.97   
"VA",1848,190,452062.56   
"VA",1848,191,2232        
"VA",1848,192,5100.8      
"VA",1848,221,26306.34    
"VA",1848,222,22317.4     
"VA",1848,223,370.53      
"VA",1848,224,246.84      
"VA",1848,251,732.39      
"VA",1848,264,6576.13     
"VA",1848,290,8553.3      
"VA",1848,291,154004.98   
"VA",1848,292,569618.42   
"VA",1848,293,25453.1     
"VA",1848,294,16028.11    
"VA",1848,295,7221.84     
"VA",1848,296,10500       
"VA",1848,297,5520        
"VA",1848,298,16332.25    
"VA",1848,632,275000      
"VA",1849,142,45979.61    
"VA",1849,148,6064.9      
"VA",1849,181,143116.21   
"VA",1849,190,456657.16   
"VA",1849,191,888.83      
"VA",1849,192,5423.06     
"VA",1849,221,26521.75    
"VA",1849,222,18995.76    
"VA",1849,223,2502.57     
"VA",1849,224,190.5       
"VA",1849,235,170803.08   
"VA",1849,263,3333.33     
"VA",1849,264,2.17        
"VA",1849,290,2607.58     
"VA",1849,291,70934.62    
"VA",1849,292,487950.42   
"VA",1849,293,480731.06   
"VA",1849,294,15980.36    
"VA",1849,295,4790.92     
"VA",1849,296,10000       
"VA",1849,297,3430.3      
"VA",1849,298,205724.69   
"VA",1849,632,180000      
"VA",1850,142,46093.36    
"VA",1850,148,12936.6     
"VA",1850,181,149188.5    
"VA",1850,190,469011.89   
"VA",1850,191,3499.93     
"VA",1850,192,6035.36     
"VA",1850,221,27273.73    
"VA",1850,222,21153.31    
"VA",1850,223,6936.85     
"VA",1850,224,376.04      
"VA",1850,263,3333.34     
"VA",1850,264,8075.62     
"VA",1850,290,3007.2      
"VA",1850,291,71034.14    
"VA",1850,292,469633.49   
"VA",1850,293,1348043.57  
"VA",1850,294,20417.78    
"VA",1850,295,7656.17     
"VA",1850,296,11000       
"VA",1850,297,4775        
"VA",1850,298,157345.05   
"VA",1850,632,197000      
"VA",1850,636,10720.05    
"VA",1851,142,46818.43    
"VA",1851,148,8440.39     
"VA",1851,181,187521.12   
"VA",1851,190,484506.38   
"VA",1851,191,1934.11     
"VA",1851,192,6079.19     
"VA",1851,193,7419.17     
"VA",1851,221,28987.02    
"VA",1851,222,21141.39    
"VA",1851,223,591.1       
"VA",1851,224,269.99      
"VA",1851,261,3045        
"VA",1851,263,588.82      
"VA",1851,264,1231.91     
"VA",1851,266,700         
"VA",1851,290,6223.21     
"VA",1851,291,72811.25    
"VA",1851,292,527065.32   
"VA",1851,293,2435662.56  
"VA",1851,294,25248.66    
"VA",1851,295,5258.99     
"VA",1851,296,6000        
"VA",1851,297,5725        
"VA",1851,298,39537.28    
"VA",1851,632,245000      
"VA",1852,142,48137       
"VA",1852,148,12294.94    
"VA",1852,181,176168.68   
"VA",1852,190,618673.31   
"VA",1852,191,3367.33     
"VA",1852,192,13595       
"VA",1852,193,12001.76    
"VA",1852,221,27663.07    
"VA",1852,222,18252.22    
"VA",1852,223,2038.49     
"VA",1852,224,506.09      
"VA",1852,264,1237.5      
"VA",1852,266,2658.56     
"VA",1852,290,3474.89     
"VA",1852,291,95322.44    
"VA",1852,292,498490.37   
"VA",1852,293,3227476.6   
"VA",1852,294,14488.88    
"VA",1852,295,5841.42     
"VA",1852,296,6500        
"VA",1852,297,15986.71    
"VA",1852,298,18603.36    
"VA",1852,624,150000      
"VA",1852,632,295305.36   
"VA",1852,2924291,11780.28
"VA",1853,142,51513.08    
"VA",1853,148,16795.03    
"VA",1853,181,235638.86   
"VA",1853,190,932696.82   
"VA",1853,191,2978.72     
"VA",1853,192,10432.66    
"VA",1853,193,8814.12     
"VA",1853,221,31348.24    
"VA",1853,222,20466.29    
"VA",1853,223,1648.14     
"VA",1853,224,130.4       
"VA",1853,263,327         
"VA",1853,264,9270.03     
"VA",1853,266,2972.27     
"VA",1853,290,486.04      
"VA",1853,291,177266.68   
"VA",1853,292,598903.54   
"VA",1853,293,4188064.77  
"VA",1853,294,19653.65    
"VA",1853,295,12537.69    
"VA",1853,297,7550        
"VA",1853,298,16118.72    
"VA",1853,624,178400      
"VA",1853,631,40000       
"VA",1853,632,383963.58   
"VA",1853,635,223557.86   
"VA",1854,131,50.61       
"VA",1854,142,57547.37    
"VA",1854,148,23406.83    
"VA",1854,181,242201.64   
"VA",1854,190,991052.03   
"VA",1854,191,14945.81    
"VA",1854,192,9419.61     
"VA",1854,193,10509.84    
"VA",1854,221,40459.8     
"VA",1854,222,18643.76    
"VA",1854,223,2302.75     
"VA",1854,224,242.71      
"VA",1854,263,132620.62   
"VA",1854,266,3010.26     
"VA",1854,290,5345.52     
"VA",1854,291,329419.91   
"VA",1854,292,446445.87   
"VA",1854,293,4321923.35  
"VA",1854,294,25506.32    
"VA",1854,295,9694.85     
"VA",1854,297,11845       
"VA",1854,624,150000      
"VA",1854,631,70970.1     
"VA",1854,635,411548.2    
"VA",1855,131,50.1        
"VA",1855,142,65905.79    
"VA",1855,148,26545.74    
"VA",1855,181,211666.08   
"VA",1855,190,993511.61   
"VA",1855,191,37384.61    
"VA",1855,192,6052.27     
"VA",1855,193,6921.04     
"VA",1855,221,34248.22    
"VA",1855,222,21285.22    
"VA",1855,223,810.24      
"VA",1855,224,2763.59     
"VA",1855,266,3678.01     
"VA",1855,290,7380.57     
"VA",1855,291,111780.41   
"VA",1855,292,371487.04   
"VA",1855,293,1487889.76  
"VA",1855,294,26968.3     
"VA",1855,295,11623.3     
"VA",1855,297,14591       
"VA",1855,298,1310.47     
"VA",1855,624,400000      
"VA",1855,631,15874.19    
"VA",1855,635,162591      
"VA",1856,141,13197.88    
"VA",1856,142,65394.88    
"VA",1856,145,252.68      
"VA",1856,148,39599.18    
"VA",1856,181,811172.55   
"VA",1856,190,498377.63   
"VA",1856,191,59824.64    
"VA",1856,192,11905.95    
"VA",1856,193,6438.2      
"VA",1856,221,44598.87    
"VA",1856,222,14637.49    
"VA",1856,223,1339.32     
"VA",1856,224,651.5       
"VA",1856,261,50562.55    
"VA",1856,266,1818.35     
"VA",1856,290,4005.63     
"VA",1856,291,132338.08   
"VA",1856,292,381358.55   
"VA",1856,293,3218470     
"VA",1856,294,26936.44    
"VA",1856,295,14292.28    
"VA",1856,297,15400       
"VA",1856,298,1365        
"VA",1856,624,277500      
"VA",1856,631,55336.18    
"VA",1856,632,63134       
"VA",1856,635,168000      
"VA",1857,131,14.04       
"VA",1857,141,25443.84    
"VA",1857,142,64428.5     
"VA",1857,143,943.25      
"VA",1857,145,501.4       
"VA",1857,148,55305.88    
"VA",1857,181,432044.3    
"VA",1857,190,2105142.05  
"VA",1857,191,93682       
"VA",1857,192,15626.41    
"VA",1857,193,7914.9      
"VA",1857,221,55501.68    
"VA",1857,222,15514.13    
"VA",1857,223,768.06      
"VA",1857,224,446.38      
"VA",1857,266,4965.94     
"VA",1857,290,4603.06     
"VA",1857,291,127876.17   
"VA",1857,292,394349.71   
"VA",1857,293,1816056     
"VA",1857,294,16051.9     
"VA",1857,295,29409       
"VA",1857,297,36090       
"VA",1857,298,1280        
"VA",1857,299,113671.42   
"VA",1857,631,110580.1    
"VA",1857,635,130000      
"VA",1858,123,124214.87   
"VA",1858,141,42192.73    
"VA",1858,142,74799.63    
"VA",1858,143,1418.67     
"VA",1858,145,466.05      
"VA",1858,148,47519.14    
"VA",1858,181,332492.12   
"VA",1858,190,2287535.46  
"VA",1858,191,104829.06   
"VA",1858,192,18546.48    
"VA",1858,193,8365.34     
"VA",1858,221,59056.85    
"VA",1858,222,11425.44    
"VA",1858,223,719.82      
"VA",1858,224,387.88      
"VA",1858,254,2863.08     
"VA",1858,266,1268.47     
"VA",1858,290,2331.02     
"VA",1858,291,154793.35   
"VA",1858,292,295269.73   
"VA",1858,293,2672910.7   
"VA",1858,294,18655.16    
"VA",1858,295,19574.43    
"VA",1858,297,1141.35     
"VA",1858,298,1498.37     
"VA",1858,632,208721.06   
"VA",1858,635,170000      
"VA",1859,123,122872.56   
"VA",1859,141,45806.65    
"VA",1859,142,70212       
"VA",1859,143,1611.05     
"VA",1859,145,442.7       
"VA",1859,148,54130.13    
"VA",1859,181,387021.89   
"VA",1859,190,2327115.14  
"VA",1859,191,195790.09   
"VA",1859,192,17550.85    
"VA",1859,193,7335.21     
"VA",1859,221,88231.56    
"VA",1859,222,11487.35    
"VA",1859,223,395.98      
"VA",1859,224,1461.77     
"VA",1859,254,7613.14     
"VA",1859,262,9890.87     
"VA",1859,266,6141.15     
"VA",1859,290,3225.19     
"VA",1859,291,308962.02   
"VA",1859,292,437873.73   
"VA",1859,293,1851034.8   
"VA",1859,294,13812.19    
"VA",1859,295,22793.53    
"VA",1859,297,1600.19     
"VA",1859,298,1280        
"VA",1859,611,131359.68   
"VA",1859,625,106258.39   
"VA",1859,631,125000      
"VA",1859,635,420000      
"VA",1865,143,159.3       
"VA",1865,145,82.53       
"VA",1865,190,122025      
"VA",1865,192,1035.79     
"VA",1865,221,899.02      
"VA",1865,222,608.32      
"VA",1865,290,105.45      
"VA",1865,294,106.69      
"VA",1866,141,2881.38     
"VA",1866,142,84.99       
"VA",1866,143,2663.66     
"VA",1866,145,76.25       
"VA",1866,190,901685.26   
"VA",1866,191,22562.41    
"VA",1866,192,1085.63     
"VA",1866,221,2728        
"VA",1866,222,9.5         
"VA",1866,223,495.01      
"VA",1866,263,6364.08     
"VA",1866,266,1027.25     
"VA",1866,290,650.75      
"VA",1866,293,50000       
"VA",1866,294,1644.85     
"VA",1866,295,3373.24     
"VA",1866,296,1179.31     
"VA",1866,298,533         
"VA",1868,123,85391.53    
"VA",1868,141,85386.75    
"VA",1868,143,8958.92     
"VA",1868,145,267.13      
"VA",1868,148,22681.43    
"VA",1868,181,472389.31   
"VA",1868,190,944396.76   
"VA",1868,191,3589.19     
"VA",1868,192,2332.63     
"VA",1868,221,25770.11    
"VA",1868,222,3514.09     
"VA",1868,223,427.2       
"VA",1868,224,2           
"VA",1868,235,6128.62     
"VA",1868,264,89          
"VA",1868,266,5104.1      
"VA",1868,290,331.17      
"VA",1868,292,2041.55     
"VA",1868,293,279500      
"VA",1868,294,1439.65     
"VA",1868,295,43058.87    
"VA",1868,296,477.77      
"VA",1869,123,93668.95    
"VA",1869,141,56527.45    
"VA",1869,143,11372.75    
"VA",1869,148,8813.26     
"VA",1869,181,504281.35   
"VA",1869,190,934194.29   
"VA",1869,191,9326.9      
"VA",1869,192,2254.21     
"VA",1869,221,23223.75    
"VA",1869,222,2068.76     
"VA",1869,223,467.3       
"VA",1869,235,16022.11    
"VA",1869,263,10672       
"VA",1869,266,6628.2      
"VA",1869,290,432.15      
"VA",1869,292,1635.42     
"VA",1869,294,1016        
"VA",1869,295,732.72      
"VA",1869,296,8370.19     
"VA",1869,298,60691.92    
"VA",1870,123,83424.16    
"VA",1870,141,65433.9     
"VA",1870,143,9387.12     
"VA",1870,148,4429.05     
"VA",1870,181,292642.47   
"VA",1870,190,893416.53   
"VA",1870,191,11276.62    
"VA",1870,192,2833.96     
"VA",1870,221,28245.92    
"VA",1870,222,1382.04     
"VA",1870,223,520.35      
"VA",1870,263,2500        
"VA",1870,266,6843.16     
"VA",1870,290,530.26      
"VA",1870,292,1062.5      
"VA",1870,293,40000       
"VA",1870,294,1150.65     
"VA",1870,295,221.61      
"VA",1870,296,13591.47    
"VA",1870,298,70962.07    
"VA",1871,123,136628.74   
"VA",1871,141,2982.36     
"VA",1871,142,17027.23    
"VA",1871,143,11369.62    
"VA",1871,145,307.79      
"VA",1871,148,2319.83     
"VA",1871,181,152040.07   
"VA",1871,190,2197874.64  
"VA",1871,191,16801.19    
"VA",1871,192,4066.65     
"VA",1871,221,64398.69    
"VA",1871,222,2060.34     
"VA",1871,223,1392.32     
"VA",1871,224,46.53       
"VA",1871,236,16.38       
"VA",1871,261,3854.85     
"VA",1871,263,19395.19    
"VA",1871,266,5964.48     
"VA",1871,290,1040.49     
"VA",1871,291,30026.82    
"VA",1871,292,1050        
"VA",1871,293,30000       
"VA",1871,294,1469.82     
"VA",1871,296,20409.89    
"VA",1871,298,59308.05    
"VA",1872,122,357.08      
"VA",1872,123,16388.92    
"VA",1872,141,47530.85    
"VA",1872,142,17763.37    
"VA",1872,143,8920.44     
"VA",1872,145,8.33        
"VA",1872,181,31440.62    
"VA",1872,190,1779769.78  
"VA",1872,191,23960.18    
"VA",1872,192,5516.02     
"VA",1872,221,29934.74    
"VA",1872,222,1606.33     
"VA",1872,223,1026.01     
"VA",1872,224,2929.64     
"VA",1872,261,            
"VA",1872,266,9265.79     
"VA",1872,290,328.62      
"VA",1872,291,97523.09    
"VA",1872,292,987.5       
"VA",1872,293,13692.98    
"VA",1872,294,2243.04     
"VA",1872,296,17649.97    
"VA",1872,298,47829.04    
"VA",1873,140,6845        
"VA",1873,141,37561.07    
"VA",1873,142,28892.08    
"VA",1873,143,14378.83    
"VA",1873,145,912.49      
"VA",1873,181,7530        
"VA",1873,190,2043194.66  
"VA",1873,191,61142.84    
"VA",1873,192,6264.67     
"VA",1873,193,49707.28    
"VA",1873,221,24572.2     
"VA",1873,222,2643.43     
"VA",1873,223,1005.89     
"VA",1873,266,4714.95     
"VA",1873,290,656.72      
"VA",1873,291,47009.06    
"VA",1873,292,514.4       
"VA",1873,294,2868.16     
"VA",1873,296,37049.86    
"VA",1873,298,44481.93    
"VA",1873,999,208381.24   
"VA",1874,122,2849.78     
"VA",1874,141,18283.76    
"VA",1874,142,20760.71    
"VA",1874,143,22763.29    
"VA",1874,145,1355.99     
"VA",1874,146,200         
"VA",1874,181,11409       
"VA",1874,190,2199319.51  
"VA",1874,191,30702       
"VA",1874,192,7196.9      
"VA",1874,193,56153.64    
"VA",1874,221,36065.42    
"VA",1874,222,1597.82     
"VA",1874,223,1071.41     
"VA",1874,266,12240.59    
"VA",1874,290,1846.3      
"VA",1874,291,62341.27    
"VA",1874,292,171.6       
"VA",1874,294,28490.62    
"VA",1874,296,33677.66    
"VA",1874,298,30440.96    
"VA",1874,999,180000      
"VA",1875,122,8812.06     
"VA",1875,141,44550.35    
"VA",1875,142,27441.8     
"VA",1875,143,16528.63    
"VA",1875,145,535.89      
"VA",1875,181,11388.56    
"VA",1875,190,2199025.25  
"VA",1875,191,24148.8     
"VA",1875,192,6236.59     
"VA",1875,193,38361.87    
"VA",1875,220,1843.49     
"VA",1875,221,48361.48    
"VA",1875,222,2204.49     
"VA",1875,223,886.49      
"VA",1875,266,9292.04     
"VA",1875,290,4972.3      
"VA",1875,291,16363.23    
"VA",1875,293,130000      
"VA",1875,294,13886.44    
"VA",1875,296,38203.31    
"VA",1875,298,4746.98     
"VA",1876,122,39422.29    
"VA",1876,141,47161.8     
"VA",1876,142,35213.92    
"VA",1876,143,15313.95    
"VA",1876,145,1436.62     
"VA",1876,146,4310.72     
"VA",1876,181,6900.18     
"VA",1876,190,2360629.29  
"VA",1876,191,15051.29    
"VA",1876,192,6043.04     
"VA",1876,193,38858.46    
"VA",1876,220,1302.8      
"VA",1876,221,48173.1     
"VA",1876,222,6902.92     
"VA",1876,223,1136.08     
"VA",1876,224,8.41        
"VA",1876,266,14324.55    
"VA",1876,290,3734.01     
"VA",1876,291,1480.31     
"VA",1876,293,1106000     
"VA",1876,294,7886.13     
"VA",1876,296,27778.82    
"VA",1876,298,1751.1      
"VA",1877,122,4800        
"VA",1877,140,30.87       
"VA",1877,141,12946.24    
"VA",1877,142,27684.59    
"VA",1877,143,14157.92    
"VA",1877,145,1149.19     
"VA",1877,146,250         
"VA",1877,180,3680        
"VA",1877,181,12526.19    
"VA",1877,190,2264016.7   
"VA",1877,191,20222.07    
"VA",1877,192,7287.43     
"VA",1877,193,56982.27    
"VA",1877,220,805.75      
"VA",1877,221,38673.38    
"VA",1877,222,4143.41     
"VA",1877,223,923.64      
"VA",1877,224,83          
"VA",1877,253,2360.14     
"VA",1877,266,6650.9      
"VA",1877,290,1358.27     
"VA",1877,291,655.26      
"VA",1877,293,504000      
"VA",1877,294,4786.53     
"VA",1877,296,18345.95    
"VA",1877,298,867.47      
"VA",1878,122,8181.75     
"VA",1878,141,136773.14   
"VA",1878,142,29847.08    
"VA",1878,143,13363.21    
"VA",1878,145,1089.46     
"VA",1878,146,1306.94     
"VA",1878,180,115006.62   
"VA",1878,181,12227.65    
"VA",1878,190,2182448.15  
"VA",1878,191,5893.99     
"VA",1878,192,5862.09     
"VA",1878,193,66822.16    
"VA",1878,220,1621.05     
"VA",1878,221,47932.59    
"VA",1878,222,7659.06     
"VA",1878,223,1207.77     
"VA",1878,224,22          
"VA",1878,253,455.47      
"VA",1878,266,9411.6      
"VA",1878,290,812.49      
"VA",1878,291,731.85      
"VA",1878,293,359466.68   
"VA",1878,294,5860.5      
"VA",1878,296,5437.97     
"VA",1878,298,698.52      
"VA",1879,122,14665.38    
"VA",1879,123,897.34      
"VA",1879,141,66466.54    
"VA",1879,142,19412.63    
"VA",1879,143,10773.96    
"VA",1879,145,892.68      
"VA",1879,180,314085.96   
"VA",1879,181,12044.23    
"VA",1879,190,2048907.24  
"VA",1879,191,7713.53     
"VA",1879,192,5032.1      
"VA",1879,193,61513.16    
"VA",1879,220,1404.13     
"VA",1879,221,51406.02    
"VA",1879,222,10438.57    
"VA",1879,223,1492.32     
"VA",1879,224,140.75      
"VA",1879,253,243.07      
"VA",1879,266,8857.9      
"VA",1879,290,527.4       
"VA",1879,291,951.88      
"VA",1879,293,150000      
"VA",1879,294,6149.19     
"VA",1879,296,5326.32     
"VA",1879,298,556.86      
"VA",1880,121,285.56      
"VA",1880,122,5436.39     
"VA",1880,123,115.96      
"VA",1880,130,267.7       
"VA",1880,141,70330.34    
"VA",1880,142,24359.7     
"VA",1880,143,22937.78    
"VA",1880,144,279.13      
"VA",1880,145,881.52      
"VA",1880,146,1000        
"VA",1880,180,172747.45   
"VA",1880,190,2384613.23  
"VA",1880,191,31174.44    
"VA",1880,192,5674.61     
"VA",1880,193,46283.85    
"VA",1880,220,3891.57     
"VA",1880,221,60439.39    
"VA",1880,222,4943.38     
"VA",1880,223,1314.98     
"VA",1880,224,300         
"VA",1880,251,50.47       
"VA",1880,266,4475.68     
"VA",1880,290,961.47      
"VA",1880,291,3711.31     
"VA",1880,292,450         
"VA",1880,293,246375.01   
"VA",1880,294,10947.99    
"VA",1880,296,19159.26    
"VA",1880,298,353.19      
"VA",1881,120,7532.85     
"VA",1881,121,1360414.66  
"VA",1881,122,19408.59    
"VA",1881,123,159750.28   
"VA",1881,130,25524.13    
"VA",1881,141,24066.44    
"VA",1881,142,30793.87    
"VA",1881,143,12681.11    
"VA",1881,144,13512.79    
"VA",1881,145,321.86      
"VA",1881,180,647640.84   
"VA",1881,181,11862.76    
"VA",1881,190,103283.31   
"VA",1881,191,38002.31    
"VA",1881,192,4657.76     
"VA",1881,193,17919.96    
"VA",1881,220,993.19      
"VA",1881,221,49567.1     
"VA",1881,222,4345.43     
"VA",1881,223,2011.46     
"VA",1881,224,1370.25     
"VA",1881,241,2248        
"VA",1881,262,78.08       
"VA",1881,266,4022.5      
"VA",1881,290,615.75      
"VA",1881,291,11535.14    
"VA",1881,292,143         
"VA",1881,294,12369.89    
"VA",1881,296,49099.52    
"VA",1881,298,652.53      
"VA",1882,120,11337.42    
"VA",1882,121,1445320.3   
"VA",1882,122,9418.29     
"VA",1882,123,208392.62   
"VA",1882,130,26262.47    
"VA",1882,141,167689.94   
"VA",1882,142,14534.37    
"VA",1882,143,12574.21    
"VA",1882,144,            
"VA",1882,145,617.37      
"VA",1882,180,688447.18   
"VA",1882,181,12550.35    
"VA",1882,190,32515.9     
"VA",1882,191,38617.26    
"VA",1882,192,3926.7      
"VA",1882,193,4893.13     
"VA",1882,220,4605.65     
"VA",1882,221,53930.9     
"VA",1882,222,4344.78     
"VA",1882,223,1735.76     
"VA",1882,251,800         
"VA",1882,266,20614.7     
"VA",1882,290,5385.2      
"VA",1882,291,20497.4     
"VA",1882,292,13312.54    
"VA",1882,294,14091.88    
"VA",1882,296,24134.3     
"VA",1882,298,90592.9     
"VA",1882,999,403712.63   
"VA",1883,120,19020.75    
"VA",1883,121,1185565.32  
"VA",1883,122,20074.76    
"VA",1883,123,211446.43   
"VA",1883,130,36394.87    
"VA",1883,141,631168.92   
"VA",1883,142,301415.77   
"VA",1883,143,12707.44    
"VA",1883,144,352.59      
"VA",1883,145,591.89      
"VA",1883,146,2869.37     
"VA",1883,180,689683.04   
"VA",1883,181,10999.72    
"VA",1883,190,30626.16    
"VA",1883,191,20299.64    
"VA",1883,192,5634.15     
"VA",1883,193,68063.3     
"VA",1883,220,2514.78     
"VA",1883,221,40.36       
"VA",1883,222,5207.01     
"VA",1883,223,1332.81     
"VA",1883,251,            
"VA",1883,266,4762.9      
"VA",1883,290,859.45      
"VA",1883,291,52649.5     
"VA",1883,292,9356        
"VA",1883,294,9670.29     
"VA",1883,296,24110.85    
"VA",1883,298,506.9       
"VA",1883,999,475000      
"VA",1884,120,1793.27     
"VA",1884,121,1183660.19  
"VA",1884,122,28208.32    
"VA",1884,123,248334.68   
"VA",1884,130,36765.39    
"VA",1884,141,101453.99   
"VA",1884,142,27780.62    
"VA",1884,143,15860.78    
"VA",1884,144,1422.24     
"VA",1884,145,310.86      
"VA",1884,146,1082.63     
"VA",1884,180,870271.37   
"VA",1884,181,14015.49    
"VA",1884,190,32846.88    
"VA",1884,191,9276.26     
"VA",1884,192,4720.88     
"VA",1884,193,62981.7     
"VA",1884,220,2179.32     
"VA",1884,222,8922.85     
"VA",1884,223,1212.65     
"VA",1884,266,3907.36     
"VA",1884,290,5971.64     
"VA",1884,291,26874.91    
"VA",1884,292,30550       
"VA",1884,294,10739.39    
"VA",1884,296,18286.72    
"VA",1884,298,908.07      
"VA",1885,120,2114.01     
"VA",1885,121,1166874.59  
"VA",1885,122,2868.31     
"VA",1885,123,195778.06   
"VA",1885,130,24333.62    
"VA",1885,141,171444.34   
"VA",1885,142,45623.57    
"VA",1885,143,17472.91    
"VA",1885,144,69.5        
"VA",1885,145,2.25        
"VA",1885,146,4072.54     
"VA",1885,180,756737.43   
"VA",1885,181,14097.34    
"VA",1885,190,26229.11    
"VA",1885,191,1085.78     
"VA",1885,192,7280.12     
"VA",1885,193,131479.95   
"VA",1885,222,20048.33    
"VA",1885,223,894.2       
"VA",1885,251,1093        
"VA",1885,261,12959.75    
"VA",1885,266,5924.98     
"VA",1885,290,11733.51    
"VA",1885,291,11632.7     
"VA",1885,292,152.5       
"VA",1885,294,13413.71    
"VA",1885,296,24058.83    
"VA",1885,298,26628.34    
"VA",1886,120,879.47      
"VA",1886,121,1373028.63  
"VA",1886,123,241185.73   
"VA",1886,130,20698.42    
"VA",1886,141,134674.79   
"VA",1886,142,29187.34    
"VA",1886,143,16619.56    
"VA",1886,144,2277.97     
"VA",1886,145,302.62      
"VA",1886,146,4607.07     
"VA",1886,180,694722.72   
"VA",1886,181,14602.44    
"VA",1886,190,39034.67    
"VA",1886,191,24039.03    
"VA",1886,192,6535.03     
"VA",1886,193,82681.37    
"VA",1886,220,2486.32     
"VA",1886,222,15212.21    
"VA",1886,223,1290.99     
"VA",1886,224,7.62        
"VA",1886,261,668.48      
"VA",1886,262,990         
"VA",1886,266,2020.71     
"VA",1886,290,481.6       
"VA",1886,291,8945.07     
"VA",1886,294,6347.7      
"VA",1886,296,27000       
"VA",1886,298,22849       
"VA",1887,120,551.74      
"VA",1887,121,993754.62   
"VA",1887,123,159935.37   
"VA",1887,130,22041.33    
"VA",1887,141,282763.84   
"VA",1887,142,29971.08    
"VA",1887,143,17999.78    
"VA",1887,144,3711.33     
"VA",1887,145,235.4       
"VA",1887,146,3356.34     
"VA",1887,180,619046.01   
"VA",1887,181,14859.56    
"VA",1887,190,25299.82    
"VA",1887,191,48603.72    
"VA",1887,192,6339.02     
"VA",1887,193,76983.35    
"VA",1887,220,2701.75     
"VA",1887,222,14530.03    
"VA",1887,223,1477.37     
"VA",1887,224,1233.7      
"VA",1887,253,816         
"VA",1887,261,107248.16   
"VA",1887,262,60          
"VA",1887,264,1333.58     
"VA",1887,266,3424.5      
"VA",1887,290,8169.64     
"VA",1887,291,7460.85     
"VA",1887,294,60097.65    
"VA",1887,296,42000       
"VA",1887,298,13333.21    
"VA",1888,120,397.49      
"VA",1888,121,1439676.56  
"VA",1888,123,235774.75   
"VA",1888,130,16817.77    
"VA",1888,141,4974.96     
"VA",1888,142,30518.69    
"VA",1888,143,20569.98    
"VA",1888,144,1799.38     
"VA",1888,145,254.61      
"VA",1888,146,11774.24    
"VA",1888,180,569681.84   
"VA",1888,181,17074.45    
"VA",1888,190,31052.28    
"VA",1888,191,22002.4     
"VA",1888,192,4548.92     
"VA",1888,193,129101.92   
"VA",1888,220,2621.51     
"VA",1888,222,13606.94    
"VA",1888,223,1452.75     
"VA",1888,224,1371.31     
"VA",1888,261,37169.73    
"VA",1888,262,60          
"VA",1888,263,25500       
"VA",1888,265,6260        
"VA",1888,266,8545.97     
"VA",1888,290,7718.24     
"VA",1888,291,6340.79     
"VA",1888,294,25578.65    
"VA",1888,296,18398.2     
"VA",1888,298,14080.96    
"VA",1889,120,24425.06    
"VA",1889,121,1271082.53  
"VA",1889,123,219513.48   
"VA",1889,130,37643.29    
"VA",1889,141,146682.7    
"VA",1889,142,33187.48    
"VA",1889,143,23233.25    
"VA",1889,144,3754.23     
"VA",1889,145,233.07      
"VA",1889,146,2614.08     
"VA",1889,180,578829.88   
"VA",1889,181,16884.16    
"VA",1889,190,30943.65    
"VA",1889,191,15745.09    
"VA",1889,192,6099.54     
"VA",1889,193,109227.14   
"VA",1889,220,2816.79     
"VA",1889,222,18932.33    
"VA",1889,223,1557.23     
"VA",1889,224,3108.77     
"VA",1889,242,30          
"VA",1889,261,299.32      
"VA",1889,265,5960        
"VA",1889,266,600         
"VA",1889,290,420.65      
"VA",1889,291,4736.99     
"VA",1889,294,24714.54    
"VA",1889,296,16682.2     
"VA",1889,298,12564.56    
"VA",1890,120,643.94      
"VA",1890,121,1227907.44  
"VA",1890,123,199800.02   
"VA",1890,130,49486.22    
"VA",1890,141,197185.6    
"VA",1890,142,37558.89    
"VA",1890,143,25286.35    
"VA",1890,144,227.1       
"VA",1890,145,102.6       
"VA",1890,146,2793.53     
"VA",1890,180,531459.81   
"VA",1890,181,20915.61    
"VA",1890,190,26476.09    
"VA",1890,191,13486.16    
"VA",1890,192,5159.21     
"VA",1890,193,172613.27   
"VA",1890,220,3963.78     
"VA",1890,222,24641.31    
"VA",1890,223,35847.11    
"VA",1890,224,6182.52     
"VA",1890,253,10          
"VA",1890,261,10.62       
"VA",1890,263,216358.5    
"VA",1890,265,8300        
"VA",1890,266,641.15      
"VA",1890,269,39698.7     
"VA",1890,290,634.82      
"VA",1890,291,7156.26     
"VA",1890,292,354.25      
"VA",1890,294,19808.96    
"VA",1890,298,12817.53    
"VA",1891,120,791.13      
"VA",1891,121,1256175.39  
"VA",1891,123,210797.4    
"VA",1891,130,36805.73    
"VA",1891,141,191752.9    
"VA",1891,142,40086.69    
"VA",1891,143,31803.61    
"VA",1891,144,3298.26     
"VA",1891,145,410.62      
"VA",1891,146,5231.58     
"VA",1891,180,651412.59   
"VA",1891,181,21880.84    
"VA",1891,190,15747.82    
"VA",1891,191,10646.68    
"VA",1891,192,6171.87     
"VA",1891,193,178977.15   
"VA",1891,220,5912.25     
"VA",1891,222,23853.01    
"VA",1891,223,35007.94    
"VA",1891,224,5862.03     
"VA",1891,261,48039.86    
"VA",1891,265,7400        
"VA",1891,266,2855.17     
"VA",1891,290,254.87      
"VA",1891,291,13330.77    
"VA",1891,294,25177.4     
"VA",1891,296,58626.61    
"VA",1891,298,14114.83    
"VA",1892,120,725.72      
"VA",1892,121,1518691.73  
"VA",1892,123,228193.71   
"VA",1892,130,58409.59    
"VA",1892,141,215123.26   
"VA",1892,142,44211.27    
"VA",1892,143,37392.3     
"VA",1892,144,3060.69     
"VA",1892,145,114.28      
"VA",1892,146,5598.09     
"VA",1892,180,682331.27   
"VA",1892,181,22377.08    
"VA",1892,190,40945.44    
"VA",1892,191,12059.03    
"VA",1892,192,8366.55     
"VA",1892,193,153255.92   
"VA",1892,220,6259.54     
"VA",1892,222,19333.95    
"VA",1892,223,15962.75    
"VA",1892,224,6819.42     
"VA",1892,253,50          
"VA",1892,261,28.94       
"VA",1892,263,5645.85     
"VA",1892,265,8600        
"VA",1892,266,5639.63     
"VA",1892,290,445.61      
"VA",1892,291,21449.25    
"VA",1892,294,13821.19    
"VA",1892,296,137458.71   
"VA",1892,298,15186.04    
"VA",1893,120,765.29      
"VA",1893,121,1367768     
"VA",1893,123,243546.47   
"VA",1893,130,50853.76    
"VA",1893,141,140856.02   
"VA",1893,142,46579.37    
"VA",1893,143,40494.53    
"VA",1893,144,3146.28     
"VA",1893,145,142.08      
"VA",1893,146,5787.71     
"VA",1893,180,657720.93   
"VA",1893,181,25114.04    
"VA",1893,190,28285.58    
"VA",1893,191,122425.47   
"VA",1893,192,6851.66     
"VA",1893,193,105023.09   
"VA",1893,220,4117.26     
"VA",1893,222,20601.67    
"VA",1893,223,13601.5     
"VA",1893,224,5350.86     
"VA",1893,261,37038.17    
"VA",1893,264,15          
"VA",1893,265,8541.28     
"VA",1893,266,3439.44     
"VA",1893,269,166538.64   
"VA",1893,290,456.06      
"VA",1893,291,21739.79    
"VA",1893,294,22584.76    
"VA",1893,296,115427.55   
"VA",1893,298,32764.98    
"VA",1894,120,637.64      
"VA",1894,121,1352368.84  
"VA",1894,123,235991.73   
"VA",1894,130,45131.14    
"VA",1894,141,301085.49   
"VA",1894,142,42280.33    
"VA",1894,143,41332.86    
"VA",1894,144,6754.52     
"VA",1894,145,138.88      
"VA",1894,146,6812.23     
"VA",1894,180,552761.66   
"VA",1894,181,24627.1     
"VA",1894,190,42119.53    
"VA",1894,191,4282.44     
"VA",1894,192,6656.12     
"VA",1894,193,116046.1    
"VA",1894,220,4412.5      
"VA",1894,222,17957.84    
"VA",1894,223,14455       
"VA",1894,224,8788.97     
"VA",1894,261,20000       
"VA",1894,265,9480        
"VA",1894,266,4577.56     
"VA",1894,269,35459.56    
"VA",1894,290,3330        
"VA",1894,291,14142.1     
"VA",1894,294,17622.13    
"VA",1894,296,119294.31   
"VA",1894,298,34547.53    
"VA",1895,120,609.96      
"VA",1895,121,1438044.9   
"VA",1895,123,238809.55   
"VA",1895,130,44917.8     
"VA",1895,141,215640.89   
"VA",1895,142,42695.01    
"VA",1895,143,41474.39    
"VA",1895,144,3674.55     
"VA",1895,145,139.08      
"VA",1895,146,6372.72     
"VA",1895,180,693450.17   
"VA",1895,181,25307.49    
"VA",1895,190,22920.69    
"VA",1895,191,24703.11    
"VA",1895,192,4889.34     
"VA",1895,193,180903.5    
"VA",1895,220,1286.37     
"VA",1895,222,38435.74    
"VA",1895,223,9564        
"VA",1895,224,9362.28     
"VA",1895,261,21000       
"VA",1895,265,9114.8      
"VA",1895,266,9292.37     
"VA",1895,269,15225.75    
"VA",1895,290,1171.27     
"VA",1895,291,9561.01     
"VA",1895,294,47952.71    
"VA",1895,296,141868.46   
"VA",1895,298,34751.41    
"VA",1896,120,1037.71     
"VA",1896,121,1480790.18  
"VA",1896,122,2765.5      
"VA",1896,123,246685.36   
"VA",1896,130,41635.19    
"VA",1896,141,215435.39   
"VA",1896,142,39374.93    
"VA",1896,143,42549.75    
"VA",1896,144,3390.75     
"VA",1896,145,148.16      
"VA",1896,146,7069.24     
"VA",1896,180,694227.5    
"VA",1896,181,21795.77    
"VA",1896,190,42717.6     
"VA",1896,191,14668.06    
"VA",1896,192,5752.41     
"VA",1896,193,108307.18   
"VA",1896,220,1360.91     
"VA",1896,222,25807.35    
"VA",1896,223,16269.25    
"VA",1896,224,10186.72    
"VA",1896,261,22051.65    
"VA",1896,264,5.95        
"VA",1896,265,8892.67     
"VA",1896,266,4314.15     
"VA",1896,269,11517.57    
"VA",1896,290,10064.72    
"VA",1896,291,8017.16     
"VA",1896,293,201064.46   
"VA",1896,294,42439.8     
"VA",1896,296,137203.18   
"VA",1896,298,31687.74    
"VA",1897,120,3219.13     
"VA",1897,121,1383194.54  
"VA",1897,122,1732.95     
"VA",1897,123,236447.13   
"VA",1897,130,40764.07    
"VA",1897,141,219168.91   
"VA",1897,142,41813.47    
"VA",1897,143,43340.73    
"VA",1897,144,3606.42     
"VA",1897,145,160.96      
"VA",1897,146,7430.76     
"VA",1897,180,608433.81   
"VA",1897,181,23567.91    
"VA",1897,190,32969.82    
"VA",1897,191,15802.69    
"VA",1897,192,5502.74     
"VA",1897,193,136040.88   
"VA",1897,220,3599.49     
"VA",1897,222,22480.43    
"VA",1897,223,7823        
"VA",1897,224,7451.66     
"VA",1897,242,40          
"VA",1897,261,23005.58    
"VA",1897,264,10          
"VA",1897,265,9110        
"VA",1897,266,6044.21     
"VA",1897,269,2008.16     
"VA",1897,290,2147.64     
"VA",1897,291,9752.94     
"VA",1897,294,49768.96    
"VA",1897,296,154798.71   
"VA",1897,298,30017.85    
"VA",1898,120,4142.04     
"VA",1898,121,1423250.1   
"VA",1898,122,14268.22    
"VA",1898,123,245892.53   
"VA",1898,130,39909.27    
"VA",1898,141,224941.1    
"VA",1898,142,37360.14    
"VA",1898,143,45866.12    
"VA",1898,144,3256.98     
"VA",1898,145,153.48      
"VA",1898,146,4414.84     
"VA",1898,180,622341.09   
"VA",1898,181,32301.04    
"VA",1898,190,34040.31    
"VA",1898,191,19600.91    
"VA",1898,192,5371.08     
"VA",1898,193,79858.81    
"VA",1898,220,3960.42     
"VA",1898,222,24343.53    
"VA",1898,223,21442.5     
"VA",1898,224,7936.11     
"VA",1898,261,24000       
"VA",1898,264,50.4        
"VA",1898,265,7166.55     
"VA",1898,266,5701.48     
"VA",1898,269,2539.54     
"VA",1898,289,2270.57     
"VA",1898,290,5314.42     
"VA",1898,291,10362.9     
"VA",1898,294,88639.73    
"VA",1898,296,154180.36   
"VA",1898,298,35400.83    
"VA",1899,120,4166.91     
"VA",1899,121,1463233.4   
"VA",1899,122,67156.43    
"VA",1899,123,230063.35   
"VA",1899,130,42320.83    
"VA",1899,141,257120.83   
"VA",1899,142,38834.7     
"VA",1899,143,49631.82    
"VA",1899,144,8675.9      
"VA",1899,145,147.2       
"VA",1899,146,18072.362   
"VA",1899,180,638016.89   
"VA",1899,181,34109.65    
"VA",1899,190,25415.78    
"VA",1899,191,3258.42     
"VA",1899,192,4430.57     
"VA",1899,193,114972.41   
"VA",1899,220,3891.94     
"VA",1899,222,22758.75    
"VA",1899,223,27362.25    
"VA",1899,224,4175.63     
"VA",1899,236,2957.81     
"VA",1899,261,27000       
"VA",1899,263,60          
"VA",1899,264,53.75       
"VA",1899,265,6879        
"VA",1899,266,30179.95    
"VA",1899,269,1970.23     
"VA",1899,290,5553.81     
"VA",1899,291,15639.61    
"VA",1899,294,176091.37   
"VA",1899,296,151202.49   
"VA",1900,120,4600.22     
"VA",1900,121,1610512.08  
"VA",1900,122,21934.11    
"VA",1900,123,254401.61   
"VA",1900,130,44228.15    
"VA",1900,141,257260.02   
"VA",1900,142,44533.1     
"VA",1900,143,55625.02    
"VA",1900,144,3229.84     
"VA",1900,145,146.6       
"VA",1900,146,48906.89    
"VA",1900,180,760375.85   
"VA",1900,181,51512.36    
"VA",1900,190,34965.94    
"VA",1900,191,10027.45    
"VA",1900,192,4096.26     
"VA",1900,193,126111.12   
"VA",1900,220,4298.56     
"VA",1900,222,31833.45    
"VA",1900,223,66361.75    
"VA",1900,224,5204.74     
"VA",1900,261,25000       
"VA",1900,265,28366.21    
"VA",1900,266,4505.32     
"VA",1900,289,479.69      
"VA",1900,290,5866.95     
"VA",1900,291,17454.92    
"VA",1900,294,75467.81    
"VA",1900,296,141961.9    
"VA",1901,120,3764.84     
"VA",1901,121,1571405.74  
"VA",1901,122,28333.2     
"VA",1901,123,254819.99   
"VA",1901,130,46076.86    
"VA",1901,141,266523.61   
"VA",1901,142,47963.57    
"VA",1901,143,62581.66    
"VA",1901,144,3170.86     
"VA",1901,145,158.32      
"VA",1901,146,47451.6     
"VA",1901,180,714862.03   
"VA",1901,181,52223.01    
"VA",1901,190,19748.99    
"VA",1901,191,31803.51    
"VA",1901,192,3041.9      
"VA",1901,193,99079.96    
"VA",1901,220,4200.09     
"VA",1901,222,38087.31    
"VA",1901,223,40699.25    
"VA",1901,224,3607.13     
"VA",1901,261,25000       
"VA",1901,262,21          
"VA",1901,264,1480.48     
"VA",1901,265,23729.82    
"VA",1901,266,7091.52     
"VA",1901,275,850         
"VA",1901,290,14145.39    
"VA",1901,291,13840.73    
"VA",1901,294,54938.37    
"VA",1901,296,152428.12   
"VA",1901,298,27.532      
"VA",1902,120,5535.95     
"VA",1902,121,1610381.13  
"VA",1902,122,16266.43    
"VA",1902,123,256026.01   
"VA",1902,130,60020.26    
"VA",1902,141,290871.67   
"VA",1902,142,52447.92    
"VA",1902,143,68006.52    
"VA",1902,144,1756.94     
"VA",1902,145,163.72      
"VA",1902,146,56188.44    
"VA",1902,180,713914.29   
"VA",1902,181,56400.66    
"VA",1902,190,13621.36    
"VA",1902,191,11328.16    
"VA",1902,192,287.07      
"VA",1902,193,168282.13   
"VA",1902,220,11169.78    
"VA",1902,222,36596.44    
"VA",1902,223,62788.25    
"VA",1902,224,3510.56     
"VA",1902,242,266         
"VA",1902,261,25000       
"VA",1902,265,39795.97    
"VA",1902,266,3989.2      
"VA",1902,275,1506.19     
"VA",1902,290,33043.69    
"VA",1902,291,14114.7     
"VA",1902,293,1077.72     
"VA",1902,294,43367.51    
"VA",1902,296,137338.78   
"VA",1902,298,30          
"VA",1903,120,3996.37     
"VA",1903,121,1655417.32  
"VA",1903,122,19611.94    
"VA",1903,123,259041.19   
"VA",1903,130,36571.49    
"VA",1903,141,1268.33     
"VA",1903,142,74981.92    
"VA",1903,143,80776.98    
"VA",1903,144,1679.85     
"VA",1903,146,56983.93    
"VA",1903,180,876533.9    
"VA",1903,181,28310.56    
"VA",1903,190,33842.5     
"VA",1903,191,12410.55    
"VA",1903,192,77.17       
"VA",1903,193,136600.32   
"VA",1903,220,8044.22     
"VA",1903,222,48931.89    
"VA",1903,223,39280       
"VA",1903,224,3842.07     
"VA",1903,242,40          
"VA",1903,261,25449.31    
"VA",1903,265,26239.65    
"VA",1903,266,23397.15    
"VA",1903,275,5208.93     
"VA",1903,290,45141.29    
"VA",1903,294,35671.49    
"VA",1903,296,136156.93   
"VA",1904,120,4467.3      
"VA",1904,121,1510864.64  
"VA",1904,122,12796.92    
"VA",1904,123,363052.96   
"VA",1904,130,65098.74    
"VA",1904,140,80476.68    
"VA",1904,141,551541.98   
"VA",1904,142,158299.85   
"VA",1904,143,96714.02    
"VA",1904,144,2311.78     
"VA",1904,145,112.64      
"VA",1904,146,67700.76    
"VA",1904,180,842448.41   
"VA",1904,181,57085.32    
"VA",1904,190,36253.64    
"VA",1904,191,1956.99     
"VA",1904,193,148377.71   
"VA",1904,220,11445.41    
"VA",1904,222,49657.42    
"VA",1904,223,97993.05    
"VA",1904,224,3220.45     
"VA",1904,236,48066.24    
"VA",1904,261,28560.49    
"VA",1904,265,40016.95    
"VA",1904,266,7018.55     
"VA",1904,269,1926.88     
"VA",1904,275,4108.24     
"VA",1904,290,27049.98    
"VA",1904,291,16169.44    
"VA",1904,294,29410.68    
"VA",1904,296,118781.57   
"VA",1904,298,200         
"VA",1905,120,7765.38     
"VA",1905,121,1505194.95  
"VA",1905,122,20214.77    
"VA",1905,123,396589.06   
"VA",1905,130,71167.07    
"VA",1905,140,80175       
"VA",1905,141,621603.05   
"VA",1905,142,92239.31    
"VA",1905,143,103536.86   
"VA",1905,144,5356.21     
"VA",1905,146,69012.18    
"VA",1905,180,885196.33   
"VA",1905,181,54707.63    
"VA",1905,190,29104.04    
"VA",1905,191,2704.43     
"VA",1905,193,133810.52   
"VA",1905,220,9931.82     
"VA",1905,222,63571.64    
"VA",1905,223,65553.75    
"VA",1905,224,3401.7      
"VA",1905,236,46347.84    
"VA",1905,242,700.5       
"VA",1905,261,29088.35    
"VA",1905,265,43992.36    
"VA",1905,266,6942.18     
"VA",1905,269,1750.12     
"VA",1905,275,7827.01     
"VA",1905,290,31578.61    
"VA",1905,291,23764.63    
"VA",1905,294,51439.1     
"VA",1905,296,114928.25   
"VA",1905,298,9           
"VA",1906,120,5209.09     
"VA",1906,121,1509332.88  
"VA",1906,122,28741.58    
"VA",1906,123,424943.82   
"VA",1906,130,77106.54    
"VA",1906,132,450.33      
"VA",1906,140,93913.9     
"VA",1906,141,638536.71   
"VA",1906,142,104876.13   
"VA",1906,143,114880.68   
"VA",1906,144,4452.57     
"VA",1906,145,2128.75     
"VA",1906,146,73227.63    
"VA",1906,180,952956.11   
"VA",1906,181,59254.21    
"VA",1906,190,25660.33    
"VA",1906,191,12177.94    
"VA",1906,193,192776.722  
"VA",1906,220,11754.95    
"VA",1906,222,79533.36    
"VA",1906,223,86120.55    
"VA",1906,224,5731.78     
"VA",1906,236,47207.02    
"VA",1906,261,35499.49    
"VA",1906,265,40177.5     
"VA",1906,266,18489.33    
"VA",1906,269,3005.75     
"VA",1906,275,10302.07    
"VA",1906,290,27709.35    
"VA",1906,291,23633.37    
"VA",1906,294,40675.19    
"VA",1906,296,145504.19   
"VA",1906,298,1131.13     
"VA",1907,120,13721.7     
"VA",1907,121,1631985.28  
"VA",1907,122,23189.36    
"VA",1907,123,377219.44   
"VA",1907,130,95660.23    
"VA",1907,132,30.27       
"VA",1907,140,103710      
"VA",1907,141,713034.35   
"VA",1907,142,118545.4    
"VA",1907,143,125807.95   
"VA",1907,144,4577.32     
"VA",1907,145,149.95      
"VA",1907,146,97201.9     
"VA",1907,180,1017310.49  
"VA",1907,181,66778.71    
"VA",1907,190,24513.37    
"VA",1907,191,6430.62     
"VA",1907,193,226175.8    
"VA",1907,220,15310.66    
"VA",1907,222,93485.96    
"VA",1907,223,93536       
"VA",1907,224,6159.77     
"VA",1907,236,55207.01    
"VA",1907,261,38486.27    
"VA",1907,265,43291.18    
"VA",1907,266,19471.13    
"VA",1907,269,5282.26     
"VA",1907,275,10863.87    
"VA",1907,290,22966.79    
"VA",1907,291,21089.18    
"VA",1907,294,41403.03    
"VA",1907,296,136033.53   
"VA",1907,298,1837.5      
"VA",1908,120,9695.19     
"VA",1908,121,1791719.68  
"VA",1908,122,38397.28    
"VA",1908,123,421340.85   
"VA",1908,130,122047.09   
"VA",1908,132,717.23      
"VA",1908,140,105715      
"VA",1908,141,778944.26   
"VA",1908,142,129669.22   
"VA",1908,143,136433.39   
"VA",1908,144,6590.54     
"VA",1908,145,170.54      
"VA",1908,146,82246.08    
"VA",1908,180,1045663.1   
"VA",1908,181,69605.55    
"VA",1908,190,27843.09    
"VA",1908,191,3343.4      
"VA",1908,193,185255.39   
"VA",1908,220,11859.8     
"VA",1908,222,80362.64    
"VA",1908,223,73960.2     
"VA",1908,224,6960.46     
"VA",1908,236,55207.01    
"VA",1908,242,65          
"VA",1908,261,41325.21    
"VA",1908,265,47959.23    
"VA",1908,266,26522.23    
"VA",1908,268,75          
"VA",1908,269,6874.15     
"VA",1908,275,18202.23    
"VA",1908,290,14461.06    
"VA",1908,291,27737.08    
"VA",1908,294,25711.72    
"VA",1908,296,133936.01   
"VA",1909,120,14459.64    
"VA",1909,121,1778919.66  
"VA",1909,122,39421.91    
"VA",1909,123,408589.74   
"VA",1909,130,102810.5    
"VA",1909,140,106059      
"VA",1909,141,778583.8    
"VA",1909,142,127641.25   
"VA",1909,143,137405.58   
"VA",1909,144,7686.02     
"VA",1909,145,197.11      
"VA",1909,146,8854.29     
"VA",1909,180,983249.7    
"VA",1909,181,83402.67    
"VA",1909,190,29415.09    
"VA",1909,191,1871.64     
"VA",1909,193,224707.37   
"VA",1909,220,12502       
"VA",1909,222,73625.34    
"VA",1909,223,94341.17    
"VA",1909,224,5452.73     
"VA",1909,236,56457.02    
"VA",1909,242,7985.3      
"VA",1909,261,47099.01    
"VA",1909,265,71329.14    
"VA",1909,266,29392.83    
"VA",1909,269,14134.43    
"VA",1909,275,18545.13    
"VA",1909,290,22802.54    
"VA",1909,291,18070.81    
"VA",1909,293,95.47       
"VA",1909,294,27762.14    
"VA",1909,296,125946.79   
"VA",1909,298,77693.26    
