"DE",1795,3,16906.48   
"DE",1796,3,15908.14   
"DE",1797,3,16962.67   
"DE",1798,3,11342.12   
"DE",1799,3,14711.68   
"DE",1800,3,31320.38   
"DE",1801,3,14362.57   
"DE",1802,3,13546.11   
"DE",1803,3,26335.88   
"DE",1804,3,21385.88   
"DE",1805,3,11896.4    
"DE",1806,3,21761.72   
"DE",1807,3,23447.34   
"DE",1808,3,24373.33   
"DE",1809,3,31986.97   
"DE",1810,3,22805.95   
"DE",1811,3,26174.88   
"DE",1812,3,36738.22   
"DE",1813,3,77376.48   
"DE",1814,3,36275.58   
"DE",1815,3,24116.53   
"DE",1816,3,29375.29   
"DE",1817,3,27377.76   
"DE",1818,3,36073.01   
"DE",1819,3,19198.09   
"DE",1820,3,17474.12   
"DE",1821,3,14884.04   
"DE",1822,3,9539.32    
"DE",1823,3,15419.99   
"DE",1824,3,13352.45   
"DE",1825,3,9333.77    
"DE",1826,3,19708.65   
"DE",1827,3,14443.03   
"DE",1828,3,8512.2     
"DE",1829,3,20582.96   
"DE",1830,3,23669.4    
"DE",1831,3,16182.68   
"DE",1832,3,14692.1    
"DE",1833,3,15468.15   
"DE",1834,3,9215.24    
"DE",1836,3,17560.37   
"DE",1838,3,28608.29   
"DE",1840,3,29299.88   
"DE",1842,3,27424.56   
"DE",1844,3,36671.55   
"DE",1846,3,32500.85   
"DE",1848,3,30636.39   
"DE",1850,3,27879.89   
"DE",1851,3,37787.21   
"DE",1852,3,68592.19   
"DE",1854,3,64261.75   
"DE",1858,3,41927.67   
"DE",1862,3,40442.17   
"DE",1866,3,105818.84  
"DE",1872,3,231962.65  
"DE",1874,3,318003.99  
"DE",1876,3,72500.85   
"DE",1878,3,109244.46  
"DE",1880,3,82769.62   
"DE",1882,3,94259.24   
"DE",1887,3,397936.89  
"DE",1888,3,117234.66  
"DE",1889,3,254250.55  
"DE",1890,3,158697.46  
"DE",1891,3,570812.66  
"DE",1892,3,180655.26  
"DE",1893,3,300574.25  
"DE",1894,3,204831.45  
"DE",1895,3,256819.15  
"DE",1896,3,191726.25  
"DE",1897,3,458140.61  
"DE",1898,3,403806.43  
"DE",1899,3,471815.84  
"DE",1900,3,310368.76  
"DE",1901,3,423683.05  
"DE",1902,3,364740.35  
"DE",1903,3,446559.93  
"DE",1904,3,429546.6   
"DE",1905,3,453808.67  
"DE",1906,3,422240.57  
"DE",1907,3,562047.01  
"DE",1908,3,496991.79  
"DE",1909,3,683582.64  
"DE",1910,3,580057.49  
"DE",1911,3,655520.77  
"DE",1912,3,607065.99  
"DE",1913,3,704658.12  
"DE",1914,3,716653.13  
"DE",1915,3,798078.3   
"DE",1916,3,731588.71  
                       
"DE",1795,36,13343.86  
"DE",1795,39,3562.62   
"DE",1796,31,690       
"DE",1796,36,10538.37  
"DE",1796,39,4679.77   
"DE",1797,31,2400      
"DE",1797,35,4000      
"DE",1797,36,8354.1    
"DE",1797,39,2208.57   
"DE",1798,36,8856.54   
"DE",1798,39,2485.58   
"DE",1799,31,2201.25   
"DE",1799,36,10542.09  
"DE",1799,39,1968.34   
"DE",1800,31,1509.47   
"DE",1800,36,9434.33   
"DE",1800,39,4468.47   
"DE",1800,41,15908.11  
"DE",1801,31,2158.38   
"DE",1801,36,9433.28   
"DE",1801,39,768.41    
"DE",1801,41,2002.5    
"DE",1802,35,750       
"DE",1802,36,11098.93  
"DE",1802,39,615.84    
"DE",1802,41,1081.34   
"DE",1803,31,3249.04   
"DE",1803,36,10597.83  
"DE",1803,39,2487.51   
"DE",1803,41,10001.5   
"DE",1804,31,3027.5    
"DE",1804,36,9890.57   
"DE",1804,39,965.61    
"DE",1804,41,7502.2    
"DE",1805,31,1292.5    
"DE",1805,36,9892.96   
"DE",1805,39,710.94    
"DE",1806,31,3161.86   
"DE",1806,36,9946.38   
"DE",1806,39,650.98    
"DE",1806,41,8002.5    
"DE",1807,31,1668.16   
"DE",1807,36,13391.97  
"DE",1807,39,2387.21   
"DE",1807,41,6000      
"DE",1808,31,3700      
"DE",1808,36,12449.67  
"DE",1808,39,8223.66   
"DE",1809,31,1552.75   
"DE",1809,34,356.38    
"DE",1809,36,11212.79  
"DE",1809,39,865.05    
"DE",1809,41,18000     
"DE",1810,34,150       
"DE",1810,36,11767.23  
"DE",1810,39,904.58    
"DE",1810,41,9984.14   
"DE",1811,34,96.45     
"DE",1811,36,13203.79  
"DE",1811,39,869.64    
"DE",1811,41,12005     
"DE",1812,34,14175.13  
"DE",1812,36,13856     
"DE",1812,39,1742.09   
"DE",1812,41,6965      
"DE",1813,34,27783.75  
"DE",1813,36,14422.83  
"DE",1813,39,20309.9   
"DE",1813,40,600       
"DE",1813,41,14260     
"DE",1814,34,2960.22   
"DE",1814,36,14537.25  
"DE",1814,39,1328.11   
"DE",1814,40,1500      
"DE",1814,41,15950     
"DE",1815,34,51.5      
"DE",1815,36,14151.75  
"DE",1815,39,1129.95   
"DE",1815,41,8783.33   
"DE",1816,34,6328.04   
"DE",1816,36,16688.58  
"DE",1816,39,764       
"DE",1816,41,5594.67   
"DE",1817,34,2117.29   
"DE",1817,36,17180.45  
"DE",1817,39,2744.02   
"DE",1817,41,5336      
"DE",1818,34,747.78    
"DE",1818,36,13954.27  
"DE",1818,39,770.96    
"DE",1818,40,600       
"DE",1818,41,20000     
"DE",1819,34,1978.86   
"DE",1819,36,16925.45  
"DE",1819,39,293.78    
"DE",1820,34,70        
"DE",1820,36,16103.52  
"DE",1820,39,1300.6    
"DE",1821,34,90.25     
"DE",1821,36,14416.8   
"DE",1821,39,376.99    
"DE",1822,34,20        
"DE",1822,36,9369.84   
"DE",1822,39,149.48    
"DE",1823,31,2715.28   
"DE",1823,34,42        
"DE",1823,36,12453.56  
"DE",1823,39,209.15    
"DE",1824,36,12389.85  
"DE",1824,39,962.6     
"DE",1825,35,222.63    
"DE",1825,36,8120.4    
"DE",1825,39,630.74    
"DE",1825,40,360       
"DE",1826,36,12490.05  
"DE",1826,39,1204.6    
"DE",1826,41,6014      
"DE",1827,36,12648.7   
"DE",1827,39,1794.33   
"DE",1828,34,300       
"DE",1828,36,7973.1    
"DE",1828,39,239.1     
"DE",1829,34,300.98    
"DE",1829,36,16895.79  
"DE",1829,39,3386.19   
"DE",1830,36,9330.46   
"DE",1830,39,6045.66   
"DE",1830,41,8293.28   
"DE",1831,36,12278.44  
"DE",1831,39,3404.24   
"DE",1831,40,500       
"DE",1832,35,2         
"DE",1832,36,12178.8   
"DE",1832,39,2011.3    
"DE",1832,40,500       
"DE",1833,36,13202.21  
"DE",1833,39,1765.94   
"DE",1833,40,500       
"DE",1834,33,238.3     
"DE",1834,36,7919.01   
"DE",1834,39,557.93    
"DE",1834,40,500       
"DE",1836,33,476.39    
"DE",1836,36,10879.49  
"DE",1836,37,2000      
"DE",1836,39,3704.49   
"DE",1836,40,500       
"DE",1838,33,1500      
"DE",1838,36,10285.61  
"DE",1838,39,1362.51   
"DE",1838,40,15460.17  
"DE",1840,32,3343.9    
"DE",1840,36,9934.7    
"DE",1840,39,373.66    
"DE",1840,40,4847.62   
"DE",1840,41,10800     
"DE",1842,31,13103.69  
"DE",1842,32,3477.23   
"DE",1842,34,180       
"DE",1842,36,9282.49   
"DE",1842,39,1381.15   
"DE",1844,31,15834.02  
"DE",1844,32,4715.85   
"DE",1844,34,250       
"DE",1844,36,10140.51  
"DE",1844,39,5731.17   
"DE",1846,31,21047.6   
"DE",1846,36,11000.65  
"DE",1846,39,452.6     
"DE",1848,31,17009.53  
"DE",1848,36,9395.95   
"DE",1848,39,4230.91   
"DE",1850,31,15947.62  
"DE",1850,33,316.25    
"DE",1850,36,10278.04  
"DE",1850,39,1337.98   
"DE",1851,31,15049.62  
"DE",1851,36,22687.59  
"DE",1851,39,50        
"DE",1852,31,14147.62  
"DE",1852,33,11000     
"DE",1852,36,21772.07  
"DE",1852,37,6500      
"DE",1852,39,150       
"DE",1852,40,22.5      
"DE",1852,41,15000     
"DE",1854,31,15947.62  
"DE",1854,33,2000      
"DE",1854,36,9748.13   
"DE",1854,37,14500     
"DE",1854,39,66        
"DE",1854,41,22000     
"DE",1858,36,10427.67  
"DE",1858,37,11500     
"DE",1858,41,20000     
"DE",1862,31,475       
"DE",1862,33,750       
"DE",1862,35,600       
"DE",1862,36,17642.17  
"DE",1862,37,20300     
"DE",1862,39,675       
"DE",1866,34,400       
"DE",1866,36,28922.61  
"DE",1866,37,8430.28   
"DE",1866,39,513.24    
"DE",1866,41,67552.71  
"DE",1872,36,18363.73  
"DE",1872,37,1750      
"DE",1872,39,780.36    
"DE",1872,41,211068.56 
"DE",1874,31,7980      
"DE",1874,36,53412.1   
"DE",1874,39,520.44    
"DE",1874,41,256091.45 
"DE",1876,36,23280.85  
"DE",1876,39,6000      
"DE",1876,40,2490      
"DE",1876,41,40730     
"DE",1878,31,150       
"DE",1878,36,18470.71  
"DE",1878,39,1123.75   
"DE",1878,40,36500     
"DE",1878,41,53000     
"DE",1880,31,150       
"DE",1880,35,62.3      
"DE",1880,36,20186.11  
"DE",1880,39,841.21    
"DE",1880,40,31530     
"DE",1880,41,30000     
"DE",1882,31,3805.08   
"DE",1882,34,1200      
"DE",1882,35,328.75    
"DE",1882,36,25197.74  
"DE",1882,39,332.67    
"DE",1882,40,11895     
"DE",1882,41,51500     
"DE",1887,31,34867     
"DE",1887,34,13088.24  
"DE",1887,35,1651.3    
"DE",1887,36,65190.47  
"DE",1887,39,904.88    
"DE",1887,40,32235     
"DE",1887,41,250000    
"DE",1888,31,27509.5   
"DE",1888,32,400       
"DE",1888,33,2180      
"DE",1888,34,11187.79  
"DE",1888,35,1297.39   
"DE",1888,36,34078.51  
"DE",1888,39,996.47    
"DE",1888,40,39585     
"DE",1889,31,6780.85   
"DE",1889,34,17525     
"DE",1889,35,1425.33   
"DE",1889,36,113330.26 
"DE",1889,39,3591.61   
"DE",1889,40,36597.5   
"DE",1889,41,75000     
"DE",1890,31,15000     
"DE",1890,34,17388.03  
"DE",1890,35,1441.04   
"DE",1890,36,84345.79  
"DE",1890,39,2612.6    
"DE",1890,40,37910     
"DE",1891,31,33000     
"DE",1891,34,875       
"DE",1891,35,1009.7    
"DE",1891,36,217264.58 
"DE",1891,39,4065.88   
"DE",1891,40,37097.5   
"DE",1891,41,277500    
"DE",1892,31,18000     
"DE",1892,33,3196      
"DE",1892,34,875       
"DE",1892,35,833.85    
"DE",1892,36,122435.9  
"DE",1892,39,5629.51   
"DE",1892,40,29685     
"DE",1893,31,19000     
"DE",1893,34,20055.96  
"DE",1893,35,1137.6    
"DE",1893,36,73591.01  
"DE",1893,39,57104.68  
"DE",1893,40,29685     
"DE",1893,41,100000    
"DE",1894,31,20000     
"DE",1894,34,1228.7    
"DE",1894,35,838.41    
"DE",1894,36,49316.92  
"DE",1894,39,38762.42  
"DE",1894,40,29685     
"DE",1894,41,65000     
"DE",1895,31,28254.75  
"DE",1895,32,32367.14  
"DE",1895,33,110.82    
"DE",1895,34,5712.56   
"DE",1895,35,1567.04   
"DE",1895,36,64407.05  
"DE",1895,39,14102.29  
"DE",1895,40,30297.5   
"DE",1895,41,80000     
"DE",1896,31,28577.46  
"DE",1896,32,32000     
"DE",1896,33,164.41    
"DE",1896,34,3242.27   
"DE",1896,35,1301.74   
"DE",1896,36,46499.37  
"DE",1896,39,831       
"DE",1896,40,30910     
"DE",1896,41,48200     
"DE",1897,31,23000     
"DE",1897,34,1893.43   
"DE",1897,35,984.06    
"DE",1897,36,63122.03  
"DE",1897,39,118135.82 
"DE",1897,40,31005.27  
"DE",1897,41,220000    
"DE",1898,31,74125.82  
"DE",1898,32,49347.48  
"DE",1898,34,27645.74  
"DE",1898,35,1036.73   
"DE",1898,36,90728.45  
"DE",1898,39,34587.21  
"DE",1898,40,31335     
"DE",1898,41,95000     
"DE",1899,31,183440.13 
"DE",1899,32,44999.68  
"DE",1899,34,6884.05   
"DE",1899,35,2102.22   
"DE",1899,36,85234.55  
"DE",1899,39,30775.86  
"DE",1899,40,32111.92  
"DE",1899,41,86267.43  
"DE",1900,31,139379.22 
"DE",1900,32,45599.84  
"DE",1900,34,9800.45   
"DE",1900,35,4535      
"DE",1900,36,70655.17  
"DE",1900,37,4500      
"DE",1900,39,439.08    
"DE",1900,40,30460     
"DE",1900,41,5000      
"DE",1901,31,176292.19 
"DE",1901,32,80255.67  
"DE",1901,33,79.26     
"DE",1901,34,5292.1    
"DE",1901,35,8528.43   
"DE",1901,36,107290.16 
"DE",1901,37,6750      
"DE",1901,39,8335.24   
"DE",1901,40,30460     
"DE",1901,41,400       
"DE",1902,31,159091.32 
"DE",1902,32,63321.15  
"DE",1902,34,5294.43   
"DE",1902,35,4500      
"DE",1902,36,71199.71  
"DE",1902,37,1500      
"DE",1902,39,29373.74  
"DE",1902,40,30460     
"DE",1903,31,171479.61 
"DE",1903,32,64656.98  
"DE",1903,33,4835.05   
"DE",1903,34,13777.64  
"DE",1903,35,6332.54   
"DE",1903,36,119380.88 
"DE",1903,37,3500      
"DE",1903,39,32137.23  
"DE",1903,40,30460     
"DE",1904,31,38222.86  
"DE",1904,32,63698.83  
"DE",1904,33,18681.75  
"DE",1904,34,972.24    
"DE",1904,36,84944.16  
"DE",1904,39,181354.26 
"DE",1904,40,31072.5   
"DE",1904,41,10600     
"DE",1905,31,28038.68  
"DE",1905,32,68842.9   
"DE",1905,33,17767.65  
"DE",1905,34,50        
"DE",1905,35,46.75     
"DE",1905,36,103537.49 
"DE",1905,39,203525.2  
"DE",1905,40,32000     
"DE",1906,31,32797.25  
"DE",1906,32,73280     
"DE",1906,33,17737.16  
"DE",1906,35,1196      
"DE",1906,36,69220.75  
"DE",1906,39,197163.36 
"DE",1906,40,30846.05  
"DE",1907,31,177382.42 
"DE",1907,32,106876.97 
"DE",1907,33,24787.39  
"DE",1907,35,20250     
"DE",1907,36,109719.09 
"DE",1907,39,90024.04  
"DE",1907,40,33007.1   
"DE",1908,31,176057.17 
"DE",1908,32,92093.16  
"DE",1908,33,25858.9   
"DE",1908,36,74433.2   
"DE",1908,39,93092.26  
"DE",1908,40,35457.1   
"DE",1909,31,172000    
"DE",1909,32,90587.63  
"DE",1909,33,31206.45  
"DE",1909,34,15500     
"DE",1909,35,24160.55  
"DE",1909,36,113940.14 
"DE",1909,39,203020.77 
"DE",1909,40,33167.1   
"DE",1910,31,215136.22 
"DE",1910,32,89957.75  
"DE",1910,33,29271.75  
"DE",1910,34,18521.32  
"DE",1910,35,35830.02  
"DE",1910,36,153983.33 
"DE",1910,39,1500      
"DE",1910,40,35857.1   
"DE",1911,31,238799.04 
"DE",1911,32,112161.1  
"DE",1911,33,31982.86  
"DE",1911,34,22877.37  
"DE",1911,35,43933.49  
"DE",1911,36,165186.36 
"DE",1911,39,5311.27   
"DE",1911,40,35257.1   
"DE",1911,41,12.18     
"DE",1912,31,107677.81 
"DE",1912,32,222781.49 
"DE",1912,33,32000     
"DE",1912,34,32093.31  
"DE",1912,35,52333.76  
"DE",1912,36,119828.88 
"DE",1912,38,1500      
"DE",1912,39,2355.48   
"DE",1912,40,36457.1   
"DE",1912,41,38.16     
"DE",1913,31,291085.94 
"DE",1913,32,95679.22  
"DE",1913,33,31458.32  
"DE",1913,34,30870.83  
"DE",1913,35,45648.83  
"DE",1913,36,151670.44 
"DE",1913,39,22387.44  
"DE",1913,40,35857.1   
"DE",1914,31,305416.05 
"DE",1914,32,134659.99 
"DE",1914,33,31000     
"DE",1914,34,21476.5   
"DE",1914,35,49283.41  
"DE",1914,36,140143.71 
"DE",1914,39,14523.47  
"DE",1914,40,20150     
"DE",1915,31,340014.53 
"DE",1915,32,96213.78  
"DE",1915,33,27215.21  
"DE",1915,34,61972.6   
"DE",1915,35,54452.1   
"DE",1915,36,144733.78 
"DE",1915,39,36419.2   
"DE",1915,40,37057.1   
"DE",1916,31,338450.17 
"DE",1916,32,101285.23 
"DE",1916,33,27323.76  
"DE",1916,34,11505.51  
"DE",1916,35,70108.85  
"DE",1916,36,119853.94 
"DE",1916,39,24804.15  
"DE",1916,40,38257.1   
                       
"DE",1795,360,1283.12  
"DE",1795,361,4402.42  
"DE",1795,362,2233.32  
"DE",1795,363,5425     
"DE",1795,391,3562.62  
"DE",1796,311,690      
"DE",1796,361,3537.54  
"DE",1796,362,2325.83  
"DE",1796,363,4675     
"DE",1796,391,2079.77  
"DE",1796,399,2600     
"DE",1797,311,2400     
"DE",1797,351,4000     
"DE",1797,361,2454.1   
"DE",1797,362,1850     
"DE",1797,363,4050     
"DE",1797,391,1648.57  
"DE",1797,399,560      
"DE",1798,361,1873.21  
"DE",1798,362,1933.33  
"DE",1798,363,5050     
"DE",1798,391,2485.58  
"DE",1799,311,2201.25  
"DE",1799,361,2646.33  
"DE",1799,362,2939.59  
"DE",1799,363,4956.17  
"DE",1799,391,1968.34  
"DE",1800,311,1509.47  
"DE",1800,361,2379.09  
"DE",1800,362,2355.24  
"DE",1800,363,4700     
"DE",1800,391,3353.47  
"DE",1800,399,1115     
"DE",1800,415,15908.11 
"DE",1801,311,2158.38  
"DE",1801,361,2389.62  
"DE",1801,362,1818.66  
"DE",1801,363,5225     
"DE",1801,391,768.41   
"DE",1801,415,2002.5   
"DE",1802,351,750      
"DE",1802,361,3637.68  
"DE",1802,362,2862.51  
"DE",1802,363,4598.74  
"DE",1802,391,615.84   
"DE",1802,413,1081.34  
"DE",1803,311,3249.04  
"DE",1803,361,2431.18  
"DE",1803,362,2333.32  
"DE",1803,363,5833.33  
"DE",1803,391,1779.8   
"DE",1803,399,707.71   
"DE",1803,415,10001.5  
"DE",1804,311,3027.5   
"DE",1804,361,2657.25  
"DE",1804,362,2333.32  
"DE",1804,363,4900     
"DE",1804,391,965.61   
"DE",1804,413,500.95   
"DE",1804,415,7001.25  
"DE",1805,311,1292.5   
"DE",1805,361,2415.59  
"DE",1805,362,2327.37  
"DE",1805,363,5150     
"DE",1805,391,710.94   
"DE",1806,311,3161.86  
"DE",1806,361,2700.39  
"DE",1806,362,2033.32  
"DE",1806,363,5212.67  
"DE",1806,391,650.98   
"DE",1806,415,8002.5   
"DE",1807,311,1668.16  
"DE",1807,361,5608.65  
"DE",1807,362,2433.32  
"DE",1807,363,5350     
"DE",1807,391,2387.21  
"DE",1807,415,6000     
"DE",1808,311,3700     
"DE",1808,361,4947.11  
"DE",1808,362,2527.56  
"DE",1808,363,4975     
"DE",1808,391,1113.51  
"DE",1808,399,7110.15  
"DE",1809,311,1552.75  
"DE",1809,345,356.38   
"DE",1809,361,3854.47  
"DE",1809,362,2133.32  
"DE",1809,363,5225     
"DE",1809,391,865.05   
"DE",1809,415,18000    
"DE",1810,345,150      
"DE",1810,361,4181.08  
"DE",1810,362,2163.55  
"DE",1810,363,5422.6   
"DE",1810,391,904.58   
"DE",1810,415,9984.14  
"DE",1811,345,96.45    
"DE",1811,361,4674.01  
"DE",1811,362,2679.78  
"DE",1811,363,5850     
"DE",1811,391,869.64   
"DE",1811,415,12005    
"DE",1812,345,14175.13 
"DE",1812,361,6756.01  
"DE",1812,362,2249.99  
"DE",1812,363,4850     
"DE",1812,391,1727.69  
"DE",1812,399,14.4     
"DE",1812,415,6965     
"DE",1813,345,27783.75 
"DE",1813,361,6948.51  
"DE",1813,362,2249.32  
"DE",1813,363,5225     
"DE",1813,391,813.13   
"DE",1813,399,19496.77 
"DE",1813,400,600      
"DE",1813,415,14260    
"DE",1814,345,2960.22  
"DE",1814,361,6131.72  
"DE",1814,362,2511.09  
"DE",1814,363,5894.44  
"DE",1814,391,823.46   
"DE",1814,399,504.65   
"DE",1814,400,1500     
"DE",1814,415,15950    
"DE",1815,345,51.5     
"DE",1815,361,5585.43  
"DE",1815,362,2691.32  
"DE",1815,363,5875     
"DE",1815,391,438.46   
"DE",1815,399,691.49   
"DE",1815,413,8783.33  
"DE",1816,345,6328.04  
"DE",1816,361,7670.53  
"DE",1816,362,2483.32  
"DE",1816,363,6534.73  
"DE",1816,391,687.59   
"DE",1816,399,76.41    
"DE",1816,413,5594.67  
"DE",1817,345,2117.29  
"DE",1817,361,4855.38  
"DE",1817,362,2891.32  
"DE",1817,363,5500     
"DE",1817,369,3933.75  
"DE",1817,391,1139.83  
"DE",1817,399,1604.19  
"DE",1817,413,5336     
"DE",1818,345,747.78   
"DE",1818,361,5047.14  
"DE",1818,362,2383.32  
"DE",1818,363,4750     
"DE",1818,365,955.2    
"DE",1818,366,500      
"DE",1818,369,318.61   
"DE",1818,391,393.46   
"DE",1818,399,377.5    
"DE",1818,400,600      
"DE",1818,412,20000    
"DE",1819,345,1978.86  
"DE",1819,361,5684.15  
"DE",1819,362,2541.32  
"DE",1819,363,6000     
"DE",1819,369,2699.98  
"DE",1819,391,272.95   
"DE",1819,399,20.83    
"DE",1820,345,70       
"DE",1820,361,6397.57  
"DE",1820,362,1681.73  
"DE",1820,363,6306.23  
"DE",1820,369,1717.99  
"DE",1820,391,1300.6   
"DE",1821,345,90.25    
"DE",1821,361,5165.06  
"DE",1821,362,1715.93  
"DE",1821,363,6260.5   
"DE",1821,365,596.6    
"DE",1821,369,678.71   
"DE",1821,391,376.99   
"DE",1822,345,20       
"DE",1822,361,4766.83  
"DE",1822,362,2086.36  
"DE",1822,363,2375     
"DE",1822,365,117.65   
"DE",1822,369,24       
"DE",1822,391,149.48   
"DE",1823,311,2715.28  
"DE",1823,345,42       
"DE",1823,361,4356.53  
"DE",1823,362,2116.38  
"DE",1823,363,5750     
"DE",1823,365,230.65   
"DE",1823,391,209.15   
"DE",1824,361,4381.07  
"DE",1824,362,2998.88  
"DE",1824,363,4875     
"DE",1824,365,134.9    
"DE",1824,391,962.6    
"DE",1825,351,222.63   
"DE",1825,361,5175.99  
"DE",1825,362,1819.41  
"DE",1825,363,1125     
"DE",1825,391,630.74   
"DE",1825,400,360      
"DE",1826,361,4596.23  
"DE",1826,362,2233.32  
"DE",1826,363,5350     
"DE",1826,365,310.5    
"DE",1826,391,1204.6   
"DE",1826,415,6014     
"DE",1827,361,4687.91  
"DE",1827,362,1999.99  
"DE",1827,363,5725     
"DE",1827,365,235.8    
"DE",1827,391,1794.33  
"DE",1828,345,300      
"DE",1828,361,592.88   
"DE",1828,362,2283.32  
"DE",1828,363,5000     
"DE",1828,365,96.9     
"DE",1828,391,239.1    
"DE",1829,345,300.98   
"DE",1829,360,463.8    
"DE",1829,361,5733.09  
"DE",1829,362,2690.91  
"DE",1829,363,7350     
"DE",1829,365,172.99   
"DE",1829,367,485      
"DE",1829,391,202.12   
"DE",1829,399,3184.07  
"DE",1830,361,3231.01  
"DE",1830,362,1603.28  
"DE",1830,363,4014.72  
"DE",1830,365,481.45   
"DE",1830,391,6045.66  
"DE",1830,412,8293.28  
"DE",1831,361,3520.82  
"DE",1831,362,2333.32  
"DE",1831,363,5975     
"DE",1831,365,449.3    
"DE",1831,391,320.8    
"DE",1831,398,3083.44  
"DE",1831,400,500      
"DE",1832,351,2        
"DE",1832,361,4234     
"DE",1832,362,2133.32  
"DE",1832,363,5281.48  
"DE",1832,364,45       
"DE",1832,365,383.2    
"DE",1832,369,101.8    
"DE",1832,398,133      
"DE",1832,399,1878.3   
"DE",1832,400,500      
"DE",1833,361,4924.39  
"DE",1833,362,2315.52  
"DE",1833,363,5665     
"DE",1833,365,297.3    
"DE",1833,399,1765.94  
"DE",1833,400,500      
"DE",1834,334,238.3    
"DE",1834,361,138.57   
"DE",1834,362,1933.33  
"DE",1834,363,5650     
"DE",1834,365,197.11   
"DE",1834,399,557.93   
"DE",1834,400,500      
"DE",1836,334,476.39   
"DE",1836,361,1418.78  
"DE",1836,362,2192.51  
"DE",1836,363,4647.03  
"DE",1836,364,38.5     
"DE",1836,365,232.67   
"DE",1836,367,2350     
"DE",1836,371,2000     
"DE",1836,399,3704.49  
"DE",1836,400,500      
"DE",1838,336,1500     
"DE",1838,361,162.28   
"DE",1838,362,5850     
"DE",1838,363,1333.33  
"DE",1838,367,2940     
"DE",1838,391,1362.51  
"DE",1838,400,15460.17 
"DE",1840,321,3343.9   
"DE",1840,361,464.84   
"DE",1840,362,2233.33  
"DE",1840,363,6637.5   
"DE",1840,364,48       
"DE",1840,365,301.03   
"DE",1840,367,250      
"DE",1840,391,2.66     
"DE",1840,399,371      
"DE",1840,400,4847.62  
"DE",1840,415,10800    
"DE",1842,311,11703.69 
"DE",1842,313,1400     
"DE",1842,321,3477.23  
"DE",1842,345,180      
"DE",1842,361,223.63   
"DE",1842,362,2542.86  
"DE",1842,363,5887.5   
"DE",1842,366,100      
"DE",1842,367,528.5    
"DE",1842,399,1381.15  
"DE",1844,311,12557.13 
"DE",1844,313,3276.89  
"DE",1844,321,4715.85  
"DE",1844,345,250      
"DE",1844,361,177      
"DE",1844,362,2979.83  
"DE",1844,363,6773.61  
"DE",1844,364,10.07    
"DE",1844,367,200      
"DE",1844,399,5731.17  
"DE",1846,311,21047.6  
"DE",1846,361,216.84   
"DE",1846,362,2224.04  
"DE",1846,363,6737.5   
"DE",1846,365,1779.27  
"DE",1846,366,35       
"DE",1846,367,8        
"DE",1846,399,452.6    
"DE",1848,311,15947.62 
"DE",1848,313,1061.91  
"DE",1848,361,687.62   
"DE",1848,362,1733.33  
"DE",1848,363,5850     
"DE",1848,365,1125     
"DE",1848,399,4230.91  
"DE",1850,311,15947.62 
"DE",1850,336,316.25   
"DE",1850,361,866.75   
"DE",1850,362,1733.32  
"DE",1850,363,5850     
"DE",1850,365,1250     
"DE",1850,369,577.97   
"DE",1850,399,1337.98  
"DE",1851,311,15049.62 
"DE",1851,361,10491.39 
"DE",1851,362,1633.32  
"DE",1851,363,5850     
"DE",1851,365,1000     
"DE",1851,369,3712.88  
"DE",1851,399,50       
"DE",1852,311,14147.62 
"DE",1852,334,11000    
"DE",1852,361,8465.59  
"DE",1852,362,1733.32  
"DE",1852,363,5850     
"DE",1852,364,50.5     
"DE",1852,365,1000     
"DE",1852,369,4672.66  
"DE",1852,371,6500     
"DE",1852,399,150      
"DE",1852,400,22.5     
"DE",1852,412,10000    
"DE",1852,415,5000     
"DE",1854,311,15947.62 
"DE",1854,334,2000     
"DE",1854,361,453.08   
"DE",1854,362,1833.33  
"DE",1854,363,5762.5   
"DE",1854,365,1000     
"DE",1854,369,699.22   
"DE",1854,371,14500    
"DE",1854,399,66       
"DE",1854,412,22000    
"DE",1858,361,777.19   
"DE",1858,362,1783.33  
"DE",1858,363,6337.5   
"DE",1858,365,1375     
"DE",1858,369,154.65   
"DE",1858,371,11500    
"DE",1858,412,20000    
"DE",1862,311,175      
"DE",1862,313,300      
"DE",1862,334,750      
"DE",1862,351,600      
"DE",1862,361,6630.84  
"DE",1862,362,1733.33  
"DE",1862,363,6450     
"DE",1862,365,1000     
"DE",1862,369,1828     
"DE",1862,371,20300    
"DE",1862,399,675      
"DE",1866,343,400      
"DE",1866,361,10848.49 
"DE",1866,362,4666.59  
"DE",1866,363,10095.51 
"DE",1866,369,3312.02  
"DE",1866,371,8430.28  
"DE",1866,399,513.24   
"DE",1866,413,67552.71 
"DE",1872,361,1286.43  
"DE",1872,362,5600     
"DE",1872,363,11275    
"DE",1872,369,202.3    
"DE",1872,371,1750     
"DE",1872,399,780.36   
"DE",1872,415,211068.56
"DE",1874,313,7980     
"DE",1874,361,3311.65  
"DE",1874,362,9075     
"DE",1874,363,12000    
"DE",1874,367,21877.34 
"DE",1874,369,7148.11  
"DE",1874,399,520.44   
"DE",1874,415,256091.45
"DE",1876,361,1806.32  
"DE",1876,362,8802.44  
"DE",1876,363,12361.64 
"DE",1876,367,41.92    
"DE",1876,369,268.53   
"DE",1876,398,5000     
"DE",1876,399,1000     
"DE",1876,401,2490     
"DE",1876,415,40730    
"DE",1878,316,150      
"DE",1878,360,5462.5   
"DE",1878,361,2092.16  
"DE",1878,362,1500     
"DE",1878,363,9150     
"DE",1878,367,56.85    
"DE",1878,369,209.2    
"DE",1878,399,1123.75  
"DE",1878,400,1500     
"DE",1878,401,35000    
"DE",1878,415,53000    
"DE",1880,316,150      
"DE",1880,356,62.3     
"DE",1880,360,5687.5   
"DE",1880,361,1886.52  
"DE",1880,362,2000     
"DE",1880,363,10435    
"DE",1880,369,177.09   
"DE",1880,399,841.21   
"DE",1880,401,27540    
"DE",1880,402,3990     
"DE",1880,415,30000    
"DE",1882,311,3493.58  
"DE",1882,316,311.5    
"DE",1882,345,1200     
"DE",1882,351,194.5    
"DE",1882,356,134.25   
"DE",1882,360,6175     
"DE",1882,361,4387.43  
"DE",1882,362,2000     
"DE",1882,363,10275    
"DE",1882,364,741.71   
"DE",1882,365,40       
"DE",1882,367,309.9    
"DE",1882,369,1268.7   
"DE",1882,399,332.67   
"DE",1882,402,11895    
"DE",1882,415,51500    
"DE",1887,311,33750    
"DE",1887,316,925      
"DE",1887,317,192      
"DE",1887,345,500      
"DE",1887,346,12588.24 
"DE",1887,351,1473.3   
"DE",1887,356,178      
"DE",1887,360,363      
"DE",1887,361,31006.05 
"DE",1887,362,3900     
"DE",1887,363,16732.12 
"DE",1887,365,2911.5   
"DE",1887,366,520      
"DE",1887,367,200      
"DE",1887,369,9557.8   
"DE",1887,399,904.88   
"DE",1887,400,32235    
"DE",1887,415,250000   
"DE",1888,311,27000    
"DE",1888,316,375      
"DE",1888,317,134.5    
"DE",1888,321,400      
"DE",1888,334,2180     
"DE",1888,346,11187.79 
"DE",1888,351,763.75   
"DE",1888,356,533.64   
"DE",1888,360,9000     
"DE",1888,361,4257.38  
"DE",1888,362,2000     
"DE",1888,363,16195    
"DE",1888,369,2626.13  
"DE",1888,399,996.47   
"DE",1888,400,39585    
"DE",1889,311,6780.85  
"DE",1889,345,225      
"DE",1889,346,17300    
"DE",1889,351,573.5    
"DE",1889,356,851.83   
"DE",1889,360,9000     
"DE",1889,361,80097.31 
"DE",1889,362,1500     
"DE",1889,363,15925    
"DE",1889,366,1000     
"DE",1889,369,5807.95  
"DE",1889,399,3591.61  
"DE",1889,401,36597.5  
"DE",1889,415,75000    
"DE",1890,313,15000    
"DE",1890,345,750      
"DE",1890,346,16638.03 
"DE",1890,351,740.5    
"DE",1890,356,700.54   
"DE",1890,360,8704.16  
"DE",1890,361,53621.53 
"DE",1890,362,2000     
"DE",1890,363,16445    
"DE",1890,369,3575.1   
"DE",1890,391,375      
"DE",1890,399,2237.6   
"DE",1890,401,37910    
"DE",1891,313,33000    
"DE",1891,345,875      
"DE",1891,356,1009.7   
"DE",1891,360,13118.24 
"DE",1891,361,180732.88
"DE",1891,363,16945    
"DE",1891,365,418.56   
"DE",1891,369,6049.9   
"DE",1891,391,2000     
"DE",1891,399,2065.88  
"DE",1891,400,37097.5  
"DE",1891,415,277500   
"DE",1892,313,18000    
"DE",1892,334,3196     
"DE",1892,345,875      
"DE",1892,356,833.85   
"DE",1892,360,14745.5  
"DE",1892,361,75652.58 
"DE",1892,363,15841.12 
"DE",1892,364,2906.86  
"DE",1892,365,3429.68  
"DE",1892,369,9860.16  
"DE",1892,391,1475     
"DE",1892,399,4154.51  
"DE",1892,400,29685    
"DE",1893,313,19000    
"DE",1893,341,16780.96 
"DE",1893,343,2500     
"DE",1893,345,775      
"DE",1893,356,1137.6   
"DE",1893,360,12861.36 
"DE",1893,361,31488.53 
"DE",1893,363,16059.71 
"DE",1893,364,135.62   
"DE",1893,365,1069.12  
"DE",1893,366,1200     
"DE",1893,367,276.98   
"DE",1893,369,10499.69 
"DE",1893,391,2504.31  
"DE",1893,399,54600.37 
"DE",1893,400,29685    
"DE",1893,413,100000   
"DE",1894,313,20000    
"DE",1894,341,173.58   
"DE",1894,345,1055.12  
"DE",1894,356,838.41   
"DE",1894,360,12750    
"DE",1894,361,2325.4   
"DE",1894,363,21720    
"DE",1894,364,2376.75  
"DE",1894,365,257.56   
"DE",1894,367,86.53    
"DE",1894,369,9800.68  
"DE",1894,391,875      
"DE",1894,399,37887.42 
"DE",1894,400,29685    
"DE",1894,413,65000    
"DE",1895,311,1000     
"DE",1895,313,21000    
"DE",1895,316,6148.5   
"DE",1895,317,106.25   
"DE",1895,322,32367.14 
"DE",1895,336,110.82   
"DE",1895,341,312.56   
"DE",1895,345,5400     
"DE",1895,351,466.67   
"DE",1895,355,100      
"DE",1895,356,1000.37  
"DE",1895,360,13900.7  
"DE",1895,361,20045.96 
"DE",1895,362,1844.77  
"DE",1895,363,23117.21 
"DE",1895,364,685      
"DE",1895,365,223.93   
"DE",1895,367,1008     
"DE",1895,369,3581.48  
"DE",1895,399,14102.29 
"DE",1895,401,20892.5  
"DE",1895,402,9405     
"DE",1895,413,80000    
"DE",1896,311,1000     
"DE",1896,313,22600    
"DE",1896,316,4584.81  
"DE",1896,317,392.65   
"DE",1896,322,32000    
"DE",1896,336,164.41   
"DE",1896,341,242.27   
"DE",1896,345,3000     
"DE",1896,351,300      
"DE",1896,355,100      
"DE",1896,356,901.74   
"DE",1896,360,12885.54 
"DE",1896,361,3009.9   
"DE",1896,363,18509.86 
"DE",1896,364,2183.75  
"DE",1896,365,132.3    
"DE",1896,369,9778.02  
"DE",1896,399,831      
"DE",1896,401,21505    
"DE",1896,402,9405     
"DE",1896,413,48200    
"DE",1897,313,23000    
"DE",1897,341,63.75    
"DE",1897,345,525      
"DE",1897,346,1304.68  
"DE",1897,356,984.06   
"DE",1897,360,14200.84 
"DE",1897,361,24688.85 
"DE",1897,363,18582.77 
"DE",1897,364,588.13   
"DE",1897,369,5061.44  
"DE",1897,391,1600     
"DE",1897,398,32038.61 
"DE",1897,399,84497.21 
"DE",1897,400,31005.27 
"DE",1897,413,100000   
"DE",1897,415,120000   
"DE",1898,310,1175.82  
"DE",1898,311,48500    
"DE",1898,313,24450    
"DE",1898,321,4265.59  
"DE",1898,322,45081.89 
"DE",1898,341,296.47   
"DE",1898,345,600      
"DE",1898,346,26749.27 
"DE",1898,356,1036.73  
"DE",1898,360,16137.78 
"DE",1898,361,22662.81 
"DE",1898,363,28577.66 
"DE",1898,364,2470.96  
"DE",1898,369,20879.24 
"DE",1898,391,711.77   
"DE",1898,399,33875.44 
"DE",1898,400,31335    
"DE",1898,413,20000    
"DE",1898,415,75000    
"DE",1899,310,740.13   
"DE",1899,311,156750   
"DE",1899,313,25950    
"DE",1899,322,44999.68 
"DE",1899,341,300      
"DE",1899,345,750      
"DE",1899,346,5834.05  
"DE",1899,356,2102.22  
"DE",1899,360,18325    
"DE",1899,361,21994.65 
"DE",1899,363,35350    
"DE",1899,364,625      
"DE",1899,366,3000     
"DE",1899,369,5939.9   
"DE",1899,391,1227.43  
"DE",1899,399,29548.43 
"DE",1899,400,32111.92 
"DE",1899,413,86267.43 
"DE",1900,310,1314.25  
"DE",1900,311,108154.54
"DE",1900,313,26350    
"DE",1900,314,3102.43  
"DE",1900,316,250      
"DE",1900,317,208      
"DE",1900,322,45599.84 
"DE",1900,341,295.52   
"DE",1900,345,750      
"DE",1900,346,8754.93  
"DE",1900,351,1835     
"DE",1900,355,100      
"DE",1900,356,2600     
"DE",1900,360,17527.78 
"DE",1900,361,788.16   
"DE",1900,362,920      
"DE",1900,363,26100    
"DE",1900,364,2713.82  
"DE",1900,365,200      
"DE",1900,367,1000     
"DE",1900,369,21405.41 
"DE",1900,371,4500     
"DE",1900,399,439.08   
"DE",1900,400,16075    
"DE",1900,401,4980     
"DE",1900,402,9405     
"DE",1900,413,5000     
"DE",1901,310,1526.3   
"DE",1901,311,132765.89
"DE",1901,313,41600    
"DE",1901,316,100      
"DE",1901,317,300      
"DE",1901,321,9662.88  
"DE",1901,322,69267.79 
"DE",1901,325,1325     
"DE",1901,334,79.26    
"DE",1901,341,292.1    
"DE",1901,346,5000     
"DE",1901,351,3353.43  
"DE",1901,355,100      
"DE",1901,356,5075     
"DE",1901,360,18722.5  
"DE",1901,361,30027.39 
"DE",1901,362,3250     
"DE",1901,363,33700    
"DE",1901,364,183.41   
"DE",1901,366,11371.57 
"DE",1901,367,99       
"DE",1901,369,9936.29  
"DE",1901,371,6750     
"DE",1901,391,3444.12  
"DE",1901,398,1000     
"DE",1901,399,3891.12  
"DE",1901,400,30460    
"DE",1901,415,400      
"DE",1902,310,863.05   
"DE",1902,311,131828.27
"DE",1902,313,26400    
"DE",1902,321,7320.95  
"DE",1902,322,55250.2  
"DE",1902,325,750      
"DE",1902,341,294.43   
"DE",1902,346,5000     
"DE",1902,356,4500     
"DE",1902,360,20690    
"DE",1902,363,28033.34 
"DE",1902,364,3076.67  
"DE",1902,369,19399.7  
"DE",1902,371,1500     
"DE",1902,391,3701.18  
"DE",1902,398,1000     
"DE",1902,399,24672.56 
"DE",1902,400,30460    
"DE",1903,310,877.72   
"DE",1903,311,144401.89
"DE",1903,313,26200    
"DE",1903,321,6378.15  
"DE",1903,322,57078.83 
"DE",1903,325,1200     
"DE",1903,331,4835.05  
"DE",1903,341,246.55   
"DE",1903,346,13531.09 
"DE",1903,351,829.54   
"DE",1903,356,5503     
"DE",1903,360,52267.48 
"DE",1903,361,27665.04 
"DE",1903,363,1631.38  
"DE",1903,364,1499.89  
"DE",1903,365,3000     
"DE",1903,366,25745.14 
"DE",1903,369,7571.95  
"DE",1903,371,3500     
"DE",1903,391,4476.05  
"DE",1903,398,1000     
"DE",1903,399,26661.18 
"DE",1903,400,30460    
"DE",1904,310,1271.89  
"DE",1904,311,10750.97 
"DE",1904,313,26200    
"DE",1904,321,6700     
"DE",1904,322,56998.83 
"DE",1904,331,18681.75 
"DE",1904,341,422.24   
"DE",1904,343,550      
"DE",1904,360,53740    
"DE",1904,363,500      
"DE",1904,364,4048.71  
"DE",1904,365,3000     
"DE",1904,367,805.55   
"DE",1904,369,22849.9  
"DE",1904,391,5092.41  
"DE",1904,399,176261.85
"DE",1904,400,31072.5  
"DE",1904,412,10000    
"DE",1904,415,600      
"DE",1905,310,1330.8   
"DE",1905,313,25600    
"DE",1905,316,1107.88  
"DE",1905,321,6976.03  
"DE",1905,322,61866.87 
"DE",1905,331,17767.65 
"DE",1905,343,50       
"DE",1905,351,46.75    
"DE",1905,360,52975.93 
"DE",1905,361,26659.56 
"DE",1905,363,1500     
"DE",1905,365,3000     
"DE",1905,366,14492.9  
"DE",1905,369,4909.1   
"DE",1905,391,4675.36  
"DE",1905,399,198849.84
"DE",1905,400,32000    
"DE",1906,310,1561.17  
"DE",1906,311,4500     
"DE",1906,313,25600    
"DE",1906,316,1136.08  
"DE",1906,321,8000     
"DE",1906,322,65280    
"DE",1906,331,17737.16 
"DE",1906,351,1196     
"DE",1906,360,53966.67 
"DE",1906,361,1000     
"DE",1906,363,500      
"DE",1906,364,4033.14  
"DE",1906,365,3000     
"DE",1906,369,6720.94  
"DE",1906,391,4816.59  
"DE",1906,399,192346.77
"DE",1906,400,30846.05 
"DE",1907,310,2354.75  
"DE",1907,311,143354.06
"DE",1907,313,30600    
"DE",1907,316,1073.61  
"DE",1907,321,9737.51  
"DE",1907,322,97139.46 
"DE",1907,331,24787.39 
"DE",1907,351,20250    
"DE",1907,360,57503.3  
"DE",1907,361,34175.22 
"DE",1907,363,2300     
"DE",1907,364,3748.4   
"DE",1907,367,4992.17  
"DE",1907,369,7000     
"DE",1907,391,6977.75  
"DE",1907,399,83046.29 
"DE",1907,400,33007.1  
"DE",1908,311,139996.75
"DE",1908,313,35000    
"DE",1908,316,1060.42  
"DE",1908,321,7467.76  
"DE",1908,322,84625.4  
"DE",1908,331,25858.9  
"DE",1908,360,59789.54 
"DE",1908,361,1000     
"DE",1908,364,4102.89  
"DE",1908,369,9540.77  
"DE",1908,391,6520.05  
"DE",1908,398,20812.62 
"DE",1908,399,65759.59 
"DE",1908,400,35457.1  
"DE",1909,311,132000   
"DE",1909,313,40000    
"DE",1909,321,9881.54  
"DE",1909,322,80706.09 
"DE",1909,331,27271.45 
"DE",1909,334,3935     
"DE",1909,346,15500    
"DE",1909,351,10000    
"DE",1909,356,14160.55 
"DE",1909,360,65122.77 
"DE",1909,361,29079.54 
"DE",1909,366,8566.11  
"DE",1909,367,1343.9   
"DE",1909,369,9827.82  
"DE",1909,391,7840.19  
"DE",1909,399,195180.58
"DE",1909,400,33167.1  
"DE",1910,310,2949.67  
"DE",1910,311,157486.8 
"DE",1910,313,50600    
"DE",1910,314,30.65    
"DE",1910,316,2950     
"DE",1910,317,1119.1   
"DE",1910,321,11195.7  
"DE",1910,322,78287.05 
"DE",1910,325,475      
"DE",1910,331,29271.75 
"DE",1910,343,794.65   
"DE",1910,344,1026.67  
"DE",1910,345,16700    
"DE",1910,351,14646.09 
"DE",1910,356,21183.93 
"DE",1910,361,1000     
"DE",1910,362,12348    
"DE",1910,363,37717.65 
"DE",1910,364,18498.44 
"DE",1910,365,10331.27 
"DE",1910,367,60775.91 
"DE",1910,368,3898     
"DE",1910,369,9414.06  
"DE",1910,398,1000     
"DE",1910,399,500      
"DE",1910,400,20150    
"DE",1910,401,10727.1  
"DE",1910,402,4980     
"DE",1911,310,2500.23  
"DE",1911,311,166103.42
"DE",1911,313,61295    
"DE",1911,316,5527.41  
"DE",1911,317,3372.98  
"DE",1911,321,13638.68 
"DE",1911,322,94597.42 
"DE",1911,324,3000     
"DE",1911,325,925      
"DE",1911,331,31982.86 
"DE",1911,343,5166.93  
"DE",1911,344,1000     
"DE",1911,346,16710.44 
"DE",1911,351,20525.18 
"DE",1911,356,23408.31 
"DE",1911,361,40810.78 
"DE",1911,362,12794.74 
"DE",1911,363,38566.07 
"DE",1911,365,13762.16 
"DE",1911,367,42544.96 
"DE",1911,368,4222.32  
"DE",1911,369,12485.33 
"DE",1911,398,1000     
"DE",1911,399,4311.27  
"DE",1911,400,19550    
"DE",1911,402,15707.1  
"DE",1911,412,12.18    
"DE",1912,310,2501     
"DE",1912,311,41482.69 
"DE",1912,313,48100    
"DE",1912,314,10645.4  
"DE",1912,316,4948.72  
"DE",1912,321,135900   
"DE",1912,322,86106.49 
"DE",1912,325,775      
"DE",1912,331,32000    
"DE",1912,343,3.75     
"DE",1912,344,1000     
"DE",1912,345,15589.56 
"DE",1912,346,15500    
"DE",1912,351,20518.88 
"DE",1912,356,31814.88 
"DE",1912,361,1000     
"DE",1912,362,12909    
"DE",1912,363,42611.67 
"DE",1912,364,18596.95 
"DE",1912,365,13212.25 
"DE",1912,367,16494.43 
"DE",1912,368,4012.86  
"DE",1912,369,10991.72 
"DE",1912,381,1500     
"DE",1912,398,1038.82  
"DE",1912,399,1316.66  
"DE",1912,401,25730    
"DE",1912,402,10727.1  
"DE",1912,412,38.16    
"DE",1913,310,4379.71  
"DE",1913,311,168130.9 
"DE",1913,313,95800    
"DE",1913,314,11289.05 
"DE",1913,316,6657.11  
"DE",1913,317,4829.17  
"DE",1913,321,4497     
"DE",1913,322,87432.22 
"DE",1913,324,3000     
"DE",1913,325,750      
"DE",1913,331,31458.32 
"DE",1913,343,3097.78  
"DE",1913,344,2401.37  
"DE",1913,345,9871.68  
"DE",1913,346,15500    
"DE",1913,351,22624.35 
"DE",1913,356,23024.48 
"DE",1913,360,15289    
"DE",1913,361,40230.66 
"DE",1913,362,14653.21 
"DE",1913,363,43867.67 
"DE",1913,365,11500.35 
"DE",1913,367,5814.8   
"DE",1913,368,4302.31  
"DE",1913,369,16012.44 
"DE",1913,398,1000     
"DE",1913,399,21387.44 
"DE",1913,401,25130    
"DE",1913,402,10727.1  
"DE",1914,311,302419.04
"DE",1914,317,2997.01  
"DE",1914,321,134659.99
"DE",1914,331,31000    
"DE",1914,345,21476.5  
"DE",1914,351,20003.59 
"DE",1914,356,29279.82 
"DE",1914,361,11901.91 
"DE",1914,362,65422.96 
"DE",1914,363,43585.76 
"DE",1914,366,19233.08 
"DE",1914,399,14523.47 
"DE",1914,401,20150    
"DE",1915,310,12702.43 
"DE",1915,311,167064.22
"DE",1915,313,137368   
"DE",1915,314,11999.5  
"DE",1915,316,7907.5   
"DE",1915,317,2972.88  
"DE",1915,321,4400     
"DE",1915,322,91088.78 
"DE",1915,325,725      
"DE",1915,331,27215.21 
"DE",1915,343,27515    
"DE",1915,344,3787.5   
"DE",1915,345,30670.1  
"DE",1915,351,21537.73 
"DE",1915,356,32914.37 
"DE",1915,361,46874.73 
"DE",1915,362,15233.33 
"DE",1915,363,45269.56 
"DE",1915,365,11279.27 
"DE",1915,367,6376.89  
"DE",1915,368,4700     
"DE",1915,369,15000    
"DE",1915,398,1000     
"DE",1915,399,35419.2  
"DE",1915,401,26330    
"DE",1915,402,10727.1  
"DE",1916,310,6329.6   
"DE",1916,311,165190.09
"DE",1916,313,144534   
"DE",1916,314,11864.32 
"DE",1916,316,7457.5   
"DE",1916,317,3074.66  
"DE",1916,321,4389     
"DE",1916,322,96271.23 
"DE",1916,325,625      
"DE",1916,331,27323.76 
"DE",1916,343,7205.51  
"DE",1916,344,4300     
"DE",1916,351,22513.9  
"DE",1916,354,18810.37 
"DE",1916,356,28784.58 
"DE",1916,361,1000     
"DE",1916,362,15329.28 
"DE",1916,363,45356.51 
"DE",1916,365,11731.34 
"DE",1916,366,20095.22 
"DE",1916,367,9041.59  
"DE",1916,368,4300     
"DE",1916,369,13000    
"DE",1916,398,1000     
"DE",1916,399,23804.15 
"DE",1916,401,27530    
"DE",1916,402,10727.1  
