"KY",1818,1,180710.95   
"KY",1819,1,181248.1    
"KY",1820,1,175714.98   
"KY",1822,1,232446.67   
"KY",1823,1,191578.74   
"KY",1824,1,257122.97   
"KY",1825,1,312095.18   
"KY",1826,1,244725.01   
"KY",1827,1,230543.06   
"KY",1828,1,159176.11   
"KY",1829,1,154065.8    
"KY",1830,1,131133.36   
"KY",1831,1,185580.5    
"KY",1832,1,174141.06   
"KY",1833,1,154346.2    
"KY",1834,1,162008.68   
"KY",1835,1,158213.13   
"KY",1836,1,429526.39   
"KY",1837,1,3054659.55  
"KY",1838,1,883065.34   
"KY",1839,1,1431703.86  
"KY",1841,1,322425.94   
"KY",1842,1,429580.85   
"KY",1843,1,376943.05   
"KY",1844,1,325535.39   
"KY",1845,1,354694.16   
"KY",1846,1,644911.83   
"KY",1847,1,698066.72   
"KY",1849,1,708757.38   
"KY",1850,1,805369.37   
"KY",1851,1,961604.86   
"KY",1853,1,825856.24   
"KY",1854,1,979290.92   
"KY",1856,1,1182311.81  
"KY",1857,1,1277613.15  
"KY",1858,1,1420019.74  
"KY",1859,1,1386166.56  
"KY",1860,1,1634356.26  
"KY",1862,1,3643101.4   
"KY",1863,1,1667283.15  
"KY",1864,1,1770432.71  
"KY",1865,1,2296919.05  
"KY",1866,1,1974959.31  
"KY",1867,1,2793627.25  
"KY",1868,1,1482521.08  
"KY",1869,1,1824521.71  
"KY",1870,1,1236709.23  
"KY",1871,1,2477381.86  
"KY",1872,1,3232617.52  
"KY",1873,1,5829.3      
"KY",1874,1,2768733.5   
"KY",1875,1,2374862.55  
"KY",1876,1,312941.93   
"KY",1877,1,2363845.69  
"KY",1880,1,2244590.12  
"KY",1881,1,2327295.69  
"KY",1882,1,2121052.39  
"KY",1883,1,2567911.06  
"KY",1884,1,2455665.31  
"KY",1885,1,3171877.09  
"KY",1886,1,2980517.05  
"KY",1887,1,3227432.47  
"KY",1888,1,3569316.35  
"KY",1889,1,3941647.14  
"KY",1890,1,3396775.95  
"KY",1891,1,3652343.72  
"KY",1892,1,3858419.58  
"KY",1893,1,4064149.37  
"KY",1894,1,3979467.75  
"KY",1895,1,3864101.56  
"KY",1896,1,4486777.54  
"KY",1897,1,3828163.24  
"KY",1898,1,5013010.87  
"KY",1899,1,5016732.37  
"KY",1900,1,4592518.57  
"KY",1901,1,4491304.51  
"KY",1902,1,4309774.4   
"KY",1903,1,6009075.83  
"KY",1904,1,5066523.33  
"KY",1905,1,5384323.91  
"KY",1906,1,5503027.99  
"KY",1907,1,6176420.79  
"KY",1908,1,6354211.41  
"KY",1909,1,6838680.09  
"KY",1910,1,6657598.13  
"KY",1911,1,7254155.48  
"KY",1912,1,7278158.43  
"KY",1913,1,7666780.45  
"KY",1914,1,8205086.63  
"KY",1915,1,7853302.19  
"KY",1818,12,5669.24    
"KY",1818,14,5990.62    
"KY",1818,19,57844.01   
"KY",1818,22,11425.67   
"KY",1818,26,20.9       
"KY",1818,29,99760.51   
"KY",1819,12,4860.73    
"KY",1819,14,11729      
"KY",1819,19,57337.93   
"KY",1819,22,11741.11   
"KY",1819,26,18.05      
"KY",1819,29,95561.28   
"KY",1820,12,1137.11    
"KY",1820,14,10147.63   
"KY",1820,19,82157.64   
"KY",1820,22,12651.8    
"KY",1820,26,1.9        
"KY",1820,29,69618.9    
"KY",1822,12,2310.64    
"KY",1822,14,7708.5     
"KY",1822,19,75123.35   
"KY",1822,22,11046.22   
"KY",1822,29,136257.96  
"KY",1823,12,2752.71    
"KY",1823,14,9222       
"KY",1823,19,66628.17   
"KY",1823,22,10816.41   
"KY",1823,29,102159.45  
"KY",1824,12,3397.28    
"KY",1824,19,75711.03   
"KY",1824,22,12124.28   
"KY",1824,29,165890.38  
"KY",1825,12,9275.86    
"KY",1825,19,72176.54   
"KY",1825,22,11863.34   
"KY",1825,29,218779.44  
"KY",1826,12,2388.06    
"KY",1826,19,73387.64   
"KY",1826,22,11569.66   
"KY",1826,26,32.3       
"KY",1826,29,157347.35  
"KY",1827,12,2465.92    
"KY",1827,19,89985.8    
"KY",1827,22,14709.32   
"KY",1827,26,56.05      
"KY",1827,29,123325.97  
"KY",1828,12,2920.91    
"KY",1828,19,63058.32   
"KY",1828,22,13656.88   
"KY",1828,26,46         
"KY",1828,29,79494      
"KY",1829,12,2102.41    
"KY",1829,19,61396.05   
"KY",1829,22,11465.28   
"KY",1829,26,29.45      
"KY",1829,29,79072.61   
"KY",1830,12,2115.8     
"KY",1830,19,66309.38   
"KY",1830,22,12080.55   
"KY",1830,29,50627.63   
"KY",1831,12,2726.14    
"KY",1831,19,62351.44   
"KY",1831,22,43599.86   
"KY",1831,29,76903.06   
"KY",1832,12,1818.49    
"KY",1832,19,70598.82   
"KY",1832,22,12615.77   
"KY",1832,26,10.45      
"KY",1832,29,89097.53   
"KY",1833,12,2091.8     
"KY",1833,19,64758.58   
"KY",1833,22,18833.03   
"KY",1833,29,68662.79   
"KY",1834,12,1781.01    
"KY",1834,14,2875       
"KY",1834,19,74119.93   
"KY",1834,22,20288.97   
"KY",1834,29,62943.77   
"KY",1835,12,2295.16    
"KY",1835,19,124518.8   
"KY",1835,22,23793.99   
"KY",1835,29,7605.18    
"KY",1836,12,2958.87    
"KY",1836,19,139381.02  
"KY",1836,22,24871.7    
"KY",1836,27,1090.5     
"KY",1836,29,261224.3   
"KY",1837,12,2305.13    
"KY",1837,14,39836.37   
"KY",1837,19,171964.35  
"KY",1837,22,26231.8    
"KY",1837,23,1433757.39 
"KY",1837,27,8084.56    
"KY",1837,29,1372479.95 
"KY",1838,12,1742.44    
"KY",1838,14,42717.04   
"KY",1838,19,210527.07  
"KY",1838,22,33232.38   
"KY",1838,25,3006.99    
"KY",1838,29,591839.42  
"KY",1839,12,1910.17    
"KY",1839,14,14903.62   
"KY",1839,19,218363.53  
"KY",1839,22,41324.52   
"KY",1839,25,5846.82    
"KY",1839,27,779.55     
"KY",1839,29,1148575.65 
"KY",1841,12,2421.33    
"KY",1841,19,261898.98  
"KY",1841,22,50057.05   
"KY",1841,29,8048.58    
"KY",1842,12,2694.37    
"KY",1842,19,370842.05  
"KY",1842,22,54213.2    
"KY",1842,29,1831.23    
"KY",1843,12,1740.34    
"KY",1843,19,325413.88  
"KY",1843,22,47805.5    
"KY",1843,29,1983.33    
"KY",1844,12,2635.78    
"KY",1844,14,328.16     
"KY",1844,19,284084.45  
"KY",1844,22,36806.93   
"KY",1844,29,1680.07    
"KY",1845,12,1870.56    
"KY",1845,14,604.86     
"KY",1845,19,315413.35  
"KY",1845,22,34944.72   
"KY",1845,29,1860.67    
"KY",1846,12,1543.92    
"KY",1846,14,36869.35   
"KY",1846,19,348742.38  
"KY",1846,22,42102.94   
"KY",1846,25,65906.19   
"KY",1846,27,28697.65   
"KY",1846,29,121049.4   
"KY",1847,12,1297.27    
"KY",1847,14,36993.54   
"KY",1847,19,350838.39  
"KY",1847,22,42928.43   
"KY",1847,25,73597.73   
"KY",1847,27,30093.89   
"KY",1847,29,162317.47  
"KY",1849,12,874.6      
"KY",1849,14,37008.54   
"KY",1849,19,415112.42  
"KY",1849,22,43109.89   
"KY",1849,25,64736.06   
"KY",1849,27,34095.68   
"KY",1849,29,113820.19  
"KY",1850,12,1058.36    
"KY",1850,14,37396.57   
"KY",1850,18,8791.74    
"KY",1850,19,498727.57  
"KY",1850,22,41952.29   
"KY",1850,25,54820.55   
"KY",1850,26,42370.85   
"KY",1850,27,21679.57   
"KY",1850,29,98571.87   
"KY",1851,12,831.36     
"KY",1851,14,43288.39   
"KY",1851,18,11932.09   
"KY",1851,19,517575.25  
"KY",1851,22,44069.48   
"KY",1851,25,45621.88   
"KY",1851,27,28806.98   
"KY",1851,29,269479.43  
"KY",1853,12,1084.2     
"KY",1853,14,53774.09   
"KY",1853,18,16175.95   
"KY",1853,19,503083.75  
"KY",1853,22,47795.37   
"KY",1853,25,17027.18   
"KY",1853,27,33763.71   
"KY",1853,29,153151.99  
"KY",1854,12,723.3      
"KY",1854,14,64892.24   
"KY",1854,18,5923.95    
"KY",1854,19,595431.37  
"KY",1854,22,67668.05   
"KY",1854,25,26065.4    
"KY",1854,27,45297.9    
"KY",1854,29,173288.71  
"KY",1856,14,51158.16   
"KY",1856,19,762042.38  
"KY",1856,22,60837.08   
"KY",1856,25,41413.08   
"KY",1856,26,51241.66   
"KY",1856,27,8239.14    
"KY",1856,29,207380.31  
"KY",1857,14,62361.48   
"KY",1857,19,821933.6   
"KY",1857,22,61396.44   
"KY",1857,25,21205.23   
"KY",1857,27,33407.01   
"KY",1857,29,277309.39  
"KY",1858,12,364.2      
"KY",1858,14,65873.8    
"KY",1858,19,856454.03  
"KY",1858,22,60649.79   
"KY",1858,25,22013.89   
"KY",1858,27,32705.42   
"KY",1858,29,381958.61  
"KY",1859,12,543.18     
"KY",1859,14,75252.25   
"KY",1859,19,805641.47  
"KY",1859,22,65806.6    
"KY",1859,25,9771.23    
"KY",1859,27,29281.47   
"KY",1859,29,399870.36  
"KY",1860,12,380.98     
"KY",1860,14,72267.15   
"KY",1860,19,983352.05  
"KY",1860,22,63513.11   
"KY",1860,25,3935.56    
"KY",1860,26,60         
"KY",1860,27,37350.61   
"KY",1860,29,473496.8   
"KY",1862,12,311.54     
"KY",1862,14,75099.53   
"KY",1862,19,840813.22  
"KY",1862,22,135756.62  
"KY",1862,26,2383748.31 
"KY",1862,27,31253.64   
"KY",1862,29,176118.54  
"KY",1863,12,222.67     
"KY",1863,19,1147231.68 
"KY",1863,22,66670.73   
"KY",1863,26,428747.5   
"KY",1863,29,24410.57   
"KY",1864,12,269.39     
"KY",1864,19,1164998.12 
"KY",1864,22,61940.25   
"KY",1864,26,537886.79  
"KY",1864,29,5338.16    
"KY",1865,12,935.6      
"KY",1865,14,160084.76  
"KY",1865,19,1236335.75 
"KY",1865,22,77798.02   
"KY",1865,26,453802.61  
"KY",1865,29,367962.31  
"KY",1866,12,252.39     
"KY",1866,19,1335616.43 
"KY",1866,22,84386.94   
"KY",1866,26,526298.88  
"KY",1866,29,28404.67   
"KY",1867,12,278.86     
"KY",1867,14,198413.77  
"KY",1867,19,1408115.33 
"KY",1867,22,83408.97   
"KY",1867,25,6534       
"KY",1867,26,180457.73  
"KY",1867,27,22014.38   
"KY",1867,29,580643.77  
"KY",1867,99,313760.44  
"KY",1868,12,259.4      
"KY",1868,14,51031.07   
"KY",1868,19,1253853.58 
"KY",1868,22,140327.91  
"KY",1868,26,417        
"KY",1868,29,36632.12   
"KY",1869,12,115.89     
"KY",1869,14,195545.78  
"KY",1869,19,1131729.09 
"KY",1869,22,136378.22  
"KY",1869,25,7117.74    
"KY",1869,26,1008.65    
"KY",1869,27,33238.6    
"KY",1869,29,305079.26  
"KY",1869,99,14308.48   
"KY",1870,14,62462.48   
"KY",1870,18,71.25      
"KY",1870,19,1109909.44 
"KY",1870,22,9008.22    
"KY",1870,29,55257.84   
"KY",1871,14,241349.6   
"KY",1871,18,159        
"KY",1871,19,1730341.77 
"KY",1871,22,114492.97  
"KY",1871,25,10         
"KY",1871,26,28         
"KY",1871,27,18495.28   
"KY",1871,29,85895.89   
"KY",1871,99,286609.35  
"KY",1872,14,247138.09  
"KY",1872,19,1673919.3  
"KY",1872,22,134565.42  
"KY",1872,25,5.2        
"KY",1872,27,26260.21   
"KY",1872,29,625470.58  
"KY",1872,99,525258.72  
"KY",1873,14,5829.3     
"KY",1874,14,247879.54  
"KY",1874,19,1696520.8  
"KY",1874,22,115303.12  
"KY",1874,25,7.5        
"KY",1874,27,19703.09   
"KY",1874,29,689319.45  
"KY",1875,14,234274.74  
"KY",1875,19,1690937.22 
"KY",1875,22,124557.82  
"KY",1875,25,1500       
"KY",1875,26,268.45     
"KY",1875,27,83341.74   
"KY",1875,29,239982.58  
"KY",1876,14,24640.1    
"KY",1876,19,33651.07   
"KY",1876,22,181960.34  
"KY",1876,29,72690.42   
"KY",1877,14,399913.59  
"KY",1877,19,1535931.99 
"KY",1877,22,173640.16  
"KY",1877,25,102298.15  
"KY",1877,26,38.2       
"KY",1877,27,35920.7    
"KY",1877,29,116102.9   
"KY",1880,14,326911.52  
"KY",1880,18,2018.62    
"KY",1880,19,1353517.38 
"KY",1880,22,145545.06  
"KY",1880,25,3400       
"KY",1880,26,271.4      
"KY",1880,27,28289.1    
"KY",1880,29,384637.04  
"KY",1881,14,322871.73  
"KY",1881,18,4555.98    
"KY",1881,19,1566961.65 
"KY",1881,22,160601     
"KY",1881,26,31763.51   
"KY",1881,27,26138.5    
"KY",1881,29,214403.32  
"KY",1882,14,245510.8   
"KY",1882,19,1273092.85 
"KY",1882,22,108302.79  
"KY",1882,26,191119.26  
"KY",1882,27,15416.43   
"KY",1882,29,287610.26  
"KY",1883,14,331064.38  
"KY",1883,19,1672153.5  
"KY",1883,22,209120.36  
"KY",1883,26,166558.99  
"KY",1883,29,189013.83  
"KY",1884,14,342659.59  
"KY",1884,19,1676638.08 
"KY",1884,22,190483.32  
"KY",1884,26,18680.13   
"KY",1884,27,22370.05   
"KY",1884,29,204834.14  
"KY",1885,14,392444.21  
"KY",1885,19,1833144.72 
"KY",1885,22,239356.96  
"KY",1885,26,19975.75   
"KY",1885,27,17160.65   
"KY",1885,29,669794.8   
"KY",1886,14,477702.69  
"KY",1886,19,1912454.88 
"KY",1886,22,262184.09  
"KY",1886,26,101226.92  
"KY",1886,27,16780.27   
"KY",1886,29,210168.2   
"KY",1887,14,386717.33  
"KY",1887,19,1890936.7  
"KY",1887,22,281485.72  
"KY",1887,26,275590.73  
"KY",1887,27,26686.69   
"KY",1887,29,366015.3   
"KY",1888,14,407610.39  
"KY",1888,18,1250       
"KY",1888,19,2231050.32 
"KY",1888,22,376463.99  
"KY",1888,26,153088.79  
"KY",1888,27,23767.53   
"KY",1888,29,376085.33  
"KY",1889,14,530041.69  
"KY",1889,18,1750       
"KY",1889,19,2202324.23 
"KY",1889,22,623192.2   
"KY",1889,26,137384.96  
"KY",1889,27,29605.11   
"KY",1889,29,417348.95  
"KY",1890,14,563395.61  
"KY",1890,19,2221848.33 
"KY",1890,22,269011.04  
"KY",1890,26,49503.85   
"KY",1890,27,25998.83   
"KY",1890,29,267018.29  
"KY",1891,14,674572.29  
"KY",1891,18,750        
"KY",1891,19,2038598.46 
"KY",1891,22,482658.11  
"KY",1891,26,158004.97  
"KY",1891,27,23565.51   
"KY",1891,29,274194.38  
"KY",1892,14,572535.5   
"KY",1892,19,2128922.46 
"KY",1892,22,560834.54  
"KY",1892,25,98.8       
"KY",1892,26,198440.3   
"KY",1892,27,27168.86   
"KY",1892,29,370419.12  
"KY",1893,14,689601.39  
"KY",1893,19,2453104.55 
"KY",1893,22,551823.88  
"KY",1893,26,115051.96  
"KY",1893,27,25795.2    
"KY",1893,29,228772.39  
"KY",1894,14,652484.65  
"KY",1894,19,2381941.43 
"KY",1894,22,621102.04  
"KY",1894,26,179468.05  
"KY",1894,27,20140.77   
"KY",1894,29,124330.81  
"KY",1895,14,531129.34  
"KY",1895,19,2317877.43 
"KY",1895,22,595146.16  
"KY",1895,26,126334.12  
"KY",1895,27,18979.88   
"KY",1895,29,274634.63  
"KY",1896,14,853410.27  
"KY",1896,19,2299098.15 
"KY",1896,22,853401.9   
"KY",1896,26,270324.01  
"KY",1896,27,22766.56   
"KY",1896,29,187776.65  
"KY",1897,14,722696.94  
"KY",1897,19,2245573.53 
"KY",1897,22,641901.13  
"KY",1897,26,34169.43   
"KY",1897,27,17788.02   
"KY",1897,29,166034.19  
"KY",1898,14,673388.29  
"KY",1898,19,2766263.5  
"KY",1898,22,640455.88  
"KY",1898,26,38082.35   
"KY",1898,27,12156.36   
"KY",1898,29,882664.49  
"KY",1899,14,1029392.12 
"KY",1899,19,2882310.59 
"KY",1899,22,665677.83  
"KY",1899,26,29745.94   
"KY",1899,27,114301.14  
"KY",1899,29,295304.75  
"KY",1900,14,683404.41  
"KY",1900,19,2912734.48 
"KY",1900,22,677744.97  
"KY",1900,26,32113.76   
"KY",1900,27,3380.99    
"KY",1900,29,283139.96  
"KY",1901,14,718412.02  
"KY",1901,19,2708159.57 
"KY",1901,22,748786.13  
"KY",1901,26,50008.4    
"KY",1901,27,25834.29   
"KY",1901,29,240104.1   
"KY",1902,14,644300.9   
"KY",1902,19,2705411.77 
"KY",1902,22,717883.11  
"KY",1902,26,43592.99   
"KY",1902,27,3191.23    
"KY",1902,29,195394.4   
"KY",1903,14,677139.96  
"KY",1903,19,2960897.67 
"KY",1903,22,768460.6   
"KY",1903,26,59161.49   
"KY",1903,27,4046.68    
"KY",1903,29,1539369.43 
"KY",1904,14,820613.65  
"KY",1904,19,3093607.37 
"KY",1904,22,808250.09  
"KY",1904,26,56536.03   
"KY",1904,27,2748.09    
"KY",1904,29,284768.1   
"KY",1905,14,1002854.93 
"KY",1905,19,3219940.49 
"KY",1905,22,840031.95  
"KY",1905,26,64317.65   
"KY",1905,27,2838.94    
"KY",1905,29,254339.95  
"KY",1906,14,1000285.42 
"KY",1906,19,3294819.26 
"KY",1906,22,890220.2   
"KY",1906,26,50509.73   
"KY",1906,27,3373.8     
"KY",1906,29,263819.58  
"KY",1907,12,320.4      
"KY",1907,14,1324831.28 
"KY",1907,18,49748.88   
"KY",1907,19,3408440.52 
"KY",1907,22,1075864.48 
"KY",1907,26,59053.81   
"KY",1907,27,4388.41    
"KY",1907,29,253773.01  
"KY",1908,12,12904.8    
"KY",1908,14,1167362.65 
"KY",1908,18,54304.62   
"KY",1908,19,3704105.57 
"KY",1908,22,999304.61  
"KY",1908,26,80681.53   
"KY",1908,27,1401.46    
"KY",1908,29,334146.17  
"KY",1909,12,157524.93  
"KY",1909,14,1243933.9  
"KY",1909,18,76483.26   
"KY",1909,19,3934799.14 
"KY",1909,22,984868.62  
"KY",1909,26,81369.16   
"KY",1909,27,10305.28   
"KY",1909,29,349395.8   
"KY",1910,12,82470.63   
"KY",1910,14,1122047.75 
"KY",1910,18,84680.01   
"KY",1910,19,3882178.22 
"KY",1910,22,998950.93  
"KY",1910,26,79092.74   
"KY",1910,27,144.39     
"KY",1910,29,408033.46  
"KY",1911,12,106291.35  
"KY",1911,14,1185659.46 
"KY",1911,18,94664.63   
"KY",1911,19,4269205.78 
"KY",1911,22,1081998.83 
"KY",1911,26,110991.84  
"KY",1911,27,1873.91    
"KY",1911,29,403469.68  
"KY",1912,12,101577.28  
"KY",1912,14,977921.78  
"KY",1912,18,85847.37   
"KY",1912,19,4408610.83 
"KY",1912,22,1085115.67 
"KY",1912,26,100844.77  
"KY",1912,27,1443.09    
"KY",1912,29,516797.64  
"KY",1913,12,99224.16   
"KY",1913,14,1331223.76 
"KY",1913,18,96114.97   
"KY",1913,19,4337071.33 
"KY",1913,22,1110263.73 
"KY",1913,26,173949.64  
"KY",1913,27,174.54     
"KY",1913,29,498605.33  
"KY",1913,99,20152.99   
"KY",1914,12,80735.33   
"KY",1914,14,1609103.04 
"KY",1914,18,114694.13  
"KY",1914,19,4562825.98 
"KY",1914,22,1080249.19 
"KY",1914,26,204797.78  
"KY",1914,27,137.83     
"KY",1914,29,533400.9   
"KY",1914,99,19142.45   
"KY",1915,12,121433.55  
"KY",1915,14,1452096.26 
"KY",1915,18,125097.59  
"KY",1915,19,4447615.51 
"KY",1915,22,960414.02  
"KY",1915,26,150921.98  
"KY",1915,27,386.91     
"KY",1915,29,572502.24  
"KY",1915,99,22834.13   
"KY",1818,121,5669.24   
"KY",1818,142,5990.62   
"KY",1818,190,57844.01  
"KY",1818,221,10010.33  
"KY",1818,222,1415.34   
"KY",1818,266,20.9      
"KY",1818,290,220.34    
"KY",1818,291,785.9     
"KY",1818,292,45147.47  
"KY",1818,294,37431.24  
"KY",1818,296,16175.56  
"KY",1819,121,4860.73   
"KY",1819,142,11729     
"KY",1819,190,57337.93  
"KY",1819,221,11722.16  
"KY",1819,222,18.95     
"KY",1819,266,18.05     
"KY",1819,290,10191.37  
"KY",1819,292,37148.5   
"KY",1819,294,27221.83  
"KY",1819,296,20999.58  
"KY",1820,121,1137.11   
"KY",1820,142,10147.63  
"KY",1820,190,82157.64  
"KY",1820,221,11940.14  
"KY",1820,222,711.66    
"KY",1820,266,1.9       
"KY",1820,290,1247.12   
"KY",1820,292,37250.01  
"KY",1820,294,11940.32  
"KY",1820,296,19181.45  
"KY",1822,121,2310.64   
"KY",1822,142,7708.5    
"KY",1822,190,75123.35  
"KY",1822,221,11046.22  
"KY",1822,290,2075.21   
"KY",1822,292,26105.63  
"KY",1822,294,26120.29  
"KY",1822,296,20708.49  
"KY",1822,299,61248.34  
"KY",1823,121,2752.71   
"KY",1823,142,9222      
"KY",1823,190,66628.17  
"KY",1823,221,10816.41  
"KY",1823,290,257.22    
"KY",1823,292,14917.5   
"KY",1823,294,17853.92  
"KY",1823,296,22727.74  
"KY",1823,299,46403.07  
"KY",1824,121,3397.28   
"KY",1824,190,75711.03  
"KY",1824,221,12124.28  
"KY",1824,290,5564.44   
"KY",1824,292,11934     
"KY",1824,294,9008.29   
"KY",1824,296,12353.32  
"KY",1824,297,562.42    
"KY",1824,299,126467.91 
"KY",1825,121,9275.86   
"KY",1825,190,72176.54  
"KY",1825,221,11863.34  
"KY",1825,290,1704.96   
"KY",1825,294,27895.78  
"KY",1825,296,3689.99   
"KY",1825,299,185488.71 
"KY",1826,121,2388.06   
"KY",1826,190,73387.64  
"KY",1826,221,11569.66  
"KY",1826,266,32.3      
"KY",1826,290,13626.6   
"KY",1826,294,41009.83  
"KY",1826,296,5987.9    
"KY",1826,299,96723.02  
"KY",1827,121,2465.92   
"KY",1827,190,89985.8   
"KY",1827,221,14709.32  
"KY",1827,266,56.05     
"KY",1827,290,191.38    
"KY",1827,294,26327.92  
"KY",1827,296,1021.5    
"KY",1827,299,95785.17  
"KY",1828,121,2920.91   
"KY",1828,190,63058.32  
"KY",1828,221,13656.88  
"KY",1828,266,46        
"KY",1828,290,72.33     
"KY",1828,294,38357.83  
"KY",1828,296,742.57    
"KY",1828,299,40321.27  
"KY",1829,121,2102.41   
"KY",1829,190,61396.05  
"KY",1829,221,11465.28  
"KY",1829,266,29.45     
"KY",1829,290,96.44     
"KY",1829,294,26024.42  
"KY",1829,299,52951.75  
"KY",1830,121,2115.8    
"KY",1830,190,66309.38  
"KY",1830,221,12080.55  
"KY",1830,294,20404.16  
"KY",1830,296,92.53     
"KY",1830,299,30130.94  
"KY",1831,121,2726.14   
"KY",1831,190,62351.44  
"KY",1831,221,11483.76  
"KY",1831,224,32116.1   
"KY",1831,294,3046.42   
"KY",1831,296,79.99     
"KY",1831,299,73776.65  
"KY",1832,121,1818.49   
"KY",1832,190,70598.82  
"KY",1832,221,12569.94  
"KY",1832,227,45.83     
"KY",1832,266,10.45     
"KY",1832,294,36168.84  
"KY",1832,299,52928.69  
"KY",1833,121,2091.8    
"KY",1833,190,64758.58  
"KY",1833,221,18780.86  
"KY",1833,227,52.17     
"KY",1833,294,34090.07  
"KY",1833,299,34572.72  
"KY",1834,121,1781.01   
"KY",1834,142,2875      
"KY",1834,190,74119.93  
"KY",1834,221,20242.68  
"KY",1834,227,46.29     
"KY",1834,292,14917.5   
"KY",1834,294,41030.53  
"KY",1834,299,6995.74   
"KY",1835,121,2295.16   
"KY",1835,190,124518.8  
"KY",1835,221,23768.99  
"KY",1835,227,25        
"KY",1835,290,195.78    
"KY",1835,294,1409.4    
"KY",1835,296,6000      
"KY",1836,121,2958.87   
"KY",1836,190,139381.02 
"KY",1836,221,24815.63  
"KY",1836,227,56.07     
"KY",1836,273,1090.5    
"KY",1836,290,1025      
"KY",1836,291,1886.48   
"KY",1836,292,48145.82  
"KY",1836,293,210000    
"KY",1836,294,167       
"KY",1837,121,2305.13   
"KY",1837,142,39836.37  
"KY",1837,190,169864.35 
"KY",1837,193,2100      
"KY",1837,221,26129.8   
"KY",1837,227,102       
"KY",1837,235,1433757.39
"KY",1837,273,8084.56   
"KY",1837,290,212.5     
"KY",1837,292,125917.5  
"KY",1837,293,1245256.6 
"KY",1837,294,293.35    
"KY",1837,296,800       
"KY",1838,121,1742.44   
"KY",1838,142,42717.04  
"KY",1838,190,205783.62 
"KY",1838,193,4743.45   
"KY",1838,221,33061.51  
"KY",1838,227,170.87    
"KY",1838,251,3006.99   
"KY",1838,290,9.83      
"KY",1838,292,99983.52  
"KY",1838,293,491824.97 
"KY",1838,294,21.1      
"KY",1839,121,1910.17   
"KY",1839,142,14903.62  
"KY",1839,190,218363.53 
"KY",1839,221,39132.14  
"KY",1839,222,2092.22   
"KY",1839,227,100.16    
"KY",1839,251,5846.82   
"KY",1839,273,779.55    
"KY",1839,292,23467     
"KY",1839,293,1027210   
"KY",1839,294,30        
"KY",1839,298,1088.65   
"KY",1839,299,96780     
"KY",1841,121,2421.33   
"KY",1841,190,261898.98 
"KY",1841,221,46175.43  
"KY",1841,222,3725.01   
"KY",1841,227,156.61    
"KY",1841,290,313.64    
"KY",1841,293,6347.44   
"KY",1841,294,46.42     
"KY",1841,297,306.77    
"KY",1841,298,1034.31   
"KY",1842,121,2694.37   
"KY",1842,190,370842.05 
"KY",1842,221,47704.54  
"KY",1842,222,3723.5    
"KY",1842,227,2785.16   
"KY",1842,290,808.4     
"KY",1842,297,108.04    
"KY",1842,298,914.79    
"KY",1843,121,1740.34   
"KY",1843,190,325413.88 
"KY",1843,221,43782.16  
"KY",1843,222,3718.5    
"KY",1843,227,304.84    
"KY",1843,290,427.43    
"KY",1843,294,28        
"KY",1843,298,1527.9    
"KY",1844,121,2635.78   
"KY",1844,143,328.16    
"KY",1844,190,284084.45 
"KY",1844,221,35461.48  
"KY",1844,222,629.78    
"KY",1844,227,715.67    
"KY",1844,290,683.92    
"KY",1844,294,88.8      
"KY",1844,298,907.35    
"KY",1845,121,1870.56   
"KY",1845,143,604.86    
"KY",1845,190,315413.35 
"KY",1845,221,32183.43  
"KY",1845,222,510       
"KY",1845,227,2251.29   
"KY",1845,290,935.64    
"KY",1845,294,5         
"KY",1845,297,416.36    
"KY",1845,298,503.67    
"KY",1846,121,1543.92   
"KY",1846,142,35098     
"KY",1846,143,1771.35   
"KY",1846,190,348742.38 
"KY",1846,221,35625.39  
"KY",1846,222,2018.5    
"KY",1846,227,4459.05   
"KY",1846,253,45407.31  
"KY",1846,254,20498.88  
"KY",1846,273,28697.65  
"KY",1846,290,9273.77   
"KY",1846,292,94425.5   
"KY",1846,293,10050     
"KY",1846,298,1491.63   
"KY",1846,299,5808.5    
"KY",1847,121,1297.27   
"KY",1847,142,35094.5   
"KY",1847,143,1899.04   
"KY",1847,190,350838.39 
"KY",1847,221,36705.31  
"KY",1847,222,2018.5    
"KY",1847,227,4204.62   
"KY",1847,253,56597.73  
"KY",1847,254,17000     
"KY",1847,273,30093.89  
"KY",1847,290,503.55    
"KY",1847,292,86149     
"KY",1847,293,68105     
"KY",1847,294,27.85     
"KY",1847,296,900       
"KY",1847,297,320.84    
"KY",1847,298,3275.09   
"KY",1847,299,3036.14   
"KY",1849,121,874.6     
"KY",1849,142,35150     
"KY",1849,143,1858.54   
"KY",1849,190,415112.42 
"KY",1849,221,39900.77  
"KY",1849,222,1900      
"KY",1849,227,1309.12   
"KY",1849,253,50100.44  
"KY",1849,254,14635.62  
"KY",1849,273,34095.68  
"KY",1849,290,2796.26   
"KY",1849,292,106702.82 
"KY",1849,294,63.75     
"KY",1849,297,981.38    
"KY",1849,298,1875.98   
"KY",1849,299,1400      
"KY",1850,121,1058.36   
"KY",1850,142,35150     
"KY",1850,143,2246.57   
"KY",1850,181,8791.74   
"KY",1850,190,498727.57 
"KY",1850,221,38690.34  
"KY",1850,222,2186.94   
"KY",1850,227,1075.01   
"KY",1850,253,54820.55  
"KY",1850,261,42370.85  
"KY",1850,273,21679.57  
"KY",1850,290,2073.43   
"KY",1850,292,92579.1   
"KY",1850,294,72.77     
"KY",1850,296,600       
"KY",1850,297,542.05    
"KY",1850,298,1504.52   
"KY",1850,299,1200      
"KY",1851,121,831.36    
"KY",1851,142,39331.8   
"KY",1851,143,3956.59   
"KY",1851,181,11932.09  
"KY",1851,190,517575.25 
"KY",1851,221,41129.91  
"KY",1851,222,2060      
"KY",1851,227,879.57    
"KY",1851,253,45621.88  
"KY",1851,273,28806.98  
"KY",1851,290,1283.73   
"KY",1851,292,212873    
"KY",1851,293,50000     
"KY",1851,294,96.47     
"KY",1851,296,600       
"KY",1851,297,214.59    
"KY",1851,298,3116.64   
"KY",1851,299,1295      
"KY",1853,121,1084.2    
"KY",1853,141,1520.56   
"KY",1853,142,51802.67  
"KY",1853,143,450.86    
"KY",1853,181,16175.95  
"KY",1853,190,503083.75 
"KY",1853,221,44531.49  
"KY",1853,222,2200      
"KY",1853,227,1063.88   
"KY",1853,253,17027.18  
"KY",1853,273,33763.71  
"KY",1853,290,173.25    
"KY",1853,292,149784    
"KY",1853,294,3.5       
"KY",1853,296,600       
"KY",1853,297,1613.95   
"KY",1853,298,977.29    
"KY",1854,121,723.3     
"KY",1854,141,1675.63   
"KY",1854,142,59037.75  
"KY",1854,143,4178.86   
"KY",1854,181,5923.95   
"KY",1854,190,595431.37 
"KY",1854,221,64396.06  
"KY",1854,222,1569.37   
"KY",1854,223,1255      
"KY",1854,227,447.62    
"KY",1854,253,26065.4   
"KY",1854,273,45297.9   
"KY",1854,290,657.69    
"KY",1854,291,2150      
"KY",1854,292,166383    
"KY",1854,294,20        
"KY",1854,296,600       
"KY",1854,297,516.75    
"KY",1854,298,2961.27   
"KY",1856,141,1245.33   
"KY",1856,142,45432.87  
"KY",1856,143,4479.96   
"KY",1856,190,762042.38 
"KY",1856,221,57657.29  
"KY",1856,222,2200      
"KY",1856,223,495       
"KY",1856,227,484.79    
"KY",1856,251,31977.8   
"KY",1856,253,9435.28   
"KY",1856,261,51241.66  
"KY",1856,273,8239.14   
"KY",1856,290,2213.83   
"KY",1856,291,3010.55   
"KY",1856,292,198851    
"KY",1856,294,648.98    
"KY",1856,297,1293.14   
"KY",1856,298,1362.81   
"KY",1857,141,1468      
"KY",1857,142,56464.2   
"KY",1857,143,4429.28   
"KY",1857,190,821933.6  
"KY",1857,221,57944.73  
"KY",1857,222,2900      
"KY",1857,223,165       
"KY",1857,227,219.58    
"KY",1857,228,167.13    
"KY",1857,251,7205.23   
"KY",1857,253,14000     
"KY",1857,273,33407.01  
"KY",1857,290,3000.83   
"KY",1857,291,16128.9   
"KY",1857,292,189324.65 
"KY",1857,293,58900     
"KY",1857,294,836.66    
"KY",1857,296,7092.07   
"KY",1857,297,567.32    
"KY",1857,298,1458.96   
"KY",1858,121,364.2     
"KY",1858,141,1468      
"KY",1858,142,57461.18  
"KY",1858,143,6944.62   
"KY",1858,190,856454.03 
"KY",1858,221,56488.73  
"KY",1858,222,2866.65   
"KY",1858,227,772.59    
"KY",1858,228,521.82    
"KY",1858,253,22013.89  
"KY",1858,273,32705.42  
"KY",1858,290,3731.94   
"KY",1858,291,21179.32  
"KY",1858,292,240442    
"KY",1858,293,105965.14 
"KY",1858,294,10        
"KY",1858,296,6600      
"KY",1858,297,1999.78   
"KY",1858,298,2030.43   
"KY",1859,121,543.18    
"KY",1859,141,1472.25   
"KY",1859,142,67805.43  
"KY",1859,143,5974.57   
"KY",1859,190,805641.47 
"KY",1859,221,63202.73  
"KY",1859,223,55        
"KY",1859,227,2471.23   
"KY",1859,228,77.64     
"KY",1859,253,9771.23   
"KY",1859,273,29281.47  
"KY",1859,290,23989.31  
"KY",1859,291,27801.1   
"KY",1859,292,234083    
"KY",1859,293,98348     
"KY",1859,294,20.5      
"KY",1859,296,13633.45  
"KY",1859,297,98.11     
"KY",1859,298,1896.89   
"KY",1860,121,380.98    
"KY",1860,141,1472.75   
"KY",1860,142,62851.17  
"KY",1860,143,7943.23   
"KY",1860,190,983352.05 
"KY",1860,221,56921.14  
"KY",1860,222,2000      
"KY",1860,227,1548.62   
"KY",1860,228,3043.35   
"KY",1860,253,3935.56   
"KY",1860,261,60        
"KY",1860,273,37350.61  
"KY",1860,290,4673.66   
"KY",1860,291,21363.98  
"KY",1860,292,206841    
"KY",1860,293,238707.41 
"KY",1860,294,35.6      
"KY",1860,297,319.24    
"KY",1860,298,1555.91   
"KY",1862,121,311.54    
"KY",1862,142,74063.16  
"KY",1862,143,1036.37   
"KY",1862,190,840553.07 
"KY",1862,193,260.15    
"KY",1862,221,132403.75 
"KY",1862,222,2815.22   
"KY",1862,227,177.65    
"KY",1862,228,360       
"KY",1862,261,2         
"KY",1862,264,2383746.31
"KY",1862,273,31253.64  
"KY",1862,290,723.16    
"KY",1862,291,14635.83  
"KY",1862,292,122841    
"KY",1862,293,35228.97  
"KY",1862,298,2689.58   
"KY",1863,121,222.67    
"KY",1863,190,1133753.38
"KY",1863,193,13478.3   
"KY",1863,221,58639.97  
"KY",1863,222,8007.5    
"KY",1863,224,23.26     
"KY",1863,264,428747.5  
"KY",1863,290,19837.32  
"KY",1863,297,3109.29   
"KY",1863,298,1463.96   
"KY",1864,121,269.39    
"KY",1864,190,1155725.35
"KY",1864,193,9272.77   
"KY",1864,221,58540.25  
"KY",1864,222,3400      
"KY",1864,261,60        
"KY",1864,264,537826.79 
"KY",1864,290,1255.86   
"KY",1864,297,2379.79   
"KY",1864,298,1702.51   
"KY",1865,121,935.6     
"KY",1865,141,57917.12  
"KY",1865,142,20642.8   
"KY",1865,143,28187.83  
"KY",1865,145,51876.87  
"KY",1865,146,1460.14   
"KY",1865,190,1224864.29
"KY",1865,193,11471.46  
"KY",1865,221,73728.32  
"KY",1865,222,2700      
"KY",1865,227,1369.7    
"KY",1865,264,453802.61 
"KY",1865,290,16843.72  
"KY",1865,291,821.58    
"KY",1865,292,9839.36   
"KY",1865,294,1000      
"KY",1865,297,1347.43   
"KY",1865,298,2965.54   
"KY",1865,299,335144.68 
"KY",1866,121,252.39    
"KY",1866,190,1327007.34
"KY",1866,193,8609.09   
"KY",1866,221,81686.94  
"KY",1866,222,2700      
"KY",1866,261,140960    
"KY",1866,264,385338.88 
"KY",1866,290,5794.03   
"KY",1866,291,69.03     
"KY",1866,294,5         
"KY",1866,297,1824.25   
"KY",1866,298,20712.36  
"KY",1867,121,278.86    
"KY",1867,141,93131.92  
"KY",1867,142,55649.1   
"KY",1867,143,45034.3   
"KY",1867,145,3340      
"KY",1867,146,850       
"KY",1867,148,408.45    
"KY",1867,190,1358478.66
"KY",1867,193,49636.67  
"KY",1867,221,80637.68  
"KY",1867,222,2000      
"KY",1867,227,471.29    
"KY",1867,228,300       
"KY",1867,254,6534      
"KY",1867,261,24000     
"KY",1867,264,156457.73 
"KY",1867,273,22014.38  
"KY",1867,290,73656.82  
"KY",1867,291,47598.22  
"KY",1867,292,105794.83 
"KY",1867,293,5000      
"KY",1867,297,139.6     
"KY",1867,298,17204.3   
"KY",1867,299,331250    
"KY",1867,999,313760.44 
"KY",1868,121,259.4     
"KY",1868,141,21826.27  
"KY",1868,142,100       
"KY",1868,143,3789.37   
"KY",1868,144,3000      
"KY",1868,145,3333.69   
"KY",1868,146,13039.37  
"KY",1868,148,5942.37   
"KY",1868,190,1225295.78
"KY",1868,193,28557.8   
"KY",1868,221,92586.81  
"KY",1868,222,2700      
"KY",1868,224,45041.1   
"KY",1868,264,417       
"KY",1868,290,1846.92   
"KY",1868,293,5155      
"KY",1868,294,258       
"KY",1868,298,29372.2   
"KY",1869,121,115.89    
"KY",1869,141,38224.18  
"KY",1869,142,69748.95  
"KY",1869,143,69025.75  
"KY",1869,144,6000      
"KY",1869,145,924       
"KY",1869,146,4540.56   
"KY",1869,148,7082.34   
"KY",1869,190,1115096.33
"KY",1869,193,16632.76  
"KY",1869,221,124264.98 
"KY",1869,222,3848.84   
"KY",1869,227,8264.4    
"KY",1869,253,7117.74   
"KY",1869,264,1008.65   
"KY",1869,273,33238.6   
"KY",1869,290,35003.92  
"KY",1869,291,15090.79  
"KY",1869,292,72656.36  
"KY",1869,294,2203.76   
"KY",1869,298,19124.43  
"KY",1869,299,161000    
"KY",1869,999,14308.48  
"KY",1870,141,40483.19  
"KY",1870,143,6188.31   
"KY",1870,144,4500      
"KY",1870,145,1072      
"KY",1870,146,9107.76   
"KY",1870,148,1111.22   
"KY",1870,181,71.25     
"KY",1870,190,1096053.14
"KY",1870,193,13856.3   
"KY",1870,224,9008.22   
"KY",1870,290,12730.29  
"KY",1870,291,302.4     
"KY",1870,294,6236.1    
"KY",1870,298,35989.05  
"KY",1871,141,45467.53  
"KY",1871,142,83286.89  
"KY",1871,143,87670.79  
"KY",1871,144,4500      
"KY",1871,145,2748.77   
"KY",1871,146,13842.1   
"KY",1871,148,3833.52   
"KY",1871,181,159       
"KY",1871,190,1723346.87
"KY",1871,193,6994.9    
"KY",1871,221,110131.37 
"KY",1871,222,533.13    
"KY",1871,227,3828.47   
"KY",1871,251,10        
"KY",1871,264,28        
"KY",1871,273,18495.28  
"KY",1871,290,4755.47   
"KY",1871,291,6509.26   
"KY",1871,292,44858.24  
"KY",1871,293,12710     
"KY",1871,294,5795.74   
"KY",1871,298,11267.18  
"KY",1871,999,286609.35 
"KY",1872,141,53313.33  
"KY",1872,142,70795.75  
"KY",1872,143,89636.04  
"KY",1872,145,11709.5   
"KY",1872,146,16607.91  
"KY",1872,148,5075.56   
"KY",1872,190,1659321.28
"KY",1872,193,14485.87  
"KY",1872,196,112.15    
"KY",1872,221,130680.81 
"KY",1872,227,3884.61   
"KY",1872,251,5.2       
"KY",1872,273,26260.21  
"KY",1872,290,28916.92  
"KY",1872,291,5733.41   
"KY",1872,292,37307.24  
"KY",1872,293,203060    
"KY",1872,294,4801.24   
"KY",1872,296,9800      
"KY",1872,298,10483.77  
"KY",1872,299,325368    
"KY",1872,999,525258.72 
"KY",1873,142,2175.5    
"KY",1873,145,1000      
"KY",1873,146,2137.32   
"KY",1873,148,516.48    
"KY",1874,141,59935.15  
"KY",1874,142,69373.4   
"KY",1874,143,82532.28  
"KY",1874,144,4500      
"KY",1874,145,12000.05  
"KY",1874,146,16974.38  
"KY",1874,148,2564.28   
"KY",1874,190,1686169.01
"KY",1874,193,10351.79  
"KY",1874,221,115249.32 
"KY",1874,227,53.8      
"KY",1874,251,7.5       
"KY",1874,273,19703.09  
"KY",1874,290,132046.73 
"KY",1874,291,8914.25   
"KY",1874,292,3587.6    
"KY",1874,293,187150.78 
"KY",1874,294,4453.75   
"KY",1874,296,11145.84  
"KY",1874,298,10220.5   
"KY",1874,299,331800    
"KY",1875,141,63467.19  
"KY",1875,142,65885.66  
"KY",1875,143,72829.29  
"KY",1875,145,9560.47   
"KY",1875,146,19975.9   
"KY",1875,148,2556.23   
"KY",1875,190,1655613.35
"KY",1875,192,8710.42   
"KY",1875,193,26613.45  
"KY",1875,221,124236.02 
"KY",1875,228,321.8     
"KY",1875,253,1500      
"KY",1875,264,268.45    
"KY",1875,273,83341.74  
"KY",1875,290,129396.45 
"KY",1875,291,32526.75  
"KY",1875,292,17827.35  
"KY",1875,293,24675     
"KY",1875,294,7578.64   
"KY",1875,298,14109.69  
"KY",1875,299,13868.7   
"KY",1876,148,24640.1   
"KY",1876,193,33651.07  
"KY",1876,221,181922.34 
"KY",1876,228,38        
"KY",1876,290,45543.5   
"KY",1876,292,3654      
"KY",1876,298,23492.92  
"KY",1877,141,244760.52 
"KY",1877,142,101753.65 
"KY",1877,143,17669.28  
"KY",1877,145,2000      
"KY",1877,146,27248.99  
"KY",1877,148,6481.15   
"KY",1877,190,1480546.55
"KY",1877,193,55385.44  
"KY",1877,221,173640.16 
"KY",1877,251,1177.1    
"KY",1877,253,101121.05 
"KY",1877,260,36        
"KY",1877,264,2.2       
"KY",1877,273,35920.7   
"KY",1877,290,50528.89  
"KY",1877,291,16885.76  
"KY",1877,292,7833      
"KY",1877,294,3470.48   
"KY",1877,296,11801.12  
"KY",1877,298,25583.65  
"KY",1880,141,125013.77 
"KY",1880,142,96891.85  
"KY",1880,143,62219.04  
"KY",1880,145,2025.31   
"KY",1880,146,33558.17  
"KY",1880,148,7203.38   
"KY",1880,181,2018.62   
"KY",1880,190,1352736.79
"KY",1880,193,780.59    
"KY",1880,221,145251.11 
"KY",1880,222,8.45      
"KY",1880,228,285.5     
"KY",1880,253,3400      
"KY",1880,264,271.4     
"KY",1880,273,28289.1   
"KY",1880,290,31592.2   
"KY",1880,292,2233      
"KY",1880,293,300000    
"KY",1880,294,5527.68   
"KY",1880,296,19597.31  
"KY",1880,298,25686.85  
"KY",1881,141,125332.37 
"KY",1881,142,106027.55 
"KY",1881,143,62491.61  
"KY",1881,145,6313.46   
"KY",1881,146,22706.74  
"KY",1881,181,4555.98   
"KY",1881,190,1537648.06
"KY",1881,191,24371.94  
"KY",1881,193,4941.65   
"KY",1881,221,159753.52 
"KY",1881,228,847.48    
"KY",1881,261,17971.26  
"KY",1881,264,13792.25  
"KY",1881,273,26138.5   
"KY",1881,290,33613.34  
"KY",1881,291,3813.92   
"KY",1881,292,14196     
"KY",1881,293,100000    
"KY",1881,294,8104.53   
"KY",1881,296,6020.6    
"KY",1881,298,48654.93  
"KY",1882,141,129147.87 
"KY",1882,142,17191.89  
"KY",1882,143,69788.14  
"KY",1882,145,5119.16   
"KY",1882,146,24263.74  
"KY",1882,190,1235646.8 
"KY",1882,193,37446.05  
"KY",1882,221,108302.79 
"KY",1882,261,190879.76 
"KY",1882,264,239.5     
"KY",1882,273,15416.43  
"KY",1882,290,6690.73   
"KY",1882,293,200000    
"KY",1882,294,4237.69   
"KY",1882,296,14403.39  
"KY",1882,298,62278.45  
"KY",1883,141,97539.13  
"KY",1883,142,103140.05 
"KY",1883,143,85254.2   
"KY",1883,145,11885.1   
"KY",1883,146,33245.9   
"KY",1883,190,1613863.77
"KY",1883,193,58289.73  
"KY",1883,221,208926.77 
"KY",1883,228,193.59    
"KY",1883,261,156558.99 
"KY",1883,264,10000     
"KY",1883,290,18814.1   
"KY",1883,292,1218      
"KY",1883,293,100000    
"KY",1883,294,29.65     
"KY",1883,296,18100.8   
"KY",1883,298,50851.28  
"KY",1884,141,1618.97   
"KY",1884,142,241237.63 
"KY",1884,143,56816.23  
"KY",1884,145,10155.86  
"KY",1884,146,32830.9   
"KY",1884,190,1635921.08
"KY",1884,193,40717     
"KY",1884,221,190483.32 
"KY",1884,261,17898.22  
"KY",1884,264,180.51    
"KY",1884,266,601.4     
"KY",1884,273,22370.05  
"KY",1884,290,12884.13  
"KY",1884,292,2842      
"KY",1884,293,100000    
"KY",1884,294,6746.67   
"KY",1884,296,21723.7   
"KY",1884,298,60637.64  
"KY",1885,141,129482.67 
"KY",1885,142,115933.94 
"KY",1885,143,106305.46 
"KY",1885,145,6807.84   
"KY",1885,146,33914.3   
"KY",1885,190,1777709.35
"KY",1885,193,55435.37  
"KY",1885,221,238079.47 
"KY",1885,228,1277.49   
"KY",1885,261,18574.75  
"KY",1885,266,1401      
"KY",1885,273,17160.65  
"KY",1885,290,12979.4   
"KY",1885,292,5880      
"KY",1885,293,512500    
"KY",1885,294,4607.51   
"KY",1885,296,4798.98   
"KY",1885,298,129028.91 
"KY",1886,141,242237.23 
"KY",1886,142,108108.57 
"KY",1886,143,94353.8   
"KY",1886,145,8583.55   
"KY",1886,146,24419.54  
"KY",1886,190,1894194.55
"KY",1886,193,18260.33  
"KY",1886,221,261208.77 
"KY",1886,228,975.32    
"KY",1886,261,97711.88  
"KY",1886,265,2054.04   
"KY",1886,266,1461      
"KY",1886,273,16780.27  
"KY",1886,290,13197.78  
"KY",1886,294,1741.87   
"KY",1886,296,19204.92  
"KY",1886,298,176023.63 
"KY",1887,141,148418.13 
"KY",1887,142,100887.27 
"KY",1887,143,105748.07 
"KY",1887,145,8593.89   
"KY",1887,146,23069.97  
"KY",1887,190,1855896.96
"KY",1887,193,35039.74  
"KY",1887,221,278674.62 
"KY",1887,222,2761.1    
"KY",1887,228,50        
"KY",1887,261,196793.64 
"KY",1887,262,21441.34  
"KY",1887,264,55710.75  
"KY",1887,266,1077      
"KY",1887,268,568       
"KY",1887,273,26686.69  
"KY",1887,290,36813.31  
"KY",1887,294,5504.65   
"KY",1887,296,159523.36 
"KY",1887,298,164173.98 
"KY",1888,141,148426.7  
"KY",1888,142,108694.71 
"KY",1888,143,110954.72 
"KY",1888,145,9104.69   
"KY",1888,146,30429.57  
"KY",1888,181,1250      
"KY",1888,190,2183129.3 
"KY",1888,193,47921.02  
"KY",1888,221,364130.1  
"KY",1888,222,864       
"KY",1888,224,11469.89  
"KY",1888,261,151151.79 
"KY",1888,264,316       
"KY",1888,266,1621      
"KY",1888,273,23767.53  
"KY",1888,290,27035.28  
"KY",1888,292,2940      
"KY",1888,293,107877.12 
"KY",1888,294,797       
"KY",1888,296,23171.44  
"KY",1888,298,214264.49 
"KY",1889,141,168023.12 
"KY",1889,142,204496.68 
"KY",1889,143,118330.9  
"KY",1889,145,11907.14  
"KY",1889,146,27283.85  
"KY",1889,181,1750      
"KY",1889,190,2157267.49
"KY",1889,193,45056.74  
"KY",1889,221,569772.32 
"KY",1889,222,709.2     
"KY",1889,224,52710.68  
"KY",1889,261,136864.96 
"KY",1889,264,10        
"KY",1889,266,510       
"KY",1889,273,29605.11  
"KY",1889,290,208555.15 
"KY",1889,294,154.68    
"KY",1889,296,12176.96  
"KY",1889,298,196462.16 
"KY",1890,141,160542.57 
"KY",1890,142,225953.97 
"KY",1890,143,137495.27 
"KY",1890,145,9290.8    
"KY",1890,146,30113     
"KY",1890,190,2178700.15
"KY",1890,193,43148.18  
"KY",1890,221,239565    
"KY",1890,224,29446.04  
"KY",1890,261,28120.35  
"KY",1890,262,187       
"KY",1890,264,21071.5   
"KY",1890,266,125       
"KY",1890,273,25998.83  
"KY",1890,290,17203.66  
"KY",1890,294,17        
"KY",1890,296,19951.58  
"KY",1890,298,229846.05 
"KY",1891,141,146141.82 
"KY",1891,142,335387.41 
"KY",1891,143,158974    
"KY",1891,145,10906.48  
"KY",1891,146,23162.58  
"KY",1891,181,750       
"KY",1891,190,2007219.99
"KY",1891,193,31378.47  
"KY",1891,221,480602.11 
"KY",1891,224,2056      
"KY",1891,261,157904.97 
"KY",1891,269,100       
"KY",1891,273,23565.51  
"KY",1891,290,4833.02   
"KY",1891,291,4885.77   
"KY",1891,294,416       
"KY",1891,296,29892.45  
"KY",1891,298,234167.14 
"KY",1892,141,161987.62 
"KY",1892,142,221299.13 
"KY",1892,143,156384.5  
"KY",1892,145,8555.34   
"KY",1892,146,24308.91  
"KY",1892,190,2099531.9 
"KY",1892,193,29390.56  
"KY",1892,221,560824.54 
"KY",1892,224,10        
"KY",1892,251,98.8      
"KY",1892,261,198219.31 
"KY",1892,264,95.99     
"KY",1892,269,125       
"KY",1892,273,27168.86  
"KY",1892,290,16925.38  
"KY",1892,291,6787.55   
"KY",1892,296,72554.48  
"KY",1892,298,274151.71 
"KY",1893,141,252540.15 
"KY",1893,142,300435.8  
"KY",1893,143,99902.04  
"KY",1893,145,6976.94   
"KY",1893,146,29746.46  
"KY",1893,190,2416684.46
"KY",1893,193,36420.09  
"KY",1893,221,551823.88 
"KY",1893,261,109348.96 
"KY",1893,264,3         
"KY",1893,266,5700      
"KY",1893,273,25795.2   
"KY",1893,290,22163.49  
"KY",1893,291,15805.38  
"KY",1893,296,13980.57  
"KY",1893,298,176822.95 
"KY",1894,141,225675.91 
"KY",1894,142,226875.66 
"KY",1894,143,139242.56 
"KY",1894,145,83.37     
"KY",1894,146,60607.15  
"KY",1894,190,2332547.26
"KY",1894,193,49394.17  
"KY",1894,221,480818.28 
"KY",1894,222,129725.71 
"KY",1894,224,10558.05  
"KY",1894,261,173159.78 
"KY",1894,262,1675.45   
"KY",1894,264,55.32     
"KY",1894,266,4577.5    
"KY",1894,273,20140.77  
"KY",1894,290,48221.71  
"KY",1894,291,1460.93   
"KY",1894,294,584       
"KY",1894,296,55109.88  
"KY",1894,298,18954.29  
"KY",1895,141,225830.09 
"KY",1895,142,149674.25 
"KY",1895,143,130912.1  
"KY",1895,146,24712.9   
"KY",1895,190,2238317.53
"KY",1895,193,79559.9   
"KY",1895,221,440639.84 
"KY",1895,222,120499.62 
"KY",1895,223,19386.7   
"KY",1895,224,14620     
"KY",1895,261,122802.77 
"KY",1895,264,30.85     
"KY",1895,266,3500.5    
"KY",1895,273,18979.88  
"KY",1895,290,116324.31 
"KY",1895,294,201.7     
"KY",1895,296,155052.01 
"KY",1895,298,3056.61   
"KY",1896,141,213983.44 
"KY",1896,142,444892.1  
"KY",1896,143,142657.58 
"KY",1896,146,51877.15  
"KY",1896,190,2243709.04
"KY",1896,193,55389.11  
"KY",1896,221,635432.3  
"KY",1896,222,135113.55 
"KY",1896,223,81899.88  
"KY",1896,224,348.34    
"KY",1896,228,607.83    
"KY",1896,261,266739.01 
"KY",1896,266,3585      
"KY",1896,273,22766.56  
"KY",1896,290,43207.16  
"KY",1896,291,1965.82   
"KY",1896,294,23.47     
"KY",1896,296,140123.21 
"KY",1896,298,2456.99   
"KY",1897,141,200606.01 
"KY",1897,142,262531.29 
"KY",1897,143,142982.56 
"KY",1897,146,116577.08 
"KY",1897,190,2218836.57
"KY",1897,193,26736.96  
"KY",1897,221,441385.56 
"KY",1897,222,88847.53  
"KY",1897,223,111668.04 
"KY",1897,261,30875.43  
"KY",1897,264,121.5     
"KY",1897,266,3172.5    
"KY",1897,273,17788.02  
"KY",1897,290,29280.88  
"KY",1897,291,7970.09   
"KY",1897,296,126098.38 
"KY",1897,298,2684.84   
"KY",1898,141,251725.93 
"KY",1898,142,123888.71 
"KY",1898,143,144101.45 
"KY",1898,146,153672.2  
"KY",1898,190,2714174.48
"KY",1898,193,52089.02  
"KY",1898,221,409529.08 
"KY",1898,222,91913.29  
"KY",1898,223,139013.51 
"KY",1898,261,34885.42  
"KY",1898,264,41.93     
"KY",1898,266,3155      
"KY",1898,273,12156.36  
"KY",1898,290,56548.47  
"KY",1898,291,6446.29   
"KY",1898,293,539071.47 
"KY",1898,296,276110.7  
"KY",1898,298,4487.56   
"KY",1899,141,463308.74 
"KY",1899,142,306964.68 
"KY",1899,143,153635.46 
"KY",1899,146,105483.24 
"KY",1899,190,2781047.77
"KY",1899,193,101262.82 
"KY",1899,221,360570.16 
"KY",1899,222,141001.73 
"KY",1899,223,164020.83 
"KY",1899,228,85.11     
"KY",1899,261,26385.94  
"KY",1899,264,150       
"KY",1899,266,3210      
"KY",1899,273,114301.14 
"KY",1899,290,49581.38  
"KY",1899,291,10478.31  
"KY",1899,296,234365.12 
"KY",1899,298,879.94    
"KY",1900,141,304901.35 
"KY",1900,142,95983.1   
"KY",1900,143,157456.02 
"KY",1900,146,125063.94 
"KY",1900,190,2810224.89
"KY",1900,193,102509.59 
"KY",1900,221,382974.64 
"KY",1900,222,121383.98 
"KY",1900,223,173386.35 
"KY",1900,261,28155.68  
"KY",1900,264,40.07     
"KY",1900,266,3918.01   
"KY",1900,273,3380.99   
"KY",1900,290,114733.86 
"KY",1900,291,11983.37  
"KY",1900,296,154868.31 
"KY",1900,298,1554.42   
"KY",1901,141,323179.89 
"KY",1901,142,108032.75 
"KY",1901,143,175325.92 
"KY",1901,146,111873.46 
"KY",1901,190,2610456.49
"KY",1901,193,97703.08  
"KY",1901,221,452749.74 
"KY",1901,222,128593.66 
"KY",1901,223,167442.73 
"KY",1901,261,47304.4   
"KY",1901,266,2704      
"KY",1901,273,25834.29  
"KY",1901,290,36988.47  
"KY",1901,291,14093.61  
"KY",1901,294,1649.25   
"KY",1901,296,171511.87 
"KY",1901,298,15860.9   
"KY",1902,141,289490.11 
"KY",1902,142,49263.2   
"KY",1902,143,185694.62 
"KY",1902,146,119852.97 
"KY",1902,190,2619338.34
"KY",1902,193,86073.43  
"KY",1902,221,418919.97 
"KY",1902,222,138028.62 
"KY",1902,223,160934.52 
"KY",1902,261,34431.44  
"KY",1902,264,3680.71   
"KY",1902,266,5480.84   
"KY",1902,273,3191.23   
"KY",1902,290,26415.9   
"KY",1902,291,4883.41   
"KY",1902,294,602.25    
"KY",1902,296,151977.28 
"KY",1902,298,11515.56  
"KY",1903,141,303532.02 
"KY",1903,142,40502.89  
"KY",1903,143,206261.56 
"KY",1903,146,126843.49 
"KY",1903,190,2863464.8 
"KY",1903,193,97432.87  
"KY",1903,221,452372.61 
"KY",1903,222,146477.12 
"KY",1903,223,167750.76 
"KY",1903,228,1860.11   
"KY",1903,261,35713.66  
"KY",1903,262,12790.85  
"KY",1903,264,66.82     
"KY",1903,266,10590.16  
"KY",1903,273,4046.68   
"KY",1903,290,1340170.8 
"KY",1903,291,14945.31  
"KY",1903,294,3155.5    
"KY",1903,296,175245.71 
"KY",1903,298,5852.11   
"KY",1904,141,422950.52 
"KY",1904,142,35689.13  
"KY",1904,143,235922.68 
"KY",1904,146,126051.32 
"KY",1904,190,2962709.57
"KY",1904,193,130897.8  
"KY",1904,221,482839.42 
"KY",1904,222,161827.66 
"KY",1904,223,163583.01 
"KY",1904,261,41846.4   
"KY",1904,262,4896.76   
"KY",1904,264,15        
"KY",1904,266,9777.87   
"KY",1904,273,2748.09   
"KY",1904,290,14937.89  
"KY",1904,291,9442.38   
"KY",1904,294,3539      
"KY",1904,296,246991.82 
"KY",1904,298,9857.01   
"KY",1905,141,477346.76 
"KY",1905,142,94768.05  
"KY",1905,143,262642.63 
"KY",1905,146,168097.49 
"KY",1905,190,3102075.82
"KY",1905,193,117864.67 
"KY",1905,221,470503.72 
"KY",1905,222,189963.67 
"KY",1905,223,179564.56 
"KY",1905,261,41919.86  
"KY",1905,262,5822.51   
"KY",1905,264,8026.9    
"KY",1905,266,8548.38   
"KY",1905,273,2838.94   
"KY",1905,290,20843.32  
"KY",1905,291,16458.98  
"KY",1905,294,4714.5    
"KY",1905,296,210044.8  
"KY",1905,298,2278.35   
"KY",1906,141,438158.93 
"KY",1906,142,140252.56 
"KY",1906,143,283312.54 
"KY",1906,146,138561.39 
"KY",1906,190,3144954.9 
"KY",1906,193,149864.36 
"KY",1906,221,469628.33 
"KY",1906,222,232232.57 
"KY",1906,223,188359.3  
"KY",1906,261,28821.93  
"KY",1906,262,8033.72   
"KY",1906,264,244       
"KY",1906,266,13410.08  
"KY",1906,273,3373.8    
"KY",1906,290,26451.71  
"KY",1906,291,16017.21  
"KY",1906,294,1604.5    
"KY",1906,296,218765.15 
"KY",1906,298,981.01    
"KY",1907,122,320.4     
"KY",1907,141,454513.07 
"KY",1907,142,200529.21 
"KY",1907,143,419320.01 
"KY",1907,146,250468.99 
"KY",1907,181,49748.88  
"KY",1907,190,3198949.99
"KY",1907,193,209490.53 
"KY",1907,221,623304.69 
"KY",1907,222,265909    
"KY",1907,223,186650.79 
"KY",1907,261,43338.63  
"KY",1907,262,5528.41   
"KY",1907,264,271.54    
"KY",1907,266,9915.23   
"KY",1907,273,4388.41   
"KY",1907,290,13117.06  
"KY",1907,291,18628.73  
"KY",1907,294,5505.25   
"KY",1907,296,199150.9  
"KY",1907,298,17371.07  
"KY",1908,122,12904.8   
"KY",1908,141,473759.15 
"KY",1908,142,259979.72 
"KY",1908,143,308256.76 
"KY",1908,146,125367.02 
"KY",1908,181,54304.62  
"KY",1908,190,3429916.85
"KY",1908,193,274188.72 
"KY",1908,221,565535.17 
"KY",1908,222,219007.77 
"KY",1908,223,214761.67 
"KY",1908,261,57157.08  
"KY",1908,262,4995.94   
"KY",1908,264,9540.56   
"KY",1908,265,450.35    
"KY",1908,266,8537.6    
"KY",1908,273,1401.46   
"KY",1908,290,30433.55  
"KY",1908,291,12664.94  
"KY",1908,294,2531.55   
"KY",1908,296,264457.48 
"KY",1908,298,24058.65  
"KY",1909,122,157524.93 
"KY",1909,141,456175.4  
"KY",1909,142,199573.24 
"KY",1909,143,311749.85 
"KY",1909,146,276435.41 
"KY",1909,181,76483.26  
"KY",1909,190,3504434.88
"KY",1909,193,430364.26 
"KY",1909,221,594288.09 
"KY",1909,222,175207.72 
"KY",1909,223,215372.81 
"KY",1909,261,59055.87  
"KY",1909,262,4552.18   
"KY",1909,264,192.35    
"KY",1909,265,400       
"KY",1909,266,17168.76  
"KY",1909,273,10305.28  
"KY",1909,290,34137.36  
"KY",1909,291,12626.14  
"KY",1909,294,2083.25   
"KY",1909,296,277306.28 
"KY",1909,298,23242.77  
"KY",1910,122,82470.63  
"KY",1910,141,471765.41 
"KY",1910,142,186068.87 
"KY",1910,143,319239.5  
"KY",1910,146,144973.97 
"KY",1910,181,84680.01  
"KY",1910,190,3540108.55
"KY",1910,193,342069.67 
"KY",1910,221,598088.16 
"KY",1910,222,190094.02 
"KY",1910,223,210768.75 
"KY",1910,261,54063.93  
"KY",1910,262,5088.6    
"KY",1910,264,1125.19   
"KY",1910,265,77.61     
"KY",1910,266,18737.41  
"KY",1910,273,144.39    
"KY",1910,290,41026     
"KY",1910,291,11325.26  
"KY",1910,294,1644.8    
"KY",1910,296,320078.28 
"KY",1910,298,33959.12  
"KY",1911,122,106291.35 
"KY",1911,141,554515.8  
"KY",1911,142,164026.01 
"KY",1911,143,330786.41 
"KY",1911,146,136331.24 
"KY",1911,181,94664.63  
"KY",1911,190,3930733.68
"KY",1911,193,338472.1  
"KY",1911,221,577796.24 
"KY",1911,222,259904.04 
"KY",1911,223,243236.95 
"KY",1911,227,1061.6    
"KY",1911,261,68164.12  
"KY",1911,262,23525     
"KY",1911,264,416.71    
"KY",1911,266,18886.01  
"KY",1911,273,1873.91   
"KY",1911,290,38938.59  
"KY",1911,291,9709.96   
"KY",1911,294,1919.05   
"KY",1911,296,306325.91 
"KY",1911,298,46576.17  
"KY",1912,122,101577.28 
"KY",1912,141,338912.92 
"KY",1912,142,147379.73 
"KY",1912,143,337409.8  
"KY",1912,146,154219.33 
"KY",1912,181,85847.37  
"KY",1912,190,4079465.63
"KY",1912,193,329145.2  
"KY",1912,221,577038.86 
"KY",1912,222,263907.38 
"KY",1912,223,244169.43 
"KY",1912,261,75299.98  
"KY",1912,262,5443.73   
"KY",1912,264,2571.23   
"KY",1912,265,50        
"KY",1912,266,17479.83  
"KY",1912,273,1443.09   
"KY",1912,290,37303.31  
"KY",1912,291,9631.91   
"KY",1912,294,1756.27   
"KY",1912,296,398248.44 
"KY",1912,298,69857.71  
"KY",1913,122,99224.16  
"KY",1913,141,516053.84 
"KY",1913,142,216784.96 
"KY",1913,143,406395.49 
"KY",1913,146,191989.47 
"KY",1913,181,96114.97  
"KY",1913,190,4004706.7 
"KY",1913,193,332364.63 
"KY",1913,221,585616.74 
"KY",1913,222,257028.92 
"KY",1913,223,250118.07 
"KY",1913,224,17500     
"KY",1913,261,64830.22  
"KY",1913,262,31385.3   
"KY",1913,264,4458.29   
"KY",1913,265,44300.94  
"KY",1913,266,17528.75  
"KY",1913,269,11446.14  
"KY",1913,273,174.54    
"KY",1913,290,24631.31  
"KY",1913,291,6364.38   
"KY",1913,294,1550.95   
"KY",1913,296,334691.18 
"KY",1913,298,131367.51 
"KY",1913,999,20152.99  
"KY",1914,122,80735.33  
"KY",1914,141,772960.92 
"KY",1914,142,162322.96 
"KY",1914,143,420706.09 
"KY",1914,146,253113.07 
"KY",1914,181,114694.13 
"KY",1914,190,4244947.08
"KY",1914,193,317878.9  
"KY",1914,221,574254.28 
"KY",1914,222,238862.67 
"KY",1914,223,267132.24 
"KY",1914,261,65732.2   
"KY",1914,262,21839.22  
"KY",1914,264,1986.96   
"KY",1914,265,33888.77  
"KY",1914,266,18587.55  
"KY",1914,269,62763.08  
"KY",1914,273,137.83    
"KY",1914,290,16598.92  
"KY",1914,291,9410.64   
"KY",1914,294,1482.25   
"KY",1914,296,379076.99 
"KY",1914,298,126832.1  
"KY",1914,999,19142.45  
"KY",1915,122,121433.55 
"KY",1915,141,631310.77 
"KY",1915,142,217521.15 
"KY",1915,143,387411.97 
"KY",1915,146,215852.37 
"KY",1915,181,125097.59 
"KY",1915,190,4142541.36
"KY",1915,193,305074.15 
"KY",1915,221,454547.65 
"KY",1915,222,235334.48 
"KY",1915,223,270531.89 
"KY",1915,261,73382.24  
"KY",1915,262,8958.19   
"KY",1915,264,177.15    
"KY",1915,265,31717.17  
"KY",1915,266,14609.1   
"KY",1915,268,15744.93  
"KY",1915,269,6333.2    
"KY",1915,273,386.91    
"KY",1915,290,19776.9   
"KY",1915,291,15919.09  
"KY",1915,294,1442.95   
"KY",1915,296,343337.24 
"KY",1915,298,192026.06 
"KY",1915,999,22834.13  
