"SC",1800,3,52759.14   
"SC",1801,3,399627.6   
"SC",1802,3,391794.35  
"SC",1803,3,488437.06  
"SC",1804,3,379698.08  
"SC",1805,3,323195.8   
"SC",1806,3,274433.96  
"SC",1807,3,376578.14  
"SC",1808,3,372563.99  
"SC",1809,3,257055.43  
"SC",1810,3,244004.55  
"SC",1811,3,341906.27  
"SC",1812,3,376044.32  
"SC",1813,3,333246.03  
"SC",1814,3,527332     
"SC",1815,3,598453.58  
"SC",1816,3,485357.38  
"SC",1817,3,390807.44  
"SC",1818,3,585307.65  
"SC",1819,3,561061.3   
"SC",1820,3,650786.94  
"SC",1821,3,1376675.29 
"SC",1822,3,672423.61  
"SC",1823,3,1154594.88 
"SC",1824,3,523654.32  
"SC",1825,3,923795.71  
"SC",1826,3,432888.87  
"SC",1827,3,393778.79  
"SC",1828,3,822655     
"SC",1829,3,315418     
"SC",1830,3,281898     
"SC",1831,3,435303     
"SC",1832,3,351466     
"SC",1833,3,387402     
"SC",1834,3,228474     
"SC",1835,3,253433     
"SC",1836,3,256178     
"SC",1837,3,410278     
"SC",1839,3,360682     
"SC",1840,3,330579     
"SC",1841,3,275975     
"SC",1842,3,301355     
"SC",1843,3,277835     
"SC",1844,3,347206     
"SC",1845,3,348711     
"SC",1846,3,376900     
"SC",1847,3,383396     
"SC",1848,3,413040     
"SC",1849,3,418727     
"SC",1850,3,390595     
"SC",1851,3,395865     
"SC",1852,3,462622     
"SC",1853,3,490974     
"SC",1854,3,533124     
"SC",1855,3,514865     
"SC",1856,3,590346     
"SC",1857,3,608290     
"SC",1858,3,1036774    
"SC",1859,3,908699     
"SC",1860,3,967973     
"SC",1861,3,1677426    
"SC",1875,3,390595     
"SC",1876,3,395865     
"SC",1877,3,2237660    
"SC",1878,3,490974     
"SC",1879,3,533124     
"SC",1880,3,514865     
"SC",1881,3,590664     
"SC",1882,3,608290     
"SC",1883,3,1025675    
"SC",1884,3,904599     
"SC",1886,3,1678426    
                       
"SC",1800,34,850.57    
"SC",1800,36,38225.31  
"SC",1800,38,1993.17   
"SC",1800,39,10495.19  
"SC",1800,40,1087.65   
"SC",1800,41,107.25    
"SC",1801,33,22423.55  
"SC",1801,34,12292.65  
"SC",1801,36,112012.55 
"SC",1801,38,1285.8    
"SC",1801,39,181918.86 
"SC",1801,40,243.79    
"SC",1801,41,69450.4   
"SC",1802,31,312.25    
"SC",1802,32,4280      
"SC",1802,33,2287.87   
"SC",1802,34,5679.22   
"SC",1802,36,83452.86  
"SC",1802,38,824.3     
"SC",1802,39,93499.12  
"SC",1802,40,8798.43   
"SC",1802,41,192660.3  
"SC",1803,31,17773.5   
"SC",1803,32,4280      
"SC",1803,33,2335.17   
"SC",1803,34,26859.45  
"SC",1803,36,75789.99  
"SC",1803,38,1427.25   
"SC",1803,39,274962.28 
"SC",1803,40,8376.56   
"SC",1803,41,76632.86  
"SC",1804,31,31040.82  
"SC",1804,32,4280      
"SC",1804,33,2202.59   
"SC",1804,34,7904.65   
"SC",1804,36,65206.21  
"SC",1804,38,1320.42   
"SC",1804,39,230064.4  
"SC",1804,40,3725.56   
"SC",1804,41,33953.43  
"SC",1805,31,15075.94  
"SC",1805,32,4780      
"SC",1805,33,1439      
"SC",1805,34,3212.01   
"SC",1805,35,29923     
"SC",1805,36,73280.38  
"SC",1805,38,883.25    
"SC",1805,39,65063.89  
"SC",1805,40,60729.25  
"SC",1805,41,68809.08  
"SC",1806,31,13010.75  
"SC",1806,32,5230      
"SC",1806,33,22522     
"SC",1806,34,5405.47   
"SC",1806,36,93783.74  
"SC",1806,38,2366.74   
"SC",1806,39,51226.06  
"SC",1806,40,58308.7   
"SC",1806,41,22580.5   
"SC",1807,31,24360     
"SC",1807,32,500       
"SC",1807,34,8490.38   
"SC",1807,35,5491      
"SC",1807,36,90601.19  
"SC",1807,38,2859.07   
"SC",1807,39,47907.1   
"SC",1807,40,69548.01  
"SC",1807,41,126821.39 
"SC",1808,31,2700      
"SC",1808,32,4780      
"SC",1808,33,2644      
"SC",1808,34,25976.35  
"SC",1808,36,74696.16  
"SC",1808,38,3392.52   
"SC",1808,39,59845.68  
"SC",1808,40,77109.52  
"SC",1808,41,121419.76 
"SC",1809,31,21598.84  
"SC",1809,32,4780      
"SC",1809,33,2864.5    
"SC",1809,34,14179.79  
"SC",1809,36,77536.01  
"SC",1809,38,2144.34   
"SC",1809,39,52306.19  
"SC",1809,40,77139.57  
"SC",1809,41,4506.19   
"SC",1810,31,2700      
"SC",1810,32,6380      
"SC",1810,33,3534      
"SC",1810,34,39084.53  
"SC",1810,36,75552.52  
"SC",1810,38,2829.89   
"SC",1810,39,72660.97  
"SC",1810,40,40888.98  
"SC",1810,41,373.66    
"SC",1811,31,20900     
"SC",1811,32,4780      
"SC",1811,33,446       
"SC",1811,34,6513.09   
"SC",1811,36,75299.09  
"SC",1811,38,3794.21   
"SC",1811,39,67253.29  
"SC",1811,40,36171.45  
"SC",1811,41,126749.14 
"SC",1812,31,19439.69  
"SC",1812,32,4780      
"SC",1812,34,28559.9   
"SC",1812,36,89310.2   
"SC",1812,38,2581.95   
"SC",1812,39,62751.74  
"SC",1812,40,29507.54  
"SC",1812,41,139113.3  
"SC",1813,31,44178.15  
"SC",1813,32,4780      
"SC",1813,33,644       
"SC",1813,34,67577.09  
"SC",1813,36,81440.07  
"SC",1813,38,2332.36   
"SC",1813,39,79237.32  
"SC",1813,40,20492.92  
"SC",1813,41,32564.12  
"SC",1814,31,45192.77  
"SC",1814,32,4780      
"SC",1814,33,1242      
"SC",1814,34,137062.59 
"SC",1814,36,72624.14  
"SC",1814,38,2680.17   
"SC",1814,39,45809.47  
"SC",1814,40,22070.81  
"SC",1814,41,195870.05 
"SC",1815,31,44366.76  
"SC",1815,32,4780      
"SC",1815,33,322       
"SC",1815,34,56097.34  
"SC",1815,36,72925.07  
"SC",1815,38,2039.03   
"SC",1815,39,38504.13  
"SC",1815,40,20533.44  
"SC",1815,41,358885.81 
"SC",1816,31,50701.34  
"SC",1816,32,5280      
"SC",1816,33,322       
"SC",1816,34,25491.48  
"SC",1816,36,76267.26  
"SC",1816,38,4197.06   
"SC",1816,39,73414.65  
"SC",1816,40,18587.48  
"SC",1816,41,231096.11 
"SC",1817,31,54527.39  
"SC",1817,32,9616.55   
"SC",1817,33,5000      
"SC",1817,34,19198.56  
"SC",1817,36,91458.56  
"SC",1817,38,7187.07   
"SC",1817,39,73105.48  
"SC",1817,41,130713.83 
"SC",1818,31,47582.75  
"SC",1818,32,5280      
"SC",1818,33,1020      
"SC",1818,34,7088.66   
"SC",1818,36,109638.82 
"SC",1818,38,8024.22   
"SC",1818,39,60466.25  
"SC",1818,41,346206.95 
"SC",1819,31,62715.3   
"SC",1819,32,5280      
"SC",1819,33,7320      
"SC",1819,34,6639.41   
"SC",1819,36,134417.05 
"SC",1819,38,8017.29   
"SC",1819,39,158332.7  
"SC",1819,41,178339.55 
"SC",1820,31,55454.6   
"SC",1820,32,9989.1    
"SC",1820,34,15896.09  
"SC",1820,36,149616.85 
"SC",1820,38,9517.85   
"SC",1820,39,402122.76 
"SC",1820,41,8189.69   
"SC",1821,31,53766.99  
"SC",1821,32,12764.6   
"SC",1821,33,11570     
"SC",1821,34,6793.91   
"SC",1821,36,131351.66 
"SC",1821,38,9507.66   
"SC",1821,39,1128405.84
"SC",1821,41,22514.63  
"SC",1822,31,53310.37  
"SC",1822,32,31573.37  
"SC",1822,33,8578.13   
"SC",1822,34,6782.6    
"SC",1822,36,157149.14 
"SC",1822,38,8628.68   
"SC",1822,39,348522.24 
"SC",1822,41,57879.08  
"SC",1823,31,38142.69  
"SC",1823,32,38760     
"SC",1823,33,183323.23 
"SC",1823,34,6894.28   
"SC",1823,36,199903.34 
"SC",1823,38,8282.99   
"SC",1823,39,658042.25 
"SC",1823,41,21246.1   
"SC",1824,31,62177.22  
"SC",1824,32,25115.74  
"SC",1824,33,183883.91 
"SC",1824,34,5722.79   
"SC",1824,36,182482.72 
"SC",1824,38,9617.77   
"SC",1824,39,46179.56  
"SC",1824,41,8474.61   
"SC",1825,31,52439.21  
"SC",1825,32,32420     
"SC",1825,33,106427.29 
"SC",1825,34,6308.39   
"SC",1825,36,155805.38 
"SC",1825,38,8470.57   
"SC",1825,39,554083.28 
"SC",1825,41,7841.59   
"SC",1826,31,72165.64  
"SC",1826,32,13000     
"SC",1826,33,108704.68 
"SC",1826,34,5137.86   
"SC",1826,36,164433.57 
"SC",1826,38,10465.72  
"SC",1826,39,50956.54  
"SC",1826,41,8024.86   
"SC",1827,31,49282.95  
"SC",1827,32,10500     
"SC",1827,33,98769.12  
"SC",1827,34,15373.22  
"SC",1827,36,152618.22 
"SC",1827,38,11883.77  
"SC",1827,39,47273.79  
"SC",1827,40,300       
"SC",1827,41,7777.72   
"SC",1828,31,55020     
"SC",1828,32,21867     
"SC",1828,33,2384      
"SC",1828,34,21147     
"SC",1828,36,164825    
"SC",1828,39,549682    
"SC",1828,40,7730      
"SC",1829,31,45820     
"SC",1829,32,7020      
"SC",1829,33,1380      
"SC",1829,34,19477     
"SC",1829,35,736       
"SC",1829,36,130249    
"SC",1829,38,13624     
"SC",1829,39,90402     
"SC",1829,40,6710      
"SC",1830,31,47964     
"SC",1830,32,10523     
"SC",1830,33,4911      
"SC",1830,34,8771      
"SC",1830,35,3000      
"SC",1830,36,122309    
"SC",1830,38,16098     
"SC",1830,39,61867     
"SC",1830,40,6455      
"SC",1831,31,57869     
"SC",1831,32,5564      
"SC",1831,33,1320      
"SC",1831,34,2446      
"SC",1831,36,99424     
"SC",1831,38,17959     
"SC",1831,39,244172    
"SC",1831,40,6549      
"SC",1832,31,52047     
"SC",1832,32,8160      
"SC",1832,33,1320      
"SC",1832,34,2580      
"SC",1832,36,106591    
"SC",1832,38,16234     
"SC",1832,39,58174     
"SC",1832,40,6360      
"SC",1832,41,100000    
"SC",1833,31,54533     
"SC",1833,32,5295      
"SC",1833,33,1480      
"SC",1833,34,120795    
"SC",1833,35,9500      
"SC",1833,36,128882    
"SC",1833,38,15311     
"SC",1833,39,45081     
"SC",1833,40,6525      
"SC",1834,31,47316     
"SC",1834,32,8400      
"SC",1834,33,1420      
"SC",1834,34,24674     
"SC",1834,35,3920      
"SC",1834,36,102755    
"SC",1834,38,2527      
"SC",1834,39,31123     
"SC",1834,40,6339      
"SC",1835,31,65945     
"SC",1835,32,7800      
"SC",1835,33,1320      
"SC",1835,34,30582     
"SC",1835,36,96948     
"SC",1835,38,9278      
"SC",1835,39,35100     
"SC",1835,40,6460      
"SC",1836,31,57707     
"SC",1836,32,17875     
"SC",1836,33,8461      
"SC",1836,34,33400     
"SC",1836,36,100657    
"SC",1836,38,9010      
"SC",1836,39,29068     
"SC",1837,31,78087     
"SC",1837,32,15247     
"SC",1837,33,46659     
"SC",1837,34,66233     
"SC",1837,35,302       
"SC",1837,36,154176    
"SC",1837,38,12222     
"SC",1837,39,36752     
"SC",1837,40,600       
"SC",1839,31,73305     
"SC",1839,32,7246      
"SC",1839,33,21289     
"SC",1839,34,39473     
"SC",1839,36,162150    
"SC",1839,37,4640      
"SC",1839,38,6504      
"SC",1839,39,39725     
"SC",1839,40,6350      
"SC",1840,31,60912     
"SC",1840,32,9353      
"SC",1840,33,42401     
"SC",1840,34,26266     
"SC",1840,36,144915    
"SC",1840,38,5880      
"SC",1840,39,34228     
"SC",1840,40,6624      
"SC",1841,31,60871     
"SC",1841,32,5700      
"SC",1841,33,16976     
"SC",1841,34,24377     
"SC",1841,36,126622    
"SC",1841,38,4640      
"SC",1841,39,29881     
"SC",1841,40,6908      
"SC",1842,31,36793     
"SC",1842,32,7043      
"SC",1842,33,200       
"SC",1842,34,35557     
"SC",1842,36,138152    
"SC",1842,37,15700     
"SC",1842,38,4950      
"SC",1842,39,38961     
"SC",1842,40,6599      
"SC",1842,314,17400    
"SC",1843,31,57649     
"SC",1843,32,5750      
"SC",1843,33,200       
"SC",1843,34,33291     
"SC",1843,35,1000      
"SC",1843,36,129526    
"SC",1843,38,4299      
"SC",1843,39,39827     
"SC",1843,40,6293      
"SC",1844,31,40329     
"SC",1844,32,7000      
"SC",1844,33,200       
"SC",1844,34,26384     
"SC",1844,35,2000      
"SC",1844,36,150328    
"SC",1844,37,6200      
"SC",1844,38,3402      
"SC",1844,39,105843    
"SC",1844,40,5520      
"SC",1845,31,58387     
"SC",1845,32,6100      
"SC",1845,33,520       
"SC",1845,34,31781     
"SC",1845,35,1500      
"SC",1845,36,128202    
"SC",1845,38,2890      
"SC",1845,39,114736    
"SC",1845,40,4595      
"SC",1846,31,58083     
"SC",1846,32,6250      
"SC",1846,33,200       
"SC",1846,34,30913     
"SC",1846,35,2000      
"SC",1846,36,151315    
"SC",1846,37,494       
"SC",1846,38,4095      
"SC",1846,39,86671     
"SC",1846,40,5666      
"SC",1846,41,31213     
"SC",1847,31,59848     
"SC",1847,32,7055      
"SC",1847,33,200       
"SC",1847,34,51463     
"SC",1847,35,1667      
"SC",1847,36,121317    
"SC",1847,37,180       
"SC",1847,38,2530      
"SC",1847,39,105633    
"SC",1847,40,4301      
"SC",1847,41,29202     
"SC",1848,31,57619     
"SC",1848,32,23617     
"SC",1848,33,200       
"SC",1848,34,47888     
"SC",1848,35,600       
"SC",1848,36,152678    
"SC",1848,38,2244      
"SC",1848,39,128194    
"SC",1849,31,67887     
"SC",1849,32,21937     
"SC",1849,33,200       
"SC",1849,34,47471     
"SC",1849,35,600       
"SC",1849,36,134538    
"SC",1849,38,1610      
"SC",1849,39,140277    
"SC",1849,40,4207      
"SC",1850,31,69993     
"SC",1850,32,8471      
"SC",1850,33,520       
"SC",1850,34,67623     
"SC",1850,36,125657    
"SC",1850,38,1707      
"SC",1850,39,113083    
"SC",1850,40,3541      
"SC",1851,31,60098     
"SC",1851,32,8991      
"SC",1851,33,520       
"SC",1851,34,114433    
"SC",1851,36,158844    
"SC",1851,38,1059      
"SC",1851,39,48503     
"SC",1851,40,3417      
"SC",1852,31,59988     
"SC",1852,32,18462     
"SC",1852,33,2286      
"SC",1852,34,166470    
"SC",1852,36,147452    
"SC",1852,38,839       
"SC",1852,39,66754     
"SC",1852,40,371       
"SC",1853,31,59962     
"SC",1853,32,43072     
"SC",1853,33,1300      
"SC",1853,34,73835     
"SC",1853,36,233448    
"SC",1853,37,75        
"SC",1853,38,1115      
"SC",1853,39,78167     
"SC",1854,31,128393    
"SC",1854,32,6295      
"SC",1854,33,895       
"SC",1854,34,115899    
"SC",1854,36,205127    
"SC",1854,37,75        
"SC",1854,38,560       
"SC",1854,39,75805     
"SC",1854,40,75        
"SC",1855,31,83746     
"SC",1855,32,13797     
"SC",1855,33,500       
"SC",1855,34,32853     
"SC",1855,36,264728    
"SC",1855,37,775       
"SC",1855,38,560       
"SC",1855,39,104826    
"SC",1855,40,13080     
"SC",1856,31,98341     
"SC",1856,32,14123     
"SC",1856,33,42716     
"SC",1856,34,63283     
"SC",1856,35,7000      
"SC",1856,36,282187    
"SC",1856,37,775       
"SC",1856,38,1745      
"SC",1856,39,67486     
"SC",1856,40,12690     
"SC",1857,31,79914     
"SC",1857,32,14167     
"SC",1857,33,11572     
"SC",1857,34,34300     
"SC",1857,35,27000     
"SC",1857,36,326490    
"SC",1857,37,2475      
"SC",1857,38,2919      
"SC",1857,39,84157     
"SC",1857,40,25296     
"SC",1858,31,89636     
"SC",1858,32,47171     
"SC",1858,33,11109     
"SC",1858,34,38630     
"SC",1858,35,8500      
"SC",1858,36,715821    
"SC",1858,37,1200      
"SC",1858,38,1670      
"SC",1858,39,80889     
"SC",1858,40,42148     
"SC",1859,31,85650     
"SC",1859,32,37251     
"SC",1859,33,47466     
"SC",1859,34,40355     
"SC",1859,35,7800      
"SC",1859,36,528215    
"SC",1859,37,950       
"SC",1859,38,890       
"SC",1859,39,91022     
"SC",1859,40,69100     
"SC",1860,31,88887     
"SC",1860,32,20957     
"SC",1860,33,520       
"SC",1860,34,40325     
"SC",1860,36,646016    
"SC",1860,37,6150      
"SC",1860,38,730       
"SC",1860,39,71795     
"SC",1860,40,92593     
"SC",1861,31,80069     
"SC",1861,32,44424     
"SC",1861,33,1045      
"SC",1861,34,988263    
"SC",1861,35,2000      
"SC",1861,36,306164    
"SC",1861,37,150       
"SC",1861,38,778       
"SC",1861,39,114492    
"SC",1861,40,140041    
"SC",1875,31,69993     
"SC",1875,32,8471      
"SC",1875,33,520       
"SC",1875,34,67623     
"SC",1875,35,0         
"SC",1875,36,125657    
"SC",1875,37,0         
"SC",1875,38,1707      
"SC",1875,39,113083    
"SC",1875,40,3541      
"SC",1875,41,0         
"SC",1876,31,60098     
"SC",1876,32,8991      
"SC",1876,33,520       
"SC",1876,34,114433    
"SC",1876,35,0         
"SC",1876,36,158844    
"SC",1876,37,0         
"SC",1876,38,1059      
"SC",1876,39,48503     
"SC",1876,40,3417      
"SC",1876,41,0         
"SC",1877,31,926044    
"SC",1877,32,927044    
"SC",1877,33,2286      
"SC",1877,34,166470    
"SC",1877,35,0         
"SC",1877,36,147852    
"SC",1877,37,0         
"SC",1877,38,839       
"SC",1877,39,66754     
"SC",1877,40,371       
"SC",1877,41,0         
"SC",1878,31,59962     
"SC",1878,32,43072     
"SC",1878,33,1300      
"SC",1878,34,73835     
"SC",1878,35,0         
"SC",1878,36,233448    
"SC",1878,37,75        
"SC",1878,38,1115      
"SC",1878,39,78167     
"SC",1878,40,0         
"SC",1878,41,0         
"SC",1879,31,128393    
"SC",1879,32,6295      
"SC",1879,33,895       
"SC",1879,34,115899    
"SC",1879,35,0         
"SC",1879,36,205127    
"SC",1879,37,75        
"SC",1879,38,560       
"SC",1879,39,75805     
"SC",1879,40,75        
"SC",1879,41,0         
"SC",1880,31,83746     
"SC",1880,32,13797     
"SC",1880,33,500       
"SC",1880,34,32853     
"SC",1880,35,0         
"SC",1880,36,264728    
"SC",1880,37,775       
"SC",1880,38,560       
"SC",1880,39,104826    
"SC",1880,40,13080     
"SC",1880,41,0         
"SC",1881,31,98341     
"SC",1881,32,14923     
"SC",1881,33,42716     
"SC",1881,34,63283     
"SC",1881,35,7000      
"SC",1881,36,282025    
"SC",1881,37,775       
"SC",1881,38,1745      
"SC",1881,39,67166     
"SC",1881,40,12690     
"SC",1881,41,0         
"SC",1882,31,79914     
"SC",1882,32,14167     
"SC",1882,33,11572     
"SC",1882,34,34300     
"SC",1882,35,27000     
"SC",1882,36,326490    
"SC",1882,37,2475      
"SC",1882,38,2919      
"SC",1882,39,84157     
"SC",1882,40,25296     
"SC",1882,41,0         
"SC",1883,31,87636     
"SC",1883,32,47171     
"SC",1883,33,11109     
"SC",1883,34,38630     
"SC",1883,35,8500      
"SC",1883,36,709452    
"SC",1883,37,1150      
"SC",1883,38,1670      
"SC",1883,39,78209     
"SC",1883,40,42148     
"SC",1883,41,0         
"SC",1884,31,85650     
"SC",1884,32,33751     
"SC",1884,33,47466     
"SC",1884,34,40355     
"SC",1884,35,7800      
"SC",1884,36,527915    
"SC",1884,37,650       
"SC",1884,38,890       
"SC",1884,39,91022     
"SC",1884,40,69100     
"SC",1884,41,0         
"SC",1886,31,80069     
"SC",1886,32,44424     
"SC",1886,33,1045      
"SC",1886,34,988263    
"SC",1886,35,2000      
"SC",1886,36,307164    
"SC",1886,37,150       
"SC",1886,38,778       
"SC",1886,39,114492    
"SC",1886,40,140041    
"SC",1886,41,0         
                       
"SC",1800,345,850.57   
"SC",1800,360,18915.22 
"SC",1800,361,255.59   
"SC",1800,367,19054.5  
"SC",1800,381,1993.17  
"SC",1800,390,679.28   
"SC",1800,391,9248.4   
"SC",1800,398,567.51   
"SC",1800,400,1087.65  
"SC",1800,410,107.25   
"SC",1801,334,322      
"SC",1801,336,22101.55 
"SC",1801,345,12292.65 
"SC",1801,360,43403.51 
"SC",1801,361,12273.25 
"SC",1801,365,182.47   
"SC",1801,367,56153.32 
"SC",1801,381,1285.8   
"SC",1801,390,150583.7 
"SC",1801,391,20563.33 
"SC",1801,398,10771.83 
"SC",1801,400,243.79   
"SC",1801,410,69450.4  
"SC",1802,313,312.25   
"SC",1802,324,4280     
"SC",1802,334,2072     
"SC",1802,336,215.87   
"SC",1802,345,5679.22  
"SC",1802,360,41399.12 
"SC",1802,361,11590.75 
"SC",1802,367,30462.99 
"SC",1802,381,824.3    
"SC",1802,390,38365.38 
"SC",1802,391,28727.9  
"SC",1802,398,26405.84 
"SC",1802,400,8798.43  
"SC",1802,410,192660.3 
"SC",1803,313,17773.5  
"SC",1803,324,4280     
"SC",1803,334,2335.17  
"SC",1803,345,26859.45 
"SC",1803,360,48772.31 
"SC",1803,361,12287    
"SC",1803,367,14730.68 
"SC",1803,381,1427.25  
"SC",1803,390,232868.39
"SC",1803,391,18388.07 
"SC",1803,398,23705.82 
"SC",1803,400,8376.56  
"SC",1803,410,76632.86 
"SC",1804,313,31040.82 
"SC",1804,324,4280     
"SC",1804,334,2202.59  
"SC",1804,345,7904.65  
"SC",1804,360,43297    
"SC",1804,361,14627.51 
"SC",1804,367,7281.7   
"SC",1804,381,1320.42  
"SC",1804,390,17229.88 
"SC",1804,391,19339.9  
"SC",1804,398,193494.62
"SC",1804,400,3725.56  
"SC",1804,410,2646.77  
"SC",1804,415,31306.66 
"SC",1805,313,15075.94 
"SC",1805,324,4780     
"SC",1805,334,1439     
"SC",1805,345,3212.01  
"SC",1805,351,29923    
"SC",1805,360,52122.18 
"SC",1805,361,12111.2  
"SC",1805,367,9047     
"SC",1805,381,883.25   
"SC",1805,390,7523.99  
"SC",1805,391,20035.31 
"SC",1805,398,37504.59 
"SC",1805,400,60729.25 
"SC",1805,410,6137.85  
"SC",1805,413,62671.23 
"SC",1806,313,13010.75 
"SC",1806,322,700      
"SC",1806,324,4530     
"SC",1806,334,22322    
"SC",1806,336,200      
"SC",1806,345,5405.47  
"SC",1806,360,48779.53 
"SC",1806,361,21977    
"SC",1806,367,21750    
"SC",1806,369,1277.21  
"SC",1806,381,2366.74  
"SC",1806,390,22030    
"SC",1806,391,18175.69 
"SC",1806,398,11020.37 
"SC",1806,400,58308.7  
"SC",1806,410,1337.85  
"SC",1806,413,21242.65 
"SC",1807,313,24360    
"SC",1807,324,500      
"SC",1807,342,4280     
"SC",1807,345,4210.38  
"SC",1807,351,5491     
"SC",1807,360,50913.8  
"SC",1807,361,14409.7  
"SC",1807,367,25277.69 
"SC",1807,381,2859.07  
"SC",1807,390,19200    
"SC",1807,391,14405.8  
"SC",1807,398,14301.3  
"SC",1807,400,69548.01 
"SC",1807,410,613.31   
"SC",1807,413,126208.08
"SC",1808,313,2700     
"SC",1808,324,4780     
"SC",1808,334,2644     
"SC",1808,345,25976.35 
"SC",1808,360,49940.67 
"SC",1808,361,19359.49 
"SC",1808,367,5396     
"SC",1808,381,3392.52  
"SC",1808,390,28750    
"SC",1808,391,14312.33 
"SC",1808,398,16783.35 
"SC",1808,400,77109.52 
"SC",1808,410,28975.57 
"SC",1808,413,92444.19 
"SC",1809,313,21598.84 
"SC",1809,324,4780     
"SC",1809,334,2864.5   
"SC",1809,345,14179.79 
"SC",1809,360,56877.36 
"SC",1809,361,12310.15 
"SC",1809,367,4100     
"SC",1809,369,4248.5   
"SC",1809,381,2144.34  
"SC",1809,390,16050    
"SC",1809,391,25393.8  
"SC",1809,398,10862.39 
"SC",1809,400,77139.57 
"SC",1809,410,4506.19  
"SC",1810,313,2700     
"SC",1810,322,1600     
"SC",1810,324,4780     
"SC",1810,334,3534     
"SC",1810,345,39084.53 
"SC",1810,360,52005.72 
"SC",1810,361,13036.8  
"SC",1810,367,10260    
"SC",1810,369,250      
"SC",1810,381,2829.89  
"SC",1810,390,25527.75 
"SC",1810,391,23447.97 
"SC",1810,398,23685.25 
"SC",1810,400,40888.98 
"SC",1810,410,373.66   
"SC",1811,313,20900    
"SC",1811,324,4780     
"SC",1811,334,446      
"SC",1811,342,1700     
"SC",1811,345,4813.09  
"SC",1811,360,47312.39 
"SC",1811,361,15594.7  
"SC",1811,363,622      
"SC",1811,367,11350    
"SC",1811,369,420      
"SC",1811,381,3794.21  
"SC",1811,390,29638.35 
"SC",1811,391,23132.42 
"SC",1811,398,14482.52 
"SC",1811,400,36171.45 
"SC",1811,410,126749.14
"SC",1812,313,14500    
"SC",1812,314,4939.69  
"SC",1812,324,4780     
"SC",1812,345,28559.9  
"SC",1812,360,55365.66 
"SC",1812,361,21470.02 
"SC",1812,367,12474.52 
"SC",1812,381,2581.95  
"SC",1812,390,27720    
"SC",1812,391,26363.88 
"SC",1812,398,8667.86  
"SC",1812,400,29507.54 
"SC",1812,413,139113.3 
"SC",1813,313,14400    
"SC",1813,314,29778.15 
"SC",1813,324,4780     
"SC",1813,334,644      
"SC",1813,345,67577.09 
"SC",1813,360,48192.61 
"SC",1813,361,24228.46 
"SC",1813,367,9019     
"SC",1813,381,2332.36  
"SC",1813,390,42605    
"SC",1813,391,23120.18 
"SC",1813,398,13512.14 
"SC",1813,400,20492.92 
"SC",1813,413,2500     
"SC",1813,415,30064.12 
"SC",1814,313,10000    
"SC",1814,314,35192.77 
"SC",1814,324,4780     
"SC",1814,334,1242     
"SC",1814,345,137062.59
"SC",1814,360,52409.73 
"SC",1814,361,15994.18 
"SC",1814,367,4220.23  
"SC",1814,381,2680.17  
"SC",1814,390,2320     
"SC",1814,391,25003.74 
"SC",1814,398,18485.73 
"SC",1814,400,22070.81 
"SC",1814,413,90000    
"SC",1814,415,105870.05
"SC",1815,313,10000    
"SC",1815,314,33866.76 
"SC",1815,316,500      
"SC",1815,324,4780     
"SC",1815,334,322      
"SC",1815,345,56097.34 
"SC",1815,360,53411.02 
"SC",1815,361,15459.05 
"SC",1815,366,1239.2   
"SC",1815,367,2815.8   
"SC",1815,381,2039.03  
"SC",1815,391,23026.55 
"SC",1815,398,15477.58 
"SC",1815,400,20533.44 
"SC",1815,410,736.79   
"SC",1815,413,275241.22
"SC",1815,415,82907.8  
"SC",1816,313,16000    
"SC",1816,314,34201.34 
"SC",1816,316,500      
"SC",1816,324,5280     
"SC",1816,334,322      
"SC",1816,345,25491.48 
"SC",1816,360,54538.06 
"SC",1816,361,12547.7  
"SC",1816,367,9181.5   
"SC",1816,381,4197.06  
"SC",1816,391,25488.85 
"SC",1816,398,47925.8  
"SC",1816,400,18587.48 
"SC",1816,413,25000    
"SC",1816,415,206096.11
"SC",1817,313,14207    
"SC",1817,314,39700.39 
"SC",1817,316,620      
"SC",1817,321,4836.55  
"SC",1817,324,4780     
"SC",1817,334,5000     
"SC",1817,345,19198.56 
"SC",1817,360,56044.84 
"SC",1817,361,20253.23 
"SC",1817,367,10314.49 
"SC",1817,369,4846     
"SC",1817,380,441      
"SC",1817,381,6746.07  
"SC",1817,391,30487.29 
"SC",1817,398,42618.19 
"SC",1817,410,18300.17 
"SC",1817,415,112413.66
"SC",1818,313,11963    
"SC",1818,314,35619.75 
"SC",1818,324,5280     
"SC",1818,334,1020     
"SC",1818,345,7088.66  
"SC",1818,360,64021.15 
"SC",1818,361,20111.54 
"SC",1818,365,350      
"SC",1818,367,14826.38 
"SC",1818,369,10329.75 
"SC",1818,381,8024.22  
"SC",1818,390,4552.25  
"SC",1818,391,13321.08 
"SC",1818,398,42592.92 
"SC",1818,410,18139.93 
"SC",1818,415,328067.02
"SC",1819,313,13763.6  
"SC",1819,314,48951.7  
"SC",1819,324,5280     
"SC",1819,334,7320     
"SC",1819,345,6639.41  
"SC",1819,360,74849.25 
"SC",1819,361,15869.05 
"SC",1819,365,200      
"SC",1819,367,31171.75 
"SC",1819,369,12327    
"SC",1819,380,441      
"SC",1819,381,7576.29  
"SC",1819,390,7081.77  
"SC",1819,391,31823.05 
"SC",1819,398,119427.88
"SC",1819,410,6826.45  
"SC",1819,415,171513.1 
"SC",1820,313,15206.12 
"SC",1820,314,40248.48 
"SC",1820,322,989.1    
"SC",1820,324,9000     
"SC",1820,345,15896.09 
"SC",1820,360,64670.16 
"SC",1820,361,17052.9  
"SC",1820,362,428      
"SC",1820,365,755.25   
"SC",1820,367,50787.92 
"SC",1820,369,15922.62 
"SC",1820,380,441      
"SC",1820,381,9076.85  
"SC",1820,391,21591.68 
"SC",1820,398,380531.08
"SC",1820,410,8189.69  
"SC",1821,313,11800    
"SC",1821,314,40466.99 
"SC",1821,316,1500     
"SC",1821,324,12764.6  
"SC",1821,334,11270    
"SC",1821,336,300      
"SC",1821,345,6793.91  
"SC",1821,360,67576.08 
"SC",1821,361,15385.59 
"SC",1821,363,1867.37  
"SC",1821,365,405.62   
"SC",1821,367,31435    
"SC",1821,369,14682    
"SC",1821,380,441      
"SC",1821,381,9066.66  
"SC",1821,390,700000   
"SC",1821,391,26937.83 
"SC",1821,398,401468.01
"SC",1821,410,22514.63 
"SC",1822,313,17660    
"SC",1822,314,35150.37 
"SC",1822,316,500      
"SC",1822,323,15000    
"SC",1822,324,16573.37 
"SC",1822,336,8578.13  
"SC",1822,345,6782.6   
"SC",1822,360,77009.05 
"SC",1822,361,15300.6  
"SC",1822,362,660      
"SC",1822,363,1567.5   
"SC",1822,365,300      
"SC",1822,366,200      
"SC",1822,367,46017.99 
"SC",1822,369,16094    
"SC",1822,380,441      
"SC",1822,381,8187.68  
"SC",1822,390,20.25    
"SC",1822,391,25366.91 
"SC",1822,398,323135.08
"SC",1822,410,57879.08 
"SC",1823,313,15400    
"SC",1823,314,22242.69 
"SC",1823,316,500      
"SC",1823,323,25000    
"SC",1823,324,13760    
"SC",1823,331,22381.05 
"SC",1823,334,160942.18
"SC",1823,345,6894.28  
"SC",1823,360,72119.73 
"SC",1823,361,17172.47 
"SC",1823,362,1500     
"SC",1823,363,100      
"SC",1823,365,300      
"SC",1823,367,76516.21 
"SC",1823,369,32194.93 
"SC",1823,380,441      
"SC",1823,381,7841.99  
"SC",1823,390,600012   
"SC",1823,391,31008.66 
"SC",1823,398,27021.59 
"SC",1823,410,21246.1  
"SC",1824,313,20850    
"SC",1824,314,40827.22 
"SC",1824,316,500      
"SC",1824,323,11500    
"SC",1824,324,13615.74 
"SC",1824,330,183883.91
"SC",1824,345,5722.79  
"SC",1824,360,67488.02 
"SC",1824,361,16889.7  
"SC",1824,362,861.04   
"SC",1824,365,200      
"SC",1824,367,82890.96 
"SC",1824,369,14153    
"SC",1824,380,441      
"SC",1824,381,9176.77  
"SC",1824,391,30642.45 
"SC",1824,398,15537.11 
"SC",1824,410,8474.61  
"SC",1825,313,15160    
"SC",1825,314,36279.21 
"SC",1825,316,1000     
"SC",1825,323,19000    
"SC",1825,324,13420    
"SC",1825,330,105787.29
"SC",1825,334,640      
"SC",1825,345,6308.39  
"SC",1825,360,70089.12 
"SC",1825,361,17449.71 
"SC",1825,362,322.32   
"SC",1825,365,200      
"SC",1825,367,48752.23 
"SC",1825,369,18992    
"SC",1825,380,441      
"SC",1825,381,8029.57  
"SC",1825,390,500000   
"SC",1825,391,38712.42 
"SC",1825,398,15370.86 
"SC",1825,410,7841.59  
"SC",1826,313,31789.61 
"SC",1826,314,40376.03 
"SC",1826,324,13000    
"SC",1826,330,108384.68
"SC",1826,334,320      
"SC",1826,345,5137.86  
"SC",1826,360,69100.81 
"SC",1826,361,14912.96 
"SC",1826,362,552      
"SC",1826,365,289.75   
"SC",1826,367,63523.05 
"SC",1826,369,16055    
"SC",1826,380,441      
"SC",1826,381,10024.72 
"SC",1826,391,33236.37 
"SC",1826,398,17720.17 
"SC",1826,410,8024.86  
"SC",1827,313,12671.17 
"SC",1827,314,36611.78 
"SC",1827,324,10500    
"SC",1827,330,98449.12 
"SC",1827,334,320      
"SC",1827,345,15373.22 
"SC",1827,360,70225.41 
"SC",1827,361,15836.65 
"SC",1827,363,700      
"SC",1827,365,373.92   
"SC",1827,367,48384.24 
"SC",1827,369,17098    
"SC",1827,380,441      
"SC",1827,381,11442.77 
"SC",1827,390,150      
"SC",1827,391,34626.8  
"SC",1827,398,12496.99 
"SC",1827,400,300      
"SC",1827,410,7777.72  
"SC",1828,311,40679    
"SC",1828,313,14341    
"SC",1828,321,9020     
"SC",1828,323,12847    
"SC",1828,334,2384     
"SC",1828,345,21147    
"SC",1828,360,69466    
"SC",1828,361,28079    
"SC",1828,367,44201    
"SC",1828,369,23079    
"SC",1828,390,102592   
"SC",1828,391,28587    
"SC",1828,395,400000   
"SC",1828,398,18503    
"SC",1828,400,7730     
"SC",1829,311,33479    
"SC",1829,313,12341    
"SC",1829,321,7020     
"SC",1829,334,1380     
"SC",1829,345,19477    
"SC",1829,350,736      
"SC",1829,360,59205    
"SC",1829,361,17598    
"SC",1829,367,22433    
"SC",1829,369,31013    
"SC",1829,381,13624    
"SC",1829,390,773      
"SC",1829,391,17610    
"SC",1829,398,72019    
"SC",1829,400,6710     
"SC",1830,311,36723    
"SC",1830,313,11241    
"SC",1830,321,5520     
"SC",1830,323,5003     
"SC",1830,334,4911     
"SC",1830,345,8771     
"SC",1830,351,3000     
"SC",1830,360,60087    
"SC",1830,361,16799    
"SC",1830,367,18700    
"SC",1830,369,26723    
"SC",1830,381,16098    
"SC",1830,391,22432    
"SC",1830,398,39435    
"SC",1830,400,6455     
"SC",1831,311,36778    
"SC",1831,313,21091    
"SC",1831,321,5320     
"SC",1831,323,244      
"SC",1831,334,1320     
"SC",1831,345,2446     
"SC",1831,360,54906    
"SC",1831,361,16765    
"SC",1831,367,5798     
"SC",1831,369,21955    
"SC",1831,381,17959    
"SC",1831,391,29520    
"SC",1831,395,200000   
"SC",1831,398,14652    
"SC",1831,400,6549     
"SC",1832,311,38306    
"SC",1832,313,13741    
"SC",1832,321,5160     
"SC",1832,323,3000     
"SC",1832,334,1320     
"SC",1832,345,2580     
"SC",1832,360,61039    
"SC",1832,361,13117    
"SC",1832,366,655      
"SC",1832,367,7152     
"SC",1832,369,24628    
"SC",1832,381,16234    
"SC",1832,391,40690    
"SC",1832,398,17484    
"SC",1832,400,6360     
"SC",1832,412,100000   
"SC",1833,311,40692    
"SC",1833,313,13841    
"SC",1833,321,4903     
"SC",1833,323,392      
"SC",1833,334,1480     
"SC",1833,345,120795   
"SC",1833,350,9500     
"SC",1833,360,56491    
"SC",1833,361,20947    
"SC",1833,367,1165     
"SC",1833,369,50279    
"SC",1833,381,15311    
"SC",1833,390,21899    
"SC",1833,391,17045    
"SC",1833,398,6137     
"SC",1833,400,6525     
"SC",1834,311,33916    
"SC",1834,313,13400    
"SC",1834,321,4900     
"SC",1834,323,3500     
"SC",1834,334,1420     
"SC",1834,345,24674    
"SC",1834,350,3500     
"SC",1834,351,420      
"SC",1834,360,61724    
"SC",1834,361,15270    
"SC",1834,367,5807     
"SC",1834,369,19954    
"SC",1834,381,2527     
"SC",1834,390,9640     
"SC",1834,391,18744    
"SC",1834,398,2739     
"SC",1834,400,6339     
"SC",1835,311,35199    
"SC",1835,313,30746    
"SC",1835,321,7400     
"SC",1835,323,400      
"SC",1835,334,1320     
"SC",1835,345,30582    
"SC",1835,360,55628    
"SC",1835,361,15964    
"SC",1835,366,445      
"SC",1835,367,5927     
"SC",1835,369,18984    
"SC",1835,381,9278     
"SC",1835,390,3402     
"SC",1835,391,30355    
"SC",1835,398,1343     
"SC",1835,400,6460     
"SC",1836,311,28878    
"SC",1836,313,28829    
"SC",1836,321,9384     
"SC",1836,323,8491     
"SC",1836,334,1320     
"SC",1836,336,7141     
"SC",1836,345,33400    
"SC",1836,360,58080    
"SC",1836,361,2906     
"SC",1836,367,7600     
"SC",1836,369,32071    
"SC",1836,381,9010     
"SC",1836,390,36       
"SC",1836,391,17896    
"SC",1836,398,10343    
"SC",1836,399,793      
"SC",1837,311,26186    
"SC",1837,313,46252    
"SC",1837,316,5649     
"SC",1837,320,520      
"SC",1837,321,14077    
"SC",1837,323,650      
"SC",1837,334,36800    
"SC",1837,335,9859     
"SC",1837,345,66233    
"SC",1837,351,302      
"SC",1837,360,97421    
"SC",1837,361,14852    
"SC",1837,365,200      
"SC",1837,366,320      
"SC",1837,367,13050    
"SC",1837,369,28333    
"SC",1837,380,5422     
"SC",1837,381,6800     
"SC",1837,391,25501    
"SC",1837,398,57       
"SC",1837,399,11194    
"SC",1837,400,600      
"SC",1839,311,38269    
"SC",1839,313,33686    
"SC",1839,316,1350     
"SC",1839,321,5996     
"SC",1839,322,1250     
"SC",1839,334,21289    
"SC",1839,345,39473    
"SC",1839,360,69891    
"SC",1839,361,29034    
"SC",1839,366,320      
"SC",1839,367,26492    
"SC",1839,369,36413    
"SC",1839,370,4640     
"SC",1839,380,896      
"SC",1839,381,5608     
"SC",1839,390,4108     
"SC",1839,391,33779    
"SC",1839,399,1838     
"SC",1839,400,6350     
"SC",1840,311,38410    
"SC",1840,313,21700    
"SC",1840,316,802      
"SC",1840,321,9053     
"SC",1840,323,300      
"SC",1840,334,42401    
"SC",1840,345,26266    
"SC",1840,360,65832    
"SC",1840,361,20389    
"SC",1840,366,1320     
"SC",1840,367,32205    
"SC",1840,369,25169    
"SC",1840,380,1000     
"SC",1840,381,4880     
"SC",1840,390,181      
"SC",1840,391,33497    
"SC",1840,399,550      
"SC",1840,400,6429     
"SC",1840,401,195      
"SC",1841,311,38293    
"SC",1841,313,22578    
"SC",1841,321,5400     
"SC",1841,323,300      
"SC",1841,334,16976    
"SC",1841,345,24377    
"SC",1841,360,63461    
"SC",1841,361,17325    
"SC",1841,363,300      
"SC",1841,366,1320     
"SC",1841,367,9900     
"SC",1841,369,34316    
"SC",1841,381,4640     
"SC",1841,391,29881    
"SC",1841,400,6908     
"SC",1842,311,36793    
"SC",1842,321,5500     
"SC",1842,322,1000     
"SC",1842,323,543      
"SC",1842,334,200      
"SC",1842,345,35557    
"SC",1842,360,70112    
"SC",1842,361,16024    
"SC",1842,363,300      
"SC",1842,366,1320     
"SC",1842,367,11967    
"SC",1842,369,38429    
"SC",1842,370,15700    
"SC",1842,381,4950     
"SC",1842,390,3501     
"SC",1842,391,35442    
"SC",1842,399,18       
"SC",1842,400,6599     
"SC",1842,3143,17400   
"SC",1843,311,36199    
"SC",1843,313,21450    
"SC",1843,321,5400     
"SC",1843,323,350      
"SC",1843,334,200      
"SC",1843,345,33291    
"SC",1843,351,1000     
"SC",1843,360,60611    
"SC",1843,361,16256    
"SC",1843,363,200      
"SC",1843,366,1320     
"SC",1843,367,19767    
"SC",1843,369,31372    
"SC",1843,381,4299     
"SC",1843,390,3344     
"SC",1843,391,32568    
"SC",1843,399,3915     
"SC",1843,400,6293     
"SC",1844,311,38329    
"SC",1844,313,2000     
"SC",1844,321,5400     
"SC",1844,322,1000     
"SC",1844,323,600      
"SC",1844,334,200      
"SC",1844,345,26384    
"SC",1844,351,2000     
"SC",1844,360,84349    
"SC",1844,361,15107    
"SC",1844,363,200      
"SC",1844,364,10       
"SC",1844,366,1320     
"SC",1844,367,14133    
"SC",1844,369,35209    
"SC",1844,370,6200     
"SC",1844,381,3402     
"SC",1844,390,17129    
"SC",1844,391,31607    
"SC",1844,398,400      
"SC",1844,399,56707    
"SC",1844,400,5520     
"SC",1845,313,21350    
"SC",1845,314,37037    
"SC",1845,321,5400     
"SC",1845,323,700      
"SC",1845,334,520      
"SC",1845,345,31781    
"SC",1845,351,1500     
"SC",1845,360,62389    
"SC",1845,361,16667    
"SC",1845,363,850      
"SC",1845,364,50       
"SC",1845,367,5833     
"SC",1845,369,42413    
"SC",1845,381,2890     
"SC",1845,390,10784    
"SC",1845,391,36381    
"SC",1845,395,60000    
"SC",1845,398,1095     
"SC",1845,399,6476     
"SC",1845,400,4595     
"SC",1846,313,21375    
"SC",1846,314,36708    
"SC",1846,321,5400     
"SC",1846,322,100      
"SC",1846,323,750      
"SC",1846,334,200      
"SC",1846,345,30913    
"SC",1846,351,2000     
"SC",1846,360,66908    
"SC",1846,361,14539    
"SC",1846,363,1100     
"SC",1846,364,30       
"SC",1846,366,1320     
"SC",1846,367,18336    
"SC",1846,369,49082    
"SC",1846,370,494      
"SC",1846,381,4095     
"SC",1846,390,5982     
"SC",1846,391,29278    
"SC",1846,395,50000    
"SC",1846,398,400      
"SC",1846,399,1011     
"SC",1846,400,5666     
"SC",1846,410,31213    
"SC",1847,313,24200    
"SC",1847,314,35648    
"SC",1847,321,4703     
"SC",1847,322,2002     
"SC",1847,323,350      
"SC",1847,334,200      
"SC",1847,345,51463    
"SC",1847,351,1667     
"SC",1847,360,61238    
"SC",1847,361,17209    
"SC",1847,363,1150     
"SC",1847,364,50       
"SC",1847,366,1320     
"SC",1847,367,5539     
"SC",1847,369,34811    
"SC",1847,370,180      
"SC",1847,381,2530     
"SC",1847,390,6727     
"SC",1847,391,40345    
"SC",1847,395,50000    
"SC",1847,398,600      
"SC",1847,399,7961     
"SC",1847,400,4301     
"SC",1847,410,29202    
"SC",1848,313,22540    
"SC",1848,314,35079    
"SC",1848,321,4900     
"SC",1848,322,1857     
"SC",1848,323,16860    
"SC",1848,334,200      
"SC",1848,345,47888    
"SC",1848,351,600      
"SC",1848,360,86713    
"SC",1848,361,17380    
"SC",1848,363,1100     
"SC",1848,364,50       
"SC",1848,366,1320     
"SC",1848,367,1074     
"SC",1848,369,45041    
"SC",1848,381,2244     
"SC",1848,390,4383     
"SC",1848,391,32376    
"SC",1848,395,80000    
"SC",1848,398,2400     
"SC",1848,399,9035     
"SC",1849,313,30392    
"SC",1849,314,37495    
"SC",1849,321,5000     
"SC",1849,322,1137     
"SC",1849,323,15800    
"SC",1849,334,200      
"SC",1849,345,47471    
"SC",1849,351,600      
"SC",1849,360,61675    
"SC",1849,361,21082    
"SC",1849,363,1100     
"SC",1849,364,191      
"SC",1849,366,1320     
"SC",1849,367,3074     
"SC",1849,369,46096    
"SC",1849,381,1610     
"SC",1849,390,14449    
"SC",1849,391,43691    
"SC",1849,395,80000    
"SC",1849,398,1713     
"SC",1849,399,424      
"SC",1849,400,4207     
"SC",1850,313,30800    
"SC",1850,314,37193    
"SC",1850,316,2000     
"SC",1850,321,5440     
"SC",1850,322,2506     
"SC",1850,323,525      
"SC",1850,334,520      
"SC",1850,345,67623    
"SC",1850,360,57459    
"SC",1850,361,19173    
"SC",1850,363,1100     
"SC",1850,364,30       
"SC",1850,366,1000     
"SC",1850,367,13195    
"SC",1850,369,33700    
"SC",1850,381,1707     
"SC",1850,390,16737    
"SC",1850,391,42396    
"SC",1850,395,50000    
"SC",1850,398,1800     
"SC",1850,399,2150     
"SC",1850,400,3541     
"SC",1851,313,22575    
"SC",1851,314,35523    
"SC",1851,316,2000     
"SC",1851,321,5513     
"SC",1851,322,2028     
"SC",1851,323,1450     
"SC",1851,334,520      
"SC",1851,345,114433   
"SC",1851,360,64190    
"SC",1851,361,17613    
"SC",1851,363,1100     
"SC",1851,364,6817     
"SC",1851,366,1001     
"SC",1851,367,27659    
"SC",1851,369,40464    
"SC",1851,381,1059     
"SC",1851,390,7236     
"SC",1851,391,38287    
"SC",1851,398,1200     
"SC",1851,399,1780     
"SC",1851,400,3417     
"SC",1852,313,21800    
"SC",1852,314,36188    
"SC",1852,316,2000     
"SC",1852,321,4822     
"SC",1852,322,12640    
"SC",1852,323,1000     
"SC",1852,334,2286     
"SC",1852,345,166470   
"SC",1852,360,61823    
"SC",1852,361,15851    
"SC",1852,363,1000     
"SC",1852,364,555      
"SC",1852,366,1000     
"SC",1852,367,32513    
"SC",1852,369,34710    
"SC",1852,381,839      
"SC",1852,390,6527     
"SC",1852,391,46528    
"SC",1852,398,8908     
"SC",1852,399,4791     
"SC",1852,400,371      
"SC",1853,313,10000    
"SC",1853,314,47962    
"SC",1853,316,2000     
"SC",1853,321,5400     
"SC",1853,322,6822     
"SC",1853,323,30850    
"SC",1853,334,1300     
"SC",1853,345,73835    
"SC",1853,360,81968    
"SC",1853,361,21640    
"SC",1853,363,1000     
"SC",1853,364,708      
"SC",1853,366,1000     
"SC",1853,367,89681    
"SC",1853,369,37451    
"SC",1853,370,75       
"SC",1853,381,1115     
"SC",1853,390,6592     
"SC",1853,391,60309    
"SC",1853,398,9516     
"SC",1853,399,1750     
"SC",1854,313,53800    
"SC",1854,314,74593    
"SC",1854,321,1320     
"SC",1854,322,3017     
"SC",1854,323,1958     
"SC",1854,334,895      
"SC",1854,345,115899   
"SC",1854,360,62290    
"SC",1854,361,15788    
"SC",1854,363,1000     
"SC",1854,364,10       
"SC",1854,366,4500     
"SC",1854,367,84589    
"SC",1854,369,36950    
"SC",1854,370,75       
"SC",1854,381,560      
"SC",1854,390,6143     
"SC",1854,391,65168    
"SC",1854,395,200      
"SC",1854,398,400      
"SC",1854,399,3894     
"SC",1854,400,75       
"SC",1855,313,11000    
"SC",1855,314,72746    
"SC",1855,321,8382     
"SC",1855,322,4515     
"SC",1855,323,900      
"SC",1855,334,500      
"SC",1855,345,32853    
"SC",1855,360,85226    
"SC",1855,361,17176    
"SC",1855,363,1000     
"SC",1855,364,3718     
"SC",1855,366,1000     
"SC",1855,367,116753   
"SC",1855,369,39855    
"SC",1855,370,775      
"SC",1855,381,560      
"SC",1855,390,4796     
"SC",1855,391,66038    
"SC",1855,395,30000    
"SC",1855,398,1800     
"SC",1855,399,2192     
"SC",1855,400,13080    
"SC",1856,313,18802    
"SC",1856,314,77539    
"SC",1856,316,2000     
"SC",1856,321,7800     
"SC",1856,322,5087     
"SC",1856,323,1236     
"SC",1856,334,42716    
"SC",1856,345,63283    
"SC",1856,351,7000     
"SC",1856,360,89090    
"SC",1856,361,16003    
"SC",1856,363,1100     
"SC",1856,364,742      
"SC",1856,366,5355     
"SC",1856,367,124979   
"SC",1856,369,44918    
"SC",1856,370,775      
"SC",1856,380,500      
"SC",1856,381,1245     
"SC",1856,390,10694    
"SC",1856,391,53265    
"SC",1856,398,1000     
"SC",1856,399,2527     
"SC",1856,400,12690    
"SC",1857,313,2000     
"SC",1857,314,77914    
"SC",1857,321,8200     
"SC",1857,322,5017     
"SC",1857,323,950      
"SC",1857,334,11172    
"SC",1857,336,400      
"SC",1857,345,34300    
"SC",1857,351,7000     
"SC",1857,355,20000    
"SC",1857,360,86582    
"SC",1857,361,22783    
"SC",1857,363,1100     
"SC",1857,364,806      
"SC",1857,366,1000     
"SC",1857,367,172045   
"SC",1857,369,42174    
"SC",1857,370,2475     
"SC",1857,381,2919     
"SC",1857,390,7063     
"SC",1857,391,58821    
"SC",1857,398,200      
"SC",1857,399,18073    
"SC",1857,400,25296    
"SC",1858,313,5000     
"SC",1858,314,82636    
"SC",1858,316,2000     
"SC",1858,321,8200     
"SC",1858,322,6769     
"SC",1858,323,32202    
"SC",1858,331,4000     
"SC",1858,334,5205     
"SC",1858,336,1904     
"SC",1858,345,38630    
"SC",1858,351,8500     
"SC",1858,360,93232    
"SC",1858,361,20777    
"SC",1858,363,1355     
"SC",1858,364,25       
"SC",1858,366,4871     
"SC",1858,367,548193   
"SC",1858,369,47368    
"SC",1858,370,1200     
"SC",1858,381,1670     
"SC",1858,390,19499    
"SC",1858,391,59528    
"SC",1858,399,1862     
"SC",1858,400,42148    
"SC",1859,314,82650    
"SC",1859,316,3000     
"SC",1859,321,7800     
"SC",1859,322,9825     
"SC",1859,323,19626    
"SC",1859,331,2000     
"SC",1859,334,42480    
"SC",1859,336,2986     
"SC",1859,345,40355    
"SC",1859,351,7800     
"SC",1859,360,92246    
"SC",1859,361,20968    
"SC",1859,363,1000     
"SC",1859,364,570      
"SC",1859,366,1000     
"SC",1859,367,364338   
"SC",1859,369,48093    
"SC",1859,370,950      
"SC",1859,381,890      
"SC",1859,390,16787    
"SC",1859,391,64176    
"SC",1859,398,625      
"SC",1859,399,9434     
"SC",1859,400,69100    
"SC",1860,314,86887    
"SC",1860,316,2000     
"SC",1860,321,7800     
"SC",1860,322,12074    
"SC",1860,323,1083     
"SC",1860,334,520      
"SC",1860,345,40325    
"SC",1860,360,90001    
"SC",1860,361,18261    
"SC",1860,363,1000     
"SC",1860,364,345      
"SC",1860,366,1000     
"SC",1860,367,471617   
"SC",1860,369,63792    
"SC",1860,370,6150     
"SC",1860,381,730      
"SC",1860,390,10769    
"SC",1860,391,50186    
"SC",1860,398,4150     
"SC",1860,399,6690     
"SC",1860,400,92593    
"SC",1861,314,80069    
"SC",1861,321,7800     
"SC",1861,322,13088    
"SC",1861,323,23536    
"SC",1861,331,25       
"SC",1861,334,1020     
"SC",1861,345,988263   
"SC",1861,351,2000     
"SC",1861,360,97236    
"SC",1861,361,59027    
"SC",1861,363,100      
"SC",1861,364,4266     
"SC",1861,366,1000     
"SC",1861,367,103663   
"SC",1861,369,40872    
"SC",1861,370,150      
"SC",1861,381,778      
"SC",1861,390,19442    
"SC",1861,391,64909    
"SC",1861,398,25749    
"SC",1861,399,4392     
"SC",1861,400,140041   
"SC",1875,310,0        
"SC",1875,311,0        
"SC",1875,313,30800    
"SC",1875,314,37193    
"SC",1875,316,2000     
"SC",1875,320,0        
"SC",1875,321,5440     
"SC",1875,322,2506     
"SC",1875,323,525      
"SC",1875,324,0        
"SC",1875,325,0        
"SC",1875,330,0        
"SC",1875,331,0        
"SC",1875,332,0        
"SC",1875,334,520      
"SC",1875,335,0        
"SC",1875,336,0        
"SC",1875,340,0        
"SC",1875,341,0        
"SC",1875,342,0        
"SC",1875,343,0        
"SC",1875,344,0        
"SC",1875,345,67623    
"SC",1875,350,0        
"SC",1875,351,0        
"SC",1875,352,0        
"SC",1875,353,0        
"SC",1875,354,0        
"SC",1875,355,0        
"SC",1875,360,57459    
"SC",1875,361,19173    
"SC",1875,362,0        
"SC",1875,363,1100     
"SC",1875,364,30       
"SC",1875,365,0        
"SC",1875,366,1000     
"SC",1875,367,13195    
"SC",1875,369,33700    
"SC",1875,370,0        
"SC",1875,380,0        
"SC",1875,381,1707     
"SC",1875,390,16737    
"SC",1875,391,42396    
"SC",1875,392,0        
"SC",1875,395,50000    
"SC",1875,398,3950     
"SC",1875,400,3541     
"SC",1875,401,0        
"SC",1875,410,0        
"SC",1875,411,0        
"SC",1875,412,0        
"SC",1875,413,0        
"SC",1875,414,0        
"SC",1875,415,0        
"SC",1876,310,0        
"SC",1876,311,0        
"SC",1876,313,22575    
"SC",1876,314,35523    
"SC",1876,316,2000     
"SC",1876,320,0        
"SC",1876,321,5513     
"SC",1876,322,2028     
"SC",1876,323,1450     
"SC",1876,324,0        
"SC",1876,325,0        
"SC",1876,330,0        
"SC",1876,331,0        
"SC",1876,332,0        
"SC",1876,334,520      
"SC",1876,335,0        
"SC",1876,336,0        
"SC",1876,340,0        
"SC",1876,341,0        
"SC",1876,342,0        
"SC",1876,343,0        
"SC",1876,344,0        
"SC",1876,345,114433   
"SC",1876,350,0        
"SC",1876,351,0        
"SC",1876,352,0        
"SC",1876,353,0        
"SC",1876,354,0        
"SC",1876,355,0        
"SC",1876,360,64190    
"SC",1876,361,17613    
"SC",1876,362,0        
"SC",1876,363,1100     
"SC",1876,364,6817     
"SC",1876,365,0        
"SC",1876,366,1001     
"SC",1876,367,27659    
"SC",1876,369,40464    
"SC",1876,370,0        
"SC",1876,380,0        
"SC",1876,381,1059     
"SC",1876,390,7236     
"SC",1876,391,38287    
"SC",1876,392,0        
"SC",1876,395,0        
"SC",1876,398,2980     
"SC",1876,400,3417     
"SC",1876,401,0        
"SC",1876,410,0        
"SC",1876,411,0        
"SC",1876,412,0        
"SC",1876,413,0        
"SC",1876,414,0        
"SC",1876,415,0        
"SC",1877,310,0        
"SC",1877,311,463022   
"SC",1877,313,0        
"SC",1877,314,463022   
"SC",1877,316,0        
"SC",1877,320,463022   
"SC",1877,321,0        
"SC",1877,322,463022   
"SC",1877,323,1000     
"SC",1877,324,0        
"SC",1877,325,0        
"SC",1877,330,0        
"SC",1877,331,0        
"SC",1877,332,0        
"SC",1877,334,2286     
"SC",1877,335,0        
"SC",1877,336,0        
"SC",1877,340,0        
"SC",1877,341,0        
"SC",1877,342,0        
"SC",1877,343,0        
"SC",1877,344,0        
"SC",1877,345,166470   
"SC",1877,350,0        
"SC",1877,351,0        
"SC",1877,352,0        
"SC",1877,353,0        
"SC",1877,354,0        
"SC",1877,355,0        
"SC",1877,360,61823    
"SC",1877,361,15851    
"SC",1877,362,0        
"SC",1877,363,1000     
"SC",1877,364,555      
"SC",1877,365,0        
"SC",1877,366,1000     
"SC",1877,367,32513    
"SC",1877,369,35110    
"SC",1877,370,0        
"SC",1877,380,0        
"SC",1877,381,839      
"SC",1877,390,6527     
"SC",1877,391,46528    
"SC",1877,392,0        
"SC",1877,395,0        
"SC",1877,398,13699    
"SC",1877,400,371      
"SC",1877,401,0        
"SC",1877,410,0        
"SC",1877,411,0        
"SC",1877,412,0        
"SC",1877,413,0        
"SC",1877,414,0        
"SC",1877,415,0        
"SC",1878,310,0        
"SC",1878,311,0        
"SC",1878,313,10000    
"SC",1878,314,47962    
"SC",1878,316,2000     
"SC",1878,320,0        
"SC",1878,321,5400     
"SC",1878,322,6822     
"SC",1878,323,30850    
"SC",1878,324,0        
"SC",1878,325,0        
"SC",1878,330,0        
"SC",1878,331,0        
"SC",1878,332,0        
"SC",1878,334,1300     
"SC",1878,335,0        
"SC",1878,336,0        
"SC",1878,340,0        
"SC",1878,341,0        
"SC",1878,342,0        
"SC",1878,343,0        
"SC",1878,344,0        
"SC",1878,345,73835    
"SC",1878,350,0        
"SC",1878,351,0        
"SC",1878,352,0        
"SC",1878,353,0        
"SC",1878,354,0        
"SC",1878,355,0        
"SC",1878,360,81968    
"SC",1878,361,21640    
"SC",1878,362,0        
"SC",1878,363,1000     
"SC",1878,364,708      
"SC",1878,365,0        
"SC",1878,366,1000     
"SC",1878,367,89681    
"SC",1878,369,37451    
"SC",1878,370,75       
"SC",1878,380,0        
"SC",1878,381,1115     
"SC",1878,390,6592     
"SC",1878,391,60309    
"SC",1878,392,0        
"SC",1878,395,0        
"SC",1878,398,11266    
"SC",1878,400,0        
"SC",1878,401,0        
"SC",1878,410,0        
"SC",1878,411,0        
"SC",1878,412,0        
"SC",1878,413,0        
"SC",1878,414,0        
"SC",1878,415,0        
"SC",1879,310,0        
"SC",1879,311,0        
"SC",1879,313,53800    
"SC",1879,314,74593    
"SC",1879,316,0        
"SC",1879,320,0        
"SC",1879,321,1320     
"SC",1879,322,3017     
"SC",1879,323,1958     
"SC",1879,324,0        
"SC",1879,325,0        
"SC",1879,330,0        
"SC",1879,331,0        
"SC",1879,332,0        
"SC",1879,334,895      
"SC",1879,335,0        
"SC",1879,336,0        
"SC",1879,340,0        
"SC",1879,341,0        
"SC",1879,342,0        
"SC",1879,343,0        
"SC",1879,344,0        
"SC",1879,345,115899   
"SC",1879,350,0        
"SC",1879,351,0        
"SC",1879,352,0        
"SC",1879,353,0        
"SC",1879,354,0        
"SC",1879,355,0        
"SC",1879,360,62290    
"SC",1879,361,15788    
"SC",1879,362,0        
"SC",1879,363,1000     
"SC",1879,364,10       
"SC",1879,365,0        
"SC",1879,366,4500     
"SC",1879,367,84589    
"SC",1879,369,36950    
"SC",1879,370,75       
"SC",1879,380,0        
"SC",1879,381,560      
"SC",1879,390,6143     
"SC",1879,391,65168    
"SC",1879,392,0        
"SC",1879,395,200      
"SC",1879,398,4294     
"SC",1879,400,75       
"SC",1879,401,0        
"SC",1879,410,0        
"SC",1879,411,0        
"SC",1879,412,0        
"SC",1879,413,0        
"SC",1879,414,0        
"SC",1879,415,0        
"SC",1880,310,0        
"SC",1880,311,0        
"SC",1880,313,11000    
"SC",1880,314,72746    
"SC",1880,316,0        
"SC",1880,320,0        
"SC",1880,321,8382     
"SC",1880,322,4515     
"SC",1880,323,900      
"SC",1880,324,0        
"SC",1880,325,0        
"SC",1880,330,0        
"SC",1880,331,0        
"SC",1880,332,0        
"SC",1880,334,500      
"SC",1880,335,0        
"SC",1880,336,0        
"SC",1880,340,0        
"SC",1880,341,0        
"SC",1880,342,0        
"SC",1880,343,0        
"SC",1880,344,0        
"SC",1880,345,32853    
"SC",1880,350,0        
"SC",1880,351,0        
"SC",1880,352,0        
"SC",1880,353,0        
"SC",1880,354,0        
"SC",1880,355,0        
"SC",1880,360,85226    
"SC",1880,361,17176    
"SC",1880,362,0        
"SC",1880,363,1000     
"SC",1880,364,3718     
"SC",1880,365,0        
"SC",1880,366,1000     
"SC",1880,367,116753   
"SC",1880,369,39855    
"SC",1880,370,775      
"SC",1880,380,0        
"SC",1880,381,560      
"SC",1880,390,4796     
"SC",1880,391,66038    
"SC",1880,392,0        
"SC",1880,395,30000    
"SC",1880,398,3992     
"SC",1880,400,13080    
"SC",1880,401,0        
"SC",1880,410,0        
"SC",1880,411,0        
"SC",1880,412,0        
"SC",1880,413,0        
"SC",1880,414,0        
"SC",1880,415,0        
"SC",1881,310,0        
"SC",1881,311,0        
"SC",1881,313,18802    
"SC",1881,314,77539    
"SC",1881,316,2000     
"SC",1881,320,0        
"SC",1881,321,8600     
"SC",1881,322,5087     
"SC",1881,323,1236     
"SC",1881,324,0        
"SC",1881,325,0        
"SC",1881,330,0        
"SC",1881,331,0        
"SC",1881,332,0        
"SC",1881,334,42716    
"SC",1881,335,0        
"SC",1881,336,0        
"SC",1881,340,0        
"SC",1881,341,0        
"SC",1881,342,0        
"SC",1881,343,0        
"SC",1881,344,0        
"SC",1881,345,63283    
"SC",1881,350,0        
"SC",1881,351,7000     
"SC",1881,352,0        
"SC",1881,353,0        
"SC",1881,354,0        
"SC",1881,355,0        
"SC",1881,360,89090    
"SC",1881,361,16003    
"SC",1881,362,0        
"SC",1881,363,1100     
"SC",1881,364,580      
"SC",1881,365,0        
"SC",1881,366,5355     
"SC",1881,367,124979   
"SC",1881,369,44918    
"SC",1881,370,775      
"SC",1881,380,500      
"SC",1881,381,1245     
"SC",1881,390,10694    
"SC",1881,391,53265    
"SC",1881,392,0        
"SC",1881,395,0        
"SC",1881,398,3207     
"SC",1881,400,12690    
"SC",1881,401,0        
"SC",1881,410,0        
"SC",1881,411,0        
"SC",1881,412,0        
"SC",1881,413,0        
"SC",1881,414,0        
"SC",1881,415,0        
"SC",1882,310,0        
"SC",1882,311,0        
"SC",1882,313,2000     
"SC",1882,314,77914    
"SC",1882,316,0        
"SC",1882,320,0        
"SC",1882,321,8200     
"SC",1882,322,5017     
"SC",1882,323,950      
"SC",1882,324,0        
"SC",1882,325,0        
"SC",1882,330,0        
"SC",1882,331,0        
"SC",1882,332,0        
"SC",1882,334,11172    
"SC",1882,335,0        
"SC",1882,336,400      
"SC",1882,340,0        
"SC",1882,341,0        
"SC",1882,342,0        
"SC",1882,343,0        
"SC",1882,344,0        
"SC",1882,345,34300    
"SC",1882,350,0        
"SC",1882,351,7000     
"SC",1882,352,0        
"SC",1882,353,0        
"SC",1882,354,0        
"SC",1882,355,20000    
"SC",1882,360,86582    
"SC",1882,361,22783    
"SC",1882,362,0        
"SC",1882,363,1100     
"SC",1882,364,806      
"SC",1882,365,0        
"SC",1882,366,1000     
"SC",1882,367,172045   
"SC",1882,369,42174    
"SC",1882,370,2475     
"SC",1882,380,0        
"SC",1882,381,2919     
"SC",1882,390,7063     
"SC",1882,391,58821    
"SC",1882,392,0        
"SC",1882,395,0        
"SC",1882,398,18273    
"SC",1882,400,25296    
"SC",1882,401,0        
"SC",1882,410,0        
"SC",1882,411,0        
"SC",1882,412,0        
"SC",1882,413,0        
"SC",1882,414,0        
"SC",1882,415,0        
"SC",1883,310,0        
"SC",1883,311,0        
"SC",1883,313,5000     
"SC",1883,314,82636    
"SC",1883,316,0        
"SC",1883,320,0        
"SC",1883,321,8200     
"SC",1883,322,6769     
"SC",1883,323,32202    
"SC",1883,324,0        
"SC",1883,325,0        
"SC",1883,330,0        
"SC",1883,331,4000     
"SC",1883,332,0        
"SC",1883,334,5205     
"SC",1883,335,0        
"SC",1883,336,1904     
"SC",1883,340,0        
"SC",1883,341,0        
"SC",1883,342,0        
"SC",1883,343,0        
"SC",1883,344,0        
"SC",1883,345,38630    
"SC",1883,350,0        
"SC",1883,351,8500     
"SC",1883,352,0        
"SC",1883,353,0        
"SC",1883,354,0        
"SC",1883,355,0        
"SC",1883,360,93232    
"SC",1883,361,19512    
"SC",1883,362,0        
"SC",1883,363,1000     
"SC",1883,364,25       
"SC",1883,365,0        
"SC",1883,366,1000     
"SC",1883,367,547315   
"SC",1883,369,47368    
"SC",1883,370,1150     
"SC",1883,380,0        
"SC",1883,381,1670     
"SC",1883,390,19499    
"SC",1883,391,58348    
"SC",1883,392,0        
"SC",1883,395,0        
"SC",1883,398,362      
"SC",1883,400,42148    
"SC",1883,401,0        
"SC",1883,410,0        
"SC",1883,411,0        
"SC",1883,412,0        
"SC",1883,413,0        
"SC",1883,414,0        
"SC",1883,415,0        
"SC",1884,310,0        
"SC",1884,311,0        
"SC",1884,313,0        
"SC",1884,314,82650    
"SC",1884,316,3000     
"SC",1884,320,0        
"SC",1884,321,7800     
"SC",1884,322,9825     
"SC",1884,323,16126    
"SC",1884,324,0        
"SC",1884,325,0        
"SC",1884,330,0        
"SC",1884,331,2000     
"SC",1884,332,0        
"SC",1884,334,42480    
"SC",1884,335,0        
"SC",1884,336,2986     
"SC",1884,340,0        
"SC",1884,341,0        
"SC",1884,342,0        
"SC",1884,343,0        
"SC",1884,344,0        
"SC",1884,345,40355    
"SC",1884,350,0        
"SC",1884,351,7800     
"SC",1884,352,0        
"SC",1884,353,0        
"SC",1884,354,0        
"SC",1884,355,0        
"SC",1884,360,92246    
"SC",1884,361,20968    
"SC",1884,362,0        
"SC",1884,363,1000     
"SC",1884,364,570      
"SC",1884,365,0        
"SC",1884,366,1000     
"SC",1884,367,364038   
"SC",1884,369,48093    
"SC",1884,370,650      
"SC",1884,380,0        
"SC",1884,381,890      
"SC",1884,390,16787    
"SC",1884,391,64176    
"SC",1884,392,0        
"SC",1884,395,0        
"SC",1884,398,10059    
"SC",1884,400,69100    
"SC",1884,401,0        
"SC",1884,410,0        
"SC",1884,411,0        
"SC",1884,412,0        
"SC",1884,413,0        
"SC",1884,414,0        
"SC",1884,415,0        
"SC",1886,310,0        
"SC",1886,311,0        
"SC",1886,313,0        
"SC",1886,314,80069    
"SC",1886,316,0        
"SC",1886,320,0        
"SC",1886,321,7800     
"SC",1886,322,13088    
"SC",1886,323,23536    
"SC",1886,324,0        
"SC",1886,325,0        
"SC",1886,330,0        
"SC",1886,331,25       
"SC",1886,332,0        
"SC",1886,334,1020     
"SC",1886,335,0        
"SC",1886,336,0        
"SC",1886,340,0        
"SC",1886,341,0        
"SC",1886,342,0        
"SC",1886,343,0        
"SC",1886,344,0        
"SC",1886,345,988263   
"SC",1886,350,0        
"SC",1886,351,2000     
"SC",1886,352,0        
"SC",1886,353,0        
"SC",1886,354,0        
"SC",1886,355,0        
"SC",1886,360,97236    
"SC",1886,361,59027    
"SC",1886,362,0        
"SC",1886,363,100      
"SC",1886,364,5266     
"SC",1886,365,0        
"SC",1886,366,1000     
"SC",1886,367,103663   
"SC",1886,369,40872    
"SC",1886,370,150      
"SC",1886,380,0        
"SC",1886,381,778      
"SC",1886,390,19442    
"SC",1886,391,64909    
"SC",1886,392,0        
"SC",1886,395,0        
"SC",1886,398,30141    
"SC",1886,400,140041   
"SC",1886,401,0        
"SC",1886,410,0        
"SC",1886,411,0        
"SC",1886,412,0        
"SC",1886,413,0        
"SC",1886,414,0        
"SC",1886,415,0        
