"ND",1890,3,501871   
"ND",1891,0,956769   
"ND",1891,3,956769   
"ND",1892,3,962593   
"ND",1893,3,1015106  
"ND",1894,3,602224   
"ND",1895,3,1026905  
"ND",1896,3,943932   
"ND",1897,3,2437923  
"ND",1900,3,2416029  
"ND",1902,3,2660491  
"ND",1903,3,1063181  
"ND",1904,3,2288981  
"ND",1905,3,2506680  
"ND",1906,3,2414453  
"ND",1907,3,3001921  
"ND",1908,3,3476073  
"ND",1909,3,3667922  
"ND",1910,3,4860811  
"ND",1911,3,3909530  
"ND",1912,3,4610994  
"ND",1913,3,3107522  
"ND",1914,3,5723462  
                     
"ND",1890,31,32661   
"ND",1890,32,71881   
"ND",1890,33,1783    
"ND",1890,34,28545   
"ND",1890,35,1093    
"ND",1890,36,194907  
"ND",1890,39,60795   
"ND",1890,40,35206   
"ND",1890,41,75000   
"ND",1891,0,12292    
"ND",1891,31,346773  
"ND",1891,32,91712   
"ND",1891,33,4157    
"ND",1891,34,67308   
"ND",1891,35,6075    
"ND",1891,36,161682  
"ND",1891,38,5063    
"ND",1891,39,30058   
"ND",1891,40,149068  
"ND",1891,41,82045   
"ND",1891,99,536     
"ND",1892,31,482420  
"ND",1892,32,90211   
"ND",1892,33,3555    
"ND",1892,34,45680   
"ND",1892,35,14290   
"ND",1892,36,93016   
"ND",1892,38,13449   
"ND",1892,39,102668  
"ND",1892,40,117304  
"ND",1893,31,419622  
"ND",1893,32,80941   
"ND",1893,33,3767    
"ND",1893,34,54527   
"ND",1893,35,18590   
"ND",1893,36,197661  
"ND",1893,38,5744    
"ND",1893,39,79994   
"ND",1893,40,154076  
"ND",1893,41,184     
"ND",1894,31,241056  
"ND",1894,32,45146   
"ND",1894,33,2739    
"ND",1894,34,33483   
"ND",1894,35,9441    
"ND",1894,36,187696  
"ND",1894,39,13617   
"ND",1894,40,39046   
"ND",1894,41,30000   
"ND",1895,31,330564  
"ND",1895,32,63818   
"ND",1895,33,5345    
"ND",1895,34,79528   
"ND",1895,35,28707   
"ND",1895,36,254439  
"ND",1895,38,1850    
"ND",1895,39,49786   
"ND",1895,40,207868  
"ND",1895,41,5000    
"ND",1896,31,259424  
"ND",1896,32,105687  
"ND",1896,33,2686    
"ND",1896,34,58868   
"ND",1896,35,23387   
"ND",1896,36,133863  
"ND",1896,39,48862   
"ND",1896,40,189944  
"ND",1896,41,121211  
"ND",1897,31,1027207 
"ND",1897,32,159718  
"ND",1897,33,4390    
"ND",1897,34,124758  
"ND",1897,35,41241   
"ND",1897,36,413779  
"ND",1897,39,24894   
"ND",1897,40,387521  
"ND",1897,41,254415  
"ND",1900,31,1182180 
"ND",1900,32,224394  
"ND",1900,33,119128  
"ND",1900,34,125649  
"ND",1900,35,43160   
"ND",1900,36,353848  
"ND",1900,38,6702    
"ND",1900,39,24303   
"ND",1900,40,94165   
"ND",1900,41,242500  
"ND",1902,31,671772  
"ND",1902,32,324469  
"ND",1902,33,269508  
"ND",1902,34,155328  
"ND",1902,35,55752   
"ND",1902,36,258793  
"ND",1902,39,66423   
"ND",1902,40,524771  
"ND",1902,41,333675  
"ND",1902,70,0       
"ND",1903,31,186468  
"ND",1903,32,191530  
"ND",1903,33,7536    
"ND",1903,34,199153  
"ND",1903,35,25877   
"ND",1903,36,411499  
"ND",1903,39,40600   
"ND",1903,40,518     
"ND",1904,30,2288981 
"ND",1905,30,2506680 
"ND",1906,30,2414453 
"ND",1907,30,3001921 
"ND",1908,30,3476073 
"ND",1909,31,1618304 
"ND",1909,32,238006  
"ND",1909,33,264750  
"ND",1909,34,232554  
"ND",1909,35,161765  
"ND",1909,36,371897  
"ND",1909,39,747309  
"ND",1909,40,33337   
"ND",1910,31,1408982 
"ND",1910,32,297192  
"ND",1910,33,183505  
"ND",1910,34,218797  
"ND",1910,35,95794   
"ND",1910,36,257986  
"ND",1910,39,1000913 
"ND",1910,40,33292   
"ND",1910,41,1364350 
"ND",1911,31,1577173 
"ND",1911,32,38453   
"ND",1911,33,256144  
"ND",1911,34,138447  
"ND",1911,35,86067   
"ND",1911,36,100000  
"ND",1911,37,4508    
"ND",1911,39,9368    
"ND",1911,40,37285   
"ND",1911,99,1662085 
"ND",1912,31,2331372 
"ND",1912,32,52569   
"ND",1912,33,287762  
"ND",1912,34,13419   
"ND",1912,35,70468   
"ND",1912,36,11387   
"ND",1912,39,12846   
"ND",1912,40,438883  
"ND",1912,99,1392288 
"ND",1913,31,2114276 
"ND",1913,32,215042  
"ND",1913,33,62713   
"ND",1913,34,162845  
"ND",1913,35,89705   
"ND",1913,36,418603  
"ND",1913,39,28954   
"ND",1913,40,15384   
"ND",1914,31,3580851 
"ND",1914,32,480897  
"ND",1914,33,370011  
"ND",1914,34,290125  
"ND",1914,35,136944  
"ND",1914,36,620106  
"ND",1914,39,53499   
"ND",1914,40,41029   
"ND",1914,41,150000  
                     
"ND",1890,311,1867   
"ND",1890,313,26911  
"ND",1890,316,3692   
"ND",1890,317,191    
"ND",1890,321,1236   
"ND",1890,322,70547  
"ND",1890,325,98     
"ND",1890,337,1783   
"ND",1890,342,3700   
"ND",1890,343,21954  
"ND",1890,344,455    
"ND",1890,345,2436   
"ND",1890,351,1062   
"ND",1890,356,31     
"ND",1890,360,19981  
"ND",1890,361,81516  
"ND",1890,362,1158   
"ND",1890,363,32017  
"ND",1890,365,3499   
"ND",1890,367,14163  
"ND",1890,368,1066   
"ND",1890,369,41507  
"ND",1890,393,36950  
"ND",1890,399,23845  
"ND",1890,400,35206  
"ND",1890,413,75000  
"ND",1891,0,12292    
"ND",1891,311,100933 
"ND",1891,313,240477 
"ND",1891,316,2550   
"ND",1891,317,2813   
"ND",1891,321,3221   
"ND",1891,322,88441  
"ND",1891,325,50     
"ND",1891,337,4157   
"ND",1891,341,1392   
"ND",1891,343,31931  
"ND",1891,344,22622  
"ND",1891,345,11363  
"ND",1891,351,5845   
"ND",1891,356,230    
"ND",1891,360,17659  
"ND",1891,361,54695  
"ND",1891,362,3319   
"ND",1891,363,32919  
"ND",1891,365,2504   
"ND",1891,367,10312  
"ND",1891,368,1116   
"ND",1891,369,39158  
"ND",1891,380,4192   
"ND",1891,381,871    
"ND",1891,393,28651  
"ND",1891,398,178    
"ND",1891,399,1229   
"ND",1891,400,149068 
"ND",1891,413,82045  
"ND",1891,999,536    
"ND",1892,311,172979 
"ND",1892,313,303420 
"ND",1892,316,1623   
"ND",1892,317,4398   
"ND",1892,321,751    
"ND",1892,322,79469  
"ND",1892,325,9991   
"ND",1892,337,3555   
"ND",1892,343,28558  
"ND",1892,344,4185   
"ND",1892,345,12937  
"ND",1892,351,13291  
"ND",1892,356,999    
"ND",1892,360,14300  
"ND",1892,361,7400   
"ND",1892,362,843    
"ND",1892,363,33946  
"ND",1892,364,132    
"ND",1892,365,1548   
"ND",1892,367,7886   
"ND",1892,368,1476   
"ND",1892,369,25485  
"ND",1892,380,4486   
"ND",1892,381,8963   
"ND",1892,393,50849  
"ND",1892,395,37955  
"ND",1892,398,3002   
"ND",1892,399,10862  
"ND",1892,400,117304 
"ND",1893,311,159773 
"ND",1893,313,253683 
"ND",1893,316,1250   
"ND",1893,317,4916   
"ND",1893,322,72215  
"ND",1893,325,8726   
"ND",1893,337,3767   
"ND",1893,341,49     
"ND",1893,342,5077   
"ND",1893,343,30070  
"ND",1893,344,9398   
"ND",1893,345,9933   
"ND",1893,351,16540  
"ND",1893,356,2050   
"ND",1893,360,19106  
"ND",1893,361,61076  
"ND",1893,362,1163   
"ND",1893,363,34329  
"ND",1893,364,149    
"ND",1893,365,4129   
"ND",1893,367,32903  
"ND",1893,368,411    
"ND",1893,369,44395  
"ND",1893,381,5744   
"ND",1893,393,38805  
"ND",1893,398,1110   
"ND",1893,399,40079  
"ND",1893,400,154076 
"ND",1893,413,184    
"ND",1894,311,54098  
"ND",1894,313,182429 
"ND",1894,316,1003   
"ND",1894,317,3526   
"ND",1894,322,40832  
"ND",1894,325,4314   
"ND",1894,337,2739   
"ND",1894,341,474    
"ND",1894,342,1666   
"ND",1894,343,20386  
"ND",1894,344,7819   
"ND",1894,345,3138   
"ND",1894,351,9363   
"ND",1894,356,78     
"ND",1894,360,10367  
"ND",1894,362,485    
"ND",1894,363,19981  
"ND",1894,365,2781   
"ND",1894,367,143697 
"ND",1894,368,343    
"ND",1894,369,10042  
"ND",1894,393,11896  
"ND",1894,398,268    
"ND",1894,399,1453   
"ND",1894,400,39046  
"ND",1894,413,30000  
"ND",1895,311,90289  
"ND",1895,313,238106 
"ND",1895,316,2159   
"ND",1895,318,10     
"ND",1895,322,57657  
"ND",1895,325,6161   
"ND",1895,337,5345   
"ND",1895,341,54     
"ND",1895,342,10228  
"ND",1895,343,41445  
"ND",1895,344,13198  
"ND",1895,345,14603  
"ND",1895,351,27897  
"ND",1895,356,810    
"ND",1895,360,25902  
"ND",1895,361,58599  
"ND",1895,362,1559   
"ND",1895,363,42898  
"ND",1895,365,2895   
"ND",1895,367,58424  
"ND",1895,368,628    
"ND",1895,369,63534  
"ND",1895,381,1850   
"ND",1895,393,49607  
"ND",1895,399,179    
"ND",1895,400,207868 
"ND",1895,413,5000   
"ND",1896,311,28881  
"ND",1896,313,229008 
"ND",1896,316,1499   
"ND",1896,318,36     
"ND",1896,322,94971  
"ND",1896,325,10716  
"ND",1896,337,2686   
"ND",1896,341,206    
"ND",1896,342,6317   
"ND",1896,343,36700  
"ND",1896,344,4208   
"ND",1896,345,11437  
"ND",1896,351,22376  
"ND",1896,356,1011   
"ND",1896,360,17700  
"ND",1896,361,66     
"ND",1896,362,986    
"ND",1896,363,41704  
"ND",1896,365,3209   
"ND",1896,367,20335  
"ND",1896,368,61     
"ND",1896,369,49802  
"ND",1896,393,48612  
"ND",1896,399,250    
"ND",1896,400,189944 
"ND",1896,413,121211 
"ND",1897,311,37200  
"ND",1897,313,980043 
"ND",1897,315,6440   
"ND",1897,316,3524   
"ND",1897,322,147952 
"ND",1897,325,11766  
"ND",1897,337,4390   
"ND",1897,341,626    
"ND",1897,342,12676  
"ND",1897,343,86730  
"ND",1897,344,1126   
"ND",1897,345,23600  
"ND",1897,351,39927  
"ND",1897,356,1314   
"ND",1897,360,35775  
"ND",1897,361,55769  
"ND",1897,363,85776  
"ND",1897,364,189    
"ND",1897,365,2809   
"ND",1897,367,132323 
"ND",1897,368,1096   
"ND",1897,369,100042 
"ND",1897,398,20848  
"ND",1897,399,4046   
"ND",1897,400,387521 
"ND",1897,415,254415 
"ND",1900,311,345359 
"ND",1900,313,832180 
"ND",1900,316,3782   
"ND",1900,317,859    
"ND",1900,322,178044 
"ND",1900,323,7508   
"ND",1900,325,38842  
"ND",1900,336,112699 
"ND",1900,337,6429   
"ND",1900,341,745    
"ND",1900,342,7695   
"ND",1900,343,90530  
"ND",1900,344,2710   
"ND",1900,345,23529  
"ND",1900,349,440    
"ND",1900,351,43160  
"ND",1900,360,36856  
"ND",1900,361,82131  
"ND",1900,363,82217  
"ND",1900,364,22     
"ND",1900,365,3090   
"ND",1900,367,57588  
"ND",1900,369,91944  
"ND",1900,380,6702   
"ND",1900,398,15056  
"ND",1900,399,9247   
"ND",1900,400,94165  
"ND",1900,413,242500 
"ND",1902,311,405889 
"ND",1902,313,259932 
"ND",1902,316,5951   
"ND",1902,322,296421 
"ND",1902,325,28048  
"ND",1902,336,264765 
"ND",1902,337,4743   
"ND",1902,341,1328   
"ND",1902,342,16067  
"ND",1902,343,115894 
"ND",1902,344,7538   
"ND",1902,345,14501  
"ND",1902,351,55145  
"ND",1902,356,607    
"ND",1902,360,30946  
"ND",1902,361,69644  
"ND",1902,363,4854   
"ND",1902,364,264    
"ND",1902,365,3813   
"ND",1902,367,52624  
"ND",1902,369,96648  
"ND",1902,398,48401  
"ND",1902,399,18022  
"ND",1902,400,524771 
"ND",1902,413,333675 
"ND",1902,700,0      
"ND",1903,311,87983  
"ND",1903,313,59799  
"ND",1903,316,4620   
"ND",1903,317,26586  
"ND",1903,318,7480   
"ND",1903,322,173078 
"ND",1903,325,18452  
"ND",1903,336,2848   
"ND",1903,337,4688   
"ND",1903,341,3448   
"ND",1903,342,21431  
"ND",1903,343,117340 
"ND",1903,344,4163   
"ND",1903,345,52771  
"ND",1903,351,21194  
"ND",1903,356,4683   
"ND",1903,360,45450  
"ND",1903,361,103803 
"ND",1903,362,421    
"ND",1903,363,91169  
"ND",1903,365,5627   
"ND",1903,367,67471  
"ND",1903,369,97558  
"ND",1903,398,455    
"ND",1903,399,40145  
"ND",1903,400,518    
"ND",1904,300,2288981
"ND",1905,300,2506680
"ND",1906,300,2414453
"ND",1907,300,3001921
"ND",1908,300,3476073
"ND",1909,311,824671 
"ND",1909,312,159    
"ND",1909,313,740125 
"ND",1909,316,12572  
"ND",1909,317,18121  
"ND",1909,318,22656  
"ND",1909,321,1469   
"ND",1909,322,204547 
"ND",1909,323,38     
"ND",1909,325,31952  
"ND",1909,336,260416 
"ND",1909,337,4334   
"ND",1909,341,13170  
"ND",1909,342,18431  
"ND",1909,343,142173 
"ND",1909,344,12078  
"ND",1909,345,46702  
"ND",1909,351,152203 
"ND",1909,356,9562   
"ND",1909,360,26373  
"ND",1909,361,96616  
"ND",1909,362,2012   
"ND",1909,363,74628  
"ND",1909,364,156    
"ND",1909,365,10277  
"ND",1909,367,70674  
"ND",1909,368,687    
"ND",1909,369,90474  
"ND",1909,398,32469  
"ND",1909,399,714840 
"ND",1909,400,33337  
"ND",1910,311,160462 
"ND",1910,313,1158618
"ND",1910,316,19194  
"ND",1910,317,24687  
"ND",1910,318,46021  
"ND",1910,321,2496   
"ND",1910,322,243889 
"ND",1910,325,50807  
"ND",1910,336,180158 
"ND",1910,337,3347   
"ND",1910,341,12091  
"ND",1910,342,21407  
"ND",1910,343,142015 
"ND",1910,344,17598  
"ND",1910,345,25616  
"ND",1910,347,70     
"ND",1910,351,91409  
"ND",1910,356,4385   
"ND",1910,360,23633  
"ND",1910,361,1204   
"ND",1910,362,2326   
"ND",1910,363,82955  
"ND",1910,365,8543   
"ND",1910,367,59561  
"ND",1910,368,750    
"ND",1910,369,79014  
"ND",1910,398,36022  
"ND",1910,399,964891 
"ND",1910,400,33292  
"ND",1910,415,1364350
"ND",1911,311,1124276
"ND",1911,313,452897 
"ND",1911,322,15695  
"ND",1911,325,22758  
"ND",1911,336,256144 
"ND",1911,343,20979  
"ND",1911,344,117468 
"ND",1911,351,83219  
"ND",1911,356,2848   
"ND",1911,367,100000 
"ND",1911,376,4508   
"ND",1911,398,9368   
"ND",1911,400,37285  
"ND",1911,999,1662085
"ND",1912,311,1962196
"ND",1912,313,369176 
"ND",1912,322,39716  
"ND",1912,325,12853  
"ND",1912,336,287762 
"ND",1912,343,13419  
"ND",1912,351,67637  
"ND",1912,356,2831   
"ND",1912,365,2160   
"ND",1912,367,9227   
"ND",1912,398,12846  
"ND",1912,400,438883 
"ND",1912,999,1392288
"ND",1913,311,1343298
"ND",1913,313,715371 
"ND",1913,316,11212  
"ND",1913,317,10260  
"ND",1913,318,34135  
"ND",1913,321,2610   
"ND",1913,322,192002 
"ND",1913,325,20430  
"ND",1913,336,53172  
"ND",1913,337,9541   
"ND",1913,341,1595   
"ND",1913,342,24518  
"ND",1913,343,90827  
"ND",1913,344,36905  
"ND",1913,345,9000   
"ND",1913,351,81988  
"ND",1913,356,7717   
"ND",1913,360,27324  
"ND",1913,361,95048  
"ND",1913,362,69     
"ND",1913,363,60624  
"ND",1913,364,629    
"ND",1913,365,80239  
"ND",1913,367,43129  
"ND",1913,368,9237   
"ND",1913,369,102304 
"ND",1913,398,18550  
"ND",1913,399,10404  
"ND",1913,400,15384  
"ND",1914,310,206    
"ND",1914,311,2392927
"ND",1914,313,1101860
"ND",1914,316,16518  
"ND",1914,317,18093  
"ND",1914,318,51247  
"ND",1914,321,3333   
"ND",1914,322,417539 
"ND",1914,325,60025  
"ND",1914,336,354882 
"ND",1914,337,15129  
"ND",1914,341,9735   
"ND",1914,342,27328  
"ND",1914,343,171582 
"ND",1914,344,53523  
"ND",1914,345,27957  
"ND",1914,351,125526 
"ND",1914,356,11418  
"ND",1914,360,44832  
"ND",1914,361,1761   
"ND",1914,362,332    
"ND",1914,363,102334 
"ND",1914,365,75683  
"ND",1914,367,289373 
"ND",1914,368,1663   
"ND",1914,369,104128 
"ND",1914,398,21337  
"ND",1914,399,32162  
"ND",1914,400,41029  
"ND",1914,413,150000 
