"MO",1826,5,140381.48     
"MO",1828,5,104710.62     
"MO",1830,5,70000         
"MO",1830,6,14445.67      
"MO",1832,5,36925         
"MO",1832,6,22643.15      
"MO",1834,5,2.03          
"MO",1834,6,49526.11      
"MO",1836,6,87819.07      
"MO",1838,5,412000        
"MO",1840,5,677000        
"MO",1842,5,842261        
"MO",1844,5,922261        
"MO",1846,5,957261        
"MO",1848,5,956261        
"MO",1850,5,922261        
"MO",1852,5,857000        
"MO",1854,5,2652000       
"MO",1856,5,10255000      
"MO",1858,5,19678000      
"MO",1860,5,24323000      
"MO",1864,5,26919309      
"MO",1865,5,35570008      
"MO",1866,5,36980249.69   
"MO",1867,5,27799153      
"MO",1868,5,21654000      
"MO",1870,5,20887797.92   
"MO",1872,5,20646000      
"MO",1874,5,19939000      
"MO",1874,6,900000        
"MO",1876,5,19348000      
"MO",1876,6,900000        
"MO",1878,5,18858000      
"MO",1878,6,900000        
"MO",1880,5,18609000      
"MO",1880,6,900000        
"MO",1882,5,13947000      
"MO",1882,6,3031000       
"MO",1884,5,11803000      
"MO",1884,6,3440000       
"MO",1886,5,10527000      
"MO",1886,6,3653000       
"MO",1888,5,9525000       
"MO",1888,6,3669000       
"MO",1890,5,8533000       
"MO",1890,6,3680000       
"MO",1892,5,6680000       
"MO",1892,6,4331958.23    
"MO",1894,5,6016000       
"MO",1894,6,4338958.23    
"MO",1896,5,5000000       
"MO",1896,6,4369839.42    
"MO",1898,5,3642000       
"MO",1898,6,4393839.42    
"MO",1900,5,1887000       
"MO",1900,6,4393839.42    
"MO",1902,5,487000        
"MO",1902,6,4398839.42    
"MO",1904,6,4398839.42    
"MO",1906,6,4398839.42    
"MO",1908,6,4398839.42    
"MO",1910,6,4398839.42    
"MO",1912,6,4398839.42    
"MO",1914,6,4398839.42    
"MO",1826,51,140381.48    
"MO",1828,51,104710.62    
"MO",1830,52,70000        
"MO",1830,62,14445.67     
"MO",1832,52,36925        
"MO",1832,62,22643.15     
"MO",1834,51,2.03         
"MO",1834,62,49526.11     
"MO",1836,62,87819.07     
"MO",1838,52,362000       
"MO",1838,53,50000        
"MO",1840,52,482000       
"MO",1840,53,195000       
"MO",1842,52,610261       
"MO",1842,53,232000       
"MO",1844,52,665261       
"MO",1844,53,257000       
"MO",1846,52,700261       
"MO",1846,53,257000       
"MO",1848,52,699261       
"MO",1848,53,257000       
"MO",1850,52,665261       
"MO",1850,53,257000       
"MO",1852,52,637000       
"MO",1852,53,220000       
"MO",1854,52,2612000      
"MO",1854,53,40000        
"MO",1856,52,10215000     
"MO",1856,53,40000        
"MO",1858,52,19638000     
"MO",1858,53,40000        
"MO",1860,52,24283000     
"MO",1860,53,40000        
"MO",1864,51,2015309      
"MO",1864,52,24864000     
"MO",1864,53,40000        
"MO",1865,51,4349918      
"MO",1865,52,31180090     
"MO",1865,53,40000        
"MO",1866,51,4367988      
"MO",1866,52,32572261.69  
"MO",1866,53,40000        
"MO",1867,51,4584153      
"MO",1867,52,23175000     
"MO",1867,53,40000        
"MO",1868,51,48000        
"MO",1868,52,21606000     
"MO",1870,52,20887797.92  
"MO",1872,51,301000       
"MO",1872,52,20345000     
"MO",1874,52,19939000     
"MO",1874,62,900000       
"MO",1876,52,19348000     
"MO",1876,62,900000       
"MO",1878,52,18858000     
"MO",1878,62,900000       
"MO",1880,51,250000       
"MO",1880,52,18359000     
"MO",1880,62,900000       
"MO",1882,52,13947000     
"MO",1882,62,3031000      
"MO",1884,52,11803000     
"MO",1884,62,3440000      
"MO",1886,52,10527000     
"MO",1886,62,3653000      
"MO",1888,52,9525000      
"MO",1888,62,3669000      
"MO",1890,52,8533000      
"MO",1890,62,3680000      
"MO",1892,52,6680000      
"MO",1892,62,4331958.23   
"MO",1894,52,6016000      
"MO",1894,62,4338958.23   
"MO",1896,52,5000000      
"MO",1896,62,4369839.42   
"MO",1898,52,3642000      
"MO",1898,62,4393839.42   
"MO",1900,52,1887000      
"MO",1900,62,4393839.42   
"MO",1902,52,487000       
"MO",1902,62,4398839.42   
"MO",1904,62,4398839.42   
"MO",1906,62,4398839.42   
"MO",1908,62,4398839.42   
"MO",1910,62,4398839.42   
"MO",1912,62,4398839.42   
"MO",1914,62,4398839.42   
"MO",1826,511,140381.48   
"MO",1828,511,104710.62   
"MO",1830,521,70000       
"MO",1830,622,14445.67    
"MO",1832,521,36925       
"MO",1832,622,22643.15    
"MO",1834,511,2.03        
"MO",1834,622,49526.11    
"MO",1836,622,87819.07    
"MO",1838,521,89736.4     
"MO",1838,526,272263.6    
"MO",1838,530,50000       
"MO",1840,521,89736.4     
"MO",1840,525,20000       
"MO",1840,526,272263.6    
"MO",1840,527,100000      
"MO",1840,530,195000      
"MO",1842,521,27261       
"MO",1842,525,20000       
"MO",1842,526,362000      
"MO",1842,527,201000      
"MO",1842,530,232000      
"MO",1844,521,82261       
"MO",1844,525,20000       
"MO",1844,526,362000      
"MO",1844,527,201000      
"MO",1844,530,257000      
"MO",1846,521,117261      
"MO",1846,525,20000       
"MO",1846,526,362000      
"MO",1846,527,201000      
"MO",1846,530,257000      
"MO",1848,521,116261      
"MO",1848,525,20000       
"MO",1848,526,362000      
"MO",1848,527,201000      
"MO",1848,530,257000      
"MO",1850,521,82261       
"MO",1850,525,20000       
"MO",1850,526,362000      
"MO",1850,527,201000      
"MO",1850,530,257000      
"MO",1852,521,255000      
"MO",1852,525,20000       
"MO",1852,526,362000      
"MO",1852,530,220000      
"MO",1854,521,200000      
"MO",1854,522,2050000     
"MO",1854,526,362000      
"MO",1854,530,40000       
"MO",1856,521,220000      
"MO",1856,522,9633000     
"MO",1856,526,362000      
"MO",1856,530,40000       
"MO",1858,521,220000      
"MO",1858,522,19056000    
"MO",1858,526,362000      
"MO",1858,530,40000       
"MO",1860,521,220000      
"MO",1860,522,23701000    
"MO",1860,526,362000      
"MO",1860,530,40000       
"MO",1864,512,2015309     
"MO",1864,521,651000      
"MO",1864,522,23701000    
"MO",1864,526,362000      
"MO",1864,527,150000      
"MO",1864,530,40000       
"MO",1865,512,4349918     
"MO",1865,521,651000      
"MO",1865,522,30017090    
"MO",1865,526,362000      
"MO",1865,527,150000      
"MO",1865,530,40000       
"MO",1866,512,4367988     
"MO",1866,521,651000      
"MO",1866,522,31415261.69 
"MO",1866,526,362000      
"MO",1866,527,144000      
"MO",1866,530,40000       
"MO",1867,512,4584153     
"MO",1867,521,216000      
"MO",1867,522,22612000    
"MO",1867,526,299000      
"MO",1867,527,48000       
"MO",1867,530,40000       
"MO",1868,512,48000       
"MO",1868,521,453000      
"MO",1868,522,21153000    
"MO",1870,521,21797.92    
"MO",1870,522,20866000    
"MO",1872,512,301000      
"MO",1872,522,20345000    
"MO",1874,521,439000      
"MO",1874,522,18995000    
"MO",1874,526,104000      
"MO",1874,528,201000      
"MO",1874,529,200000      
"MO",1874,622,900000      
"MO",1876,521,439000      
"MO",1876,522,18363000    
"MO",1876,526,104000      
"MO",1876,528,201000      
"MO",1876,529,241000      
"MO",1876,622,900000      
"MO",1878,521,12962000    
"MO",1878,522,5350000     
"MO",1878,526,104000      
"MO",1878,528,201000      
"MO",1878,529,241000      
"MO",1878,622,900000      
"MO",1880,511,250000      
"MO",1880,521,439000      
"MO",1880,522,17374000    
"MO",1880,526,104000      
"MO",1880,528,201000      
"MO",1880,529,241000      
"MO",1880,622,900000      
"MO",1882,521,176000      
"MO",1882,522,13258000    
"MO",1882,526,89000       
"MO",1882,528,200000      
"MO",1882,529,224000      
"MO",1882,622,3031000     
"MO",1884,522,11514000    
"MO",1884,526,80000       
"MO",1884,528,77000       
"MO",1884,529,132000      
"MO",1884,622,3440000     
"MO",1886,521,4450000     
"MO",1886,522,5788000     
"MO",1886,526,80000       
"MO",1886,528,77000       
"MO",1886,529,132000      
"MO",1886,622,3653000     
"MO",1888,521,8045000     
"MO",1888,522,1191000     
"MO",1888,526,80000       
"MO",1888,528,77000       
"MO",1888,529,132000      
"MO",1888,622,3669000     
"MO",1890,521,7697000     
"MO",1890,522,659000      
"MO",1890,528,74000       
"MO",1890,529,103000      
"MO",1890,622,3680000     
"MO",1892,521,5917000     
"MO",1892,522,659000      
"MO",1892,526,80000       
"MO",1892,529,24000       
"MO",1892,622,4331958.23  
"MO",1894,521,5495000     
"MO",1894,522,497000      
"MO",1894,529,24000       
"MO",1894,622,4338958.23  
"MO",1896,521,5000000     
"MO",1896,622,4369839.42  
"MO",1898,521,3642000     
"MO",1898,622,4393839.42  
"MO",1900,521,1887000     
"MO",1900,622,4393839.42  
"MO",1902,521,487000      
"MO",1902,622,4398839.42  
"MO",1904,622,4398839.42  
"MO",1906,622,4398839.42  
"MO",1908,622,4398839.42  
"MO",1910,622,4398839.42  
"MO",1912,622,4398839.42  
"MO",1914,622,4398839.42  
"MO",1826,5111,140381.48  
"MO",1828,5111,104710.62  
"MO",1830,5210,70000      
"MO",1830,6223,14445.67   
"MO",1832,5210,35000      
"MO",1832,5215,1925       
"MO",1832,6223,22643.15   
"MO",1834,5111,2.03       
"MO",1834,6222,25621.31   
"MO",1834,6224,23904.8    
"MO",1836,6222,64914.27   
"MO",1836,6224,22904.8    
"MO",1838,5210,89736.4    
"MO",1838,5261,272263.6   
"MO",1838,5301,50000      
"MO",1840,5210,89736.4    
"MO",1840,5251,20000      
"MO",1840,5261,272263.6   
"MO",1840,5271,100000     
"MO",1840,5301,195000     
"MO",1842,5215,27261      
"MO",1842,5251,20000      
"MO",1842,5261,362000     
"MO",1842,5271,182000     
"MO",1842,5272,19000      
"MO",1842,5301,232000     
"MO",1844,5215,82261      
"MO",1844,5251,20000      
"MO",1844,5261,362000     
"MO",1844,5271,182000     
"MO",1844,5272,19000      
"MO",1844,5301,232000     
"MO",1844,5302,25000      
"MO",1846,5210,35000      
"MO",1846,5215,82261      
"MO",1846,5251,20000      
"MO",1846,5261,362000     
"MO",1846,5271,182000     
"MO",1846,5272,19000      
"MO",1846,5301,232000     
"MO",1846,5302,25000      
"MO",1848,5210,15000      
"MO",1848,5215,101261     
"MO",1848,5251,20000      
"MO",1848,5261,362000     
"MO",1848,5271,182000     
"MO",1848,5272,19000      
"MO",1848,5301,232000     
"MO",1848,5302,25000      
"MO",1850,5215,82261      
"MO",1850,5251,20000      
"MO",1850,5261,362000     
"MO",1850,5271,182000     
"MO",1850,5272,19000      
"MO",1850,5301,232000     
"MO",1850,5302,25000      
"MO",1852,5215,55000      
"MO",1852,5219,200000     
"MO",1852,5251,20000      
"MO",1852,5261,362000     
"MO",1852,5301,195000     
"MO",1852,5302,25000      
"MO",1854,5219,200000     
"MO",1854,5221,2050000    
"MO",1854,5261,362000     
"MO",1854,5301,40000      
"MO",1856,5210,20000      
"MO",1856,5219,200000     
"MO",1856,5221,9633000    
"MO",1856,5261,362000     
"MO",1856,5301,40000      
"MO",1858,5210,20000      
"MO",1858,5219,200000     
"MO",1858,5221,19056000   
"MO",1858,5261,362000     
"MO",1858,5301,40000      
"MO",1860,5210,20000      
"MO",1860,5219,200000     
"MO",1860,5221,23301000   
"MO",1860,5225,400000     
"MO",1860,5261,362000     
"MO",1860,5301,40000      
"MO",1864,5121,244279     
"MO",1864,5122,1771030    
"MO",1864,5210,451000     
"MO",1864,5219,200000     
"MO",1864,5221,23701000   
"MO",1864,5261,362000     
"MO",1864,5273,150000     
"MO",1864,5301,40000      
"MO",1865,5121,256974     
"MO",1865,5122,3592944    
"MO",1865,5123,500000     
"MO",1865,5210,451000     
"MO",1865,5219,200000     
"MO",1865,5221,23701000   
"MO",1865,5226,6316090    
"MO",1865,5261,362000     
"MO",1865,5273,150000     
"MO",1865,5301,40000      
"MO",1866,5121,256974     
"MO",1866,5122,4111014    
"MO",1866,5210,451000     
"MO",1866,5219,200000     
"MO",1866,5221,23791321.69
"MO",1866,5225,7623940    
"MO",1866,5261,362000     
"MO",1866,5273,144000     
"MO",1866,5301,40000      
"MO",1867,5121,22260      
"MO",1867,5122,449893     
"MO",1867,5125,4112000    
"MO",1867,5210,20000      
"MO",1867,5219,196000     
"MO",1867,5221,22258000   
"MO",1867,5225,354000     
"MO",1867,5261,299000     
"MO",1867,5275,48000      
"MO",1867,5301,40000      
"MO",1868,5122,48000      
"MO",1868,5210,453000     
"MO",1868,5221,18323000   
"MO",1868,5225,2830000    
"MO",1870,5210,21797.92   
"MO",1870,5221,15139000   
"MO",1870,5222,3000000    
"MO",1870,5225,2727000    
"MO",1872,5123,101000     
"MO",1872,5124,200000     
"MO",1872,5221,17545000   
"MO",1872,5225,2800000    
"MO",1874,5210,439000     
"MO",1874,5221,15868000   
"MO",1874,5225,3127000    
"MO",1874,5262,104000     
"MO",1874,5281,201000     
"MO",1874,5291,200000     
"MO",1874,6221,900000     
"MO",1876,5210,439000     
"MO",1876,5221,11124000   
"MO",1876,5225,7239000    
"MO",1876,5262,104000     
"MO",1876,5281,201000     
"MO",1876,5291,200000     
"MO",1876,5292,41000      
"MO",1876,6221,900000     
"MO",1878,5210,439000     
"MO",1878,5211,12523000   
"MO",1878,5225,5350000    
"MO",1878,5262,104000     
"MO",1878,5281,201000     
"MO",1878,5291,200000     
"MO",1878,5292,41000      
"MO",1878,6221,900000     
"MO",1880,5111,250000     
"MO",1880,5210,439000     
"MO",1880,5221,9797000    
"MO",1880,5225,7577000    
"MO",1880,5262,104000     
"MO",1880,5281,201000     
"MO",1880,5291,200000     
"MO",1880,5292,41000      
"MO",1880,6221,900000     
"MO",1882,5210,176000     
"MO",1882,5221,9600000    
"MO",1882,5225,3658000    
"MO",1882,5262,89000      
"MO",1882,5281,200000     
"MO",1882,5291,184000     
"MO",1882,5292,40000      
"MO",1882,6221,2909000    
"MO",1882,6222,122000     
"MO",1884,5221,8413000    
"MO",1884,5225,3101000    
"MO",1884,5262,80000      
"MO",1884,5281,77000      
"MO",1884,5291,108000     
"MO",1884,5292,24000      
"MO",1884,6221,2931000    
"MO",1884,6222,509000     
"MO",1886,5215,4450000    
"MO",1886,5221,5788000    
"MO",1886,5262,80000      
"MO",1886,5281,77000      
"MO",1886,5291,108000     
"MO",1886,5292,24000      
"MO",1886,6221,3134000    
"MO",1886,6222,519000     
"MO",1888,5210,8045000    
"MO",1888,5221,1191000    
"MO",1888,5262,80000      
"MO",1888,5281,77000      
"MO",1888,5291,108000     
"MO",1888,5292,24000      
"MO",1888,6221,3134000    
"MO",1888,6222,535000     
"MO",1890,5210,7697000    
"MO",1890,5221,659000     
"MO",1890,5281,74000      
"MO",1890,5291,79000      
"MO",1890,5292,24000      
"MO",1890,6221,3140000    
"MO",1890,6222,540000     
"MO",1892,5210,5917000    
"MO",1892,5221,659000     
"MO",1892,5262,80000      
"MO",1892,5292,24000      
"MO",1892,6221,3140000    
"MO",1892,6222,1191958.23 
"MO",1894,5210,5495000    
"MO",1894,5221,497000     
"MO",1894,5292,24000      
"MO",1894,6221,3140000    
"MO",1894,6222,1198958.23 
"MO",1896,5210,5000000    
"MO",1896,6221,3140000    
"MO",1896,6222,1229839.42 
"MO",1898,5210,3642000    
"MO",1898,6221,3158000    
"MO",1898,6222,1235839.42 
"MO",1900,5210,1887000    
"MO",1900,6221,3158000    
"MO",1900,6222,1235839.42 
"MO",1902,5210,487000     
"MO",1902,6221,3159000    
"MO",1902,6222,1239839.42 
"MO",1904,6221,3159000    
"MO",1904,6222,1239839.42 
"MO",1906,6221,3159000    
"MO",1906,6222,1239839.42 
"MO",1908,6221,3159000    
"MO",1908,6222,1239839.42 
"MO",1910,6221,3159000    
"MO",1910,6222,1239839.42 
"MO",1912,6221,3159000    
"MO",1912,6222,1239839.42 
"MO",1914,6221,3159000    
"MO",1914,6222,1239839.42 
