"KA",1866,1,371570.73   
"KA",1867,1,461142.9    
"KA",1868,1,462031.54   
"KA",1869,1,1280397.77  
"KA",1870,1,1359653.2   
"KA",1871,1,1047398.07  
"KA",1872,1,1345355.34  
"KA",1873,1,1367159.97  
"KA",1874,1,1005747.89  
"KA",1875,1,956738.47   
"KA",1876,1,1222088.27  
"KA",1877,1,630060.03   
"KA",1878,1,1264013.09  
"KA",1879,1,1344778.92  
"KA",1880,1,1611846.17  
"KA",1881,1,1817177.94  
"KA",1882,1,1884486.99  
"KA",1883,1,1706776.67  
"KA",1884,1,2237360.04  
"KA",1885,1,2226030.51  
"KA",1886,1,2566624.75  
"KA",1887,1,2625965.04  
"KA",1888,1,2877452.73  
"KA",1889,1,2860308.73  
"KA",1890,1,2924440.96  
"KA",1891,1,2873595.08  
"KA",1892,1,2518936.02  
"KA",1893,1,2706876.17  
"KA",1894,1,2395015.37  
"KA",1895,1,2523161.39  
"KA",1896,1,2374931.44  
"KA",1897,1,2428226.1   
"KA",1898,1,2721208.78  
"KA",1899,1,2814281.89  
"KA",1900,1,3796314.93  
"KA",1901,1,3693945.45  
"KA",1902,1,3580380.85  
"KA",1903,1,3680433.11  
"KA",1904,1,4104054.78  
"KA",1905,1,4342471.87  
"KA",1906,1,3895505.03  
"KA",1907,1,4615618.29  
"KA",1908,1,5195961.9   
"KA",1909,1,5934348.71  
"KA",1910,1,6058987.23  
"KA",1911,1,6753979.34  
"KA",1912,1,7758520.17  
"KA",1913,1,8371318.23  
"KA",1914,1,8778087.77  
"KA",1915,1,10002515.48 
                        
"KA",1866,11,193469.64  
"KA",1866,26,216        
"KA",1866,29,177885.09  
"KA",1867,11,228412.22  
"KA",1867,26,174        
"KA",1867,29,232556.68  
"KA",1868,11,153405.17  
"KA",1868,29,308626.37  
"KA",1869,11,400272.87  
"KA",1869,20,880124.9   
"KA",1870,11,713568.59  
"KA",1870,22,17         
"KA",1870,26,1470       
"KA",1870,29,644597.61  
"KA",1871,11,772395.19  
"KA",1871,14,16235      
"KA",1871,26,1355.28    
"KA",1871,29,257412.6   
"KA",1872,11,631650.37  
"KA",1872,26,338189.37  
"KA",1872,28,11724.01   
"KA",1872,29,363791.59  
"KA",1873,11,973797     
"KA",1873,26,1164       
"KA",1873,28,10599.99   
"KA",1873,29,381598.98  
"KA",1874,11,575800.21  
"KA",1874,14,8594.76    
"KA",1874,26,410349.82  
"KA",1874,29,11003.1    
"KA",1875,11,645444.4   
"KA",1875,14,12793.26   
"KA",1875,26,38714      
"KA",1875,29,259786.81  
"KA",1876,11,714549.07  
"KA",1876,14,8209.48    
"KA",1876,26,34145.87   
"KA",1876,29,462483.85  
"KA",1876,99,2700       
"KA",1877,11,382790.37  
"KA",1877,14,5336.29    
"KA",1877,26,2738       
"KA",1877,29,214744.96  
"KA",1877,99,24450.41   
"KA",1878,11,705060.47  
"KA",1878,14,8457.52    
"KA",1878,22,6136.5     
"KA",1878,26,13346.32   
"KA",1878,29,474505.38  
"KA",1878,99,56506.9    
"KA",1879,11,730993.13  
"KA",1879,14,10359.77   
"KA",1879,25,399.33     
"KA",1879,26,40701.82   
"KA",1879,29,492594.46  
"KA",1879,99,69730.41   
"KA",1880,11,843575.11  
"KA",1880,14,13017.57   
"KA",1880,25,2624.09    
"KA",1880,26,28221.38   
"KA",1880,29,651404.79  
"KA",1880,99,73003.23   
"KA",1881,11,960377.37  
"KA",1881,14,14673.28   
"KA",1881,26,20504.89   
"KA",1881,29,671248.69  
"KA",1881,99,150373.71  
"KA",1882,11,895075.55  
"KA",1882,14,27398.02   
"KA",1882,26,4402.5     
"KA",1882,29,957610.92  
"KA",1883,11,803763.45  
"KA",1883,14,42947.12   
"KA",1883,22,8952.57    
"KA",1883,26,6458.5     
"KA",1883,29,844655.03  
"KA",1884,11,831304.99  
"KA",1884,26,46464.44   
"KA",1884,29,1359590.61 
"KA",1885,11,881226.81  
"KA",1885,25,3068.61    
"KA",1885,26,392491.3   
"KA",1885,29,949243.79  
"KA",1886,11,1082476.65 
"KA",1886,26,57587.86   
"KA",1886,29,1426560.24 
"KA",1887,11,1115428.97 
"KA",1887,26,61340.42   
"KA",1887,29,1449195.65 
"KA",1888,11,1210931.89 
"KA",1888,26,53327.79   
"KA",1888,29,1613193.05 
"KA",1889,11,1329000.49 
"KA",1889,26,45818.85   
"KA",1889,29,1485489.39 
"KA",1890,11,1404416.6  
"KA",1890,26,39766.37   
"KA",1890,29,1480257.99 
"KA",1891,11,1537099.99 
"KA",1891,23,31000      
"KA",1891,26,60532.24   
"KA",1891,29,1244962.85 
"KA",1892,11,1402186.88 
"KA",1892,14,46447.73   
"KA",1892,22,3481.43    
"KA",1892,23,17035.6    
"KA",1892,26,29498.94   
"KA",1892,29,1020285.44 
"KA",1893,11,1333836.84 
"KA",1893,22,735.68     
"KA",1893,23,25391      
"KA",1893,26,71346.26   
"KA",1893,29,1275566.39 
"KA",1894,11,1191019.05 
"KA",1894,23,32295.81   
"KA",1894,26,59449.5    
"KA",1894,29,1112251.01 
"KA",1895,11,1330172.71 
"KA",1895,23,28119.94   
"KA",1895,26,62849.57   
"KA",1895,29,1102019.17 
"KA",1896,11,1307741.12 
"KA",1896,14,250.31     
"KA",1896,23,30897.1    
"KA",1896,26,87194.82   
"KA",1896,29,948848.09  
"KA",1897,11,1349260.27 
"KA",1897,22,814.62     
"KA",1897,23,40351.29   
"KA",1897,26,54672.43   
"KA",1897,29,983127.49  
"KA",1898,11,1413695.08 
"KA",1898,22,3226.42    
"KA",1898,23,35450      
"KA",1898,26,50579.03   
"KA",1898,27,209.74     
"KA",1898,29,1218048.51 
"KA",1899,11,1420284.93 
"KA",1899,14,96043.66   
"KA",1899,22,7703.48    
"KA",1899,23,60808.72   
"KA",1899,26,19038.63   
"KA",1899,27,3411.21    
"KA",1899,29,1206991.26 
"KA",1900,11,1715731.22 
"KA",1900,14,111845.75  
"KA",1900,22,48940.21   
"KA",1900,23,37017.37   
"KA",1900,26,80451.05   
"KA",1900,27,611.3      
"KA",1900,29,1801718.03 
"KA",1901,11,1815788.65 
"KA",1901,14,110258.64  
"KA",1901,22,38724.65   
"KA",1901,23,116372.2   
"KA",1901,26,26341.43   
"KA",1901,27,905.33     
"KA",1901,29,1585554.55 
"KA",1902,11,1866384.51 
"KA",1902,14,123625.95  
"KA",1902,22,57460.47   
"KA",1902,23,42150      
"KA",1902,26,81243.25   
"KA",1902,27,1081.39    
"KA",1902,29,1408435.28 
"KA",1903,11,1920336.49 
"KA",1903,22,61529.78   
"KA",1903,23,100925.7   
"KA",1903,26,39845.34   
"KA",1903,29,1421172.78 
"KA",1903,99,136623.02  
"KA",1904,11,2184228.6  
"KA",1904,14,256.69     
"KA",1904,22,53613.7    
"KA",1904,23,94179.21   
"KA",1904,26,104327.94  
"KA",1904,29,1495061.11 
"KA",1904,99,172387.53  
"KA",1905,11,2280680.35 
"KA",1905,14,193866.88  
"KA",1905,22,80693.27   
"KA",1905,23,74471.05   
"KA",1905,26,533742.24  
"KA",1905,29,1179018.08 
"KA",1906,11,1638704.66 
"KA",1906,14,91207.25   
"KA",1906,22,201688.75  
"KA",1906,23,25000      
"KA",1906,26,218862.1   
"KA",1906,29,1720042.27 
"KA",1907,11,2103650.04 
"KA",1907,14,225144.72  
"KA",1907,22,233060.76  
"KA",1907,23,25000      
"KA",1907,26,269045.79  
"KA",1907,29,1654356.87 
"KA",1907,99,105360.11  
"KA",1908,11,2691355.1  
"KA",1908,14,243313.51  
"KA",1908,22,304866.72  
"KA",1908,23,30000      
"KA",1908,26,245028.55  
"KA",1908,29,1443510.93 
"KA",1908,99,237887.09  
"KA",1909,11,2662874.98 
"KA",1909,14,256825.9   
"KA",1909,22,199393.13  
"KA",1909,23,35000      
"KA",1909,26,346833.97  
"KA",1909,29,2179953.84 
"KA",1909,99,253466.89  
"KA",1910,11,2622407.82 
"KA",1910,14,284833.82  
"KA",1910,22,265669.45  
"KA",1910,23,40000      
"KA",1910,26,755352.65  
"KA",1910,29,2090723.49 
"KA",1911,11,2880729.09 
"KA",1911,14,11650      
"KA",1911,22,181040.27  
"KA",1911,23,45000      
"KA",1911,26,1645302.21 
"KA",1911,29,1990257.77 
"KA",1912,11,3095403.79 
"KA",1912,14,310577.85  
"KA",1912,22,228342.32  
"KA",1912,23,50000      
"KA",1912,26,1874233.76 
"KA",1912,29,1895488.22 
"KA",1912,99,304474.23  
"KA",1913,11,3310048.51 
"KA",1913,12,170233.62  
"KA",1913,14,24308.12   
"KA",1913,22,21020.86   
"KA",1913,23,76182.14   
"KA",1913,26,4208385.6  
"KA",1913,29,384797.61  
"KA",1913,99,176341.77  
"KA",1914,11,3345712.91 
"KA",1914,12,125068.78  
"KA",1914,14,27748      
"KA",1914,19,161639     
"KA",1914,22,35400.98   
"KA",1914,23,50000      
"KA",1914,26,3378121.83 
"KA",1914,29,1654396.27 
"KA",1915,11,3371025.52 
"KA",1915,12,72809.13   
"KA",1915,14,108687.99  
"KA",1915,18,4838.59    
"KA",1915,22,136624.8   
"KA",1915,23,60000      
"KA",1915,26,4295767.69 
"KA",1915,29,1937761.76 
"KA",1915,99,15000      
                        
"KA",1866,110,192473.96 
"KA",1866,111,995.68    
"KA",1866,266,216       
"KA",1866,291,29.91     
"KA",1866,293,143738.33 
"KA",1866,294,34116.85  
"KA",1867,110,228412.22 
"KA",1867,266,174       
"KA",1867,290,829.92    
"KA",1867,291,6902.21   
"KA",1867,293,151658.33 
"KA",1867,294,72007.1   
"KA",1867,296,1159.12   
"KA",1868,110,153405.17 
"KA",1868,290,40        
"KA",1868,291,7417      
"KA",1868,293,182470.41 
"KA",1868,294,118698.96 
"KA",1869,110,400272.87 
"KA",1869,200,880124.9  
"KA",1870,110,713568.59 
"KA",1870,222,17        
"KA",1870,266,1470      
"KA",1870,290,464.53    
"KA",1870,291,22227.5   
"KA",1870,294,621905.58 
"KA",1871,110,772395.19 
"KA",1871,143,16235     
"KA",1871,266,1355.28   
"KA",1871,290,228.9     
"KA",1871,291,35415.5   
"KA",1871,294,221768.2  
"KA",1872,110,631650.37 
"KA",1872,266,338189.37 
"KA",1872,280,11724.01  
"KA",1872,290,2236.42   
"KA",1872,291,176838.34 
"KA",1872,293,183996.67 
"KA",1872,294,720.16    
"KA",1873,110,973797    
"KA",1873,266,1164      
"KA",1873,280,10599.99  
"KA",1873,291,111117.66 
"KA",1873,294,270481.32 
"KA",1874,110,575800.21 
"KA",1874,143,8594.76   
"KA",1874,261,410149.82 
"KA",1874,266,200       
"KA",1874,291,10645     
"KA",1874,293,48.1      
"KA",1874,298,310       
"KA",1875,110,645444.4  
"KA",1875,143,12793.26  
"KA",1875,261,2000      
"KA",1875,264,36500     
"KA",1875,266,214       
"KA",1875,291,13069     
"KA",1875,293,111917.84 
"KA",1875,294,134799.97 
"KA",1876,110,714549.07 
"KA",1876,143,8209.48   
"KA",1876,261,20820     
"KA",1876,266,13325.87  
"KA",1876,291,188806.52 
"KA",1876,293,181852.47 
"KA",1876,294,91824.86  
"KA",1876,999,2700      
"KA",1877,110,382790.37 
"KA",1877,143,5336.29   
"KA",1877,261,972       
"KA",1877,266,1246      
"KA",1877,269,520       
"KA",1877,290,1058.59   
"KA",1877,291,125557.49 
"KA",1877,293,24985.97  
"KA",1877,294,45985.44  
"KA",1877,296,16961.11  
"KA",1877,298,196.36    
"KA",1877,999,24450.41  
"KA",1878,110,705060.47 
"KA",1878,143,8457.52   
"KA",1878,227,6136.5    
"KA",1878,261,7771.48   
"KA",1878,266,5574.84   
"KA",1878,290,1235.89   
"KA",1878,291,204155.61 
"KA",1878,293,107996.03 
"KA",1878,294,110568.47 
"KA",1878,296,49432.63  
"KA",1878,298,1116.75   
"KA",1878,999,56506.9   
"KA",1879,110,730993.13 
"KA",1879,143,10359.77  
"KA",1879,259,399.33    
"KA",1879,261,37601.82  
"KA",1879,266,3100      
"KA",1879,290,399.57    
"KA",1879,291,217547.38 
"KA",1879,293,69083.37  
"KA",1879,294,148443.65 
"KA",1879,296,55579.86  
"KA",1879,298,1540.63   
"KA",1879,999,69730.41  
"KA",1880,110,843575.11 
"KA",1880,143,13017.57  
"KA",1880,259,2624.09   
"KA",1880,261,23721.38  
"KA",1880,266,4500      
"KA",1880,290,2898.2    
"KA",1880,291,297609.68 
"KA",1880,293,78300     
"KA",1880,294,210990    
"KA",1880,296,59780.91  
"KA",1880,298,1826      
"KA",1880,999,73003.23  
"KA",1881,110,960377.37 
"KA",1881,143,14673.28  
"KA",1881,261,17004.89  
"KA",1881,266,3500      
"KA",1881,290,9188.06   
"KA",1881,291,269922.9  
"KA",1881,293,76017     
"KA",1881,294,247182.05 
"KA",1881,296,66421.02  
"KA",1881,298,2517.66   
"KA",1881,999,150373.71 
"KA",1882,110,895075.55 
"KA",1882,143,27398.02  
"KA",1882,261,4402.5    
"KA",1882,290,86.92     
"KA",1882,291,305621.03 
"KA",1882,293,110005.27 
"KA",1882,294,450681.34 
"KA",1882,296,88862.21  
"KA",1882,298,2354.15   
"KA",1883,110,803763.45 
"KA",1883,143,42947.12  
"KA",1883,222,8952.57   
"KA",1883,261,6458.5    
"KA",1883,290,67.18     
"KA",1883,291,293059.56 
"KA",1883,293,190963.98 
"KA",1883,294,253749.73 
"KA",1883,296,102490.3  
"KA",1883,298,4324.28   
"KA",1884,110,831304.99 
"KA",1884,261,6976.7    
"KA",1884,266,39487.74  
"KA",1884,290,47        
"KA",1884,291,349100.26 
"KA",1884,293,576031.12 
"KA",1884,294,315488.27 
"KA",1884,296,117026.01 
"KA",1884,298,1897.95   
"KA",1885,110,881226.81 
"KA",1885,259,3068.61   
"KA",1885,261,5951      
"KA",1885,266,386540.3  
"KA",1885,290,55.7      
"KA",1885,291,349026.61 
"KA",1885,293,128527.88 
"KA",1885,294,353810.23 
"KA",1885,296,115688.77 
"KA",1885,298,2134.6    
"KA",1886,110,1082476.65
"KA",1886,261,6629      
"KA",1886,266,50958.86  
"KA",1886,290,10        
"KA",1886,291,437462.22 
"KA",1886,293,322938.7  
"KA",1886,294,544894.89 
"KA",1886,296,118815.84 
"KA",1886,298,2438.59   
"KA",1887,110,1115428.97
"KA",1887,261,4000      
"KA",1887,266,57340.42  
"KA",1887,290,178.5     
"KA",1887,291,573655.85 
"KA",1887,293,207361.86 
"KA",1887,294,558449.05 
"KA",1887,296,107760.73 
"KA",1887,298,1789.66   
"KA",1888,110,1210931.89
"KA",1888,261,4470      
"KA",1888,266,48857.79  
"KA",1888,290,1665.11   
"KA",1888,291,573873.6  
"KA",1888,293,378227.89 
"KA",1888,294,536396.52 
"KA",1888,296,119090.3  
"KA",1888,298,3939.63   
"KA",1889,110,1329000.49
"KA",1889,261,4012      
"KA",1889,266,41806.85  
"KA",1889,290,1200      
"KA",1889,291,623928.34 
"KA",1889,293,304366.26 
"KA",1889,294,447364.07 
"KA",1889,296,104067.49 
"KA",1889,298,4563.23   
"KA",1890,110,1404416.6 
"KA",1890,261,3518.3    
"KA",1890,266,36248.07  
"KA",1890,291,560101.09 
"KA",1890,293,373772.2  
"KA",1890,294,436775.21 
"KA",1890,296,105422.9  
"KA",1890,298,4186.59   
"KA",1891,110,1537099.99
"KA",1891,236,31000     
"KA",1891,261,2798.95   
"KA",1891,266,57733.29  
"KA",1891,291,542576.35 
"KA",1891,293,290493.85 
"KA",1891,294,292173    
"KA",1891,295,833.35    
"KA",1891,296,114455.22 
"KA",1891,298,3825.08   
"KA",1891,299,606       
"KA",1892,110,1402186.88
"KA",1892,141,72.6      
"KA",1892,143,46375.13  
"KA",1892,222,3481.43   
"KA",1892,236,17035.6   
"KA",1892,261,2410.51   
"KA",1892,262,131.74    
"KA",1892,265,26937.69  
"KA",1892,266,19        
"KA",1892,290,63.5      
"KA",1892,291,550088.71 
"KA",1892,293,283370.24 
"KA",1892,294,75332.43  
"KA",1892,296,102094.53 
"KA",1892,298,4856.93   
"KA",1892,299,4479.1    
"KA",1893,110,1333836.84
"KA",1893,222,735.68    
"KA",1893,236,25391     
"KA",1893,261,1282.5    
"KA",1893,265,11140.4   
"KA",1893,266,58923.36  
"KA",1893,290,428.24    
"KA",1893,291,581977.59 
"KA",1893,293,468138.08 
"KA",1893,294,127220.73 
"KA",1893,296,91109.48  
"KA",1893,298,4210.77   
"KA",1893,299,2481.5    
"KA",1894,110,1191019.05
"KA",1894,236,32295.81  
"KA",1894,261,2900      
"KA",1894,265,3195.41   
"KA",1894,266,53354.09  
"KA",1894,290,235.36    
"KA",1894,291,524254.14 
"KA",1894,293,362574.5  
"KA",1894,294,125516.37 
"KA",1894,296,89121.08  
"KA",1894,298,5518.86   
"KA",1894,299,5030.7    
"KA",1895,110,1330172.71
"KA",1895,236,28119.94  
"KA",1895,261,3685      
"KA",1895,265,314.08    
"KA",1895,266,58850.49  
"KA",1895,290,65.71     
"KA",1895,291,506696.43 
"KA",1895,293,443759.52 
"KA",1895,294,58938.55  
"KA",1895,296,77457.36  
"KA",1895,298,6143      
"KA",1895,299,8958.6    
"KA",1896,110,1307741.12
"KA",1896,141,250.31    
"KA",1896,236,30897.1   
"KA",1896,261,2344.89   
"KA",1896,265,40523.88  
"KA",1896,266,44326.05  
"KA",1896,290,319.45    
"KA",1896,291,448161.35 
"KA",1896,293,394122.03 
"KA",1896,294,40280.21  
"KA",1896,296,51758.72  
"KA",1896,298,7748.23   
"KA",1896,299,6458.1    
"KA",1897,110,1349260.27
"KA",1897,221,285.7     
"KA",1897,223,528.92    
"KA",1897,236,40351.29  
"KA",1897,261,2775      
"KA",1897,262,4127.09   
"KA",1897,265,6401.19   
"KA",1897,266,40797.84  
"KA",1897,269,571.31    
"KA",1897,290,36.15     
"KA",1897,291,476672.17 
"KA",1897,293,435857.34 
"KA",1897,294,28234.42  
"KA",1897,295,4137.6    
"KA",1897,296,33922.01  
"KA",1897,299,4267.8    
"KA",1898,110,1413695.08
"KA",1898,221,2926.65   
"KA",1898,223,299.77    
"KA",1898,236,35450     
"KA",1898,261,1694.55   
"KA",1898,262,4579.94   
"KA",1898,265,7793.3    
"KA",1898,266,36511.24  
"KA",1898,272,209.74    
"KA",1898,290,31.82     
"KA",1898,291,531338.18 
"KA",1898,293,488750.97 
"KA",1898,294,90594.42  
"KA",1898,295,52560.67  
"KA",1898,296,48030.05  
"KA",1898,299,6742.4    
"KA",1899,110,1420284.93
"KA",1899,143,96043.66  
"KA",1899,221,5085.7    
"KA",1899,223,2617.78   
"KA",1899,236,60808.72  
"KA",1899,261,5941.65   
"KA",1899,265,141.5     
"KA",1899,266,10859.25  
"KA",1899,269,2096.23   
"KA",1899,271,3411.21   
"KA",1899,290,177.1     
"KA",1899,291,490934.65 
"KA",1899,293,513613.12 
"KA",1899,294,122179.65 
"KA",1899,295,37217.21  
"KA",1899,296,33239.06  
"KA",1899,298,2642.27   
"KA",1899,299,6988.2    
"KA",1900,110,1715731.22
"KA",1900,143,111845.75 
"KA",1900,221,8790.24   
"KA",1900,222,36926.35  
"KA",1900,223,3223.62   
"KA",1900,236,37017.37  
"KA",1900,261,21059.91  
"KA",1900,265,40000     
"KA",1900,266,19391.14  
"KA",1900,271,611.3     
"KA",1900,290,43.83     
"KA",1900,291,501311.66 
"KA",1900,293,1027898.17
"KA",1900,294,185661.3  
"KA",1900,295,46532.31  
"KA",1900,296,27077.2   
"KA",1900,298,3350.35   
"KA",1900,299,9843.21   
"KA",1901,110,1815788.65
"KA",1901,143,110258.64 
"KA",1901,221,8685.98   
"KA",1901,222,248       
"KA",1901,223,29790.67  
"KA",1901,236,116372.2  
"KA",1901,261,1458.39   
"KA",1901,262,1274.47   
"KA",1901,265,5284.64   
"KA",1901,266,17437.04  
"KA",1901,269,886.89    
"KA",1901,271,905.33    
"KA",1901,290,186.26    
"KA",1901,291,467919.82 
"KA",1901,293,749358.94 
"KA",1901,294,187064.76 
"KA",1901,295,61009.69  
"KA",1901,296,108581.59 
"KA",1901,298,3082.98   
"KA",1901,299,8350.51   
"KA",1902,110,1866384.51
"KA",1902,143,123625.95 
"KA",1902,221,14133.09  
"KA",1902,222,221       
"KA",1902,223,43106.38  
"KA",1902,236,42150     
"KA",1902,261,6676.3    
"KA",1902,265,8679.34   
"KA",1902,266,44787.33  
"KA",1902,268,18837.1   
"KA",1902,269,2263.18   
"KA",1902,271,1081.39   
"KA",1902,290,134.8     
"KA",1902,291,467812    
"KA",1902,293,574512.45 
"KA",1902,294,203711.49 
"KA",1902,295,53755.63  
"KA",1902,296,99367.72  
"KA",1902,298,452.52    
"KA",1902,299,8688.67   
"KA",1903,110,1920336.49
"KA",1903,221,13736.22  
"KA",1903,222,192.62    
"KA",1903,223,47600.94  
"KA",1903,236,100925.7  
"KA",1903,261,2502.54   
"KA",1903,262,241.45    
"KA",1903,266,26382.69  
"KA",1903,268,7388.46   
"KA",1903,269,3330.2    
"KA",1903,291,353618.99 
"KA",1903,293,497886.97 
"KA",1903,294,340750.75 
"KA",1903,295,65794.83  
"KA",1903,296,153005.1  
"KA",1903,298,23.83     
"KA",1903,299,10092.31  
"KA",1903,999,136623.02 
"KA",1904,110,2184228.6 
"KA",1904,143,256.69    
"KA",1904,221,8890.58   
"KA",1904,223,44723.12  
"KA",1904,236,94179.21  
"KA",1904,261,42463.69  
"KA",1904,262,157       
"KA",1904,264,17563.5   
"KA",1904,265,125       
"KA",1904,266,29908.43  
"KA",1904,268,11894.18  
"KA",1904,269,2216.14   
"KA",1904,290,80.6      
"KA",1904,291,365157.53 
"KA",1904,293,548200.13 
"KA",1904,294,304987.87 
"KA",1904,295,76989.29  
"KA",1904,296,188502.71 
"KA",1904,298,90        
"KA",1904,299,11052.98  
"KA",1904,999,172387.53 
"KA",1905,110,2280680.35
"KA",1905,143,193866.88 
"KA",1905,221,11146.56  
"KA",1905,222,116       
"KA",1905,223,69430.71  
"KA",1905,236,74471.05  
"KA",1905,261,163166.72 
"KA",1905,262,444.72    
"KA",1905,265,207126.04 
"KA",1905,266,116745.28 
"KA",1905,268,14561.98  
"KA",1905,269,31697.5   
"KA",1905,290,12.6      
"KA",1905,291,427292.02 
"KA",1905,293,474695.61 
"KA",1905,294,214610.13 
"KA",1905,295,23415.91  
"KA",1905,296,28438.31  
"KA",1905,299,10553.5   
"KA",1906,110,1638704.66
"KA",1906,143,91207.25  
"KA",1906,222,126.3     
"KA",1906,223,201562.45 
"KA",1906,236,25000     
"KA",1906,261,171430.08 
"KA",1906,262,1230.42   
"KA",1906,265,29749.92  
"KA",1906,268,16451.68  
"KA",1906,290,465218.09 
"KA",1906,291,459720.75 
"KA",1906,293,514376.6  
"KA",1906,294,230726.83 
"KA",1906,296,50000     
"KA",1907,110,2103650.04
"KA",1907,143,225144.72 
"KA",1907,222,72.68     
"KA",1907,223,232988.08 
"KA",1907,236,25000     
"KA",1907,261,225004.04 
"KA",1907,262,244.64    
"KA",1907,265,22715.64  
"KA",1907,268,21081.47  
"KA",1907,290,241666.48 
"KA",1907,291,536894.11 
"KA",1907,293,596011.74 
"KA",1907,294,279784.54 
"KA",1907,999,105360.11 
"KA",1908,110,2691355.1 
"KA",1908,143,243313.51 
"KA",1908,222,97826.77  
"KA",1908,223,207039.95 
"KA",1908,236,30000     
"KA",1908,261,181800.7  
"KA",1908,262,431.24    
"KA",1908,265,30941.03  
"KA",1908,268,31855.58  
"KA",1908,290,73328.24  
"KA",1908,291,513817.69 
"KA",1908,293,500912.94 
"KA",1908,294,225283.02 
"KA",1908,296,130169.04 
"KA",1908,999,237887.09 
"KA",1909,110,2662874.98
"KA",1909,143,256825.9  
"KA",1909,222,305.15    
"KA",1909,223,199087.98 
"KA",1909,236,35000     
"KA",1909,261,183202.47 
"KA",1909,262,1814.15   
"KA",1909,265,24762.41  
"KA",1909,266,95558.92  
"KA",1909,268,41496.02  
"KA",1909,290,656468.24 
"KA",1909,291,509193.29 
"KA",1909,293,745818.14 
"KA",1909,294,171722.29 
"KA",1909,296,96751.88  
"KA",1909,999,253466.89 
"KA",1910,110,2622407.82
"KA",1910,143,284833.82 
"KA",1910,222,12.5      
"KA",1910,223,265656.95 
"KA",1910,236,40000     
"KA",1910,261,167513.22 
"KA",1910,262,4380.75   
"KA",1910,265,32154.18  
"KA",1910,266,482104.9  
"KA",1910,268,69199.6   
"KA",1910,290,330798.04 
"KA",1910,291,587329.67 
"KA",1910,293,927799.2  
"KA",1910,294,211208.72 
"KA",1910,296,16622.96  
"KA",1910,299,16964.9   
"KA",1911,110,2880729.09
"KA",1911,143,11650     
"KA",1911,223,181040.27 
"KA",1911,236,45000     
"KA",1911,261,210511.81 
"KA",1911,262,5450.07   
"KA",1911,265,40030.88  
"KA",1911,266,1314900.68
"KA",1911,268,74408.77  
"KA",1911,290,458563.66 
"KA",1911,291,531864.87 
"KA",1911,293,584585.72 
"KA",1911,294,214895.48 
"KA",1911,296,160466.89 
"KA",1911,299,39881.15  
"KA",1912,110,3095403.79
"KA",1912,143,310577.85 
"KA",1912,223,228342.32 
"KA",1912,236,50000     
"KA",1912,261,259622.54 
"KA",1912,262,4290.57   
"KA",1912,265,74802.98  
"KA",1912,266,1475188.57
"KA",1912,268,60329.1   
"KA",1912,290,308356.32 
"KA",1912,291,528740.58 
"KA",1912,293,802064.65 
"KA",1912,294,105505.18 
"KA",1912,296,124904.14 
"KA",1912,298,1080.89   
"KA",1912,299,24836.46  
"KA",1912,999,304474.23 
"KA",1913,110,3310048.51
"KA",1913,122,170233.62 
"KA",1913,145,24308.12  
"KA",1913,223,21020.86  
"KA",1913,236,76182.14  
"KA",1913,261,1529176.47
"KA",1913,262,4654.78   
"KA",1913,265,62843.37  
"KA",1913,266,2555326.12
"KA",1913,268,56384.86  
"KA",1913,290,169.07    
"KA",1913,291,37128.85  
"KA",1913,293,920       
"KA",1913,296,315901.99 
"KA",1913,299,30677.7   
"KA",1913,999,176341.77 
"KA",1914,110,3345712.91
"KA",1914,122,125068.78 
"KA",1914,145,27748     
"KA",1914,190,161639    
"KA",1914,223,35400.98  
"KA",1914,236,50000     
"KA",1914,261,242474.32 
"KA",1914,265,27323.54  
"KA",1914,266,3073838.81
"KA",1914,268,34485.16  
"KA",1914,290,218943.2  
"KA",1914,291,559740.65 
"KA",1914,293,612895.39 
"KA",1914,294,90266.53  
"KA",1914,296,127988.2  
"KA",1914,298,366.71    
"KA",1914,299,44195.59  
"KA",1915,110,3371025.52
"KA",1915,122,72809.13  
"KA",1915,145,108687.99 
"KA",1915,181,4838.59   
"KA",1915,221,8972.36   
"KA",1915,223,127652.44 
"KA",1915,236,60000     
"KA",1915,261,510071.29 
"KA",1915,262,3549.39   
"KA",1915,264,28122.82  
"KA",1915,265,48660.59  
"KA",1915,266,3607863.02
"KA",1915,268,77500.58  
"KA",1915,269,20000     
"KA",1915,290,353.4     
"KA",1915,291,544559.89 
"KA",1915,293,1004939.21
"KA",1915,294,54642.35  
"KA",1915,295,110715    
"KA",1915,296,145149.25 
"KA",1915,298,359.28    
"KA",1915,299,77043.38  
"KA",1915,999,15000     
