"AK",1933,1000,7954732.7   
"AK",1933,1220,66500.78    
"AK",1933,1320,658.2       
"AK",1933,1401,414928.14   
"AK",1933,1420,4932.5      
"AK",1933,1430,485630.65   
"AK",1933,1450,66019.68    
"AK",1933,1451,297623.76   
"AK",1933,1500,13933.91    
"AK",1933,1510,6137.63     
"AK",1933,1520,403847.1    
"AK",1933,1530,3906599.76  
"AK",1933,1800,12823       
"AK",1933,1801,22545       
"AK",1933,1803,701213.45   
"AK",1933,1930,183331.42   
"AK",1933,2220,415.85      
"AK",1933,2230,156453.32   
"AK",1933,2240,15000       
"AK",1933,2350,1523520.38  
"AK",1933,2370,433.72      
"AK",1933,2560,14306.88    
"AK",1933,2610,167.92      
"AK",1933,2650,31268.38    
"AK",1933,2660,480.99      
"AK",1933,2690,39220.92    
"AK",1933,2903,53847.4     
"AK",1933,2910,164932.9    
"AK",1933,2911,28.02       
"AK",1933,2920,0           
"AK",1933,2930,38552.77    
"AK",1933,2940,101166.72   
"AK",1933,2941,27951.97    
"AK",1933,2945,0           
"AK",1933,2950,44662.301   
"AK",1933,2960,113663.5    
"AK",1933,2980,643702.2    
"AK",1933,2990,54128.53    
"AK",1934,1000,15123039.32 
"AK",1934,1220,0           
"AK",1934,1320,0           
"AK",1934,1401,405753.55   
"AK",1934,1420,0           
"AK",1934,1430,450488.08   
"AK",1934,1450,22322.49    
"AK",1934,1451,344517.35   
"AK",1934,1500,0           
"AK",1934,1510,64411.21    
"AK",1934,1520,0           
"AK",1934,1530,0           
"AK",1934,1800,9150        
"AK",1934,1801,55611.37    
"AK",1934,1803,31864.12    
"AK",1934,1930,1143.65     
"AK",1934,2220,4044.08     
"AK",1934,2230,55944.44    
"AK",1934,2240,17910.34    
"AK",1934,2350,2658198.27  
"AK",1934,2370,3930.41     
"AK",1934,2430,1040.09     
"AK",1934,2560,18773.65    
"AK",1934,2610,4400.87     
"AK",1934,2650,108426.37   
"AK",1934,2660,42885.65    
"AK",1934,2690,148.39      
"AK",1934,2903,7763.49     
"AK",1934,2910,163689.02   
"AK",1934,2920,108953.74   
"AK",1934,2930,0           
"AK",1934,2940,40908.49    
"AK",1934,2941,3335.34     
"AK",1934,2945,2535.12     
"AK",1934,2950,5246.8      
"AK",1934,2960,154790.88   
"AK",1934,2980,315885.69   
"AK",1934,2990,55368.81    
"AK",1935,1000,16408229.4  
"AK",1935,1220,0           
"AK",1935,1401,384983.76   
"AK",1935,1430,490047.22   
"AK",1935,1450,24209.85    
"AK",1935,1451,444765.51   
"AK",1935,1510,217432.03   
"AK",1935,1800,10530       
"AK",1935,1801,49699.75    
"AK",1935,1803,11089.02    
"AK",1935,1930,1523.08     
"AK",1935,2220,3320.23     
"AK",1935,2230,194471.74   
"AK",1935,2350,1643697.76  
"AK",1935,2370,30904.84    
"AK",1935,2430,901.71      
"AK",1935,2560,19207.7     
"AK",1935,2610,94073.87    
"AK",1935,2650,110189.37   
"AK",1935,2660,2823.05     
"AK",1935,2690,4738.23     
"AK",1935,2691,43933.5     
"AK",1935,2903,24220.52    
"AK",1935,2910,93888.64    
"AK",1935,2920,0           
"AK",1935,2930,49041.95    
"AK",1935,2935,79424.26    
"AK",1935,2940,54294.13    
"AK",1935,2941,25669.67    
"AK",1935,2950,155456.23   
"AK",1935,2980,436572.94   
"AK",1935,2990,49189.15    
"AK",1936,1000,21189669.86 
"AK",1936,1220,1910.91     
"AK",1936,1401,337806.09   
"AK",1936,1430,510886.19   
"AK",1936,1450,18154.93    
"AK",1936,1451,514222.79   
"AK",1936,1510,125624.88   
"AK",1936,1800,10500.5     
"AK",1936,1801,0           
"AK",1936,1803,505.1       
"AK",1936,1930,0           
"AK",1936,2220,5720.57     
"AK",1936,2230,173839.83   
"AK",1936,2350,740381.81   
"AK",1936,2370,59689.58    
"AK",1936,2430,385.46      
"AK",1936,2560,17600.5     
"AK",1936,2610,125652.92   
"AK",1936,2650,106437.89   
"AK",1936,2660,8921        
"AK",1936,2690,0           
"AK",1936,2691,58417.85    
"AK",1936,2903,8111.8      
"AK",1936,2910,102901.83   
"AK",1936,2911,26.4        
"AK",1936,2920,1195.13     
"AK",1936,2935,98868.1     
"AK",1936,2940,288286.34   
"AK",1936,2941,48789.82    
"AK",1936,2950,138754.36   
"AK",1936,2980,1168193.41  
"AK",1936,2990,63597.37    
"AK",1937,1000,25290334.95 
"AK",1937,1401,387948.44   
"AK",1937,1430,566775.38   
"AK",1937,1450,22006.38    
"AK",1937,1451,611563.56   
"AK",1937,1465,21491.14    
"AK",1937,1500,1747323.53  
"AK",1937,1510,15671.02    
"AK",1937,1800,11961       
"AK",1937,1930,13704.21    
"AK",1937,2220,5406.36     
"AK",1937,2230,141567.65   
"AK",1937,2350,1690847     
"AK",1937,2370,76480.16    
"AK",1937,2430,778.5       
"AK",1937,2450,47363.4     
"AK",1937,2510,12400.79    
"AK",1937,2560,21626.75    
"AK",1937,2610,64199.77    
"AK",1937,2650,153712.83   
"AK",1937,2660,28105.17    
"AK",1937,2691,231433.25   
"AK",1937,2800,43318.37    
"AK",1937,2903,4892.08     
"AK",1937,2910,157526.35   
"AK",1937,2930,13985.18    
"AK",1937,2935,137510.08   
"AK",1937,2940,268371.79   
"AK",1937,2941,42659.64    
"AK",1937,2942,410325.84   
"AK",1937,2945,154.16      
"AK",1937,2950,9219.53     
"AK",1937,2960,274734.37   
"AK",1937,2980,1777949.73  
"AK",1937,2990,50662.5     
"AL",1933,1000,115958.75   
"AL",1933,1210,3273396.23  
"AL",1933,1220,56337.01    
"AL",1933,1400,13087.35    
"AL",1933,1401,1527294.21  
"AL",1933,1410,269664.81   
"AL",1933,1420,2831184.15  
"AL",1933,1430,709511.6    
"AL",1933,1450,2549.14     
"AL",1933,1451,222731.27   
"AL",1933,1460,741079.33   
"AL",1933,1500,15.24       
"AL",1933,1520,1395187.14  
"AL",1933,1530,7531253.89  
"AL",1933,1700,142936.78   
"AL",1933,1800,792055.31   
"AL",1933,1803,2124618.88  
"AL",1933,1920,50922.04    
"AL",1933,1933,64855.07    
"AL",1933,2220,329.99      
"AL",1933,2230,20929.71    
"AL",1933,2250,2800        
"AL",1933,2350,339404.05   
"AL",1933,2370,75.47       
"AL",1933,2610,12500       
"AL",1933,2620,4007.39     
"AL",1933,2640,25593.35    
"AL",1933,2660,2104.88     
"AL",1933,2680,622         
"AL",1933,2690,43284.78    
"AL",1933,2700,72554.92    
"AL",1933,2760,42985.79    
"AL",1933,2903,386533.98   
"AL",1933,2910,189918      
"AL",1933,2930,478000      
"AL",1933,2940,16057.67    
"AL",1933,2941,85211.61    
"AL",1933,2945,161.45      
"AL",1933,2950,8537.43     
"AL",1933,2960,1690719.28  
"AL",1933,2980,5078636.29  
"AL",1933,2990,10281.47    
"AL",1934,1000,137576.08   
"AL",1934,1210,6145350.37  
"AL",1934,1220,23970.89    
"AL",1934,1310,373169.11   
"AL",1934,1400,132208.35   
"AL",1934,1401,1550620.99  
"AL",1934,1410,176091.85   
"AL",1934,1420,57293.91    
"AL",1934,1430,674523.76   
"AL",1934,1450,301.83      
"AL",1934,1451,301615.6    
"AL",1934,1460,769149.69   
"AL",1934,1500,40.77       
"AL",1934,1520,1640302.95  
"AL",1934,1530,8859447.88  
"AL",1934,1700,417764.22   
"AL",1934,1800,886815.54   
"AL",1934,1803,2381491.56  
"AL",1934,1920,53110.25    
"AL",1934,1933,63350.77    
"AL",1934,2220,3702.79     
"AL",1934,2230,32284.52    
"AL",1934,2240,2323.55     
"AL",1934,2350,6684700.92  
"AL",1934,2370,147.36      
"AL",1934,2620,72.5        
"AL",1934,2640,21952.31    
"AL",1934,2660,675.94      
"AL",1934,2680,519.5       
"AL",1934,2690,39071.75    
"AL",1934,2700,108565.19   
"AL",1934,2760,41056.91    
"AL",1934,2903,398948.96   
"AL",1934,2910,241403.43   
"AL",1934,2911,3602821.25  
"AL",1934,2920,40000       
"AL",1934,2930,150000      
"AL",1934,2940,23690.5     
"AL",1934,2941,212962.81   
"AL",1934,2950,5766.89     
"AL",1934,2960,1761311.71  
"AL",1934,2980,959116.37   
"AL",1934,2990,10345.23    
"AL",1935,1210,5893140.85  
"AL",1935,1220,92713.21    
"AL",1935,1310,867584.96   
"AL",1935,1400,138683.44   
"AL",1935,1401,1644960.94  
"AL",1935,1410,188474.21   
"AL",1935,1420,60763.49    
"AL",1935,1430,730296.88   
"AL",1935,1451,329414.12   
"AL",1935,1460,797128.66   
"AL",1935,1500,161247.8    
"AL",1935,1520,2088115.87  
"AL",1935,1530,9992920.68  
"AL",1935,1700,210066.96   
"AL",1935,1800,906388.37   
"AL",1935,1803,2629963.91  
"AL",1935,1920,60123.06    
"AL",1935,1933,64108.26    
"AL",1935,2220,11309.83    
"AL",1935,2230,50364.35    
"AL",1935,2240,36249.42    
"AL",1935,2350,7908256.92  
"AL",1935,2370,45.03       
"AL",1935,2620,77.5        
"AL",1935,2640,25849.27    
"AL",1935,2660,1069.01     
"AL",1935,2680,707         
"AL",1935,2690,12937.95    
"AL",1935,2700,111793.89   
"AL",1935,2760,44357.75    
"AL",1935,2903,322442.7    
"AL",1935,2910,229237.09   
"AL",1935,2911,2924647.5   
"AL",1935,2920,18249.29    
"AL",1935,2930,17020000    
"AL",1935,2940,105687.38   
"AL",1935,2941,182649.67   
"AL",1935,2945,25          
"AL",1935,2950,14288.88    
"AL",1935,2960,1910756.95  
"AL",1935,2980,883944.38   
"AL",1935,2990,10739.36    
"AL",1936,1000,2333.34     
"AL",1936,1210,5796390.83  
"AL",1936,1220,103935.23   
"AL",1936,1310,1100530.89  
"AL",1936,1400,180316.62   
"AL",1936,1401,1575065.65  
"AL",1936,1410,210763.43   
"AL",1936,1420,101837.72   
"AL",1936,1430,896104.82   
"AL",1936,1450,9529.26     
"AL",1936,1451,389037.84   
"AL",1936,1460,910714.43   
"AL",1936,1500,238743.09   
"AL",1936,1520,2755210.47  
"AL",1936,1530,11275163.21 
"AL",1936,1700,309675.68   
"AL",1936,1800,1090685.71  
"AL",1936,1803,2499236     
"AL",1936,1920,82221.63    
"AL",1936,1933,75194.77    
"AL",1936,2220,60238.14    
"AL",1936,2230,234425.49   
"AL",1936,2240,46513.46    
"AL",1936,2350,6738988.81  
"AL",1936,2370,18.5        
"AL",1936,2640,31020.56    
"AL",1936,2660,2780.5      
"AL",1936,2680,612.5       
"AL",1936,2690,12629.35    
"AL",1936,2700,195400.91   
"AL",1936,2760,45569.2     
"AL",1936,2903,391387.28   
"AL",1936,2910,189639.29   
"AL",1936,2911,2397620.5   
"AL",1936,2920,40000       
"AL",1936,2940,207667.57   
"AL",1936,2941,228521.43   
"AL",1936,2945,465.93      
"AL",1936,2950,35514.84    
"AL",1936,2960,1839795.35  
"AL",1936,2980,3103773.32  
"AL",1936,2990,10508       
"AL",1937,1000,3506.31     
"AL",1937,1210,5764809.66  
"AL",1937,1220,76046.72    
"AL",1937,1310,2009864.64  
"AL",1937,1320,615761.29   
"AL",1937,1400,201199.7    
"AL",1937,1401,1671344.95  
"AL",1937,1410,210785.82   
"AL",1937,1420,157009.31   
"AL",1937,1430,958945.78   
"AL",1937,1450,11242.61    
"AL",1937,1451,36054.28    
"AL",1937,1460,1254135.97  
"AL",1937,1500,56286.5     
"AL",1937,1510,586816.3    
"AL",1937,1520,3142519.7   
"AL",1937,1530,13510190.56 
"AL",1937,1580,2903043.59  
"AL",1937,1700,241208.27   
"AL",1937,1800,50327.47    
"AL",1937,1801,441037.48   
"AL",1937,1803,3063430.21  
"AL",1937,1850,910179.06   
"AL",1937,1920,138165.17   
"AL",1937,1933,101039.18   
"AL",1937,2220,188311.34   
"AL",1937,2230,240197.7    
"AL",1937,2240,29751.88    
"AL",1937,2270,456.52      
"AL",1937,2350,6077996.77  
"AL",1937,2370,10          
"AL",1937,2640,33549.78    
"AL",1937,2660,73511.02    
"AL",1937,2690,18054.11    
"AL",1937,2700,243976.3    
"AL",1937,2750,215012.52   
"AL",1937,2760,51521.31    
"AL",1937,2903,653525.24   
"AL",1937,2910,192452.14   
"AL",1937,2911,2817990.33  
"AL",1937,2920,65626.51    
"AL",1937,2940,267436.61   
"AL",1937,2941,202993.01   
"AL",1937,2950,38476.66    
"AL",1937,2960,1823563.55  
"AL",1937,2980,15423212.18 
"AL",1937,2990,11280.1     
"AZ",1933,1000,34245.96    
"AZ",1933,1210,4263036.07  
"AZ",1933,1220,94337.49    
"AZ",1933,1400,65059.35    
"AZ",1933,1430,187191.97   
"AZ",1933,1800,37262.77    
"AZ",1933,1803,315748.12   
"AZ",1933,2220,13130.33    
"AZ",1933,2230,45074.91    
"AZ",1933,2270,77.75       
"AZ",1933,2350,2950408.91  
"AZ",1933,2360,26219.48    
"AZ",1933,2511,1419456.56  
"AZ",1933,2610,163069.4    
"AZ",1933,2630,25          
"AZ",1933,2640,3.25        
"AZ",1933,2650,133318.46   
"AZ",1933,2660,6940.46     
"AZ",1933,2680,1463.22     
"AZ",1933,2690,96          
"AZ",1933,2800,25773.3     
"AZ",1933,2903,52588.88    
"AZ",1933,2907,67934.72    
"AZ",1933,2910,73393.56    
"AZ",1933,2912,203200.4    
"AZ",1933,2930,5000        
"AZ",1933,2935,3558.2      
"AZ",1933,2940,28827.34    
"AZ",1933,2942,53806.07    
"AZ",1933,2945,1190.18     
"AZ",1933,2950,68712.25    
"AZ",1933,2960,2432.32     
"AZ",1933,2980,708783.66   
"AZ",1933,2990,3075        
"AZ",1934,1000,46274.18    
"AZ",1934,1210,3217669.97  
"AZ",1934,1220,26622.56    
"AZ",1934,1310,198316.67   
"AZ",1934,1400,35328.14    
"AZ",1934,1430,159551.14   
"AZ",1934,1450,2653.69     
"AZ",1934,1460,71.17       
"AZ",1934,1500,821605.089  
"AZ",1934,1530,272845.26   
"AZ",1934,1580,580302.1    
"AZ",1934,1800,4788.33     
"AZ",1934,1803,76102.18    
"AZ",1934,1850,245542.02   
"AZ",1934,1930,235.44      
"AZ",1934,2220,90332.09    
"AZ",1934,2230,67086.82    
"AZ",1934,2350,1337137.59  
"AZ",1934,2360,4374.13     
"AZ",1934,2511,2437274.9   
"AZ",1934,2610,184266.58   
"AZ",1934,2620,858.76      
"AZ",1934,2630,625.29      
"AZ",1934,2650,133361.77   
"AZ",1934,2651,144.6       
"AZ",1934,2660,4121.55     
"AZ",1934,2680,1468.97     
"AZ",1934,2760,26778.8     
"AZ",1934,2903,30854.62    
"AZ",1934,2907,56205.33    
"AZ",1934,2910,93446.11    
"AZ",1934,2912,135647.81   
"AZ",1934,2920,13.21       
"AZ",1934,2930,5000        
"AZ",1934,2935,7840.62     
"AZ",1934,2940,29910.3     
"AZ",1934,2942,32788.14    
"AZ",1934,2945,295.37      
"AZ",1934,2950,97854.69    
"AZ",1934,2960,452.14      
"AZ",1934,2980,64261.56    
"AZ",1934,2990,4109.29     
"AZ",1935,1210,3225853.73  
"AZ",1935,1220,60805.52    
"AZ",1935,1310,414460.35   
"AZ",1935,1450,2706.08     
"AZ",1935,1500,1809636.67  
"AZ",1935,1510,83071.04    
"AZ",1935,1530,2165852.3   
"AZ",1935,1580,892514.1    
"AZ",1935,1803,84063.33    
"AZ",1935,2230,1409385.79  
"AZ",1935,2350,383211.25   
"AZ",1935,2360,7757.98     
"AZ",1935,2370,77880.07    
"AZ",1935,2610,223270.86   
"AZ",1935,2650,216034.43   
"AZ",1935,2660,32.5        
"AZ",1935,2680,8681.53     
"AZ",1935,2903,989.42      
"AZ",1935,2907,70170.47    
"AZ",1935,2910,22599.95    
"AZ",1935,2930,1000000     
"AZ",1935,2935,1072076.55  
"AZ",1935,2940,69046.31    
"AZ",1935,2945,876.74      
"AZ",1935,2960,155.47      
"AZ",1935,2980,10341.17    
"AZ",1936,1210,2764167.35  
"AZ",1936,1220,26688.09    
"AZ",1936,1310,813160.37   
"AZ",1936,1450,324.02      
"AZ",1936,1500,2679569.79  
"AZ",1936,1510,82225.26    
"AZ",1936,1530,2445657.52  
"AZ",1936,1580,1147870.59  
"AZ",1936,1803,84292.19    
"AZ",1936,2230,1582788.29  
"AZ",1936,2350,1489858.92  
"AZ",1936,2360,8808.72     
"AZ",1936,2370,70671.13    
"AZ",1936,2610,287348.51   
"AZ",1936,2650,146160.59   
"AZ",1936,2660,14.8        
"AZ",1936,2680,6658.08     
"AZ",1936,2903,5703.86     
"AZ",1936,2907,66587.35    
"AZ",1936,2910,13036.7     
"AZ",1936,2930,690000      
"AZ",1936,2935,67862.52    
"AZ",1936,2940,87870.55    
"AZ",1936,2945,18.3        
"AZ",1936,2960,3414.65     
"AZ",1936,2980,39963.07    
"AZ",1937,1210,3313645.94  
"AZ",1937,1220,38175.69    
"AZ",1937,1310,1163710.71  
"AZ",1937,1500,3873933.08  
"AZ",1937,1510,90941.66    
"AZ",1937,1530,2964705.55  
"AZ",1937,1535,4872.82     
"AZ",1937,1580,1346966.64  
"AZ",1937,1803,91279.59    
"AZ",1937,2230,1769916.72  
"AZ",1937,2350,2082019.07  
"AZ",1937,2360,20565.05    
"AZ",1937,2370,110668.54   
"AZ",1937,2610,1000        
"AZ",1937,2650,316332.8    
"AZ",1937,2660,20          
"AZ",1937,2680,5886.81     
"AZ",1937,2903,53550.83    
"AZ",1937,2907,227991.7    
"AZ",1937,2910,14161.36    
"AZ",1937,2935,79953.45    
"AZ",1937,2940,83056.39    
"AZ",1937,2942,33937.02    
"AZ",1937,2945,180.09      
"AZ",1937,2960,1289.64     
"AZ",1937,2980,28472.77    
"NB",1933,1210,4804110.17  
"NB",1933,1220,53392.47    
"NB",1933,1400,146242.1    
"NB",1933,1420,25          
"NB",1933,1430,577414.43   
"NB",1933,1530,7758743.04  
"NB",1933,1570,4511.71     
"NB",1933,1801,1692        
"NB",1933,1803,551943.94   
"NB",1933,1805,117336.53   
"NB",1933,1806,156448.41   
"NB",1933,1920,1688        
"NB",1933,2210,11424.8     
"NB",1933,2220,5           
"NB",1933,2230,64501.15    
"NB",1933,2350,5092666.94  
"NB",1933,2360,47077.54    
"NB",1933,2370,1131.94     
"NB",1933,2610,105245.5    
"NB",1933,2620,125527.18   
"NB",1933,2630,7513.11     
"NB",1933,2660,49445.67    
"NB",1933,2800,1886.15     
"NB",1933,2900,7598.69     
"NB",1933,2910,647097.49   
"NB",1933,2920,934.81      
"NB",1933,2930,1005754.21  
"NB",1933,2940,322503.77   
"NB",1933,2950,53259.78    
"NB",1933,2960,96848.18    
"NB",1933,2990,58164.29    
"NB",1934,1210,5447180.92  
"NB",1934,1220,32451.09    
"NB",1934,1400,153123.07   
"NB",1934,1420,100         
"NB",1934,1430,541086.13   
"NB",1934,1510,142399.52   
"NB",1934,1530,8784189.68  
"NB",1934,1570,6152.36     
"NB",1934,1801,1322        
"NB",1934,1803,70037.27    
"NB",1934,1805,940319.94   
"NB",1934,1806,175764      
"NB",1934,1920,2234        
"NB",1934,2210,12020.45    
"NB",1934,2220,15          
"NB",1934,2230,99314.15    
"NB",1934,2360,9637.89     
"NB",1934,2370,2409.41     
"NB",1934,2610,107561.79   
"NB",1934,2620,145838.27   
"NB",1934,2630,15419.1     
"NB",1934,2660,56188.74    
"NB",1934,2800,6598.21     
"NB",1934,2900,10594.85    
"NB",1934,2910,661499.15   
"NB",1934,2920,743.15      
"NB",1934,2930,1145145.66  
"NB",1934,2940,501337.46   
"NB",1934,2950,118327.76   
"NB",1934,2960,143554.53   
"NB",1934,2990,52724.95    
"NB",1935,1210,4571021.67  
"NB",1935,1220,195111.19   
"NB",1935,1400,149649.43   
"NB",1935,1420,145         
"NB",1935,1430,553907.34   
"NB",1935,1510,354045.06   
"NB",1935,1530,9493784.66  
"NB",1935,1570,10856.46    
"NB",1935,1801,25774.3     
"NB",1935,1803,620355.48   
"NB",1935,1805,112598.07   
"NB",1935,1806,139373.91   
"NB",1935,2210,12903.4     
"NB",1935,2230,101741.59   
"NB",1935,2350,5279089.18  
"NB",1935,2360,14842       
"NB",1935,2370,1245.7      
"NB",1935,2610,1329424.38  
"NB",1935,2620,145823.4    
"NB",1935,2630,13335.05    
"NB",1935,2660,42406.49    
"NB",1935,2800,5068.77     
"NB",1935,2900,8617.1      
"NB",1935,2910,624369.43   
"NB",1935,2920,1741.71     
"NB",1935,2930,2449404.44  
"NB",1935,2940,469118.73   
"NB",1935,2950,120746.57   
"NB",1935,2960,83898.06    
"NB",1935,2990,47773.69    
"NB",1936,1210,4849986.21  
"NB",1936,1220,37251.12    
"NB",1936,1400,157195.96   
"NB",1936,1420,410         
"NB",1936,1430,549265.02   
"NB",1936,1510,1282698.08  
"NB",1936,1530,11127239.43 
"NB",1936,1570,10460.45    
"NB",1936,1801,270945.77   
"NB",1936,1803,703974.02   
"NB",1936,1805,106424.54   
"NB",1936,1806,177462.84   
"NB",1936,2210,45097.05    
"NB",1936,2220,2           
"NB",1936,2230,193700.11   
"NB",1936,2350,5671278.26  
"NB",1936,2360,53926.9     
"NB",1936,2370,1657.4      
"NB",1936,2610,1365964.77  
"NB",1936,2620,165793.42   
"NB",1936,2630,8095.71     
"NB",1936,2660,52190.34    
"NB",1936,2760,426.03      
"NB",1936,2800,16218.31    
"NB",1936,2900,15405.83    
"NB",1936,2910,594643.95   
"NB",1936,2920,1361.16     
"NB",1936,2930,2708515.97  
"NB",1936,2940,531422.02   
"NB",1936,2945,332.63      
"NB",1936,2950,139521.47   
"NB",1936,2960,112941.5    
"NB",1936,2980,39163.54    
"NB",1936,2990,55182.5     
"NB",1937,1210,4666078.73  
"NB",1937,1220,33353.98    
"NB",1937,1400,159702.93   
"NB",1937,1420,240         
"NB",1937,1430,558012.47   
"NB",1937,1510,1670065.35  
"NB",1937,1530,12067622.72 
"NB",1937,1801,134336      
"NB",1937,1803,721974.3    
"NB",1937,1805,116053.07   
"NB",1937,1806,164943.85   
"NB",1937,1970,22087.14    
"NB",1937,2210,40418.42    
"NB",1937,2230,174303.65   
"NB",1937,2350,11304814.49 
"NB",1937,2360,3622.1      
"NB",1937,2370,2090.8      
"NB",1937,2610,1430339.9   
"NB",1937,2620,392132.84   
"NB",1937,2660,49658.56    
"NB",1937,2760,441.03      
"NB",1937,2800,1895.32     
"NB",1937,2900,21380.01    
"NB",1937,2910,621310.34   
"NB",1937,2920,1087.08     
"NB",1937,2930,1642910.28  
"NB",1937,2940,490537.76   
"NB",1937,2945,1920.18     
"NB",1937,2950,139258.4    
"NB",1937,2960,133303.57   
"NB",1937,2980,130609.62   
"NB",1937,2990,31077.14    
"NC",1933,1220,500538.38   
"NC",1933,1310,6274762.68  
"NC",1933,1401,49971       
"NC",1933,1402,6128317.45  
"NC",1933,1451,129878.26   
"NC",1933,1505,2776224.95  
"NC",1933,1510,1000        
"NC",1933,1530,14363497.57 
"NC",1933,1700,200267.16   
"NC",1933,1803,5151215.47  
"NC",1933,1850,1870210.21  
"NC",1933,1920,6856.25     
"NC",1933,1931,5270        
"NC",1933,2230,20610.14    
"NC",1933,2250,430         
"NC",1933,2350,10294893.66 
"NC",1933,2370,3101.93     
"NC",1933,2610,3719614.99  
"NC",1933,2620,4643.78     
"NC",1933,2640,600.28      
"NC",1933,2650,564532.59   
"NC",1933,2660,118397.1    
"NC",1933,2680,279902.07   
"NC",1933,2690,34549.25    
"NC",1933,2760,210925.35   
"NC",1933,2900,5031.06     
"NC",1933,2903,48185.22    
"NC",1933,2905,169480.59   
"NC",1933,2910,52414.6     
"NC",1933,2911,1878709.75  
"NC",1933,2929,232179.5    
"NC",1933,2930,14932993.73 
"NC",1933,2940,320.5       
"NC",1933,2950,25216.2     
"NC",1933,2960,464214.22   
"NC",1933,2980,189492.15   
"NC",1933,2990,62563.26    
"NC",1934,1220,424072.52   
"NC",1934,1310,6055240.64  
"NC",1934,1401,71662.64    
"NC",1934,1402,6484308.51  
"NC",1934,1500,6014937.33  
"NC",1934,1505,1435694.15  
"NC",1934,1510,340471.64   
"NC",1934,1700,181565.97   
"NC",1934,1850,2409415.49  
"NC",1934,1931,5992.5      
"NC",1934,2230,35177.55    
"NC",1934,2610,26581.26    
"NC",1934,2620,16.65       
"NC",1934,2640,.75         
"NC",1934,2650,246922.51   
"NC",1934,2660,43830.04    
"NC",1934,2680,11183.71    
"NC",1934,2681,79607.34    
"NC",1934,2690,33152.02    
"NC",1934,2900,4760.55     
"NC",1934,2903,27293.08    
"NC",1934,2910,30473.87    
"NC",1934,2929,315021      
"NC",1934,2930,1000000     
"NC",1934,2960,26183.61    
"NC",1935,1220,516056.48   
"NC",1935,1310,7443043.98  
"NC",1935,1401,64904.05    
"NC",1935,1402,6693928.14  
"NC",1935,1450,145411.41   
"NC",1935,1451,87794.85    
"NC",1935,1500,7657498.16  
"NC",1935,1505,402487.65   
"NC",1935,1510,365536.06   
"NC",1935,1530,17672482.48 
"NC",1935,1700,20079.37    
"NC",1935,1803,7515993.86  
"NC",1935,1850,1744879.45  
"NC",1935,1931,10014.3     
"NC",1935,2230,30498.82    
"NC",1935,2350,29606482.73 
"NC",1935,2370,6951.84     
"NC",1935,2420,400         
"NC",1935,2511,379350.78   
"NC",1935,2610,5698217.86  
"NC",1935,2611,347814.64   
"NC",1935,2620,9129.02     
"NC",1935,2640,721.14      
"NC",1935,2650,765739.28   
"NC",1935,2660,141394.62   
"NC",1935,2680,256022.75   
"NC",1935,2681,93195.82    
"NC",1935,2690,40774       
"NC",1935,2760,134267.99   
"NC",1935,2900,6704.36     
"NC",1935,2903,14049.45    
"NC",1935,2905,25057.67    
"NC",1935,2910,80704.35    
"NC",1935,2911,2965394.67  
"NC",1935,2929,1105007     
"NC",1935,2930,12051480    
"NC",1935,2950,873303.37   
"NC",1935,2960,9207.79     
"NC",1935,2980,581363.18   
"NC",1935,2990,46158.2     
"NC",1936,1220,540069.39   
"NC",1936,1310,8126401.98  
"NC",1936,1401,72377.78    
"NC",1936,1402,7260123.63  
"NC",1936,1450,241118.73   
"NC",1936,1500,10184331.21 
"NC",1936,1505,176742.32   
"NC",1936,1510,624607.98   
"NC",1936,1530,19182870.56 
"NC",1936,1700,3823.18     
"NC",1936,1803,6868885.68  
"NC",1936,1850,2345495.15  
"NC",1936,1931,12671.13    
"NC",1936,2230,38520.05    
"NC",1936,2350,12946204.76 
"NC",1936,2370,9257.27     
"NC",1936,2420,2300        
"NC",1936,2511,728039.7    
"NC",1936,2610,5229314.58  
"NC",1936,2611,325500.5    
"NC",1936,2620,10347.62    
"NC",1936,2650,499831.02   
"NC",1936,2660,256776.01   
"NC",1936,2680,264037.9    
"NC",1936,2681,97798.78    
"NC",1936,2690,457481.24   
"NC",1936,2760,126853.12   
"NC",1936,2900,47894.34    
"NC",1936,2903,3711.13     
"NC",1936,2905,309165.27   
"NC",1936,2910,11671.07    
"NC",1936,2911,4702519.98  
"NC",1936,2929,210014      
"NC",1936,2930,2665920     
"NC",1936,2940,100         
"NC",1936,2950,946795.06   
"NC",1936,2960,11934.16    
"NC",1936,2980,418231.69   
"NC",1936,2990,49892.82    
"NC",1937,1220,4009250.52  
"NC",1937,1310,11373966.71 
"NC",1937,1401,91436.54    
"NC",1937,1402,7369057.61  
"NC",1937,1450,324358.23   
"NC",1937,1500,11328422.72 
"NC",1937,1505,36069.63    
"NC",1937,1510,1002664.83  
"NC",1937,1530,22138370.8  
"NC",1937,1700,362.66      
"NC",1937,1803,7584880.93  
"NC",1937,1850,2363264.14  
"NC",1937,1931,10745.01    
"NC",1937,2230,31508.34    
"NC",1937,2350,10257860.32 
"NC",1937,2370,7210.48     
"NC",1937,2420,7200        
"NC",1937,2440,102.6       
"NC",1937,2610,7098176.66  
"NC",1937,2611,476435.59   
"NC",1937,2620,11722.68    
"NC",1937,2650,547218.55   
"NC",1937,2660,680167.16   
"NC",1937,2680,292212.66   
"NC",1937,2681,91374.88    
"NC",1937,2690,76572.32    
"NC",1937,2760,102561.74   
"NC",1937,2900,16922.13    
"NC",1937,2905,1036768.47  
"NC",1937,2910,174121.17   
"NC",1937,2911,1405018.76  
"NC",1937,2929,210014      
"NC",1937,2930,573.61      
"NC",1937,2935,3019000     
"NC",1937,2950,1081405.71  
"NC",1937,2960,100614.5    
"NC",1937,2980,6106200.21  
"NC",1937,2990,51524       
"ND",1933,1000,583899.03   
"ND",1933,1210,1660948.47  
"ND",1933,1220,7437.06     
"ND",1933,1300,116063.69   
"ND",1933,1402,2140        
"ND",1933,1410,53946.48    
"ND",1933,1430,1157.62     
"ND",1933,1520,241802.92   
"ND",1933,1530,25000       
"ND",1933,1800,15388.5     
"ND",1933,1802,16250       
"ND",1933,1803,1128373.3   
"ND",1933,2210,1214.32     
"ND",1933,2220,4395.52     
"ND",1933,2230,296979.53   
"ND",1933,2350,80864.16    
"ND",1933,2610,364879.78   
"ND",1933,2620,3696.49     
"ND",1933,2650,68.4        
"ND",1933,2660,32306.18    
"ND",1933,2680,16613.82    
"ND",1933,2690,3362.45     
"ND",1933,2900,441.5       
"ND",1933,2903,1050.24     
"ND",1933,2910,695819.99   
"ND",1933,2945,3299.04     
"ND",1933,2950,31792.28    
"ND",1933,2960,29470.29    
"ND",1933,2980,12948265.49 
"ND",1933,2990,43750.69    
"ND",1934,1000,1077506.14  
"ND",1934,1210,1761129.64  
"ND",1934,1220,14140.81    
"ND",1934,1300,142990.59   
"ND",1934,1402,2635        
"ND",1934,1410,33928.12    
"ND",1934,1430,1034.59     
"ND",1934,1520,288311.53   
"ND",1934,1530,25000       
"ND",1934,1800,14149.1     
"ND",1934,1803,1590999.94  
"ND",1934,2210,3044.55     
"ND",1934,2220,6916.14     
"ND",1934,2230,277132.82   
"ND",1934,2350,74980.29    
"ND",1934,2610,305565.33   
"ND",1934,2620,723.57      
"ND",1934,2621,4420.5      
"ND",1934,2650,115.9       
"ND",1934,2660,36365.74    
"ND",1934,2680,12246.66    
"ND",1934,2690,1945.62     
"ND",1934,2750,295699.71   
"ND",1934,2900,1507.42     
"ND",1934,2903,2052.31     
"ND",1934,2910,1194296.54  
"ND",1934,2945,752.4       
"ND",1934,2950,74064.23    
"ND",1934,2960,101550.62   
"ND",1934,2980,16044696.28 
"ND",1934,2990,77565.11    
"ND",1935,1000,743021.08   
"ND",1935,1210,1416913.59  
"ND",1935,1220,14499.69    
"ND",1935,1300,245971.38   
"ND",1935,1402,2190        
"ND",1935,1410,10723.29    
"ND",1935,1430,1011.93     
"ND",1935,1500,15          
"ND",1935,1520,333775.53   
"ND",1935,1530,25000       
"ND",1935,1800,13644       
"ND",1935,1803,1381221.8   
"ND",1935,1910,96196.02    
"ND",1935,2210,1963.9      
"ND",1935,2220,7591.88     
"ND",1935,2230,282123.25   
"ND",1935,2350,84208.63    
"ND",1935,2610,387198.9    
"ND",1935,2620,4386.98     
"ND",1935,2650,168.46      
"ND",1935,2660,29104.73    
"ND",1935,2680,14733.27    
"ND",1935,2690,2751.85     
"ND",1935,2750,491485.02   
"ND",1935,2760,40          
"ND",1935,2900,6483.99     
"ND",1935,2903,2103.23     
"ND",1935,2910,738231.41   
"ND",1935,2940,18.73       
"ND",1935,2945,937.52      
"ND",1935,2950,59980.67    
"ND",1935,2960,85640.6     
"ND",1935,2980,25755788.4  
"ND",1935,2990,46491.06    
"ND",1936,1000,507471.32   
"ND",1936,1210,1360296.46  
"ND",1936,1220,27195.62    
"ND",1936,1300,313040.13   
"ND",1936,1402,3060        
"ND",1936,1430,1049.7      
"ND",1936,1500,2507859.56  
"ND",1936,1520,382839.44   
"ND",1936,1800,12          
"ND",1936,1803,1564732.34  
"ND",1936,1805,15000       
"ND",1936,2210,933.73      
"ND",1936,2220,7628.04     
"ND",1936,2230,292460.13   
"ND",1936,2350,110646.28   
"ND",1936,2530,25000       
"ND",1936,2610,381911.37   
"ND",1936,2620,4844.92     
"ND",1936,2640,20          
"ND",1936,2650,935.4       
"ND",1936,2651,10939.88    
"ND",1936,2660,41484.98    
"ND",1936,2680,33964.61    
"ND",1936,2690,3834.07     
"ND",1936,2750,695636.29   
"ND",1936,2900,1984.22     
"ND",1936,2903,201.49      
"ND",1936,2910,522651.46   
"ND",1936,2945,508.08      
"ND",1936,2950,66308.54    
"ND",1936,2960,38532.52    
"ND",1936,2980,16989829.42 
"ND",1936,2990,28380.99    
"ND",1937,1000,330033.62   
"ND",1937,1210,881573.81   
"ND",1937,1220,19805.62    
"ND",1937,1300,496701.61   
"ND",1937,1402,2781        
"ND",1937,1430,1024.26     
"ND",1937,1500,2783040.13  
"ND",1937,1510,8.77        
"ND",1937,1520,385452.87   
"ND",1937,1530,25000       
"ND",1937,1800,397.95      
"ND",1937,1801,1100        
"ND",1937,1803,98784.9     
"ND",1937,1805,12537       
"ND",1937,2210,719.8       
"ND",1937,2220,7092.83     
"ND",1937,2230,329478.71   
"ND",1937,2350,85495.16    
"ND",1937,2610,421551.53   
"ND",1937,2620,3.8         
"ND",1937,2621,5941.69     
"ND",1937,2640,5           
"ND",1937,2650,4210.29     
"ND",1937,2651,9880.89     
"ND",1937,2660,53564.74    
"ND",1937,2680,112062.01   
"ND",1937,2690,2280.4      
"ND",1937,2750,693907.88   
"ND",1937,2900,457         
"ND",1937,2903,235.07      
"ND",1937,2910,336347.17   
"ND",1937,2930,900000      
"ND",1937,2940,6800        
"ND",1937,2945,2466.22     
"ND",1937,2950,65415.59    
"ND",1937,2960,58859.97    
"ND",1937,2980,21364932.66 
"ND",1937,2990,11601.93    
"NV",1933,1210,1260633.58  
"NV",1933,1450,839368.36   
"NV",1933,1800,2505.5      
"NV",1933,1810,4836.14     
"NV",1933,1900,169426.06   
"NV",1933,2210,945         
"NV",1933,2220,20.58       
"NV",1933,2230,384069.24   
"NV",1933,2270,3544.41     
"NV",1933,2360,2601559.34  
"NV",1933,2510,43374.55    
"NV",1933,2610,36716.43    
"NV",1933,2620,14216       
"NV",1933,2650,1499.97     
"NV",1933,2660,6165.61     
"NV",1933,2680,6809.94     
"NV",1933,2730,71035.4     
"NV",1933,2900,139.98      
"NV",1933,2910,144860.28   
"NV",1933,2930,432090.43   
"NV",1933,2940,17761.19    
"NV",1933,2950,23928.53    
"NV",1933,2960,3898.67     
"NV",1934,1210,1034526.16  
"NV",1934,1450,898419.35   
"NV",1934,1800,2665.48     
"NV",1934,1810,1798        
"NV",1934,1900,171059.14   
"NV",1934,2210,1230        
"NV",1934,2220,17.81       
"NV",1934,2230,365038.42   
"NV",1934,2360,1536886.47  
"NV",1934,2510,19755.1     
"NV",1934,2610,35759.08    
"NV",1934,2620,14723       
"NV",1934,2650,19132.39    
"NV",1934,2660,9186.21     
"NV",1934,2680,5463.33     
"NV",1934,2730,148101.72   
"NV",1934,2850,55          
"NV",1934,2900,190.2       
"NV",1934,2910,136455.53   
"NV",1934,2920,8176.77     
"NV",1934,2930,496466.88   
"NV",1934,2940,21451.08    
"NV",1934,2950,12355.24    
"NV",1934,2960,3311.59     
"NV",1935,1210,1182472.24  
"NV",1935,1450,989180.09   
"NV",1935,1800,50069.4     
"NV",1935,1900,132420.92   
"NV",1935,2210,1325        
"NV",1935,2220,7.09        
"NV",1935,2230,378159.45   
"NV",1935,2360,161641.95   
"NV",1935,2510,292228.85   
"NV",1935,2610,57113.81    
"NV",1935,2620,14251       
"NV",1935,2650,21881.09    
"NV",1935,2660,8904.48     
"NV",1935,2680,6502.66     
"NV",1935,2730,164503.03   
"NV",1935,2900,2367.04     
"NV",1935,2910,155246.51   
"NV",1935,2920,12648.06    
"NV",1935,2930,556340.7    
"NV",1935,2940,20800.79    
"NV",1935,2950,13678.68    
"NV",1935,2960,4106.67     
"NV",1936,1210,1411377.56  
"NV",1936,1450,1085290.55  
"NV",1936,1800,186408.47   
"NV",1936,1900,49732.35    
"NV",1936,2210,1250        
"NV",1936,2220,13.81       
"NV",1936,2230,393015.19   
"NV",1936,2360,1372099.24  
"NV",1936,2510,38347.11    
"NV",1936,2610,48767.41    
"NV",1936,2620,13718.91    
"NV",1936,2640,30.07       
"NV",1936,2650,19397.97    
"NV",1936,2660,22587.17    
"NV",1936,2680,8153.13     
"NV",1936,2730,220366.42   
"NV",1936,2900,681.18      
"NV",1936,2910,143986.92   
"NV",1936,2920,7385.55     
"NV",1936,2930,613145.43   
"NV",1936,2940,29178.44    
"NV",1936,2950,19185.98    
"NV",1936,2960,3259.62     
"NV",1937,1210,1472922.3   
"NV",1937,1450,1190333.83  
"NV",1937,1800,212711.52   
"NV",1937,1900,60634.91    
"NV",1937,2210,1370        
"NV",1937,2220,1748.44     
"NV",1937,2230,427768.91   
"NV",1937,2360,2091365.15  
"NV",1937,2510,75610.44    
"NV",1937,2610,50549.08    
"NV",1937,2620,11849.31    
"NV",1937,2640,11014.11    
"NV",1937,2650,21889.37    
"NV",1937,2660,8173.9      
"NV",1937,2680,7132.51     
"NV",1937,2730,200734.3    
"NV",1937,2850,860.04      
"NV",1937,2900,1912.99     
"NV",1937,2910,135705.41   
"NV",1937,2920,5427.27     
"NV",1937,2930,403627.65   
"NV",1937,2940,24695.47    
"NV",1937,2950,18406.56    
"NV",1937,2960,6279.81     
"OH",1933,1220,1750767.28  
"OH",1933,1400,3771484.75  
"OH",1933,1410,1305963.08  
"OH",1933,1430,5776655.21  
"OH",1933,1450,11799.53    
"OH",1933,1460,4740979.4   
"OH",1933,1510,1740839.51  
"OH",1933,1520,4199251.36  
"OH",1933,1530,32562918.78 
"OH",1933,1540,2988872.42  
"OH",1933,1550,502060.17   
"OH",1933,1560,867901.85   
"OH",1933,1801,1908723.45  
"OH",1933,1802,264563.39   
"OH",1933,1803,20674826.26 
"OH",1933,1804,1888        
"OH",1933,1805,993808.33   
"OH",1933,1806,494889.1    
"OH",1933,1900,94704.75    
"OH",1933,1910,14574.53    
"OH",1933,1930,247927.49   
"OH",1933,2220,63207.29    
"OH",1933,2230,329598.51   
"OH",1933,2270,2388.2      
"OH",1933,2350,982546.37   
"OH",1933,2360,5546015.05  
"OH",1933,2510,140526.8    
"OH",1933,2590,60847.51    
"OH",1933,2600,24726.65    
"OH",1933,2610,2699158.47  
"OH",1933,2630,176437.36   
"OH",1933,2650,111134.86   
"OH",1933,2690,169833.12   
"OH",1933,2720,649729.41   
"OH",1933,2900,2143894.57  
"OH",1933,2910,284962.33   
"OH",1933,2930,750801      
"OH",1933,2940,19119.24    
"OH",1933,2950,520735.86   
"OH",1933,2960,1999882.42  
"OH",1934,1220,1735535.96  
"OH",1934,1400,3587255.12  
"OH",1934,1410,1510169.08  
"OH",1934,1430,5314141.39  
"OH",1934,1460,5304104.83  
"OH",1934,1510,7863308.78  
"OH",1934,1520,4872511.13  
"OH",1934,1530,44061822.16 
"OH",1934,1540,38993845.21 
"OH",1934,1550,1003457.12  
"OH",1934,1560,3182511.7   
"OH",1934,1700,271245.31   
"OH",1934,1801,3417809.31  
"OH",1934,1802,319859.73   
"OH",1934,1803,14317207.91 
"OH",1934,1804,6881        
"OH",1934,1805,1182048.2   
"OH",1934,1806,571087.45   
"OH",1934,1930,5203796.92  
"OH",1934,2220,91808.5     
"OH",1934,2230,694844.59   
"OH",1934,2270,.14         
"OH",1934,2350,1048553.23  
"OH",1934,2360,12584956.08 
"OH",1934,2410,10000       
"OH",1934,2510,51287.61    
"OH",1934,2590,77781.66    
"OH",1934,2600,421459.46   
"OH",1934,2610,2982652.98  
"OH",1934,2630,191593.85   
"OH",1934,2650,123797.64   
"OH",1934,2690,259462.16   
"OH",1934,2720,701508.41   
"OH",1934,2900,1690479.2   
"OH",1934,2910,248500.36   
"OH",1934,2940,15498.62    
"OH",1934,2950,622775.69   
"OH",1934,2960,1839955.62  
"PA",1933,1220,31844735.38 
"PA",1933,1320,96972.22    
"PA",1933,1403,192794      
"PA",1933,1404,1279.19     
"PA",1933,1420,1290253.01  
"PA",1933,1430,6693213.7   
"PA",1933,1450,2052.15     
"PA",1933,1451,26288.08    
"PA",1933,1460,5663875.09  
"PA",1933,1481,17114768.91 
"PA",1933,1510,444232.25   
"PA",1933,1540,30732839.78 
"PA",1933,1560,40551.43    
"PA",1933,1580,9121946.6   
"PA",1933,1610,6553949.14  
"PA",1933,1801,17135.14    
"PA",1933,1803,25959664.57 
"PA",1933,1805,4873866.01  
"PA",1933,1806,1468802.26  
"PA",1933,1910,18872.65    
"PA",1933,1930,604832.28   
"PA",1933,2220,375691.27   
"PA",1933,2230,2722785.33  
"PA",1933,2245,2242.66     
"PA",1933,2250,38152.3     
"PA",1933,2270,23258.98    
"PA",1933,2350,40870794.78 
"PA",1933,2360,63433.35    
"PA",1933,2420,8579472.13  
"PA",1933,2510,1559357.17  
"PA",1933,2610,2239548.79  
"PA",1933,2620,353184.86   
"PA",1933,2640,5263.93     
"PA",1933,2650,18106.9     
"PA",1933,2660,44230.75    
"PA",1933,2680,2752412.26  
"PA",1933,2720,168040.24   
"PA",1933,2800,250847.73   
"PA",1933,2900,66213.94    
"PA",1933,2901,4033.34     
"PA",1933,2903,2896.87     
"PA",1933,2910,1857614.36  
"PA",1933,2911,5250105.95  
"PA",1933,2920,10142       
"PA",1933,2925,8941220.45  
"PA",1933,2926,27573.08    
"PA",1933,2927,27775       
"PA",1933,2930,632982.32   
"PA",1933,2940,59358.81    
"PA",1933,2945,93322.77    
"PA",1933,2950,676573.74   
"PA",1933,2960,2908031.98  
"PA",1933,2990,92          
"PA",1934,1220,16470666.27 
"PA",1934,1320,92841.03    
"PA",1934,1403,361071.5    
"PA",1934,1404,682.02      
"PA",1934,1420,526652.81   
"PA",1934,1430,6359272.37  
"PA",1934,1450,3077.85     
"PA",1934,1451,17400.99    
"PA",1934,1460,4129619.38  
"PA",1934,1481,16580994.54 
"PA",1934,1510,6248950.34  
"PA",1934,1530,5286970.51  
"PA",1934,1540,26450374.9  
"PA",1934,1560,29878.92    
"PA",1934,1580,441984.46   
"PA",1934,1610,7943228.88  
"PA",1934,1801,2639362.5   
"PA",1934,1803,30401816.92 
"PA",1934,1805,4565403.54  
"PA",1934,1806,1514343.7   
"PA",1934,1930,614122.27   
"PA",1934,2220,394621.57   
"PA",1934,2230,3244170.67  
"PA",1934,2245,1178.35     
"PA",1934,2250,21300.92    
"PA",1934,2270,12906.77    
"PA",1934,2350,72188412.53 
"PA",1934,2400,244.1       
"PA",1934,2420,8184220.94  
"PA",1934,2510,9967147.59  
"PA",1934,2610,38299.83    
"PA",1934,2620,366477.79   
"PA",1934,2640,2246.87     
"PA",1934,2650,9268.5      
"PA",1934,2660,171406.64   
"PA",1934,2680,3070632.23  
"PA",1934,2720,155982.44   
"PA",1934,2750,14484872.48 
"PA",1934,2800,4209392.58  
"PA",1934,2900,135177.88   
"PA",1934,2901,13.81       
"PA",1934,2903,2064323.89  
"PA",1934,2910,5863743.35  
"PA",1934,2911,1613786.36  
"PA",1934,2920,10000       
"PA",1934,2925,10510512.49 
"PA",1934,2926,35325.46    
"PA",1934,2927,1000        
"PA",1934,2930,75438317.38 
"PA",1934,2940,66565.27    
"PA",1934,2945,140851.1    
"PA",1934,2950,633896.64   
"PA",1934,2960,3081469.44  
"PA",1935,1220,19370785.49 
"PA",1935,1320,71377.71    
"PA",1935,1403,321194.11   
"PA",1935,1404,175.36      
"PA",1935,1420,1237277.15  
"PA",1935,1430,1922089.22  
"PA",1935,1450,3194.18     
"PA",1935,1451,19639.94    
"PA",1935,1460,5183623.27  
"PA",1935,1481,17410458.91 
"PA",1935,1510,9009780.87  
"PA",1935,1530,5476723.05  
"PA",1935,1540,27395826.81 
"PA",1935,1560,34044.61    
"PA",1935,1580,240581.04   
"PA",1935,1610,8381663.1   
"PA",1935,1650,1571.23     
"PA",1935,1801,4232010     
"PA",1935,1803,29045927.97 
"PA",1935,1805,4956512.05  
"PA",1935,1806,1654566.66  
"PA",1935,1930,537920.59   
"PA",1935,1950,23408       
"PA",1935,2220,536942.98   
"PA",1935,2230,3693904.8   
"PA",1935,2245,1861.14     
"PA",1935,2250,22771.91    
"PA",1935,2270,72592.32    
"PA",1935,2350,174694459.54
"PA",1935,2420,7973784.62  
"PA",1935,2510,262232.07   
"PA",1935,2610,18811.39    
"PA",1935,2620,361230.61   
"PA",1935,2640,4372.81     
"PA",1935,2650,18150.86    
"PA",1935,2660,416965.96   
"PA",1935,2680,2828177.21  
"PA",1935,2720,264010.18   
"PA",1935,2750,47155892.56 
"PA",1935,2800,4332133.81  
"PA",1935,2900,196083.29   
"PA",1935,2901,15444.03    
"PA",1935,2903,1973108.76  
"PA",1935,2910,5675636.09  
"PA",1935,2911,1556270.61  
"PA",1935,2920,10142       
"PA",1935,2925,9991075     
"PA",1935,2926,94704.05    
"PA",1935,2927,1000        
"PA",1935,2940,83276.09    
"PA",1935,2945,123615.65   
"PA",1935,2950,538059.5    
"PA",1935,2960,2611371.14  
"PA",1935,2980,35000       
"PA",1936,1211,518867.55   
"PA",1936,1220,19548506.38 
"PA",1936,1320,12987333.78 
"PA",1936,1403,355196.14   
"PA",1936,1404,330.85      
"PA",1936,1420,1659811.77  
"PA",1936,1430,6643813.31  
"PA",1936,1450,5602.21     
"PA",1936,1451,22910.28    
"PA",1936,1460,7331011.65  
"PA",1936,1481,19096273.39 
"PA",1936,1510,9943666.29  
"PA",1936,1520,8701804.89  
"PA",1936,1530,15164357.64 
"PA",1936,1540,29612737.99 
"PA",1936,1560,32826       
"PA",1936,1580,64958.61    
"PA",1936,1610,5144951.8   
"PA",1936,1801,5201123.05  
"PA",1936,1802,155254      
"PA",1936,1803,30903120.11 
"PA",1936,1805,5460166.37  
"PA",1936,1806,1741151.45  
"PA",1936,1911,5714990.4   
"PA",1936,1930,1200365.72  
"PA",1936,2220,533866.15   
"PA",1936,2230,4235694.03  
"PA",1936,2250,20912.11    
"PA",1936,2270,104242.81   
"PA",1936,2350,84331677.01 
"PA",1936,2420,8189400.72  
"PA",1936,2510,414807.18   
"PA",1936,2610,2036280.41  
"PA",1936,2620,285965.22   
"PA",1936,2640,15201.48    
"PA",1936,2650,49388.16    
"PA",1936,2660,330869.19   
"PA",1936,2680,3367099.36  
"PA",1936,2690,13.2        
"PA",1936,2720,264551.41   
"PA",1936,2750,63001882.37 
"PA",1936,2800,3723950.49  
"PA",1936,2900,360826.85   
"PA",1936,2901,331.87      
"PA",1936,2903,14308.07    
"PA",1936,2910,513689.14   
"PA",1936,2911,1597967.53  
"PA",1936,2912,42222.45    
"PA",1936,2920,10553.46    
"PA",1936,2925,15909566.25 
"PA",1936,2926,310833.65   
"PA",1936,2927,12707.54    
"PA",1936,2930,50000000    
"PA",1936,2940,79666.75    
"PA",1936,2945,167056.47   
"PA",1936,2950,587449.57   
"PA",1936,2960,3303606.89  
"PA",1936,2990,0           
"PA",1937,1211,17809758.94 
"PA",1937,1220,16857160.71 
"PA",1937,1320,30201190.23 
"PA",1937,1403,936095.18   
"PA",1937,1404,50.44       
"PA",1937,1420,2868030.13  
"PA",1937,1430,7307081.33  
"PA",1937,1450,5871.38     
"PA",1937,1451,17102.72    
"PA",1937,1460,10389470.13 
"PA",1937,1481,46885377.45 
"PA",1937,1510,16262652.77 
"PA",1937,1520,10805778.99 
"PA",1937,1530,19835051.81 
"PA",1937,1540,33493480.42 
"PA",1937,1560,47589.71    
"PA",1937,1580,60738.35    
"PA",1937,1610,14784804.34 
"PA",1937,1801,7453900.35  
"PA",1937,1802,89038       
"PA",1937,1803,34462656.38 
"PA",1937,1805,5521450.27  
"PA",1937,1806,1683374.17  
"PA",1937,1911,5669744.39  
"PA",1937,1930,1311286.67  
"PA",1937,2220,723929.73   
"PA",1937,2230,5055216.84  
"PA",1937,2250,40665.65    
"PA",1937,2270,72107.03    
"PA",1937,2350,26370957    
"PA",1937,2420,7636776.64  
"PA",1937,2510,677260.69   
"PA",1937,2610,2183291.69  
"PA",1937,2620,283946.62   
"PA",1937,2640,8095.96     
"PA",1937,2650,84406.84    
"PA",1937,2660,554592.12   
"PA",1937,2680,3498206.98  
"PA",1937,2690,0           
"PA",1937,2720,246090.58   
"PA",1937,2750,77623757.28 
"PA",1937,2800,31712628.14 
"PA",1937,2900,483460.88   
"PA",1937,2901,59.96       
"PA",1937,2903,10276.93    
"PA",1937,2910,673984.74   
"PA",1937,2911,1523771.37  
"PA",1937,2912,96956.41    
"PA",1937,2920,10142       
"PA",1937,2925,25991894.36 
"PA",1937,2926,595450.08   
"PA",1937,2927,63762.37    
"PA",1937,2930,45022885.83 
"PA",1937,2940,103602.56   
"PA",1937,2945,322608.48   
"PA",1937,2950,655396.52   
"PA",1937,2960,3431311.2   
"PA",1937,2990,2250        
"SC",1933,1210,599320.24   
"SC",1933,1220,29866.44    
"SC",1933,1300,600048.96   
"SC",1933,1410,37315.83    
"SC",1933,1430,241870.26   
"SC",1933,1460,84501.37    
"SC",1933,1462,501210.71   
"SC",1933,1467,31197.73    
"SC",1933,1500,131075.24   
"SC",1933,1510,88342.59    
"SC",1933,1560,96887.57    
"SC",1933,1570,15941.94    
"SC",1933,1801,2968        
"SC",1933,1803,24082.1     
"SC",1933,1808,226057.36   
"SC",1933,1809,151464.96   
"SC",1933,1810,565324.18   
"SC",1933,1811,342263.52   
"SC",1933,1850,52780.38    
"SC",1933,1851,301871.87   
"SC",1933,1852,731341.43   
"SC",1933,1853,10760       
"SC",1933,1854,3080608.15  
"SC",1933,1930,1610.13     
"SC",1933,1932,12328.99    
"SC",1933,2220,517.71      
"SC",1933,2230,60161.14    
"SC",1933,2350,1252280.65  
"SC",1933,2370,17709.49    
"SC",1933,2411,926.88      
"SC",1933,2510,154733.59   
"SC",1933,2512,3933403.03  
"SC",1933,2513,24468.99    
"SC",1933,2514,100087.5    
"SC",1933,2610,98617.8     
"SC",1933,2630,14629.67    
"SC",1933,2640,29286.64    
"SC",1933,2650,36019.79    
"SC",1933,2660,20098.16    
"SC",1933,2680,7193.08     
"SC",1933,2800,116176.38   
"SC",1933,2900,548.73      
"SC",1933,2903,106806.81   
"SC",1933,2910,13839.79    
"SC",1933,2930,3698450     
"SC",1933,2931,66034.26    
"SC",1933,2932,52927.42    
"SC",1933,2933,599000      
"SC",1933,2934,75000       
"SC",1933,2950,73237.03    
"SC",1933,2980,96459.07    
"SC",1933,2981,31067.04    
"SC",1933,2982,527906.87   
"SC",1933,2990,4954.23     
"SC",1934,1210,1111724.41  
"SC",1934,1220,78410.45    
"SC",1934,1300,1950454.73  
"SC",1934,1430,228661.61   
"SC",1934,1450,7530        
"SC",1934,1460,222502.36   
"SC",1934,1467,965322.68   
"SC",1934,1500,146335.48   
"SC",1934,1510,390377.29   
"SC",1934,1560,264280.85   
"SC",1934,1570,29007.99    
"SC",1934,1801,22696       
"SC",1934,1803,48147.43    
"SC",1934,1808,381694.38   
"SC",1934,1809,297633.03   
"SC",1934,1810,732698.14   
"SC",1934,1811,671044.85   
"SC",1934,1850,131687.2    
"SC",1934,1851,889075.71   
"SC",1934,1852,1732469.04  
"SC",1934,1853,17220       
"SC",1934,1854,7283962.33  
"SC",1934,1930,23897.5     
"SC",1934,1931,30021.18    
"SC",1934,1932,25242.14    
"SC",1934,2220,110         
"SC",1934,2230,58616.77    
"SC",1934,2270,653.46      
"SC",1934,2350,1041960.34  
"SC",1934,2351,2036812.39  
"SC",1934,2370,21434.15    
"SC",1934,2411,6266.74     
"SC",1934,2510,79694.82    
"SC",1934,2512,8462370.87  
"SC",1934,2513,23128.75    
"SC",1934,2610,104873.06   
"SC",1934,2630,107322.85   
"SC",1934,2640,30007.54    
"SC",1934,2650,151775.48   
"SC",1934,2660,42941.93    
"SC",1934,2760,345252.81   
"SC",1934,2800,411021.98   
"SC",1934,2900,4751.27     
"SC",1934,2903,193083.97   
"SC",1934,2910,22192.21    
"SC",1934,2930,2782121.78  
"SC",1934,2931,52293.02    
"SC",1934,2932,152591.65   
"SC",1934,2936,26.51       
"SC",1934,2945,2492.44     
"SC",1934,2950,181764.86   
"SC",1934,2960,60          
"SC",1934,2980,315049.77   
"SC",1934,2981,35209.31    
"SC",1934,2982,930093.03   
"SC",1934,2990,11626.42    
"SC",1935,1210,972196.44   
"SC",1935,1220,101419.29   
"SC",1935,1300,2173875.07  
"SC",1935,1430,241114.81   
"SC",1935,1460,238643.82   
"SC",1935,1467,668273.04   
"SC",1935,1500,153479.69   
"SC",1935,1510,848482.12   
"SC",1935,1560,149611.25   
"SC",1935,1570,28485.15    
"SC",1935,1801,23344.5     
"SC",1935,1803,49602       
"SC",1935,1808,428594.21   
"SC",1935,1809,228329.66   
"SC",1935,1810,633352.81   
"SC",1935,1811,471883      
"SC",1935,1850,163287.74   
"SC",1935,1851,1038469.94  
"SC",1935,1852,1786793.96  
"SC",1935,1853,16050       
"SC",1935,1854,8246891.84  
"SC",1935,1932,24277.3     
"SC",1935,2220,3533.25     
"SC",1935,2230,79916.55    
"SC",1935,2350,137676.57   
"SC",1935,2351,3847960.37  
"SC",1935,2370,48696.04    
"SC",1935,2411,3929.09     
"SC",1935,2510,90307.61    
"SC",1935,2512,15263570.82 
"SC",1935,2513,18849.4     
"SC",1935,2610,118093.87   
"SC",1935,2630,187395.45   
"SC",1935,2640,31845.81    
"SC",1935,2650,144364.46   
"SC",1935,2660,57120.61    
"SC",1935,2760,141596.04   
"SC",1935,2800,379755.52   
"SC",1935,2900,1115.56     
"SC",1935,2903,462024.81   
"SC",1935,2910,68866.53    
"SC",1935,2930,2200000     
"SC",1935,2931,53835.02    
"SC",1935,2932,527305.29   
"SC",1935,2950,202312.44   
"SC",1935,2980,280506.25   
"SC",1935,2982,5113326.89  
"SC",1935,2984,4657885.75  
"SC",1935,2986,4412000     
"SC",1935,2990,15811.8     
"SC",1936,1210,965922.38   
"SC",1936,1220,296546.81   
"SC",1936,1300,2192449.92  
"SC",1936,1430,248209.59   
"SC",1936,1460,253344.05   
"SC",1936,1467,794257.36   
"SC",1936,1500,153668.48   
"SC",1936,1510,3256683.14  
"SC",1936,1560,143392.08   
"SC",1936,1570,32153.1     
"SC",1936,1803,83085       
"SC",1936,1808,265505.03   
"SC",1936,1809,221832.8    
"SC",1936,1810,754618.03   
"SC",1936,1811,450496.58   
"SC",1936,1850,164846.25   
"SC",1936,1851,1158091.95  
"SC",1936,1852,1875207.48  
"SC",1936,1853,16015       
"SC",1936,1854,8950626.65  
"SC",1936,1930,30176.59    
"SC",1936,1932,23197.51    
"SC",1936,2220,5           
"SC",1936,2230,106365.03   
"SC",1936,2300,65153.12    
"SC",1936,2350,115134.35   
"SC",1936,2351,2562344.07  
"SC",1936,2370,54890.51    
"SC",1936,2411,3152.08     
"SC",1936,2510,107444.41   
"SC",1936,2512,8477936.48  
"SC",1936,2610,121848.08   
"SC",1936,2630,245854.88   
"SC",1936,2640,301546.06   
"SC",1936,2650,160563.93   
"SC",1936,2660,39669.64    
"SC",1936,2760,225680.87   
"SC",1936,2800,553689.67   
"SC",1936,2900,500         
"SC",1936,2903,331805.79   
"SC",1936,2910,81353.33    
"SC",1936,2930,3725000     
"SC",1936,2931,63748.95    
"SC",1936,2932,148440.03   
"SC",1936,2935,61000       
"SC",1936,2950,226165.11   
"SC",1936,2980,280912.47   
"SC",1936,2982,887325.42   
"SC",1936,2984,77010       
"SC",1936,2990,2098.66     
"SC",1937,1210,982818.91   
"SC",1937,1220,137746.17   
"SC",1937,1300,3260102.87  
"SC",1937,1410,129071.2    
"SC",1937,1430,260764.79   
"SC",1937,1460,142343.89   
"SC",1937,1467,1123478.84  
"SC",1937,1500,194228.05   
"SC",1937,1510,2443946.49  
"SC",1937,1560,144886.41   
"SC",1937,1570,31106.64    
"SC",1937,1801,30378       
"SC",1937,1803,2350051.09  
"SC",1937,1808,477640.94   
"SC",1937,1809,367482.61   
"SC",1937,1810,672971.54   
"SC",1937,1811,451633.28   
"SC",1937,1850,211648.98   
"SC",1937,1851,1639953.56  
"SC",1937,1852,2199720.36  
"SC",1937,1853,19685       
"SC",1937,1854,10599698.77 
"SC",1937,1930,1766.72     
"SC",1937,2230,63575.37    
"SC",1937,2300,206947.32   
"SC",1937,2350,3975334.79  
"SC",1937,2351,3689277.62  
"SC",1937,2370,65551.48    
"SC",1937,2503,4854.34     
"SC",1937,2510,155605.78   
"SC",1937,2512,135730.9    
"SC",1937,2513,19027.7     
"SC",1937,2610,300831.18   
"SC",1937,2630,1760974.11  
"SC",1937,2640,148395.33   
"SC",1937,2650,202478.65   
"SC",1937,2660,69592.64    
"SC",1937,2800,66799620.36 
"SC",1937,2900,700         
"SC",1937,2910,45875.68    
"SC",1937,2930,6733906     
"SC",1937,2931,138306.94   
"SC",1937,2932,221441.72   
"SC",1937,2950,270083.28   
"SC",1937,2960,15262.88    
"SC",1937,2980,302128.9    
"SC",1937,2982,925035.67   
"SC",1937,2990,8950.45     
"SD",1933,1210,3580683.42  
"SD",1933,1220,59626.05    
"SD",1933,1401,6607.64     
"SD",1933,1430,261578.31   
"SD",1933,1450,8758.32     
"SD",1933,1505,6105.13     
"SD",1933,1520,247373.39   
"SD",1933,1530,4088660.58  
"SD",1933,1801,1461        
"SD",1933,1802,34662.69    
"SD",1933,1805,23522       
"SD",1933,1895,7150        
"SD",1933,1931,15178.33    
"SD",1933,2210,1541.4      
"SD",1933,2230,13931.35    
"SD",1933,2350,4103788.36  
"SD",1933,2370,8272.75     
"SD",1933,2650,141513.1    
"SD",1933,2900,68209.18    
"SD",1933,2901,175         
"SD",1933,2910,851991.41   
"SD",1933,2940,135.81      
"SD",1933,2950,5328.92     
"SD",1933,2980,7026536.54  
"SD",1933,2981,1846849     
"SD",1933,2983,377.63      
"SD",1934,1210,516422.46   
"SD",1934,1220,66230.27    
"SD",1934,1300,2248764.3   
"SD",1934,1401,5952.54     
"SD",1934,1430,233499.45   
"SD",1934,1505,2716.97     
"SD",1934,1510,6294.07     
"SD",1934,1520,371420.97   
"SD",1934,1530,3906624.41  
"SD",1934,1801,999         
"SD",1934,1802,38048.9     
"SD",1934,1805,34610.19    
"SD",1934,1901,2181277.84  
"SD",1934,1931,11064.49    
"SD",1934,2210,1520.32     
"SD",1934,2230,14019.43    
"SD",1934,2350,294423.55   
"SD",1934,2370,13768.7     
"SD",1934,2750,218999.65   
"SD",1934,2900,74030.41    
"SD",1934,2901,984.25      
"SD",1934,2903,7.8         
"SD",1934,2910,805675.05   
"SD",1934,2950,3176        
"SD",1934,2980,8891846.53  
"SD",1934,2981,2929999.59  
"SD",1935,1220,178327.59   
"SD",1935,1300,2814021.85  
"SD",1935,1401,4502.65     
"SD",1935,1430,241852.49   
"SD",1935,1450,5353.73     
"SD",1935,1501,84299.26    
"SD",1935,1505,2530.15     
"SD",1935,1510,2767.49     
"SD",1935,1520,423610.09   
"SD",1935,1530,4074361.18  
"SD",1935,1580,116520.71   
"SD",1935,1801,1225        
"SD",1935,1802,35261.5     
"SD",1935,1805,132440.24   
"SD",1935,1901,610076.09   
"SD",1935,1930,904.76      
"SD",1935,1931,476.99      
"SD",1935,2210,1436.8      
"SD",1935,2230,14824.54    
"SD",1935,2270,976.25      
"SD",1935,2350,282919.84   
"SD",1935,2370,14782.42    
"SD",1935,2750,341572.53   
"SD",1935,2901,313.55      
"SD",1935,2903,216.36      
"SD",1935,2910,789005.71   
"SD",1935,2950,906.6       
"SD",1935,2980,10140654.89 
"SD",1935,2981,3773491.12  
"SD",1936,1220,73974.52    
"SD",1936,1300,583307.85   
"SD",1936,1401,5575.99     
"SD",1936,1430,260591.3    
"SD",1936,1450,4230.11     
"SD",1936,1460,488355.96   
"SD",1936,1505,1985.9      
"SD",1936,1510,2160.22     
"SD",1936,1520,486364.56   
"SD",1936,1530,4405107.46  
"SD",1936,1801,292610.07   
"SD",1936,1802,43916       
"SD",1936,1805,32583.96    
"SD",1936,1901,646983.89   
"SD",1936,1930,316.59      
"SD",1936,1931,558.12      
"SD",1936,2210,1362.9      
"SD",1936,2230,18127.23    
"SD",1936,2270,1419.25     
"SD",1936,2350,575097.66   
"SD",1936,2370,18260.38    
"SD",1936,2750,371819.31   
"SD",1936,2900,626.81      
"SD",1936,2901,945.65      
"SD",1936,2903,53.34       
"SD",1936,2910,1042629.13  
"SD",1936,2950,151907.19   
"SD",1936,2980,13788455.006
"SD",1936,2981,13698096.324
"SD",1936,2990,61.5        
"SD",1937,1220,85516.28    
"SD",1937,1300,16428.77    
"SD",1937,1401,6142.57     
"SD",1937,1430,256641.4    
"SD",1937,1450,4545.91     
"SD",1937,1460,750262.75   
"SD",1937,1505,4920        
"SD",1937,1510,321587.08   
"SD",1937,1520,513743.03   
"SD",1937,1530,4313462.65  
"SD",1937,1801,420         
"SD",1937,1802,29913.1     
"SD",1937,1805,26321.48    
"SD",1937,1901,185589.29   
"SD",1937,1931,177.3       
"SD",1937,2210,1539.95     
"SD",1937,2230,17460.98    
"SD",1937,2270,259.5       
"SD",1937,2350,1575620.55  
"SD",1937,2370,26492.42    
"SD",1937,2750,382902.27   
"SD",1937,2900,48          
"SD",1937,2901,180.9       
"SD",1937,2903,112.5       
"SD",1937,2910,1071173.79  
"SD",1937,2950,3745.55     
"SD",1937,2980,15160912.12 
"SD",1937,2981,2031769.84  
"UT",1933,1210,4017396.21  
"UT",1933,1220,84952.36    
"UT",1933,1320,354653.05   
"UT",1933,1450,375987.89   
"UT",1933,1530,2095167.3   
"UT",1933,1580,130854.28   
"UT",1933,1803,571661.35   
"UT",1933,1805,14250.07    
"UT",1933,1806,121113.82   
"UT",1933,2220,16613.7     
"UT",1933,2350,2015243.26  
"UT",1933,2370,24830.5     
"UT",1933,2510,407830.65   
"UT",1933,2610,442625.97   
"UT",1933,2651,23118.87    
"UT",1933,2690,117615.57   
"UT",1933,2760,29003.76    
"UT",1933,2900,9227.6      
"UT",1933,2910,514457.23   
"UT",1933,2935,12574.7     
"UT",1933,2938,1546920.75  
"UT",1934,1210,4628690.15  
"UT",1934,1220,102123.86   
"UT",1934,1320,401535.05   
"UT",1934,1450,403100.89   
"UT",1934,1505,1730551.58  
"UT",1934,1510,85460.18    
"UT",1934,1530,2710752.29  
"UT",1934,1580,203510.63   
"UT",1934,1803,1277689.09  
"UT",1934,1806,131935.88   
"UT",1934,2220,16903.3     
"UT",1934,2230,251789.51   
"UT",1934,2350,6997297.54  
"UT",1934,2370,44624.51    
"UT",1934,2510,266041.62   
"UT",1934,2610,543759.8    
"UT",1934,2651,22999.43    
"UT",1934,2690,158804.41   
"UT",1934,2760,16528.78    
"UT",1934,2900,41850.52    
"UT",1934,2910,493514.87   
"UT",1934,2930,1170000     
"UT",1934,2938,491557.51   
"UT",1935,1210,5085191.44  
"UT",1935,1220,120156.81   
"UT",1935,1320,547267.78   
"UT",1935,1430,180325.82   
"UT",1935,1450,299659.34   
"UT",1935,1505,2410795.72  
"UT",1935,1510,167279.83   
"UT",1935,1530,2430163     
"UT",1935,1580,264441.43   
"UT",1935,1803,970261.55   
"UT",1935,1806,142913.84   
"UT",1935,1930,213662.52   
"UT",1935,2220,15194.52    
"UT",1935,2230,83192.79    
"UT",1935,2350,16633793.75 
"UT",1935,2370,48235.79    
"UT",1935,2610,657989.86   
"UT",1935,2630,1142.86     
"UT",1935,2651,23785.3     
"UT",1935,2690,297631.53   
"UT",1935,2760,2727.8      
"UT",1935,2900,125327.26   
"UT",1935,2910,1104326.23  
"UT",1935,2930,4490000     
"UT",1935,2935,6386.4      
"UT",1935,2938,1882502.08  
"UT",1935,2980,162         
"UT",1936,1210,4674113.32  
"UT",1936,1220,122668.84   
"UT",1936,1320,971908.38   
"UT",1936,1430,277910.8    
"UT",1936,1450,328578.5    
"UT",1936,1505,2879937.35  
"UT",1936,1510,104231.01   
"UT",1936,1530,2891834.06  
"UT",1936,1580,320310      
"UT",1936,1803,837724.79   
"UT",1936,1806,247147.85   
"UT",1936,1930,246728      
"UT",1936,2220,16047       
"UT",1936,2230,98653.93    
"UT",1936,2350,6636030.22  
"UT",1936,2370,39791       
"UT",1936,2510,618245.46   
"UT",1936,2610,722656.6    
"UT",1936,2630,33503.04    
"UT",1936,2651,31285.61    
"UT",1936,2690,318295.17   
"UT",1936,2760,11046.61    
"UT",1936,2900,249653.54   
"UT",1936,2910,699446.95   
"UT",1936,2938,1009617.06  
"UT",1936,2960,250000      
"UT",1936,2980,130366.6    
"UT",1937,1210,3797007.83  
"UT",1937,1220,180820.64   
"UT",1937,1320,1553380.99  
"UT",1937,1410,70101.62    
"UT",1937,1430,291063.33   
"UT",1937,1450,187976.65   
"UT",1937,1505,3410008.7   
"UT",1937,1510,113514.19   
"UT",1937,1530,3253569.73  
"UT",1937,1580,349420.13   
"UT",1937,1760,46479.31    
"UT",1937,1802,10          
"UT",1937,1803,916959.58   
"UT",1937,1805,23445       
"UT",1937,1806,173364.13   
"UT",1937,2210,16396.25    
"UT",1937,2220,1567.07     
"UT",1937,2230,92342.72    
"UT",1937,2350,3493602.85  
"UT",1937,2370,36248.65    
"UT",1937,2510,1928461.19  
"UT",1937,2610,839752.22   
"UT",1937,2651,63516.25    
"UT",1937,2660,12572.92    
"UT",1937,2680,25536.2     
"UT",1937,2690,770912.89   
"UT",1937,2760,7885.33     
"UT",1937,2900,121941.5    
"UT",1937,2910,357585.84   
"UT",1937,2935,39826.21    
"UT",1937,2938,2242899.05  
"UT",1937,2950,92.73       
"UT",1937,2980,378983.59   
"UT",1937,2990,42307.64    
"VA",1933,1210,2511530.56  
"VA",1933,1220,711582.24   
"VA",1933,1230,657685.71   
"VA",1933,1310,937907.31   
"VA",1933,1320,1170261.41  
"VA",1933,1402,416916.79   
"VA",1933,1410,3074765.99  
"VA",1933,1420,443468.31   
"VA",1933,1430,1396814.45  
"VA",1933,1450,86684.49    
"VA",1933,1452,42321.77    
"VA",1933,1460,45104.12    
"VA",1933,1462,254468.52   
"VA",1933,1467,360453.45   
"VA",1933,1530,10886947.11 
"VA",1933,1800,7833269.03  
"VA",1933,1930,10641.76    
"VA",1933,1933,252154.37   
"VA",1933,2110,136377.7    
"VA",1933,2120,24574.03    
"VA",1933,2210,30483.57    
"VA",1933,2220,228583.56   
"VA",1933,2230,179435.48   
"VA",1933,2250,53517.12    
"VA",1933,2350,3405709.75  
"VA",1933,2360,244445.06   
"VA",1933,2400,135551.47   
"VA",1933,2410,18699.43    
"VA",1933,2610,3192192.04  
"VA",1933,2651,92467.36    
"VA",1933,2661,8800963.78  
"VA",1933,2680,661252.24   
"VA",1933,2900,362404.54   
"VA",1933,2903,52896.46    
"VA",1933,2910,38960.16    
"VA",1933,2929,70192       
"VA",1933,2940,16573.4     
"VA",1933,2945,2064.68     
"VA",1933,2960,251312.94   
"VA",1933,2990,53891.19    
"VA",1934,1210,2228716.14  
"VA",1934,1220,617788.87   
"VA",1934,1230,704037.76   
"VA",1934,1310,584250.26   
"VA",1934,1320,1258227.65  
"VA",1934,1402,389182.42   
"VA",1934,1410,2580862.78  
"VA",1934,1420,401705.68   
"VA",1934,1430,1303383.58  
"VA",1934,1450,93526.59    
"VA",1934,1452,4776.37     
"VA",1934,1460,87751.74    
"VA",1934,1462,236680.13   
"VA",1934,1467,93009.77    
"VA",1934,1510,416791.89   
"VA",1934,1530,11759740.73 
"VA",1934,1800,7486426.5   
"VA",1934,1933,248010.71   
"VA",1934,2110,117100.13   
"VA",1934,2120,50556.2     
"VA",1934,2210,26052.8     
"VA",1934,2220,198897.85   
"VA",1934,2230,277479.86   
"VA",1934,2250,54329.24    
"VA",1934,2350,5072289.12  
"VA",1934,2360,219004.65   
"VA",1934,2400,798175.79   
"VA",1934,2410,30497.16    
"VA",1934,2610,2953493.91  
"VA",1934,2660,2600        
"VA",1934,2661,1162965.78  
"VA",1934,2680,645145.04   
"VA",1934,2900,331828.1    
"VA",1934,2903,33563.95    
"VA",1934,2910,399842.15   
"VA",1934,2929,70192       
"VA",1934,2940,14387.62    
"VA",1934,2945,30.17       
"VA",1934,2960,218165.74   
"VA",1934,2990,49333.8     
"VA",1935,1210,2288185.15  
"VA",1935,1220,320945.07   
"VA",1935,1230,911105.52   
"VA",1935,1310,807740.68   
"VA",1935,1320,1620791.17  
"VA",1935,1402,404711.08   
"VA",1935,1410,2631604.39  
"VA",1935,1420,332229.3    
"VA",1935,1430,1375103.33  
"VA",1935,1450,118207.71   
"VA",1935,1452,6921.58     
"VA",1935,1460,88354.29    
"VA",1935,1462,235796.33   
"VA",1935,1467,750946.35   
"VA",1935,1510,758926.59   
"VA",1935,1530,12618953.06 
"VA",1935,1560,4372.97     
"VA",1935,1800,7831066.19  
"VA",1935,1930,51004.88    
"VA",1935,1933,260126.8    
"VA",1935,2110,148364.15   
"VA",1935,2120,105778.48   
"VA",1935,2210,28594.81    
"VA",1935,2220,271765.1    
"VA",1935,2230,354936.17   
"VA",1935,2250,65041.56    
"VA",1935,2350,6239507.82  
"VA",1935,2360,210804.3    
"VA",1935,2400,253917.78   
"VA",1935,2420,20794.72    
"VA",1935,2610,3257389.44  
"VA",1935,2660,0           
"VA",1935,2661,13211308.49 
"VA",1935,2680,685396.96   
"VA",1935,2900,385927.72   
"VA",1935,2903,42900.04    
"VA",1935,2910,384575.31   
"VA",1935,2929,70192       
"VA",1935,2940,15022.4     
"VA",1935,2945,10034.01    
"VA",1935,2960,244736.46   
"VA",1935,2990,71663.49    
"VA",1936,1210,2371966.2   
"VA",1936,1220,930140.96   
"VA",1936,1230,810481.38   
"VA",1936,1310,1039379.2   
"VA",1936,1320,1799957.86  
"VA",1936,1400,202527.06   
"VA",1936,1402,384033.98   
"VA",1936,1410,2657291.46  
"VA",1936,1420,341127.25   
"VA",1936,1430,1452215.08  
"VA",1936,1450,134966.6    
"VA",1936,1452,27327.84    
"VA",1936,1460,76564.3     
"VA",1936,1462,245727.59   
"VA",1936,1467,789966.9    
"VA",1936,1510,1011223.54  
"VA",1936,1530,13699066.75 
"VA",1936,1560,6731.8      
"VA",1936,1800,8598699.04  
"VA",1936,1930,151162.02   
"VA",1936,1933,399836.53   
"VA",1936,2110,163297.87   
"VA",1936,2120,64273.92    
"VA",1936,2210,34347.02    
"VA",1936,2220,319600.12   
"VA",1936,2230,383418.64   
"VA",1936,2250,56822.97    
"VA",1936,2350,4382346.53  
"VA",1936,2360,236958.59   
"VA",1936,2410,56368.44    
"VA",1936,2610,3539297.1   
"VA",1936,2660,155434.86   
"VA",1936,2661,14403759.73 
"VA",1936,2680,734413.03   
"VA",1936,2900,402756.05   
"VA",1936,2903,16363.82    
"VA",1936,2910,420940.31   
"VA",1936,2929,105288      
"VA",1936,2940,14429.17    
"VA",1936,2945,6582.01     
"VA",1936,2960,261500.64   
"VA",1936,2990,71995.5     
"VA",1937,1210,2374101.26  
"VA",1937,1220,629360.15   
"VA",1937,1230,784380.44   
"VA",1937,1310,1351150.57  
"VA",1937,1320,2434386.73  
"VA",1937,1402,362200.87   
"VA",1937,1410,2704171.55  
"VA",1937,1420,359380.84   
"VA",1937,1430,1519461.06  
"VA",1937,1450,174597.18   
"VA",1937,1452,29435.49    
"VA",1937,1460,95909.24    
"VA",1937,1462,255293.1    
"VA",1937,1467,772206.33   
"VA",1937,1510,1786241.83  
"VA",1937,1530,15700860.87 
"VA",1937,1560,6839.09     
"VA",1937,1800,9395031.07  
"VA",1937,1901,4368970.47  
"VA",1937,1930,75945.81    
"VA",1937,1933,396484.74   
"VA",1937,2110,182075.64   
"VA",1937,2120,48734.7     
"VA",1937,2130,3840        
"VA",1937,2210,28115.27    
"VA",1937,2220,437545.73   
"VA",1937,2230,496406.21   
"VA",1937,2250,67209.28    
"VA",1937,2350,7405354.54  
"VA",1937,2360,261963.6    
"VA",1937,2400,208396.26   
"VA",1937,2410,125923.88   
"VA",1937,2610,4030206.02  
"VA",1937,2660,236822.23   
"VA",1937,2661,17872009.61 
"VA",1937,2680,802828.9    
"VA",1937,2900,391628.12   
"VA",1937,2903,32262.61    
"VA",1937,2910,459629.55   
"VA",1937,2929,35096       
"VA",1937,2940,11938.39    
"VA",1937,2945,6643.98     
"VA",1937,2960,33875.02    
"VA",1937,2990,74279.5     
"VT",1933,1220,224160.46   
"VT",1933,1310,553167.23   
"VT",1933,1401,115         
"VT",1933,1410,535291.65   
"VT",1933,1420,981432.83   
"VT",1933,1430,272715.15   
"VT",1933,1452,20422.27    
"VT",1933,1462,118860.65   
"VT",1933,1467,230018.54   
"VT",1933,1510,4584.96     
"VT",1933,1530,1862851.83  
"VT",1933,1801,5500        
"VT",1933,1803,2018262.49  
"VT",1933,1805,12564.78    
"VT",1933,1806,113917.55   
"VT",1933,1850,77567.58    
"VT",1933,1931,259091.98   
"VT",1933,2100,8033.24     
"VT",1933,2210,156073.77   
"VT",1933,2230,66729.25    
"VT",1933,2250,2469        
"VT",1933,2350,986471.32   
"VT",1933,2360,294560.94   
"VT",1933,2370,6113.09     
"VT",1933,2430,12000       
"VT",1933,2510,293357.67   
"VT",1933,2610,46340.79    
"VT",1933,2620,80738.64    
"VT",1933,2630,84          
"VT",1933,2640,118.31      
"VT",1933,2650,9920.98     
"VT",1933,2651,588.23      
"VT",1933,2660,8074.18     
"VT",1933,2680,89199.36    
"VT",1933,2690,37857.03    
"VT",1933,2900,3322.33     
"VT",1933,2903,7505.85     
"VT",1933,2910,86746.9     
"VT",1933,2930,2970000     
"VT",1933,2935,76016.19    
"VT",1933,2950,1972.92     
"VT",1933,2960,39108.79    
"VT",1933,2990,18097.01    
"VT",1934,1220,196325.17   
"VT",1934,1310,472112.67   
"VT",1934,1401,82.5        
"VT",1934,1410,480635.13   
"VT",1934,1420,802783.25   
"VT",1934,1430,261844.73   
"VT",1934,1452,19671.67    
"VT",1934,1462,118864.37   
"VT",1934,1467,204426.91   
"VT",1934,1505,16934.72    
"VT",1934,1510,54969.81    
"VT",1934,1530,1704750.72  
"VT",1934,1801,10570       
"VT",1934,1803,2184948.16  
"VT",1934,1805,26215.54    
"VT",1934,1806,115079.2    
"VT",1934,1850,75322.64    
"VT",1934,1930,16834.25    
"VT",1934,1931,246075.45   
"VT",1934,2100,8280        
"VT",1934,2210,150457.07   
"VT",1934,2230,65694.74    
"VT",1934,2350,1825774.67  
"VT",1934,2360,277114.45   
"VT",1934,2410,18.75       
"VT",1934,2430,4000        
"VT",1934,2510,294927.31   
"VT",1934,2610,41957.65    
"VT",1934,2620,90496.18    
"VT",1934,2630,2184        
"VT",1934,2640,2706.54     
"VT",1934,2650,6627.88     
"VT",1934,2651,1227.98     
"VT",1934,2660,9065.99     
"VT",1934,2680,98613.15    
"VT",1934,2690,60727.74    
"VT",1934,2750,51009.41    
"VT",1934,2900,3207.83     
"VT",1934,2903,66448.25    
"VT",1934,2910,83536.1     
"VT",1934,2930,5000000     
"VT",1934,2935,52700       
"VT",1934,2950,1632.13     
"VT",1934,2960,31184.03    
"VT",1934,2990,18651.95    
"VT",1935,1220,242311.96   
"VT",1935,1310,497117.12   
"VT",1935,1401,125         
"VT",1935,1410,479664.26   
"VT",1935,1420,680803.36   
"VT",1935,1430,306795.9    
"VT",1935,1452,13971.68    
"VT",1935,1462,123735.89   
"VT",1935,1467,230602.81   
"VT",1935,1505,15580.02    
"VT",1935,1510,112557.88   
"VT",1935,1530,1970976.46  
"VT",1935,1801,32530       
"VT",1935,1803,2264610.32  
"VT",1935,1805,16174.18    
"VT",1935,1806,113982.1    
"VT",1935,1850,76824.5     
"VT",1935,1930,17613.87    
"VT",1935,1931,247207.29   
"VT",1935,2100,808.78      
"VT",1935,2210,160756.53   
"VT",1935,2220,20          
"VT",1935,2230,65812.88    
"VT",1935,2350,3833070.81  
"VT",1935,2360,237140.07   
"VT",1935,2430,100         
"VT",1935,2510,276409.97   
"VT",1935,2560,3006.34     
"VT",1935,2610,39350.63    
"VT",1935,2620,103186.31   
"VT",1935,2630,289         
"VT",1935,2640,856.09      
"VT",1935,2650,6398.61     
"VT",1935,2651,5606.02     
"VT",1935,2660,7772.01     
"VT",1935,2680,90549.26    
"VT",1935,2690,24067.42    
"VT",1935,2750,1494591.25  
"VT",1935,2805,4170.6      
"VT",1935,2900,56737.26    
"VT",1935,2903,24640.47    
"VT",1935,2910,76269.22    
"VT",1935,2930,3200000     
"VT",1935,2935,6100        
"VT",1935,2950,1657.22     
"VT",1935,2960,32734.61    
"VT",1935,2990,17410.1     
"VT",1936,1220,326473.49   
"VT",1936,1310,564214.88   
"VT",1936,1401,95          
"VT",1936,1410,385227.77   
"VT",1936,1420,605847.33   
"VT",1936,1430,330061.34   
"VT",1936,1452,14437.28    
"VT",1936,1462,123235.87   
"VT",1936,1467,240767.73   
"VT",1936,1510,319240.42   
"VT",1936,1530,2161018.92  
"VT",1936,1801,35810       
"VT",1936,1803,2231204.46  
"VT",1936,1805,21982.33    
"VT",1936,1806,116948.7    
"VT",1936,1850,74720.66    
"VT",1936,1930,17326.65    
"VT",1936,1931,249067.3    
"VT",1936,1932,145565.4    
"VT",1936,2100,8315.22     
"VT",1936,2210,180113.75   
"VT",1936,2220,35          
"VT",1936,2230,66301.15    
"VT",1936,2350,2215484.1   
"VT",1936,2360,297665.86   
"VT",1936,2370,1236.07     
"VT",1936,2510,231881.36   
"VT",1936,2610,39543.78    
"VT",1936,2620,71155.02    
"VT",1936,2630,2969.14     
"VT",1936,2640,779.26      
"VT",1936,2650,5354.72     
"VT",1936,2651,11439.25    
"VT",1936,2660,7246.17     
"VT",1936,2680,88660.15    
"VT",1936,2690,18994.44    
"VT",1936,2750,1520305.32  
"VT",1936,2900,5105.51     
"VT",1936,2903,57981.87    
"VT",1936,2910,89169.528   
"VT",1936,2930,6000000     
"VT",1936,2935,30872.77    
"VT",1936,2950,2260.37     
"VT",1936,2960,85165.49    
"VT",1936,2980,15000       
"VT",1936,2990,17969.72    
"VT",1937,1220,235640.95   
"VT",1937,1310,697976.78   
"VT",1937,1401,97.5        
"VT",1937,1410,288870.68   
"VT",1937,1420,609014.2    
"VT",1937,1430,323718.84   
"VT",1937,1452,14858.56    
"VT",1937,1462,122668.19   
"VT",1937,1467,274504.46   
"VT",1937,1510,463505.37   
"VT",1937,1520,14996.7     
"VT",1937,1530,2356088.91  
"VT",1937,1801,72576       
"VT",1937,1802,3939        
"VT",1937,1803,2413382.21  
"VT",1937,1805,33979.69    
"VT",1937,1806,124807.99   
"VT",1937,1850,79277.12    
"VT",1937,1930,2017823.02  
"VT",1937,1931,235.5       
"VT",1937,1932,254896      
"VT",1937,2100,8001.44     
"VT",1937,2210,176672.84   
"VT",1937,2220,34          
"VT",1937,2230,75778.83    
"VT",1937,2350,1921194     
"VT",1937,2360,343271.1    
"VT",1937,2370,1624.1      
"VT",1937,2430,527.9       
"VT",1937,2510,241964.41   
"VT",1937,2520,28340       
"VT",1937,2610,42236.24    
"VT",1937,2620,89665.64    
"VT",1937,2630,3602.86     
"VT",1937,2640,289.06      
"VT",1937,2650,13299.69    
"VT",1937,2651,5841.12     
"VT",1937,2660,9082.26     
"VT",1937,2680,125826.81   
"VT",1937,2690,31882.65    
"VT",1937,2750,1769123.88  
"VT",1937,2900,4113.97     
"VT",1937,2903,17550.34    
"VT",1937,2910,75545.24    
"VT",1937,2935,41206.72    
"VT",1937,2950,2059.94     
"VT",1937,2960,37880.25    
"VT",1937,2990,21739.07    
"IL",1933,1210,24116251.59 
"IL",1933,1220,9122785.42  
"IL",1933,1400,7052561.33  
"IL",1933,1410,1413259     
"IL",1933,1500,0           
"IL",1933,1510,0           
"IL",1933,1530,30245426.57 
"IL",1933,1801,469290.04   
"IL",1933,1803,15942953.72 
"IL",1933,2350,6898513.59  
"IL",1933,2910,598366.59   
"IL",1933,2930,23000000    
"IL",1933,2980,8123940.52  
"IL",1934,1210,20561389.24 
"IL",1934,1220,3739093.57  
"IL",1934,1400,10727192.03 
"IL",1934,1410,1561388.83  
"IL",1934,1500,32571076.34 
"IL",1934,1510,2918842.83  
"IL",1934,1530,30330404.87 
"IL",1934,1801,1591511.63  
"IL",1934,1803,17623372.48 
"IL",1934,2350,7829513.49  
"IL",1934,2910,495399.97   
"IL",1934,2930,20000000    
"IL",1934,2980,9615754.16  
"IL",1935,1210,9057845.48  
"IL",1935,1220,5577415.86  
"IL",1935,1400,3667326.29  
"IL",1935,1410,1595746.49  
"IL",1935,1420,4921046.03  
"IL",1935,1460,0           
"IL",1935,1500,41484637.74 
"IL",1935,1510,8435298.66  
"IL",1935,1530,31058048.1  
"IL",1935,1803,18585401.36 
"IL",1935,2350,13239131.73 
"IL",1935,2910,314253.73   
"IL",1935,2930,38500000    
"IL",1935,2980,10836349.21 
"IL",1936,1210,1967428.07  
"IL",1936,1220,3868877.59  
"IL",1936,1400,3679090.84  
"IL",1936,1410,1689069.41  
"IL",1936,1420,6643228.76  
"IL",1936,1460,6112056.68  
"IL",1936,1500,61874425.21 
"IL",1936,1510,9311374.68  
"IL",1936,1530,33486345.36 
"IL",1936,1803,18631934.93 
"IL",1936,2350,9759786.95  
"IL",1936,2910,182134.37   
"IL",1936,2930,0           
"IL",1936,2980,14064928.1  
"IL",1937,1210,12352464.76 
"IL",1937,1220,4839810.65  
"IL",1937,1400,3773585.85  
"IL",1937,1410,1843322.36  
"IL",1937,1430,6385172.93  
"IL",1937,1460,5577120.6   
"IL",1937,1500,77120714.99 
"IL",1937,1530,37320793.68 
"IL",1937,1803,20892203.73 
"IL",1937,2350,29972555.65 
"IL",1937,2810,146248.64   
"IL",1937,2980,14913703.11 
