"OH",1810,3,34493       
"OH",1811,3,48175.41    
"OH",1812,3,42975       
"OH",1813,3,38294       
"OH",1814,3,237494.67   
"OH",1816,3,348506.5    
"OH",1817,3,227488.66   
"OH",1818,3,118922.32   
"OH",1819,3,87370.89    
"OH",1820,3,73365.55    
"OH",1821,3,124715.68   
"OH",1822,3,79317.21    
"OH",1823,3,74189       
"OH",1824,3,139809.73   
"OH",1825,3,315328.7    
"OH",1826,3,881959.06   
"OH",1827,3,1121659.36  
"OH",1828,3,1094335.84  
"OH",1829,3,1484658.67  
"OH",1830,3,1758445.01  
"OH",1831,3,1697329.22  
"OH",1832,3,1238476.45  
"OH",1833,3,1459952.97  
"OH",1834,3,1169870.89  
"OH",1835,3,642530.99   
"OH",1836,3,1301905.55  
"OH",1837,3,2622164.77  
"OH",1838,3,3794022.1   
"OH",1839,3,5027191.86  
"OH",1840,3,2880972.73  
"OH",1841,3,3496428.128 
"OH",1842,3,3267833.72  
"OH",1843,3,4266444.82  
"OH",1844,3,1901637.58  
"OH",1845,3,1869637     
"OH",1846,3,2038644.19  
"OH",1847,3,2398037     
"OH",1848,3,2543750     
"OH",1849,3,3121743.69  
"OH",1850,3,2963366     
"OH",1851,3,2698870     
"OH",1852,3,2744470     
"OH",1853,3,2245489     
"OH",1854,3,3899842     
"OH",1855,3,3507456     
"OH",1856,3,3707274     
"OH",1857,3,3126111     
"OH",1858,3,4170216     
"OH",1859,3,3552551     
"OH",1860,3,3681887     
"OH",1861,3,5319272     
"OH",1862,3,5869420     
"OH",1863,3,5100058     
"OH",1864,3,6484425     
"OH",1865,3,12426396    
"OH",1866,3,6528181.46  
"OH",1867,3,5137041.69  
"OH",1868,3,4473676     
"OH",1869,3,4675725.86  
"OH",1870,3,3822317     
"OH",1871,3,5054615.25  
"OH",1872,3,4899816     
"OH",1873,3,5353723     
"OH",1874,3,5135337.25  
"OH",1875,3,4741016.89  
"OH",1876,3,5977905.03  
"OH",1879,3,4629547.08  
"OH",1880,3,4651463.52  
"OH",1881,3,5751225.1   
"OH",1882,3,5633191.14  
"OH",1883,3,5086821.42  
"OH",1884,3,5477030.83  
"OH",1885,3,5527309.38  
"OH",1886,3,5571469.09  
"OH",1887,3,6285167.17  
"OH",1888,3,6037808.06  
"OH",1889,3,5800705.96  
"OH",1890,3,5966475.73  
"OH",1891,3,6096109.71  
"OH",1892,3,6143638.77  
"OH",1893,3,6181569.09  
"OH",1894,3,6383534.98  
"OH",1895,3,6187747     
"OH",1896,3,6606091.83  
"OH",1897,3,6971613.19  
"OH",1898,3,7658852.96  
"OH",1899,3,7292273.89  
"OH",1900,3,7707903     
"OH",1901,3,7873614     
"OH",1902,3,7967003     
"OH",1903,3,8323262     
"OH",1904,3,8836236     
"OH",1905,3,8866496     
"OH",1906,3,9328401     
"OH",1907,3,9555615     
"OH",1908,3,11515496    
"OH",1909,3,12315519    
"OH",1910,3,12074882    
"OH",1911,3,12932345    
"OH",1912,3,13657950    
                        
"OH",1810,39,9472       
"OH",1810,40,24616      
"OH",1810,41,405        
"OH",1811,40,48175.41   
"OH",1812,40,42975      
"OH",1813,34,2713       
"OH",1813,40,35581      
"OH",1814,33,106093.67  
"OH",1814,36,121518     
"OH",1814,40,4883       
"OH",1814,41,5000       
"OH",1816,33,35904.5    
"OH",1816,36,88655      
"OH",1816,40,223947     
"OH",1817,33,24814.5    
"OH",1817,36,202674.16  
"OH",1818,33,0          
"OH",1818,36,1522.46    
"OH",1818,40,117399.86  
"OH",1819,33,3827.11    
"OH",1819,40,83543.78   
"OH",1820,33,28172.55   
"OH",1820,40,45193      
"OH",1821,32,7485       
"OH",1821,33,28253.68   
"OH",1821,34,26819      
"OH",1821,36,59961      
"OH",1821,39,2197       
"OH",1822,33,1930       
"OH",1822,34,12335      
"OH",1822,36,60924      
"OH",1822,39,2282       
"OH",1822,66,1846.21    
"OH",1823,33,8271       
"OH",1823,34,11312      
"OH",1823,36,45749      
"OH",1823,39,5005       
"OH",1823,66,3852       
"OH",1824,33,1419.55    
"OH",1824,34,9183       
"OH",1824,35,6000       
"OH",1824,36,74522      
"OH",1824,39,4835       
"OH",1824,41,12625      
"OH",1824,66,12112.59   
"OH",1824,67,19112.59   
"OH",1825,31,943.75     
"OH",1825,33,150064.88  
"OH",1825,34,11176      
"OH",1825,36,66480      
"OH",1825,39,6105.56    
"OH",1825,40,9566.45    
"OH",1825,66,25509.06   
"OH",1825,68,45483      
"OH",1826,31,1730.75    
"OH",1826,33,752172.67  
"OH",1826,34,9790       
"OH",1826,36,63322      
"OH",1826,39,5945       
"OH",1826,40,381.09     
"OH",1826,41,10000      
"OH",1826,66,5094.48    
"OH",1826,68,33523.07   
"OH",1827,31,350        
"OH",1827,33,821988.89  
"OH",1827,34,11961      
"OH",1827,36,52915      
"OH",1827,39,5856       
"OH",1827,40,80090.31   
"OH",1827,41,30000      
"OH",1827,66,88794.43   
"OH",1827,68,29703.73   
"OH",1828,31,836.5      
"OH",1828,33,784217.81  
"OH",1828,34,12021      
"OH",1828,36,59026      
"OH",1828,39,12477      
"OH",1828,40,4237.4     
"OH",1828,66,55283.65   
"OH",1828,67,45506.48   
"OH",1828,68,120730     
"OH",1829,31,49122.42   
"OH",1829,32,303        
"OH",1829,33,798573.04  
"OH",1829,34,12009      
"OH",1829,36,58774      
"OH",1829,39,39742      
"OH",1829,40,256768.94  
"OH",1829,41,58333      
"OH",1829,62,58333.34   
"OH",1829,67,58333.34   
"OH",1829,68,94366.59   
"OH",1830,29,766532.22  
"OH",1830,31,9193.44    
"OH",1830,32,500        
"OH",1830,34,12469      
"OH",1830,36,63366      
"OH",1830,39,30546.17   
"OH",1830,40,343        
"OH",1830,66,875495.18  
"OH",1831,31,8588.14    
"OH",1831,32,2203       
"OH",1831,33,709292.93  
"OH",1831,34,16159      
"OH",1831,36,86978      
"OH",1831,39,13827.14   
"OH",1831,40,510111.05  
"OH",1831,66,350169.96  
"OH",1832,31,8402.76    
"OH",1832,32,3838       
"OH",1832,33,418014.87  
"OH",1832,34,21590      
"OH",1832,36,82827      
"OH",1832,39,9660.32    
"OH",1832,40,260000     
"OH",1832,66,434143.5   
"OH",1833,31,11391.42   
"OH",1833,32,1500       
"OH",1833,33,487130.84  
"OH",1833,34,44331      
"OH",1833,36,79400      
"OH",1833,39,12991.24   
"OH",1833,40,263827     
"OH",1833,41,125        
"OH",1833,66,559256.47  
"OH",1834,31,14057.22   
"OH",1834,32,8010       
"OH",1834,33,174543.26  
"OH",1834,34,45655      
"OH",1834,36,87945      
"OH",1834,39,36688.34   
"OH",1834,40,133129     
"OH",1834,41,340        
"OH",1834,66,649503.07  
"OH",1834,68,20000      
"OH",1835,31,14607.7    
"OH",1835,32,8173       
"OH",1835,33,439575.29  
"OH",1835,34,51225      
"OH",1835,36,96527      
"OH",1835,39,32037      
"OH",1835,40,86         
"OH",1835,41,300        
"OH",1836,31,1737.5     
"OH",1836,32,16366.5    
"OH",1836,33,384627.99  
"OH",1836,34,37117.17   
"OH",1836,35,3116       
"OH",1836,36,89488.91   
"OH",1836,39,47818      
"OH",1836,40,266085.9   
"OH",1836,68,455547.58  
"OH",1837,31,28136.58   
"OH",1837,32,36361.62   
"OH",1837,33,473815.76  
"OH",1837,34,15238.35   
"OH",1837,35,2711.42    
"OH",1837,36,122988.47  
"OH",1837,39,1942848.22 
"OH",1837,40,42.95      
"OH",1837,41,21.4       
"OH",1838,31,32748.98   
"OH",1838,32,58172      
"OH",1838,33,2296597.21 
"OH",1838,34,13375      
"OH",1838,35,2103       
"OH",1838,36,127256     
"OH",1838,38,122        
"OH",1838,39,137135.33  
"OH",1838,40,383904.87  
"OH",1838,68,742607.71  
"OH",1839,31,233914.2   
"OH",1839,32,49660      
"OH",1839,33,3043826.45 
"OH",1839,34,21095      
"OH",1839,35,1986       
"OH",1839,36,164503     
"OH",1839,39,100253.69  
"OH",1839,40,661774.51  
"OH",1839,41,39669.3    
"OH",1839,68,710509.71  
"OH",1840,31,278242.04  
"OH",1840,32,49240.55   
"OH",1840,33,1391616.06 
"OH",1840,34,16045      
"OH",1840,35,1250       
"OH",1840,36,164986.85  
"OH",1840,39,20201.29   
"OH",1840,40,601263.32  
"OH",1840,41,305770.25  
"OH",1840,68,52357.37   
"OH",1841,31,289190.56  
"OH",1841,32,28474.75   
"OH",1841,33,1613978.478
"OH",1841,34,22002.81   
"OH",1841,35,2126       
"OH",1841,36,139339.37  
"OH",1841,39,136763.49  
"OH",1841,40,409955.08  
"OH",1841,41,347437.72  
"OH",1841,68,507159.87  
"OH",1842,31,288607.99  
"OH",1842,32,32946.7    
"OH",1842,33,592309.84  
"OH",1842,34,32508.84   
"OH",1842,35,3888       
"OH",1842,36,133890     
"OH",1842,39,1345       
"OH",1842,40,988698.86  
"OH",1842,41,1170234.49 
"OH",1842,68,23404      
"OH",1843,31,236852.14  
"OH",1843,32,39470.73   
"OH",1843,33,1736077.31 
"OH",1843,34,16205.07   
"OH",1843,35,765.84     
"OH",1843,36,117923.97  
"OH",1843,39,2453.4     
"OH",1843,40,1022532.62 
"OH",1843,41,1093596.74 
"OH",1843,68,567        
"OH",1844,31,288040.29  
"OH",1844,32,39467      
"OH",1844,33,194658.48  
"OH",1844,34,19953      
"OH",1844,35,1540       
"OH",1844,36,129808     
"OH",1844,39,2926       
"OH",1844,40,1045191.06 
"OH",1844,41,135286.75  
"OH",1844,68,44767      
"OH",1845,31,200929     
"OH",1845,32,55778      
"OH",1845,33,310063     
"OH",1845,34,19394      
"OH",1845,35,989        
"OH",1845,36,113004     
"OH",1845,39,86327      
"OH",1845,40,1077865    
"OH",1845,41,5288       
"OH",1846,31,289240.91  
"OH",1846,32,54082.65   
"OH",1846,33,296124.06  
"OH",1846,34,19791.44   
"OH",1846,35,703        
"OH",1846,36,108738.46  
"OH",1846,39,9556.99    
"OH",1846,40,1151845    
"OH",1846,41,108561.68  
"OH",1847,31,291644     
"OH",1847,32,56784      
"OH",1847,33,369418     
"OH",1847,34,11752      
"OH",1847,35,542        
"OH",1847,36,142650     
"OH",1847,39,79373      
"OH",1847,40,1075192    
"OH",1847,41,370682     
"OH",1848,31,293092     
"OH",1848,32,55200      
"OH",1848,33,471179     
"OH",1848,34,12681      
"OH",1848,35,114        
"OH",1848,36,178236     
"OH",1848,39,60653      
"OH",1848,40,1065440    
"OH",1848,41,405575     
"OH",1848,46,1580       
"OH",1849,31,488        
"OH",1849,32,52403      
"OH",1849,33,462592.36  
"OH",1849,34,16791      
"OH",1849,35,1755       
"OH",1849,36,229643     
"OH",1849,39,104025.28  
"OH",1849,40,1126984.72 
"OH",1849,41,134656.63  
"OH",1849,68,992404.7   
"OH",1850,31,200625     
"OH",1850,32,55508      
"OH",1850,33,376838     
"OH",1850,34,19654      
"OH",1850,35,2928       
"OH",1850,36,259160     
"OH",1850,39,190981     
"OH",1850,40,1194386    
"OH",1850,41,663286     
"OH",1851,31,299580     
"OH",1851,32,22980      
"OH",1851,33,406123     
"OH",1851,34,31918      
"OH",1851,35,2286       
"OH",1851,36,323089     
"OH",1851,39,107735     
"OH",1851,40,1241081    
"OH",1851,41,264078     
"OH",1852,31,200990     
"OH",1852,32,115775     
"OH",1852,33,477561     
"OH",1852,34,45690      
"OH",1852,35,3861       
"OH",1852,36,368568     
"OH",1852,39,150915     
"OH",1852,40,992635     
"OH",1852,41,388475     
"OH",1853,31,201157     
"OH",1853,32,100298     
"OH",1853,33,486391     
"OH",1853,34,48009      
"OH",1853,35,2739       
"OH",1853,36,364904     
"OH",1853,39,123454     
"OH",1853,40,467248     
"OH",1853,41,447879     
"OH",1853,68,3410       
"OH",1854,31,1159755    
"OH",1854,32,222549     
"OH",1854,33,363357     
"OH",1854,34,88247      
"OH",1854,35,3000       
"OH",1854,36,345660     
"OH",1854,39,127512     
"OH",1854,40,891402     
"OH",1854,41,698360     
"OH",1855,31,1303290    
"OH",1855,32,116723     
"OH",1855,33,292689     
"OH",1855,34,91067      
"OH",1855,35,3181       
"OH",1855,36,231204     
"OH",1855,39,131760     
"OH",1855,40,854069     
"OH",1855,41,483473     
"OH",1856,31,1315973    
"OH",1856,32,268237     
"OH",1856,33,469706     
"OH",1856,34,97281      
"OH",1856,35,3249       
"OH",1856,36,514036     
"OH",1856,39,210868     
"OH",1856,40,827924     
"OH",1857,31,1211372    
"OH",1857,32,174727     
"OH",1857,33,309261     
"OH",1857,34,134869     
"OH",1857,35,4026       
"OH",1857,36,388552     
"OH",1857,39,164488     
"OH",1857,40,738319     
"OH",1857,41,497        
"OH",1858,31,1192485    
"OH",1858,32,157727     
"OH",1858,33,383010     
"OH",1858,34,143691     
"OH",1858,35,9029       
"OH",1858,36,377656     
"OH",1858,39,910205     
"OH",1858,40,984409     
"OH",1858,42,12004      
"OH",1859,31,1294890    
"OH",1859,32,147375     
"OH",1859,33,332281     
"OH",1859,34,166996     
"OH",1859,35,3246       
"OH",1859,36,358851     
"OH",1859,39,273704     
"OH",1859,40,911288     
"OH",1859,41,63920      
"OH",1860,31,236159     
"OH",1860,32,156187     
"OH",1860,33,325817     
"OH",1860,34,141134     
"OH",1860,35,5028       
"OH",1860,36,327463     
"OH",1860,39,1305698    
"OH",1860,40,864400     
"OH",1860,41,320001     
"OH",1861,31,1210191    
"OH",1861,32,209248     
"OH",1861,33,225201     
"OH",1861,34,941182     
"OH",1861,36,1060406    
"OH",1861,39,51315      
"OH",1861,40,1054687    
"OH",1861,41,567042     
"OH",1862,31,1376227    
"OH",1862,32,193952     
"OH",1862,33,121400     
"OH",1862,34,1791040    
"OH",1862,35,1607       
"OH",1862,36,257636     
"OH",1862,39,401184     
"OH",1862,40,874390     
"OH",1862,41,851984     
"OH",1863,31,1315013    
"OH",1863,32,684146     
"OH",1863,33,40387      
"OH",1863,34,1364921    
"OH",1863,35,736        
"OH",1863,36,263720     
"OH",1863,39,16079      
"OH",1863,40,830310     
"OH",1863,41,584746     
"OH",1864,31,1220842    
"OH",1864,32,1197960    
"OH",1864,33,33801      
"OH",1864,34,2505620    
"OH",1864,35,5495       
"OH",1864,36,265411     
"OH",1864,39,9413       
"OH",1864,40,792366     
"OH",1864,41,453517     
"OH",1865,31,1476267    
"OH",1865,32,2455107    
"OH",1865,33,35056      
"OH",1865,34,5870223    
"OH",1865,36,477111     
"OH",1865,39,767963     
"OH",1865,40,779649     
"OH",1865,41,565020     
"OH",1866,31,1548698    
"OH",1866,32,1769870.46 
"OH",1866,33,31623      
"OH",1866,34,879860     
"OH",1866,35,3612       
"OH",1866,36,417532     
"OH",1866,39,1848       
"OH",1866,40,766058     
"OH",1866,41,1109080    
"OH",1867,31,1669916.47 
"OH",1867,32,718801     
"OH",1867,33,36293      
"OH",1867,34,661529.46  
"OH",1867,35,3580       
"OH",1867,36,394960     
"OH",1867,39,185130     
"OH",1867,40,690125.76  
"OH",1867,41,776706     
"OH",1868,31,1629474    
"OH",1868,32,796364     
"OH",1868,33,41367      
"OH",1868,34,255496     
"OH",1868,35,3975       
"OH",1868,36,492194     
"OH",1868,39,90214      
"OH",1868,40,665326     
"OH",1868,41,499266     
"OH",1869,31,1630329    
"OH",1869,32,729844     
"OH",1869,33,47452.69   
"OH",1869,34,359065     
"OH",1869,35,4028       
"OH",1869,36,568010     
"OH",1869,39,29591.17   
"OH",1869,40,630669     
"OH",1869,41,676737     
"OH",1870,31,1461504    
"OH",1870,32,776986     
"OH",1870,33,65747      
"OH",1870,34,313908     
"OH",1870,35,2025       
"OH",1870,36,461071     
"OH",1870,39,30743      
"OH",1870,40,586182     
"OH",1870,41,124151     
"OH",1871,31,1665763    
"OH",1871,32,986836     
"OH",1871,33,66057      
"OH",1871,34,381541     
"OH",1871,35,6627       
"OH",1871,36,534993     
"OH",1871,39,36709      
"OH",1871,40,589555     
"OH",1871,41,786534.25  
"OH",1872,31,1702514    
"OH",1872,32,1036030    
"OH",1872,33,90534      
"OH",1872,34,506831     
"OH",1872,35,5040       
"OH",1872,36,517095     
"OH",1872,39,2781       
"OH",1872,40,537384     
"OH",1872,41,501607     
"OH",1873,31,1713485    
"OH",1873,32,1409071    
"OH",1873,33,94906      
"OH",1873,34,560008     
"OH",1873,35,1231       
"OH",1873,36,602600     
"OH",1873,39,135966     
"OH",1873,40,509148     
"OH",1873,41,327308     
"OH",1874,31,1735156.25 
"OH",1874,32,1520819    
"OH",1874,33,88660      
"OH",1874,34,447169     
"OH",1874,35,3820       
"OH",1874,36,522228     
"OH",1874,39,134053     
"OH",1874,40,502244     
"OH",1874,41,181188     
"OH",1875,31,1805263.89 
"OH",1875,32,1156083    
"OH",1875,33,72294      
"OH",1875,34,602365     
"OH",1875,35,3997       
"OH",1875,36,532407     
"OH",1875,39,51433      
"OH",1875,40,497084     
"OH",1875,41,20090      
"OH",1876,31,1888103.83 
"OH",1876,32,911200     
"OH",1876,33,76543.2    
"OH",1876,34,577663     
"OH",1876,35,11232      
"OH",1876,36,549269     
"OH",1876,39,30690      
"OH",1876,40,458997     
"OH",1876,41,1474207    
"OH",1879,31,1837931.26 
"OH",1879,32,826634     
"OH",1879,33,213902     
"OH",1879,34,739458     
"OH",1879,35,8970       
"OH",1879,36,601715     
"OH",1879,39,7356       
"OH",1879,40,393580.82  
"OH",1880,31,1838407.52 
"OH",1880,32,922289     
"OH",1880,33,240634     
"OH",1880,34,711188     
"OH",1880,35,10213      
"OH",1880,36,527933     
"OH",1880,39,3799       
"OH",1880,40,397000     
"OH",1881,31,1806773.1  
"OH",1881,32,889035     
"OH",1881,33,230107     
"OH",1881,34,677371     
"OH",1881,35,10888      
"OH",1881,36,574992     
"OH",1881,39,2595       
"OH",1881,40,398026     
"OH",1881,41,1161438    
"OH",1882,31,1880996.14 
"OH",1882,32,1008328    
"OH",1882,33,231483     
"OH",1882,34,709143     
"OH",1882,35,13660      
"OH",1882,36,1177658    
"OH",1882,39,42600      
"OH",1882,40,269323     
"OH",1882,41,300000     
"OH",1883,31,1940693.42 
"OH",1883,32,986436     
"OH",1883,33,286624     
"OH",1883,34,709172     
"OH",1883,35,25915      
"OH",1883,36,503488     
"OH",1883,39,11794      
"OH",1883,40,243699     
"OH",1883,41,379000     
"OH",1884,31,1905640.83 
"OH",1884,32,1309332    
"OH",1884,33,316958     
"OH",1884,34,627700     
"OH",1884,35,22726      
"OH",1884,36,634696     
"OH",1884,39,2951       
"OH",1884,40,233432     
"OH",1884,41,423595     
"OH",1885,31,1914971.12 
"OH",1885,32,1150462    
"OH",1885,33,281019     
"OH",1885,34,926716     
"OH",1885,35,38704      
"OH",1885,36,595337     
"OH",1885,39,26561.26   
"OH",1885,40,210889     
"OH",1885,41,382650     
"OH",1886,31,1952273.09 
"OH",1886,32,1151365    
"OH",1886,33,260974     
"OH",1886,34,865183     
"OH",1886,35,83043      
"OH",1886,36,687148     
"OH",1886,39,300        
"OH",1886,40,196183     
"OH",1886,41,375000     
"OH",1887,31,2021997.17 
"OH",1887,32,1137466    
"OH",1887,33,240530     
"OH",1887,34,917876     
"OH",1887,35,61802      
"OH",1887,36,646353     
"OH",1887,39,10265      
"OH",1887,40,155653     
"OH",1887,41,1093225    
"OH",1888,24,54668      
"OH",1888,31,1972517.06 
"OH",1888,32,1191415    
"OH",1888,33,258908     
"OH",1888,34,1032952    
"OH",1888,35,28936      
"OH",1888,36,643104     
"OH",1888,39,127612     
"OH",1888,40,107896     
"OH",1888,41,619800     
"OH",1889,31,2053395.96 
"OH",1889,32,1226865    
"OH",1889,33,223982     
"OH",1889,34,1092705    
"OH",1889,35,43221      
"OH",1889,36,697230     
"OH",1889,38,12107      
"OH",1889,39,110000     
"OH",1889,40,91200      
"OH",1889,41,250000     
"OH",1890,31,2034263.73 
"OH",1890,32,1606173    
"OH",1890,33,221027     
"OH",1890,34,604709     
"OH",1890,35,140722     
"OH",1890,36,782951     
"OH",1890,38,12130      
"OH",1890,39,225800     
"OH",1890,40,83700      
"OH",1890,41,255000     
"OH",1891,31,2265276.71 
"OH",1891,32,1579313    
"OH",1891,33,220664     
"OH",1891,34,764315     
"OH",1891,35,36358      
"OH",1891,36,823950     
"OH",1891,38,12173      
"OH",1891,39,120        
"OH",1891,40,143940     
"OH",1891,41,250000     
"OH",1892,31,2116735.77 
"OH",1892,32,1314410    
"OH",1892,33,234123     
"OH",1892,34,1084606    
"OH",1892,35,133388     
"OH",1892,36,782013     
"OH",1892,38,12361      
"OH",1892,39,146861     
"OH",1892,40,69141      
"OH",1892,41,250000     
"OH",1893,31,2125774.09 
"OH",1893,32,1700752    
"OH",1893,33,200299     
"OH",1893,34,708019     
"OH",1893,35,76667      
"OH",1893,36,900342     
"OH",1893,38,15526      
"OH",1893,39,135139     
"OH",1893,40,69051      
"OH",1893,41,250000     
"OH",1894,31,2133076.98 
"OH",1894,32,1834223    
"OH",1894,33,297494     
"OH",1894,34,595894     
"OH",1894,35,149091     
"OH",1894,36,872185     
"OH",1894,38,19233      
"OH",1894,39,168526     
"OH",1894,40,63812      
"OH",1894,41,250000     
"OH",1895,31,1864517    
"OH",1895,32,1447959    
"OH",1895,33,204391     
"OH",1895,34,1074282    
"OH",1895,35,115700     
"OH",1895,36,723791     
"OH",1895,38,20110      
"OH",1895,39,140107     
"OH",1895,40,596890     
"OH",1896,31,2171952.83 
"OH",1896,32,1797793    
"OH",1896,33,219441     
"OH",1896,34,799196     
"OH",1896,35,119905     
"OH",1896,36,1027755    
"OH",1896,38,22761      
"OH",1896,39,133974     
"OH",1896,40,63314      
"OH",1896,41,250000     
"OH",1897,31,2270775.19 
"OH",1897,32,2234401    
"OH",1897,33,220245     
"OH",1897,34,954260     
"OH",1897,35,100270     
"OH",1897,36,715183     
"OH",1897,38,18960      
"OH",1897,39,154819     
"OH",1897,40,52700      
"OH",1897,41,250000     
"OH",1898,31,2329946.96 
"OH",1898,36,1702       
"OH",1898,40,46484      
"OH",1898,41,250000     
"OH",1898,99,5030720    
"OH",1899,31,2348273.89 
"OH",1899,32,2379380    
"OH",1899,33,222608     
"OH",1899,34,886872     
"OH",1899,35,117320     
"OH",1899,36,928800     
"OH",1899,38,17217      
"OH",1899,39,108668     
"OH",1899,40,43135      
"OH",1899,41,240000     
"OH",1900,31,2017215    
"OH",1900,32,2393796    
"OH",1900,33,228378     
"OH",1900,34,999583     
"OH",1900,35,106290     
"OH",1900,36,1021110    
"OH",1900,38,15667      
"OH",1900,39,109163     
"OH",1900,40,321384     
"OH",1900,41,300000     
"OH",1900,99,195317     
"OH",1901,31,2154742    
"OH",1901,32,2561554    
"OH",1901,33,262983     
"OH",1901,34,863922     
"OH",1901,35,130130     
"OH",1901,36,1170702    
"OH",1901,38,17238      
"OH",1901,39,134886     
"OH",1901,40,314722     
"OH",1901,41,250000     
"OH",1901,99,12735      
"OH",1902,31,2194632    
"OH",1902,32,2507524    
"OH",1902,33,241338     
"OH",1902,34,1019444    
"OH",1902,35,165507     
"OH",1902,36,1157886    
"OH",1902,38,23575      
"OH",1902,39,107887     
"OH",1902,40,298145     
"OH",1902,41,250000     
"OH",1902,99,1065       
"OH",1903,31,2465430    
"OH",1903,32,2895264    
"OH",1903,33,282761     
"OH",1903,34,942094     
"OH",1903,35,184547     
"OH",1903,36,934256     
"OH",1903,38,27090      
"OH",1903,39,113104     
"OH",1903,40,288665     
"OH",1903,41,200000     
"OH",1903,99,-9949      
"OH",1904,31,2558789    
"OH",1904,32,2794677    
"OH",1904,33,228252     
"OH",1904,34,1146519    
"OH",1904,35,198347     
"OH",1904,36,1478318    
"OH",1904,38,27915      
"OH",1904,39,131288     
"OH",1904,40,283369     
"OH",1904,99,-11238     
"OH",1905,31,2620737    
"OH",1905,32,2878445    
"OH",1905,33,306966     
"OH",1905,34,1134056    
"OH",1905,35,234923     
"OH",1905,36,1232148    
"OH",1905,38,28108      
"OH",1905,39,132906     
"OH",1905,40,289607     
"OH",1905,99,8600       
"OH",1906,24,342691     
"OH",1906,31,2643013    
"OH",1906,32,2740974    
"OH",1906,33,454864     
"OH",1906,34,892915     
"OH",1906,35,215793     
"OH",1906,36,1600532    
"OH",1906,38,27128      
"OH",1906,39,113181     
"OH",1906,40,294153     
"OH",1906,99,3157       
"OH",1907,31,3102256    
"OH",1907,32,2758809    
"OH",1907,33,782800     
"OH",1907,34,1243146    
"OH",1907,35,271500     
"OH",1907,36,981518     
"OH",1907,38,30319      
"OH",1907,39,100625     
"OH",1907,40,295174     
"OH",1907,99,-10532     
"OH",1908,31,3398145    
"OH",1908,32,3149778    
"OH",1908,33,974884     
"OH",1908,34,1358810    
"OH",1908,35,240241     
"OH",1908,36,1905664    
"OH",1908,38,31565      
"OH",1908,39,130880     
"OH",1908,40,309864     
"OH",1908,99,15665      
"OH",1909,31,3386297    
"OH",1909,32,3930880    
"OH",1909,33,1092464    
"OH",1909,34,1625719    
"OH",1909,35,366723     
"OH",1909,36,1430269    
"OH",1909,37,29685      
"OH",1909,38,33350      
"OH",1909,39,134235     
"OH",1909,40,307923     
"OH",1909,99,-22026     
"OH",1910,31,3441882    
"OH",1910,32,3496154    
"OH",1910,33,925051     
"OH",1910,34,1762683    
"OH",1910,35,430327     
"OH",1910,36,1512158    
"OH",1910,37,37665      
"OH",1910,38,34801      
"OH",1910,39,112192     
"OH",1910,40,311978     
"OH",1910,99,9991       
"OH",1911,31,3723972    
"OH",1911,32,3219621    
"OH",1911,33,538869     
"OH",1911,34,2251698    
"OH",1911,35,516016     
"OH",1911,36,2173843    
"OH",1911,38,65163      
"OH",1911,39,128337     
"OH",1911,40,310171     
"OH",1911,99,4655       
"OH",1912,31,3900080    
"OH",1912,32,804136     
"OH",1912,33,793166     
"OH",1912,34,1069839    
"OH",1912,35,599113     
"OH",1912,36,5414396    
"OH",1912,38,35191      
"OH",1912,39,679320     
"OH",1912,40,306159     
"OH",1912,41,52212      
"OH",1912,99,4338       
                        
"OH",1810,390,9472      
"OH",1810,400,24616     
"OH",1810,410,404       
"OH",1810,414,1         
"OH",1811,400,48175.41  
"OH",1812,400,42975     
"OH",1813,345,2713      
"OH",1813,400,35581     
"OH",1814,331,106093.67 
"OH",1814,369,121518    
"OH",1814,400,4883      
"OH",1814,413,5000      
"OH",1816,331,35904.5   
"OH",1816,365,127       
"OH",1816,369,88528     
"OH",1816,400,223947    
"OH",1817,331,24814.5   
"OH",1817,365,364.16    
"OH",1817,369,202310    
"OH",1818,331,0         
"OH",1818,369,1522.46   
"OH",1818,400,117399.86 
"OH",1819,331,3827.11   
"OH",1819,400,83543.78  
"OH",1820,331,28172.55  
"OH",1820,400,45193     
"OH",1821,322,7485      
"OH",1821,331,28253.68  
"OH",1821,342,1625      
"OH",1821,343,23027     
"OH",1821,345,2167      
"OH",1821,361,24794     
"OH",1821,362,2212      
"OH",1821,363,21169     
"OH",1821,364,162       
"OH",1821,369,11624     
"OH",1821,390,2197      
"OH",1822,334,1930      
"OH",1822,343,10384     
"OH",1822,345,1951      
"OH",1822,360,2420      
"OH",1822,361,25547     
"OH",1822,362,1291      
"OH",1822,363,18326     
"OH",1822,369,13340     
"OH",1822,390,2282      
"OH",1822,661,1846.21   
"OH",1823,334,8271      
"OH",1823,343,9680      
"OH",1823,345,1632      
"OH",1823,360,17953     
"OH",1823,361,14806     
"OH",1823,362,3599      
"OH",1823,363,2491      
"OH",1823,369,6900      
"OH",1823,390,4555      
"OH",1823,395,450       
"OH",1823,661,3852      
"OH",1824,331,1419.55   
"OH",1824,343,7765      
"OH",1824,345,1418      
"OH",1824,355,6000      
"OH",1824,360,2037      
"OH",1824,361,35752     
"OH",1824,362,19363     
"OH",1824,369,17370     
"OH",1824,390,4830      
"OH",1824,398,5         
"OH",1824,412,12612     
"OH",1824,413,13        
"OH",1824,661,12112.59  
"OH",1824,671,19112.59  
"OH",1825,313,643.75    
"OH",1825,316,300       
"OH",1825,331,17758.54  
"OH",1825,334,122306.34 
"OH",1825,336,10000     
"OH",1825,343,9733      
"OH",1825,345,1443      
"OH",1825,360,19000     
"OH",1825,361,25187     
"OH",1825,362,3007      
"OH",1825,363,3824      
"OH",1825,364,401       
"OH",1825,366,233       
"OH",1825,369,14828     
"OH",1825,398,6002      
"OH",1825,399,103.56    
"OH",1825,400,9566.45   
"OH",1825,661,25509.06  
"OH",1825,682,45483     
"OH",1826,310,1730.75   
"OH",1826,331,37683.93  
"OH",1826,334,714488.74 
"OH",1826,343,8192      
"OH",1826,345,1598      
"OH",1826,360,20298     
"OH",1826,361,28725     
"OH",1826,362,2531      
"OH",1826,363,516       
"OH",1826,364,665       
"OH",1826,369,10587     
"OH",1826,390,5945      
"OH",1826,400,381.09    
"OH",1826,413,10000     
"OH",1826,661,5094.48   
"OH",1826,682,33523.07  
"OH",1827,316,350       
"OH",1827,331,14347.81  
"OH",1827,334,807641.08 
"OH",1827,343,10074     
"OH",1827,345,1887      
"OH",1827,360,18249     
"OH",1827,361,25661     
"OH",1827,362,912       
"OH",1827,363,315       
"OH",1827,369,7778      
"OH",1827,390,5856      
"OH",1827,400,80090.31  
"OH",1827,413,30000     
"OH",1827,662,88794.43  
"OH",1827,682,29703.73  
"OH",1828,310,286       
"OH",1828,311,200.5     
"OH",1828,316,350       
"OH",1828,331,16359.74  
"OH",1828,334,767858.07 
"OH",1828,343,10020     
"OH",1828,345,2001      
"OH",1828,360,18000     
"OH",1828,361,27640     
"OH",1828,362,2900      
"OH",1828,363,611       
"OH",1828,364,1593      
"OH",1828,367,171       
"OH",1828,369,8111      
"OH",1828,390,5506      
"OH",1828,395,6971      
"OH",1828,400,4237.4    
"OH",1828,661,46420.43  
"OH",1828,662,8863.22   
"OH",1828,674,45506.48  
"OH",1828,682,120730    
"OH",1829,310,48595.82  
"OH",1829,311,176.6     
"OH",1829,316,350       
"OH",1829,322,303       
"OH",1829,334,798573.04 
"OH",1829,343,9588      
"OH",1829,345,2421      
"OH",1829,360,17961     
"OH",1829,361,31650     
"OH",1829,362,4961      
"OH",1829,363,300       
"OH",1829,364,428       
"OH",1829,367,246       
"OH",1829,369,3228      
"OH",1829,390,4527      
"OH",1829,395,35215     
"OH",1829,400,256768.94 
"OH",1829,413,58333     
"OH",1829,626,58333.34  
"OH",1829,676,58333.34  
"OH",1829,682,94366.59  
"OH",1830,291,41234.47  
"OH",1830,293,725297.75 
"OH",1830,310,8543.44   
"OH",1830,316,650       
"OH",1830,322,500       
"OH",1830,343,10405     
"OH",1830,345,2064      
"OH",1830,360,17624     
"OH",1830,361,34125     
"OH",1830,362,3223      
"OH",1830,363,547       
"OH",1830,369,7847      
"OH",1830,390,15394     
"OH",1830,395,15152.17  
"OH",1830,400,343       
"OH",1830,661,435603.13 
"OH",1830,662,439892.05 
"OH",1831,310,8238.14   
"OH",1831,316,350       
"OH",1831,322,2203      
"OH",1831,331,4762.52   
"OH",1831,334,704530.41 
"OH",1831,343,14036     
"OH",1831,345,2123      
"OH",1831,360,17978     
"OH",1831,361,46540     
"OH",1831,362,3807      
"OH",1831,363,1504      
"OH",1831,369,17149     
"OH",1831,390,760       
"OH",1831,395,7297.14   
"OH",1831,399,5770      
"OH",1831,400,510111.05 
"OH",1831,662,350169.96 
"OH",1832,310,7602.76   
"OH",1832,316,800       
"OH",1832,322,3838      
"OH",1832,331,8838.53   
"OH",1832,334,409176.34 
"OH",1832,343,19392     
"OH",1832,345,2198      
"OH",1832,360,18000     
"OH",1832,361,39623     
"OH",1832,362,4707      
"OH",1832,363,2751      
"OH",1832,364,1643      
"OH",1832,369,16103     
"OH",1832,390,8248      
"OH",1832,395,1412.32   
"OH",1832,400,260000    
"OH",1832,662,434143.5  
"OH",1833,310,8267.81   
"OH",1833,311,2823.61   
"OH",1833,316,300       
"OH",1833,322,1500      
"OH",1833,331,31292.39  
"OH",1833,334,455838.45 
"OH",1833,343,41084     
"OH",1833,345,3247      
"OH",1833,360,18008     
"OH",1833,361,38488     
"OH",1833,362,5246      
"OH",1833,363,300       
"OH",1833,364,601       
"OH",1833,367,109       
"OH",1833,369,16648     
"OH",1833,390,5880      
"OH",1833,395,7111.24   
"OH",1833,400,263827    
"OH",1833,415,125       
"OH",1833,662,559256.47 
"OH",1834,310,13728.22  
"OH",1834,316,329       
"OH",1834,322,8010      
"OH",1834,331,29560.99  
"OH",1834,334,143211.32 
"OH",1834,336,1770.95   
"OH",1834,343,42830     
"OH",1834,345,2825      
"OH",1834,360,19989     
"OH",1834,361,36559     
"OH",1834,362,7259      
"OH",1834,363,499       
"OH",1834,364,38        
"OH",1834,367,39        
"OH",1834,369,23562     
"OH",1834,390,484       
"OH",1834,395,30897.34  
"OH",1834,399,5307      
"OH",1834,400,133129    
"OH",1834,415,340       
"OH",1834,662,649503.07 
"OH",1834,682,20000     
"OH",1835,310,11569.26  
"OH",1835,311,2717.44   
"OH",1835,316,321       
"OH",1835,322,5700      
"OH",1835,323,2473      
"OH",1835,331,19724.45  
"OH",1835,334,419450.84 
"OH",1835,336,400       
"OH",1835,343,48140     
"OH",1835,345,3085      
"OH",1835,360,22788     
"OH",1835,361,44743     
"OH",1835,362,7523      
"OH",1835,363,2255      
"OH",1835,367,551       
"OH",1835,369,18667     
"OH",1835,390,8648      
"OH",1835,395,10064     
"OH",1835,399,13325     
"OH",1835,400,86        
"OH",1835,415,300       
"OH",1836,313,1000      
"OH",1836,316,737.5     
"OH",1836,322,6012.5    
"OH",1836,323,10354     
"OH",1836,331,28655.13  
"OH",1836,334,352709.57 
"OH",1836,336,3263.29   
"OH",1836,343,33867     
"OH",1836,345,3250.17   
"OH",1836,351,3116      
"OH",1836,361,39099.01  
"OH",1836,362,29129.09  
"OH",1836,363,832.41    
"OH",1836,364,1817.18   
"OH",1836,365,1048.36   
"OH",1836,369,17562.86  
"OH",1836,395,11245.81  
"OH",1836,398,36572.19  
"OH",1836,400,266085.9  
"OH",1836,682,455547.58 
"OH",1837,310,24974.48  
"OH",1837,311,1787.1    
"OH",1837,316,1375      
"OH",1837,322,11087.5   
"OH",1837,323,25274.12  
"OH",1837,331,42367.66  
"OH",1837,334,424562.49 
"OH",1837,336,6885.61   
"OH",1837,343,12538.3   
"OH",1837,345,2700.05   
"OH",1837,351,2711.42   
"OH",1837,361,49988.55  
"OH",1837,362,33250.6   
"OH",1837,363,808.05    
"OH",1837,364,789.06    
"OH",1837,369,38152.21  
"OH",1837,393,1882418.92
"OH",1837,395,58012.5   
"OH",1837,398,2416.8    
"OH",1837,400,42.95     
"OH",1837,411,21.4      
"OH",1838,310,27493.01  
"OH",1838,311,3855.97   
"OH",1838,316,1400      
"OH",1838,322,23725     
"OH",1838,323,34447     
"OH",1838,331,328697.63 
"OH",1838,334,1949335.46
"OH",1838,336,18564.12  
"OH",1838,343,10831     
"OH",1838,345,2544      
"OH",1838,351,2103      
"OH",1838,360,11915     
"OH",1838,361,44546     
"OH",1838,362,32142     
"OH",1838,363,884       
"OH",1838,367,10000     
"OH",1838,369,27769     
"OH",1838,388,122       
"OH",1838,393,73611.77  
"OH",1838,395,21530.95  
"OH",1838,398,41992.61  
"OH",1838,400,383904.87 
"OH",1838,682,742607.71 
"OH",1839,310,28247.07  
"OH",1839,311,203067.13 
"OH",1839,313,1200      
"OH",1839,316,1400      
"OH",1839,322,19135     
"OH",1839,323,30525     
"OH",1839,331,636909.6  
"OH",1839,334,2392383.11
"OH",1839,336,14533.74  
"OH",1839,343,16187     
"OH",1839,345,4908      
"OH",1839,351,1986      
"OH",1839,361,44679     
"OH",1839,362,41324     
"OH",1839,363,68        
"OH",1839,367,25000     
"OH",1839,369,53432     
"OH",1839,395,6201.71   
"OH",1839,398,94051.98  
"OH",1839,400,661724.51 
"OH",1839,401,50        
"OH",1839,411,39669.3   
"OH",1839,682,710509.71 
"OH",1840,310,76402.37  
"OH",1840,311,201629.67 
"OH",1840,316,210       
"OH",1840,322,17493     
"OH",1840,323,31747.55  
"OH",1840,331,51382.62  
"OH",1840,334,1330473.44
"OH",1840,336,9760      
"OH",1840,343,11898     
"OH",1840,345,4147      
"OH",1840,351,1250      
"OH",1840,361,48839     
"OH",1840,362,19059     
"OH",1840,363,48479.85  
"OH",1840,366,3641      
"OH",1840,367,6585      
"OH",1840,369,38383     
"OH",1840,393,13325.29  
"OH",1840,395,200       
"OH",1840,398,6676      
"OH",1840,400,601263.32 
"OH",1840,415,305770.25 
"OH",1840,681,215       
"OH",1840,687,52000     
"OH",1840,688,142.37    
"OH",1841,310,86863.18  
"OH",1841,311,201985.38 
"OH",1841,316,342       
"OH",1841,322,17125     
"OH",1841,323,11349.75  
"OH",1841,331,49951.36  
"OH",1841,334,1545122.97
"OH",1841,336,18904.148 
"OH",1841,343,18351.81  
"OH",1841,345,3651      
"OH",1841,351,2126      
"OH",1841,361,47008     
"OH",1841,362,20117     
"OH",1841,363,48986     
"OH",1841,364,3769      
"OH",1841,365,2697      
"OH",1841,366,151.37    
"OH",1841,367,436       
"OH",1841,369,16175     
"OH",1841,390,4         
"OH",1841,393,118344    
"OH",1841,395,14718.49  
"OH",1841,398,3697      
"OH",1841,400,409955.08 
"OH",1841,413,99885     
"OH",1841,415,247552.72 
"OH",1841,681,94.87     
"OH",1841,682,507065    
"OH",1842,310,82694.15  
"OH",1842,311,205462.84 
"OH",1842,316,451       
"OH",1842,322,14306     
"OH",1842,323,18640.7   
"OH",1842,331,44656.18  
"OH",1842,334,530307.22 
"OH",1842,336,17346.44  
"OH",1842,343,27285.84  
"OH",1842,345,5223      
"OH",1842,351,3888      
"OH",1842,361,49285     
"OH",1842,362,18485     
"OH",1842,363,31535     
"OH",1842,364,186       
"OH",1842,366,621       
"OH",1842,367,4         
"OH",1842,369,33774     
"OH",1842,398,1345      
"OH",1842,400,988698.86 
"OH",1842,413,1170234.49
"OH",1842,681,23404     
"OH",1843,310,84369.18  
"OH",1843,311,151837.42 
"OH",1843,316,645.54    
"OH",1843,322,20114.73  
"OH",1843,323,19356     
"OH",1843,331,64623.45  
"OH",1843,334,1652825.4 
"OH",1843,336,18628.46  
"OH",1843,343,11573.59  
"OH",1843,345,4631.48   
"OH",1843,351,765.84    
"OH",1843,361,42531.09  
"OH",1843,362,19903.44  
"OH",1843,363,26577.56  
"OH",1843,365,885.19    
"OH",1843,366,808.75    
"OH",1843,369,27217.94  
"OH",1843,398,2453.4    
"OH",1843,400,1022532.62
"OH",1843,413,844943.98 
"OH",1843,415,248652.76 
"OH",1843,681,567       
"OH",1844,310,85642.25  
"OH",1844,311,201917.04 
"OH",1844,316,481       
"OH",1844,322,22281     
"OH",1844,323,17186     
"OH",1844,331,30801     
"OH",1844,334,162657.48 
"OH",1844,336,1200      
"OH",1844,343,14016     
"OH",1844,345,5937      
"OH",1844,351,1540      
"OH",1844,361,40561     
"OH",1844,362,17887     
"OH",1844,363,27728     
"OH",1844,364,2340      
"OH",1844,365,931       
"OH",1844,366,866       
"OH",1844,367,1000      
"OH",1844,369,38495     
"OH",1844,398,2926      
"OH",1844,400,1045191.06
"OH",1844,413,87159.03  
"OH",1844,415,48127.72  
"OH",1844,681,11503     
"OH",1844,682,33264     
"OH",1845,311,200400    
"OH",1845,316,529       
"OH",1845,322,24778     
"OH",1845,323,31000     
"OH",1845,336,310063    
"OH",1845,343,16143     
"OH",1845,345,3251      
"OH",1845,351,989       
"OH",1845,361,30410     
"OH",1845,362,15716     
"OH",1845,363,24323     
"OH",1845,364,1013      
"OH",1845,365,1540      
"OH",1845,366,236       
"OH",1845,369,39766     
"OH",1845,393,82960     
"OH",1845,398,3367      
"OH",1845,400,1077865   
"OH",1845,415,5288      
"OH",1846,310,88450     
"OH",1846,311,200301    
"OH",1846,316,489.91    
"OH",1846,322,25022.65  
"OH",1846,323,29060     
"OH",1846,331,57505.63  
"OH",1846,334,233232    
"OH",1846,336,5386.43   
"OH",1846,343,16597.16  
"OH",1846,345,3194.28   
"OH",1846,351,703       
"OH",1846,360,5309.17   
"OH",1846,361,27671.02  
"OH",1846,362,19944.28  
"OH",1846,363,25159.18  
"OH",1846,366,19.49     
"OH",1846,369,30635.32  
"OH",1846,393,3825      
"OH",1846,398,3016.3    
"OH",1846,399,2715.69   
"OH",1846,400,1151845   
"OH",1846,411,23416.44  
"OH",1846,413,85001     
"OH",1846,415,144.24    
"OH",1847,310,89918     
"OH",1847,311,201319    
"OH",1847,316,407       
"OH",1847,322,21309     
"OH",1847,323,35220     
"OH",1847,324,255       
"OH",1847,331,51850     
"OH",1847,334,315178    
"OH",1847,336,2390      
"OH",1847,343,10006     
"OH",1847,345,1746      
"OH",1847,351,542       
"OH",1847,361,30247     
"OH",1847,362,23492     
"OH",1847,363,25577     
"OH",1847,364,24        
"OH",1847,365,12784     
"OH",1847,366,639       
"OH",1847,369,49887     
"OH",1847,393,72006     
"OH",1847,395,130       
"OH",1847,398,3379      
"OH",1847,399,3858      
"OH",1847,400,1075192   
"OH",1847,411,23661     
"OH",1847,413,311419    
"OH",1847,414,2066      
"OH",1847,415,33536     
"OH",1848,310,91991     
"OH",1848,311,200631    
"OH",1848,316,470       
"OH",1848,322,22638     
"OH",1848,323,28700     
"OH",1848,324,3862      
"OH",1848,331,79177     
"OH",1848,334,389373    
"OH",1848,336,2629      
"OH",1848,343,11254     
"OH",1848,345,1427      
"OH",1848,351,114       
"OH",1848,361,38935     
"OH",1848,362,25487     
"OH",1848,363,27627     
"OH",1848,364,39        
"OH",1848,365,10018     
"OH",1848,366,1065      
"OH",1848,367,20000     
"OH",1848,369,55065     
"OH",1848,393,5317      
"OH",1848,395,52030     
"OH",1848,398,3306      
"OH",1848,400,1065440   
"OH",1848,410,24513     
"OH",1848,412,298312    
"OH",1848,413,82750     
"OH",1848,464,1580      
"OH",1849,316,488       
"OH",1849,322,18500     
"OH",1849,323,31860     
"OH",1849,324,2043      
"OH",1849,331,14579.08  
"OH",1849,334,2156.41   
"OH",1849,336,445856.87 
"OH",1849,343,14801     
"OH",1849,345,1990      
"OH",1849,351,1755      
"OH",1849,361,57195     
"OH",1849,362,27082     
"OH",1849,363,28374     
"OH",1849,364,1352      
"OH",1849,366,279       
"OH",1849,367,65000     
"OH",1849,369,50361     
"OH",1849,393,97929.28  
"OH",1849,398,6096      
"OH",1849,400,1126984.72
"OH",1849,413,134656.63 
"OH",1849,681,51792.37  
"OH",1849,682,940612.33 
"OH",1850,311,200000    
"OH",1850,316,625       
"OH",1850,322,28750     
"OH",1850,323,26475     
"OH",1850,324,283       
"OH",1850,331,47243     
"OH",1850,336,329595    
"OH",1850,343,17866     
"OH",1850,345,1788      
"OH",1850,351,2928      
"OH",1850,361,63091     
"OH",1850,362,28807     
"OH",1850,363,27707     
"OH",1850,364,31        
"OH",1850,366,33        
"OH",1850,367,70000     
"OH",1850,369,69491     
"OH",1850,393,105803    
"OH",1850,395,13247     
"OH",1850,398,71931     
"OH",1850,400,1194386   
"OH",1850,413,663286    
"OH",1851,310,100346    
"OH",1851,311,198080    
"OH",1851,316,1154      
"OH",1851,322,18982     
"OH",1851,323,3297      
"OH",1851,324,701       
"OH",1851,331,38563     
"OH",1851,336,367560    
"OH",1851,343,30457     
"OH",1851,345,1461      
"OH",1851,351,2286      
"OH",1851,361,69901     
"OH",1851,362,31926     
"OH",1851,363,29622     
"OH",1851,364,172       
"OH",1851,366,339       
"OH",1851,367,85015     
"OH",1851,369,106114    
"OH",1851,395,2125      
"OH",1851,398,105610    
"OH",1851,400,1241081   
"OH",1851,413,264078    
"OH",1852,311,199998    
"OH",1852,316,992       
"OH",1852,322,29250     
"OH",1852,323,86525     
"OH",1852,330,611       
"OH",1852,331,38279     
"OH",1852,334,8874      
"OH",1852,336,429797    
"OH",1852,343,44017     
"OH",1852,345,1673      
"OH",1852,351,3861      
"OH",1852,360,58510     
"OH",1852,361,91240     
"OH",1852,362,8813      
"OH",1852,363,53467     
"OH",1852,364,1000      
"OH",1852,366,3997      
"OH",1852,367,105000    
"OH",1852,369,46541     
"OH",1852,390,46193     
"OH",1852,393,104722    
"OH",1852,400,992635    
"OH",1852,413,384776    
"OH",1852,415,3699      
"OH",1853,311,200002    
"OH",1853,316,1155      
"OH",1853,322,30314     
"OH",1853,323,68699     
"OH",1853,324,1285      
"OH",1853,331,50316     
"OH",1853,336,436075    
"OH",1853,343,45825     
"OH",1853,345,2184      
"OH",1853,351,2739      
"OH",1853,361,79525     
"OH",1853,362,22588     
"OH",1853,363,56094     
"OH",1853,364,3990      
"OH",1853,366,2387      
"OH",1853,367,120160    
"OH",1853,369,80160     
"OH",1853,393,106361    
"OH",1853,395,2107      
"OH",1853,398,14986     
"OH",1853,400,467248    
"OH",1853,413,447879    
"OH",1853,681,3410      
"OH",1854,311,1107219   
"OH",1854,316,52536     
"OH",1854,322,27192     
"OH",1854,323,195357    
"OH",1854,331,24009     
"OH",1854,336,339348    
"OH",1854,343,83466     
"OH",1854,345,4781      
"OH",1854,351,3000      
"OH",1854,361,78994     
"OH",1854,362,33625     
"OH",1854,363,56081     
"OH",1854,364,15        
"OH",1854,365,7097      
"OH",1854,366,23572     
"OH",1854,367,104115    
"OH",1854,369,42161     
"OH",1854,393,112084    
"OH",1854,398,15428     
"OH",1854,400,891402    
"OH",1854,413,698360    
"OH",1855,311,1217470   
"OH",1855,316,85820     
"OH",1855,322,27792     
"OH",1855,323,88931     
"OH",1855,324,0         
"OH",1855,331,2520      
"OH",1855,336,290169    
"OH",1855,343,86459     
"OH",1855,345,4608      
"OH",1855,351,3181      
"OH",1855,361,105       
"OH",1855,362,37066     
"OH",1855,363,57455     
"OH",1855,364,3         
"OH",1855,365,2         
"OH",1855,366,2819      
"OH",1855,369,133754    
"OH",1855,393,123276    
"OH",1855,398,8484      
"OH",1855,400,854069    
"OH",1855,411,14776     
"OH",1855,412,2016      
"OH",1855,413,466681    
"OH",1856,311,1231964   
"OH",1856,316,84009     
"OH",1856,322,46902     
"OH",1856,323,221335    
"OH",1856,324,0         
"OH",1856,336,469706    
"OH",1856,343,95567     
"OH",1856,345,1714      
"OH",1856,351,3249      
"OH",1856,361,73893     
"OH",1856,362,36140     
"OH",1856,363,57801     
"OH",1856,364,2591      
"OH",1856,365,0         
"OH",1856,366,3750      
"OH",1856,367,295149    
"OH",1856,369,44712     
"OH",1856,393,133421    
"OH",1856,395,2609      
"OH",1856,398,74838     
"OH",1856,400,827924    
"OH",1857,311,1207052   
"OH",1857,316,4320      
"OH",1857,321,433       
"OH",1857,322,48325     
"OH",1857,323,125969    
"OH",1857,336,309261    
"OH",1857,343,133705    
"OH",1857,345,1164      
"OH",1857,351,4026      
"OH",1857,361,78152     
"OH",1857,362,29994     
"OH",1857,363,62042     
"OH",1857,364,1863      
"OH",1857,365,1335      
"OH",1857,367,164573    
"OH",1857,369,50593     
"OH",1857,393,141582    
"OH",1857,398,22906     
"OH",1857,400,738319    
"OH",1857,412,497       
"OH",1858,311,1191082   
"OH",1858,316,1403      
"OH",1858,321,330       
"OH",1858,322,40531     
"OH",1858,323,116866    
"OH",1858,336,383010    
"OH",1858,343,141511    
"OH",1858,345,2180      
"OH",1858,351,9029      
"OH",1858,361,77088     
"OH",1858,362,35624     
"OH",1858,363,60348     
"OH",1858,364,8         
"OH",1858,365,9063      
"OH",1858,367,129460    
"OH",1858,369,66065     
"OH",1858,393,149206    
"OH",1858,398,760999    
"OH",1858,400,984409    
"OH",1858,423,12004     
"OH",1859,311,1214021   
"OH",1859,316,80869     
"OH",1859,321,391       
"OH",1859,322,44216     
"OH",1859,323,102768    
"OH",1859,331,14772     
"OH",1859,334,236565    
"OH",1859,336,80944     
"OH",1859,343,163666    
"OH",1859,345,3330      
"OH",1859,351,3246      
"OH",1859,361,72392     
"OH",1859,362,46866     
"OH",1859,363,77428     
"OH",1859,364,0         
"OH",1859,365,12938     
"OH",1859,366,3000      
"OH",1859,367,75159     
"OH",1859,369,71068     
"OH",1859,393,153810    
"OH",1859,398,119894    
"OH",1859,400,911288    
"OH",1859,413,63920     
"OH",1860,310,157263    
"OH",1860,311,78896     
"OH",1860,321,156187    
"OH",1860,331,19053     
"OH",1860,334,292393    
"OH",1860,336,14371     
"OH",1860,343,134478    
"OH",1860,345,6656      
"OH",1860,351,5028      
"OH",1860,361,61966     
"OH",1860,362,42579     
"OH",1860,363,70020     
"OH",1860,364,2611      
"OH",1860,365,8214      
"OH",1860,366,5239      
"OH",1860,367,75463     
"OH",1860,369,61371     
"OH",1860,395,1250833   
"OH",1860,398,54865     
"OH",1860,400,864400    
"OH",1860,412,5601      
"OH",1860,413,296166    
"OH",1860,414,18234     
"OH",1861,311,1210191   
"OH",1861,321,209248    
"OH",1861,331,21588     
"OH",1861,334,125672    
"OH",1861,336,77941     
"OH",1861,341,32682     
"OH",1861,343,33698     
"OH",1861,345,874802    
"OH",1861,362,140948    
"OH",1861,363,102475    
"OH",1861,364,1622      
"OH",1861,365,1476      
"OH",1861,366,6128      
"OH",1861,367,117403    
"OH",1861,369,690354    
"OH",1861,390,484       
"OH",1861,398,50831     
"OH",1861,400,1054687   
"OH",1861,412,2042      
"OH",1861,413,565000    
"OH",1862,310,168305    
"OH",1862,311,1207922   
"OH",1862,321,193952    
"OH",1862,331,18391     
"OH",1862,336,103009    
"OH",1862,343,131207    
"OH",1862,345,1659833   
"OH",1862,351,1607      
"OH",1862,362,123453    
"OH",1862,363,79846     
"OH",1862,365,914       
"OH",1862,367,9765      
"OH",1862,369,43658     
"OH",1862,393,380100    
"OH",1862,398,21084     
"OH",1862,400,874390    
"OH",1862,413,851984    
"OH",1863,310,173663    
"OH",1863,311,1140746   
"OH",1863,316,604       
"OH",1863,321,684146    
"OH",1863,331,19886     
"OH",1863,334,42        
"OH",1863,336,20459     
"OH",1863,343,127005    
"OH",1863,345,1237916   
"OH",1863,351,736       
"OH",1863,361,66968     
"OH",1863,362,47173     
"OH",1863,363,81820     
"OH",1863,365,1063      
"OH",1863,366,186       
"OH",1863,367,10179     
"OH",1863,369,56331     
"OH",1863,398,16079     
"OH",1863,400,830310    
"OH",1863,413,584746    
"OH",1864,311,1220842   
"OH",1864,321,1159838   
"OH",1864,322,38122     
"OH",1864,331,19539     
"OH",1864,336,14262     
"OH",1864,343,132030    
"OH",1864,345,2373590   
"OH",1864,351,5495      
"OH",1864,361,45842     
"OH",1864,362,56568     
"OH",1864,363,72437     
"OH",1864,365,1350      
"OH",1864,367,13513     
"OH",1864,369,75701     
"OH",1864,398,9413      
"OH",1864,400,792366    
"OH",1864,412,48052     
"OH",1864,413,405465    
"OH",1865,310,190421    
"OH",1865,311,1285846   
"OH",1865,321,2455107   
"OH",1865,331,25089     
"OH",1865,336,9967      
"OH",1865,343,138712    
"OH",1865,345,5731511   
"OH",1865,361,52873     
"OH",1865,362,140058    
"OH",1865,363,80481     
"OH",1865,365,1350      
"OH",1865,367,19680     
"OH",1865,369,182669    
"OH",1865,390,441       
"OH",1865,393,766897    
"OH",1865,398,625       
"OH",1865,400,779649    
"OH",1865,413,565020    
"OH",1866,310,195418    
"OH",1866,311,1353280   
"OH",1866,320,4125      
"OH",1866,321,1164950.46
"OH",1866,322,226252    
"OH",1866,323,320543    
"OH",1866,325,54000     
"OH",1866,331,21749     
"OH",1866,336,9874      
"OH",1866,343,232876    
"OH",1866,345,646984    
"OH",1866,351,3612      
"OH",1866,361,136544    
"OH",1866,362,51086     
"OH",1866,363,1610      
"OH",1866,365,1300      
"OH",1866,367,20820     
"OH",1866,369,206172    
"OH",1866,398,1848      
"OH",1866,400,766058    
"OH",1866,412,2344      
"OH",1866,413,1105457   
"OH",1866,415,1279      
"OH",1867,310,199980.47 
"OH",1867,311,1469936   
"OH",1867,320,5000      
"OH",1867,321,1754      
"OH",1867,322,251841    
"OH",1867,323,444206    
"OH",1867,324,16000     
"OH",1867,331,20971     
"OH",1867,333,4030      
"OH",1867,336,11292     
"OH",1867,343,237771    
"OH",1867,345,423758.46 
"OH",1867,351,3580      
"OH",1867,361,73999     
"OH",1867,362,45963     
"OH",1867,363,92018     
"OH",1867,365,1650      
"OH",1867,367,16567     
"OH",1867,369,164763    
"OH",1867,390,185130    
"OH",1867,400,690125.76 
"OH",1867,412,1672      
"OH",1867,413,774747    
"OH",1867,415,287       
"OH",1868,310,202605    
"OH",1868,311,1426869   
"OH",1868,321,1833      
"OH",1868,322,213063    
"OH",1868,323,551043    
"OH",1868,324,30425     
"OH",1868,331,26329     
"OH",1868,336,15038     
"OH",1868,342,1200      
"OH",1868,343,209349    
"OH",1868,345,44947     
"OH",1868,351,3975      
"OH",1868,362,222877    
"OH",1868,363,57340     
"OH",1868,364,2161      
"OH",1868,367,81635     
"OH",1868,369,128181    
"OH",1868,390,88792     
"OH",1868,398,1422      
"OH",1868,400,665326    
"OH",1868,413,499266    
"OH",1869,310,205595    
"OH",1869,311,1424734   
"OH",1869,321,3789      
"OH",1869,322,134558    
"OH",1869,323,583186    
"OH",1869,324,8311      
"OH",1869,331,22069.69  
"OH",1869,336,25383     
"OH",1869,343,317155    
"OH",1869,345,41910     
"OH",1869,351,4028      
"OH",1869,361,125602    
"OH",1869,362,54338     
"OH",1869,363,145888    
"OH",1869,366,81077     
"OH",1869,367,26151     
"OH",1869,369,134954    
"OH",1869,390,29355     
"OH",1869,398,236.17    
"OH",1869,400,630669    
"OH",1869,413,676737    
"OH",1870,311,1461504   
"OH",1870,321,3789      
"OH",1870,322,153876    
"OH",1870,323,555614    
"OH",1870,324,63707     
"OH",1870,331,19516     
"OH",1870,336,46231     
"OH",1870,343,284272    
"OH",1870,345,29636     
"OH",1870,351,2025      
"OH",1870,361,100120    
"OH",1870,362,40248     
"OH",1870,363,131839    
"OH",1870,369,188864    
"OH",1870,390,30299     
"OH",1870,392,438       
"OH",1870,398,6         
"OH",1870,400,586182    
"OH",1870,413,123860    
"OH",1870,415,291       
"OH",1871,310,207565    
"OH",1871,311,1458198   
"OH",1871,320,5592      
"OH",1871,321,4242      
"OH",1871,322,188951    
"OH",1871,323,713697    
"OH",1871,324,74354     
"OH",1871,331,19031     
"OH",1871,336,47026     
"OH",1871,343,301972    
"OH",1871,345,79569     
"OH",1871,351,6627      
"OH",1871,361,123365    
"OH",1871,362,38035     
"OH",1871,363,148343    
"OH",1871,365,13518     
"OH",1871,367,22855     
"OH",1871,369,188877    
"OH",1871,390,229       
"OH",1871,395,36480     
"OH",1871,400,588055    
"OH",1871,401,1500      
"OH",1871,412,11588.25  
"OH",1871,413,774777    
"OH",1871,414,169       
"OH",1872,310,216853    
"OH",1872,311,1481309   
"OH",1872,316,4352      
"OH",1872,321,3681      
"OH",1872,322,207348    
"OH",1872,323,788048    
"OH",1872,324,36953     
"OH",1872,331,13368     
"OH",1872,336,77166     
"OH",1872,343,327819    
"OH",1872,345,179012    
"OH",1872,351,5040      
"OH",1872,361,117052    
"OH",1872,362,37078     
"OH",1872,363,152492    
"OH",1872,364,2620      
"OH",1872,365,1978      
"OH",1872,367,28033     
"OH",1872,369,177842    
"OH",1872,395,44        
"OH",1872,398,2737      
"OH",1872,400,535184    
"OH",1872,401,2200      
"OH",1872,412,5124      
"OH",1872,413,496483    
"OH",1873,310,210310    
"OH",1873,311,1503175   
"OH",1873,321,2064      
"OH",1873,322,218429    
"OH",1873,323,1188478   
"OH",1873,324,100       
"OH",1873,331,23724     
"OH",1873,336,71182     
"OH",1873,343,344704    
"OH",1873,345,215304    
"OH",1873,351,1231      
"OH",1873,361,119239    
"OH",1873,362,40501     
"OH",1873,363,154544    
"OH",1873,364,1586      
"OH",1873,365,1830      
"OH",1873,366,55        
"OH",1873,367,39965     
"OH",1873,369,244880    
"OH",1873,395,71000     
"OH",1873,398,64966     
"OH",1873,400,501548    
"OH",1873,401,7600      
"OH",1873,413,327306    
"OH",1873,415,2         
"OH",1874,310,212330.61 
"OH",1874,311,1487966   
"OH",1874,313,34859.64  
"OH",1874,321,1906      
"OH",1874,322,202850    
"OH",1874,323,1315963   
"OH",1874,324,100       
"OH",1874,331,25782     
"OH",1874,333,317       
"OH",1874,336,62561     
"OH",1874,343,361966    
"OH",1874,345,85203     
"OH",1874,351,3820      
"OH",1874,361,101160    
"OH",1874,362,40204     
"OH",1874,363,153252    
"OH",1874,365,117       
"OH",1874,366,1000      
"OH",1874,367,23863     
"OH",1874,369,202632    
"OH",1874,392,4600      
"OH",1874,398,129453    
"OH",1874,400,502244    
"OH",1874,413,181188    
"OH",1875,310,215718.85 
"OH",1875,311,1579383   
"OH",1875,313,10162.04  
"OH",1875,321,1067      
"OH",1875,322,143260    
"OH",1875,323,1011756   
"OH",1875,330,540       
"OH",1875,331,21724     
"OH",1875,334,263       
"OH",1875,336,49767     
"OH",1875,343,441793    
"OH",1875,345,160572    
"OH",1875,351,3997      
"OH",1875,361,112029    
"OH",1875,362,42016     
"OH",1875,363,177910    
"OH",1875,366,13748     
"OH",1875,367,16024     
"OH",1875,369,170680    
"OH",1875,392,27000     
"OH",1875,398,24433     
"OH",1875,400,497084    
"OH",1875,413,20090     
"OH",1876,310,201102.04 
"OH",1876,311,1635475   
"OH",1876,313,40607.79  
"OH",1876,316,10919     
"OH",1876,321,2313      
"OH",1876,322,130205    
"OH",1876,323,778682    
"OH",1876,331,9350.2    
"OH",1876,333,5605      
"OH",1876,334,543       
"OH",1876,336,61045     
"OH",1876,343,446104    
"OH",1876,345,131559    
"OH",1876,351,11232     
"OH",1876,361,100222    
"OH",1876,362,178651    
"OH",1876,363,179718    
"OH",1876,366,16059     
"OH",1876,367,28183     
"OH",1876,369,46436     
"OH",1876,392,8000      
"OH",1876,398,22690     
"OH",1876,400,458997    
"OH",1876,413,1474207   
"OH",1879,310,223449.33 
"OH",1879,311,1567110   
"OH",1879,313,42658.93  
"OH",1879,316,4713      
"OH",1879,321,4774      
"OH",1879,322,131911    
"OH",1879,323,689949    
"OH",1879,333,2118      
"OH",1879,336,211784    
"OH",1879,343,477549    
"OH",1879,345,261909    
"OH",1879,351,8970      
"OH",1879,361,171103    
"OH",1879,362,175455    
"OH",1879,363,189157    
"OH",1879,366,54638     
"OH",1879,369,11362     
"OH",1879,398,7356      
"OH",1879,400,393580.82 
"OH",1880,310,225200.48 
"OH",1880,311,1569851   
"OH",1880,313,38222.04  
"OH",1880,316,5134      
"OH",1880,321,8919      
"OH",1880,322,131948    
"OH",1880,323,781422    
"OH",1880,333,1519      
"OH",1880,334,297       
"OH",1880,336,238818    
"OH",1880,343,485090    
"OH",1880,345,226098    
"OH",1880,351,10213     
"OH",1880,361,116838    
"OH",1880,362,109110    
"OH",1880,363,207463    
"OH",1880,369,94522     
"OH",1880,398,3799      
"OH",1880,400,397000    
"OH",1881,310,226117.73 
"OH",1881,311,1521081   
"OH",1881,313,52598.37  
"OH",1881,316,6976      
"OH",1881,321,2548      
"OH",1881,322,122289    
"OH",1881,323,764198    
"OH",1881,331,7476      
"OH",1881,333,2476      
"OH",1881,334,317       
"OH",1881,336,219838    
"OH",1881,343,470471    
"OH",1881,345,206900    
"OH",1881,351,10888     
"OH",1881,362,134623    
"OH",1881,363,198421    
"OH",1881,364,572       
"OH",1881,365,46377     
"OH",1881,366,123547    
"OH",1881,369,71452     
"OH",1881,398,2595      
"OH",1881,400,398026    
"OH",1881,413,1161438   
"OH",1882,310,227531.17 
"OH",1882,311,1599228   
"OH",1882,313,48325.97  
"OH",1882,316,5911      
"OH",1882,321,3072      
"OH",1882,322,135495    
"OH",1882,323,869761    
"OH",1882,331,3996      
"OH",1882,333,2621      
"OH",1882,334,143       
"OH",1882,336,224723    
"OH",1882,343,496740    
"OH",1882,345,212403    
"OH",1882,350,1144      
"OH",1882,351,12516     
"OH",1882,362,141369    
"OH",1882,363,204710    
"OH",1882,366,110477    
"OH",1882,369,721102    
"OH",1882,398,42600     
"OH",1882,400,269323    
"OH",1882,413,300000    
"OH",1883,310,229509.04 
"OH",1883,311,1628096   
"OH",1883,313,73297.38  
"OH",1883,316,9791      
"OH",1883,321,8802      
"OH",1883,322,143573    
"OH",1883,323,834061    
"OH",1883,331,3321      
"OH",1883,333,4545      
"OH",1883,334,127       
"OH",1883,336,278631    
"OH",1883,343,454294    
"OH",1883,345,254878    
"OH",1883,350,1865      
"OH",1883,351,24050     
"OH",1883,362,106778    
"OH",1883,363,215028    
"OH",1883,366,112748    
"OH",1883,369,68934     
"OH",1883,398,11794     
"OH",1883,400,243699    
"OH",1883,413,379000    
"OH",1884,310,231836.36 
"OH",1884,311,1609022   
"OH",1884,313,55223.47  
"OH",1884,316,9559      
"OH",1884,320,100000    
"OH",1884,321,4100      
"OH",1884,322,352786    
"OH",1884,323,720840    
"OH",1884,325,131606    
"OH",1884,331,3279      
"OH",1884,333,6048      
"OH",1884,334,119       
"OH",1884,336,307512    
"OH",1884,343,521889    
"OH",1884,345,105811    
"OH",1884,351,22726     
"OH",1884,362,116937    
"OH",1884,363,346617    
"OH",1884,365,95        
"OH",1884,369,171047    
"OH",1884,398,2951      
"OH",1884,400,233432    
"OH",1884,413,423595    
"OH",1885,310,233573.59 
"OH",1885,311,1629779   
"OH",1885,313,43025.53  
"OH",1885,316,8593      
"OH",1885,321,4147      
"OH",1885,322,155940    
"OH",1885,323,990375    
"OH",1885,333,5798      
"OH",1885,334,190       
"OH",1885,336,275031    
"OH",1885,343,628917    
"OH",1885,345,297799    
"OH",1885,350,2396      
"OH",1885,351,36308     
"OH",1885,361,117425    
"OH",1885,362,99979     
"OH",1885,363,280458    
"OH",1885,365,455       
"OH",1885,367,17812     
"OH",1885,369,79208     
"OH",1885,398,26561.26  
"OH",1885,400,210889    
"OH",1885,413,382650    
"OH",1886,310,236439.24 
"OH",1886,311,1649691   
"OH",1886,313,56877.85  
"OH",1886,316,9265      
"OH",1886,321,3477      
"OH",1886,322,150537    
"OH",1886,323,997351    
"OH",1886,333,6084      
"OH",1886,334,349       
"OH",1886,336,254541    
"OH",1886,341,127344    
"OH",1886,343,579567    
"OH",1886,345,158272    
"OH",1886,350,2728      
"OH",1886,351,80315     
"OH",1886,361,145534    
"OH",1886,362,98377     
"OH",1886,363,288835    
"OH",1886,365,1352      
"OH",1886,366,2818      
"OH",1886,367,21168     
"OH",1886,369,129064    
"OH",1886,398,300       
"OH",1886,400,196183    
"OH",1886,413,375000    
"OH",1887,310,236481.25 
"OH",1887,311,1713622   
"OH",1887,313,61589.92  
"OH",1887,316,10304     
"OH",1887,321,3925      
"OH",1887,322,145378    
"OH",1887,323,988163    
"OH",1887,333,5202      
"OH",1887,334,118       
"OH",1887,336,235210    
"OH",1887,341,108260    
"OH",1887,343,549451    
"OH",1887,345,260165    
"OH",1887,350,1561      
"OH",1887,351,60241     
"OH",1887,361,120192    
"OH",1887,362,95973     
"OH",1887,363,294775    
"OH",1887,365,2211      
"OH",1887,366,6477      
"OH",1887,367,23535     
"OH",1887,369,103190    
"OH",1887,398,10265     
"OH",1887,400,155653    
"OH",1887,413,1093225   
"OH",1888,245,54668     
"OH",1888,310,237488.99 
"OH",1888,311,1661494   
"OH",1888,313,63530.07  
"OH",1888,316,10004     
"OH",1888,321,3711      
"OH",1888,322,157512    
"OH",1888,323,1030192   
"OH",1888,333,5503      
"OH",1888,334,165       
"OH",1888,336,253240    
"OH",1888,341,126841    
"OH",1888,343,574092    
"OH",1888,345,332019    
"OH",1888,351,26710     
"OH",1888,355,2226      
"OH",1888,361,124424    
"OH",1888,362,93658     
"OH",1888,363,297197    
"OH",1888,365,978       
"OH",1888,366,4996      
"OH",1888,367,20606     
"OH",1888,369,101245    
"OH",1888,390,47370     
"OH",1888,398,80242     
"OH",1888,400,107896    
"OH",1888,413,619800    
"OH",1889,310,240163.44 
"OH",1889,311,1707879   
"OH",1889,313,96049.52  
"OH",1889,316,9304      
"OH",1889,321,3451      
"OH",1889,322,121365    
"OH",1889,323,1102049   
"OH",1889,333,6470      
"OH",1889,334,8974      
"OH",1889,336,208538    
"OH",1889,340,111199    
"OH",1889,341,103047    
"OH",1889,343,406800    
"OH",1889,345,471659    
"OH",1889,350,1859      
"OH",1889,351,41362     
"OH",1889,361,147103    
"OH",1889,362,97724     
"OH",1889,363,311975    
"OH",1889,365,300       
"OH",1889,366,2628      
"OH",1889,367,43204     
"OH",1889,369,94296     
"OH",1889,380,12107     
"OH",1889,398,110000    
"OH",1889,400,91200     
"OH",1889,413,250000    
"OH",1890,310,241506.18 
"OH",1890,311,1741492   
"OH",1890,313,40011.55  
"OH",1890,316,11254     
"OH",1890,321,3391      
"OH",1890,322,163306    
"OH",1890,323,1042582   
"OH",1890,325,396894    
"OH",1890,333,4457      
"OH",1890,334,14747     
"OH",1890,336,201823    
"OH",1890,341,105105    
"OH",1890,343,466681    
"OH",1890,345,32923     
"OH",1890,350,6221      
"OH",1890,351,134501    
"OH",1890,361,138705    
"OH",1890,362,107316    
"OH",1890,363,315809    
"OH",1890,365,582       
"OH",1890,366,3600      
"OH",1890,367,23273     
"OH",1890,369,193666    
"OH",1890,380,12130     
"OH",1890,398,225800    
"OH",1890,400,83700     
"OH",1890,413,255000    
"OH",1891,310,243323.26 
"OH",1891,311,1896138   
"OH",1891,313,114078.45 
"OH",1891,316,11737     
"OH",1891,321,4298      
"OH",1891,322,177879    
"OH",1891,323,1029045   
"OH",1891,325,368091    
"OH",1891,333,5614      
"OH",1891,334,18711     
"OH",1891,336,196339    
"OH",1891,341,103279    
"OH",1891,343,634273    
"OH",1891,345,26763     
"OH",1891,350,1084      
"OH",1891,351,35274     
"OH",1891,361,146634    
"OH",1891,362,106092    
"OH",1891,363,314256    
"OH",1891,365,356       
"OH",1891,366,28889     
"OH",1891,367,21704     
"OH",1891,369,206019    
"OH",1891,380,12173     
"OH",1891,398,120       
"OH",1891,400,76200     
"OH",1891,401,67740     
"OH",1891,413,250000    
"OH",1892,310,243927.69 
"OH",1892,311,1710566   
"OH",1892,313,149664.08 
"OH",1892,316,12578     
"OH",1892,321,5396      
"OH",1892,322,239800    
"OH",1892,323,1069214   
"OH",1892,333,8630      
"OH",1892,334,15100     
"OH",1892,336,210393    
"OH",1892,341,91247     
"OH",1892,343,613080    
"OH",1892,345,380279    
"OH",1892,351,133388    
"OH",1892,361,132595    
"OH",1892,362,81582     
"OH",1892,363,7999      
"OH",1892,365,435       
"OH",1892,366,2209      
"OH",1892,367,30796     
"OH",1892,369,526397    
"OH",1892,380,12361     
"OH",1892,396,3881      
"OH",1892,398,142980    
"OH",1892,400,69141     
"OH",1892,413,250000    
"OH",1893,310,243580.07 
"OH",1893,311,1713562   
"OH",1893,313,154400.02 
"OH",1893,316,14232     
"OH",1893,321,4056      
"OH",1893,322,289633    
"OH",1893,323,1054888   
"OH",1893,325,352175    
"OH",1893,333,7260      
"OH",1893,334,12572     
"OH",1893,336,180467    
"OH",1893,341,104722    
"OH",1893,343,567211    
"OH",1893,345,36086     
"OH",1893,351,76667     
"OH",1893,361,137518    
"OH",1893,362,80029     
"OH",1893,363,321257    
"OH",1893,365,533       
"OH",1893,366,2125      
"OH",1893,367,41100     
"OH",1893,369,317780    
"OH",1893,380,15526     
"OH",1893,398,135139    
"OH",1893,400,61351     
"OH",1893,401,7700      
"OH",1893,413,250000    
"OH",1894,310,244393.85 
"OH",1894,311,1717305   
"OH",1894,313,157712.13 
"OH",1894,316,13666     
"OH",1894,321,5033      
"OH",1894,322,1354673   
"OH",1894,323,143988    
"OH",1894,325,330529    
"OH",1894,333,11327     
"OH",1894,334,10183     
"OH",1894,336,275984    
"OH",1894,341,35417     
"OH",1894,343,532409    
"OH",1894,345,28068     
"OH",1894,351,149091    
"OH",1894,361,150213    
"OH",1894,362,81175     
"OH",1894,363,319643    
"OH",1894,365,606       
"OH",1894,366,2087      
"OH",1894,367,31131     
"OH",1894,369,287330    
"OH",1894,380,19233     
"OH",1894,398,168526    
"OH",1894,400,56412     
"OH",1894,401,7400      
"OH",1894,413,250000    
"OH",1895,310,          
"OH",1895,311,1729361   
"OH",1895,313,121188    
"OH",1895,316,13968     
"OH",1895,321,4745      
"OH",1895,322,1294563   
"OH",1895,323,148651    
"OH",1895,333,14259     
"OH",1895,334,8654      
"OH",1895,336,181478    
"OH",1895,341,137247    
"OH",1895,343,566270    
"OH",1895,345,370765    
"OH",1895,350,3091      
"OH",1895,351,112609    
"OH",1895,361,87203     
"OH",1895,362,73709     
"OH",1895,363,335044    
"OH",1895,366,2062      
"OH",1895,367,18615     
"OH",1895,369,207158    
"OH",1895,380,20110     
"OH",1895,398,140107    
"OH",1895,400,596890    
"OH",1896,310,248853.01 
"OH",1896,311,1747551   
"OH",1896,313,163247.82 
"OH",1896,316,12301     
"OH",1896,321,4743      
"OH",1896,322,1265498   
"OH",1896,323,163418    
"OH",1896,325,364134    
"OH",1896,333,13710     
"OH",1896,334,8099      
"OH",1896,336,197632    
"OH",1896,341,141731    
"OH",1896,343,633894    
"OH",1896,345,23571     
"OH",1896,351,119905    
"OH",1896,361,159706    
"OH",1896,362,89310     
"OH",1896,363,338511    
"OH",1896,365,1110      
"OH",1896,366,2250      
"OH",1896,367,33295     
"OH",1896,369,403573    
"OH",1896,380,22761     
"OH",1896,398,133974    
"OH",1896,400,56514     
"OH",1896,401,6800      
"OH",1896,413,250000    
"OH",1897,310,256138.02 
"OH",1897,311,1767929   
"OH",1897,313,232068.17 
"OH",1897,316,14640     
"OH",1897,321,5138      
"OH",1897,322,1658257   
"OH",1897,323,159673    
"OH",1897,325,411333    
"OH",1897,333,16086     
"OH",1897,334,8795      
"OH",1897,336,195364    
"OH",1897,341,145891    
"OH",1897,343,790214    
"OH",1897,345,18155     
"OH",1897,351,100270    
"OH",1897,361,96492     
"OH",1897,362,90239     
"OH",1897,363,338991    
"OH",1897,365,296       
"OH",1897,366,2100      
"OH",1897,367,17411     
"OH",1897,369,169654    
"OH",1897,380,18960     
"OH",1897,398,154819    
"OH",1897,400,46200     
"OH",1897,401,6500      
"OH",1897,413,250000    
"OH",1898,310,276576.96 
"OH",1898,311,1771123   
"OH",1898,313,282247    
"OH",1898,365,389       
"OH",1898,369,1313      
"OH",1898,400,38948     
"OH",1898,401,7536      
"OH",1898,413,250000    
"OH",1898,999,5030720   
"OH",1899,310,245749.82 
"OH",1899,311,1806471   
"OH",1899,313,278196.07 
"OH",1899,316,17857     
"OH",1899,321,4776      
"OH",1899,322,1723897   
"OH",1899,323,248814    
"OH",1899,325,401893    
"OH",1899,333,16744     
"OH",1899,334,8471      
"OH",1899,336,197393    
"OH",1899,341,105293    
"OH",1899,343,742256    
"OH",1899,345,39323     
"OH",1899,350,4794      
"OH",1899,351,105322    
"OH",1899,353,7204      
"OH",1899,361,94626     
"OH",1899,362,96271     
"OH",1899,363,364238    
"OH",1899,365,4377      
"OH",1899,366,1675      
"OH",1899,367,24287     
"OH",1899,369,343326    
"OH",1899,380,17217     
"OH",1899,398,108668    
"OH",1899,400,37235     
"OH",1899,401,5900      
"OH",1899,413,240000    
"OH",1900,310,8044      
"OH",1900,311,1774169   
"OH",1900,313,214929    
"OH",1900,316,20073     
"OH",1900,321,5156      
"OH",1900,322,1794617   
"OH",1900,323,194582    
"OH",1900,325,399441    
"OH",1900,333,15643     
"OH",1900,334,8780      
"OH",1900,336,203955    
"OH",1900,341,237877    
"OH",1900,343,724762    
"OH",1900,345,36944     
"OH",1900,351,97923     
"OH",1900,353,8367      
"OH",1900,361,157027    
"OH",1900,362,113336    
"OH",1900,363,349071    
"OH",1900,365,609       
"OH",1900,366,10900     
"OH",1900,367,25369     
"OH",1900,369,364798    
"OH",1900,380,15667     
"OH",1900,398,109163    
"OH",1900,400,309784    
"OH",1900,401,11600     
"OH",1900,413,300000    
"OH",1900,999,195317    
"OH",1901,310,12537     
"OH",1901,311,1785237   
"OH",1901,313,334200    
"OH",1901,316,22768     
"OH",1901,321,5244      
"OH",1901,322,1851611   
"OH",1901,323,286459    
"OH",1901,325,418240    
"OH",1901,333,14224     
"OH",1901,334,8636      
"OH",1901,336,240123    
"OH",1901,341,138301    
"OH",1901,343,705617    
"OH",1901,345,20004     
"OH",1901,351,121162    
"OH",1901,353,8968      
"OH",1901,361,95968     
"OH",1901,362,107918    
"OH",1901,363,355177    
"OH",1901,365,571       
"OH",1901,366,3390      
"OH",1901,367,31282     
"OH",1901,369,576396    
"OH",1901,380,17238     
"OH",1901,398,134886    
"OH",1901,400,299422    
"OH",1901,401,15300     
"OH",1901,413,250000    
"OH",1901,999,12735     
"OH",1902,310,11785     
"OH",1902,311,1839734   
"OH",1902,313,322330    
"OH",1902,316,20783     
"OH",1902,321,6286      
"OH",1902,322,1792193   
"OH",1902,323,305251    
"OH",1902,325,403794    
"OH",1902,333,14353     
"OH",1902,334,9273      
"OH",1902,336,217712    
"OH",1902,341,260864    
"OH",1902,342,50134     
"OH",1902,343,687527    
"OH",1902,345,20919     
"OH",1902,351,150500    
"OH",1902,353,15007     
"OH",1902,361,296129    
"OH",1902,362,119255    
"OH",1902,363,366909    
"OH",1902,365,557       
"OH",1902,366,32067     
"OH",1902,367,57992     
"OH",1902,369,284977    
"OH",1902,380,23575     
"OH",1902,398,107887    
"OH",1902,400,298145    
"OH",1902,413,250000    
"OH",1902,999,1065      
"OH",1903,310,18204     
"OH",1903,311,1878389   
"OH",1903,313,539845    
"OH",1903,316,28992     
"OH",1903,321,5868      
"OH",1903,322,2153215   
"OH",1903,323,297622    
"OH",1903,325,438559    
"OH",1903,333,16580     
"OH",1903,334,9402      
"OH",1903,336,256779    
"OH",1903,341,159132    
"OH",1903,342,62985     
"OH",1903,343,700849    
"OH",1903,345,19128     
"OH",1903,351,166375    
"OH",1903,353,18172     
"OH",1903,361,22410     
"OH",1903,362,121825    
"OH",1903,363,386167    
"OH",1903,366,2012      
"OH",1903,367,38645     
"OH",1903,369,363197    
"OH",1903,380,27090     
"OH",1903,398,113104    
"OH",1903,400,288665    
"OH",1903,413,200000    
"OH",1903,999,-9949     
"OH",1904,310,13023     
"OH",1904,311,2124904   
"OH",1904,313,394464    
"OH",1904,316,26398     
"OH",1904,321,6131      
"OH",1904,322,2065710   
"OH",1904,323,298842    
"OH",1904,325,423994    
"OH",1904,333,16779     
"OH",1904,334,9222      
"OH",1904,336,202251    
"OH",1904,341,249032    
"OH",1904,342,70690     
"OH",1904,343,790158    
"OH",1904,345,36639     
"OH",1904,351,177851    
"OH",1904,353,20496     
"OH",1904,361,282169    
"OH",1904,362,144595    
"OH",1904,363,388137    
"OH",1904,366,2375      
"OH",1904,367,52437     
"OH",1904,369,608605    
"OH",1904,380,27915     
"OH",1904,398,131288    
"OH",1904,400,283369    
"OH",1904,999,-11238    
"OH",1905,310,15928     
"OH",1905,311,2136698   
"OH",1905,313,430577    
"OH",1905,316,37534     
"OH",1905,321,6959      
"OH",1905,322,2168075   
"OH",1905,323,255707    
"OH",1905,324,33255     
"OH",1905,325,414449    
"OH",1905,333,17380     
"OH",1905,334,9837      
"OH",1905,336,279749    
"OH",1905,341,269267    
"OH",1905,343,780481    
"OH",1905,344,62904     
"OH",1905,345,21404     
"OH",1905,351,212958    
"OH",1905,353,21965     
"OH",1905,361,23153     
"OH",1905,362,146511    
"OH",1905,363,422629    
"OH",1905,367,51630     
"OH",1905,369,588225    
"OH",1905,380,28108     
"OH",1905,398,132906    
"OH",1905,400,289607    
"OH",1905,999,8600      
"OH",1906,241,342691    
"OH",1906,310,7770      
"OH",1906,311,2146920   
"OH",1906,313,460098    
"OH",1906,316,28225     
"OH",1906,321,6242      
"OH",1906,322,1812164   
"OH",1906,323,267432    
"OH",1906,325,655136    
"OH",1906,333,17649     
"OH",1906,334,4881      
"OH",1906,336,425498    
"OH",1906,339,6836      
"OH",1906,340,84538     
"OH",1906,342,53637     
"OH",1906,343,728854    
"OH",1906,345,25886     
"OH",1906,351,194175    
"OH",1906,353,21618     
"OH",1906,361,280990    
"OH",1906,362,151099    
"OH",1906,363,441619    
"OH",1906,367,48015     
"OH",1906,369,678809    
"OH",1906,380,27128     
"OH",1906,398,113181    
"OH",1906,400,294153    
"OH",1906,999,3157      
"OH",1907,310,20075     
"OH",1907,311,2211672   
"OH",1907,313,835975    
"OH",1907,316,34534     
"OH",1907,320,48981     
"OH",1907,321,5821      
"OH",1907,322,2051933   
"OH",1907,323,229417    
"OH",1907,325,422657    
"OH",1907,331,114874    
"OH",1907,333,44160     
"OH",1907,336,623766    
"OH",1907,340,22924     
"OH",1907,341,320437    
"OH",1907,342,55792     
"OH",1907,343,743216    
"OH",1907,344,75964     
"OH",1907,345,24813     
"OH",1907,351,249504    
"OH",1907,353,21996     
"OH",1907,361,22282     
"OH",1907,362,150595    
"OH",1907,363,476411    
"OH",1907,367,38312     
"OH",1907,369,293918    
"OH",1907,380,30319     
"OH",1907,398,100625    
"OH",1907,400,295174    
"OH",1907,999,-10532    
"OH",1908,310,17748     
"OH",1908,311,2435854   
"OH",1908,313,908235    
"OH",1908,316,36308     
"OH",1908,320,227087    
"OH",1908,321,7801      
"OH",1908,322,2234783   
"OH",1908,323,182334    
"OH",1908,325,497773    
"OH",1908,331,289881    
"OH",1908,333,40965     
"OH",1908,336,644038    
"OH",1908,340,27705     
"OH",1908,341,270576    
"OH",1908,342,62068     
"OH",1908,343,861620    
"OH",1908,344,99422     
"OH",1908,345,37419     
"OH",1908,351,214419    
"OH",1908,353,25822     
"OH",1908,361,306914    
"OH",1908,362,178449    
"OH",1908,363,484656    
"OH",1908,367,53885     
"OH",1908,369,881760    
"OH",1908,380,31565     
"OH",1908,398,130880    
"OH",1908,400,309864    
"OH",1908,999,15665     
"OH",1909,310,9228      
"OH",1909,311,2353626   
"OH",1909,313,992823    
"OH",1909,316,30620     
"OH",1909,320,266233    
"OH",1909,321,9865      
"OH",1909,322,2810699   
"OH",1909,323,227498    
"OH",1909,325,616585    
"OH",1909,331,423948    
"OH",1909,333,41490     
"OH",1909,336,627026    
"OH",1909,340,35209     
"OH",1909,341,428747    
"OH",1909,342,64962     
"OH",1909,343,957568    
"OH",1909,344,106638    
"OH",1909,345,32595     
"OH",1909,351,336857    
"OH",1909,353,29866     
"OH",1909,361,234922    
"OH",1909,362,200026    
"OH",1909,363,527784    
"OH",1909,367,43027     
"OH",1909,369,424510    
"OH",1909,370,29685     
"OH",1909,380,33350     
"OH",1909,398,134235    
"OH",1909,400,307923    
"OH",1909,999,-22026    
"OH",1910,310,10921     
"OH",1910,311,2424357   
"OH",1910,313,964581    
"OH",1910,316,42023     
"OH",1910,320,137187    
"OH",1910,321,14846     
"OH",1910,322,2563990   
"OH",1910,323,250903    
"OH",1910,325,529228    
"OH",1910,331,498179    
"OH",1910,333,43843     
"OH",1910,336,383029    
"OH",1910,340,29525     
"OH",1910,341,381038    
"OH",1910,342,57501     
"OH",1910,343,1143581   
"OH",1910,344,125152    
"OH",1910,345,25886     
"OH",1910,351,400701    
"OH",1910,353,29626     
"OH",1910,361,278233    
"OH",1910,362,209747    
"OH",1910,363,527198    
"OH",1910,367,39907     
"OH",1910,369,457073    
"OH",1910,370,37665     
"OH",1910,380,34801     
"OH",1910,398,112192    
"OH",1910,400,311978    
"OH",1910,999,9991      
"OH",1911,310,11832     
"OH",1911,311,2515219   
"OH",1911,313,1151881   
"OH",1911,316,45040     
"OH",1911,320,74442     
"OH",1911,321,24438     
"OH",1911,322,2376543   
"OH",1911,323,224534    
"OH",1911,325,519664    
"OH",1911,331,277545    
"OH",1911,336,261324    
"OH",1911,340,74779     
"OH",1911,341,628423    
"OH",1911,342,70764     
"OH",1911,343,1273248   
"OH",1911,344,177292    
"OH",1911,345,27192     
"OH",1911,351,485737    
"OH",1911,353,30279     
"OH",1911,361,275947    
"OH",1911,362,249536    
"OH",1911,363,526303    
"OH",1911,365,62679     
"OH",1911,367,47769     
"OH",1911,369,1011609   
"OH",1911,380,65163     
"OH",1911,398,128337    
"OH",1911,400,310171    
"OH",1911,999,4655      
"OH",1912,310,49722     
"OH",1912,311,2521319   
"OH",1912,313,1288386   
"OH",1912,316,40653     
"OH",1912,320,7367      
"OH",1912,321,24754     
"OH",1912,322,516772    
"OH",1912,323,20379     
"OH",1912,325,234864    
"OH",1912,331,554861    
"OH",1912,336,238305    
"OH",1912,340,94537     
"OH",1912,341,495008    
"OH",1912,343,209701    
"OH",1912,344,245193    
"OH",1912,345,25400     
"OH",1912,351,567582    
"OH",1912,353,31531     
"OH",1912,361,137350    
"OH",1912,362,3863235   
"OH",1912,363,529641    
"OH",1912,365,60456     
"OH",1912,366,193027    
"OH",1912,367,47642     
"OH",1912,369,583045    
"OH",1912,380,35191     
"OH",1912,393,540970    
"OH",1912,398,138350    
"OH",1912,400,306159    
"OH",1912,414,52212     
"OH",1912,999,4338      
