"AK",1933,100,7954732.7   
"AK",1933,122,66500.78    
"AK",1933,132,658.2       
"AK",1933,140,414928.14   
"AK",1933,142,4932.5      
"AK",1933,143,485630.65   
"AK",1933,145,363643.44   
"AK",1933,150,13933.91    
"AK",1933,151,6137.63     
"AK",1933,152,403847.1    
"AK",1933,153,3906599.76  
"AK",1933,180,736581.45   
"AK",1933,193,183331.42   
"AK",1933,222,415.85      
"AK",1933,223,156453.32   
"AK",1933,224,15000       
"AK",1933,235,1523520.38  
"AK",1933,237,433.72      
"AK",1933,256,14306.88    
"AK",1933,261,167.92      
"AK",1933,265,31268.38    
"AK",1933,266,480.99      
"AK",1933,269,39220.92    
"AK",1933,290,53847.4     
"AK",1933,291,164960.92   
"AK",1933,292,0           
"AK",1933,293,38552.77    
"AK",1933,294,129118.69   
"AK",1933,295,44662.301   
"AK",1933,296,113663.5    
"AK",1933,298,643702.2    
"AK",1933,299,54128.53    
"AK",1934,100,15123039.32 
"AK",1934,122,0           
"AK",1934,132,0           
"AK",1934,140,405753.55   
"AK",1934,142,0           
"AK",1934,143,450488.08   
"AK",1934,145,366839.84   
"AK",1934,150,0           
"AK",1934,151,64411.21    
"AK",1934,152,0           
"AK",1934,153,0           
"AK",1934,180,96625.49    
"AK",1934,193,1143.65     
"AK",1934,222,4044.08     
"AK",1934,223,55944.44    
"AK",1934,224,17910.34    
"AK",1934,235,2658198.27  
"AK",1934,237,3930.41     
"AK",1934,243,1040.09     
"AK",1934,256,18773.65    
"AK",1934,261,4400.87     
"AK",1934,265,108426.37   
"AK",1934,266,42885.65    
"AK",1934,269,148.39      
"AK",1934,290,7763.49     
"AK",1934,291,163689.02   
"AK",1934,292,108953.74   
"AK",1934,293,0           
"AK",1934,294,46778.95    
"AK",1934,295,5246.8      
"AK",1934,296,154790.88   
"AK",1934,298,315885.69   
"AK",1934,299,55368.81    
"AK",1935,100,16408229.4  
"AK",1935,122,0           
"AK",1935,140,384983.76   
"AK",1935,143,490047.22   
"AK",1935,145,468975.36   
"AK",1935,151,217432.03   
"AK",1935,180,71318.77    
"AK",1935,193,1523.08     
"AK",1935,222,3320.23     
"AK",1935,223,194471.74   
"AK",1935,235,1643697.76  
"AK",1935,237,30904.84    
"AK",1935,243,901.71      
"AK",1935,256,19207.7     
"AK",1935,261,94073.87    
"AK",1935,265,110189.37   
"AK",1935,266,2823.05     
"AK",1935,269,48671.73    
"AK",1935,290,24220.52    
"AK",1935,291,93888.64    
"AK",1935,292,0           
"AK",1935,293,128466.21   
"AK",1935,294,79963.8     
"AK",1935,295,155456.23   
"AK",1935,298,436572.94   
"AK",1935,299,49189.15    
"AK",1936,100,21189669.86 
"AK",1936,122,1910.91     
"AK",1936,140,337806.09   
"AK",1936,143,510886.19   
"AK",1936,145,532377.72   
"AK",1936,151,125624.88   
"AK",1936,180,11005.6     
"AK",1936,193,0           
"AK",1936,222,5720.57     
"AK",1936,223,173839.83   
"AK",1936,235,740381.81   
"AK",1936,237,59689.58    
"AK",1936,243,385.46      
"AK",1936,256,17600.5     
"AK",1936,261,125652.92   
"AK",1936,265,106437.89   
"AK",1936,266,8921        
"AK",1936,269,58417.85    
"AK",1936,290,8111.8      
"AK",1936,291,102928.23   
"AK",1936,292,1195.13     
"AK",1936,293,98868.1     
"AK",1936,294,337076.16   
"AK",1936,295,138754.36   
"AK",1936,298,1168193.41  
"AK",1936,299,63597.37    
"AK",1937,100,25290334.95 
"AK",1937,140,387948.44   
"AK",1937,143,566775.38   
"AK",1937,145,633569.94   
"AK",1937,146,21491.14    
"AK",1937,150,1747323.53  
"AK",1937,151,15671.02    
"AK",1937,180,11961       
"AK",1937,193,13704.21    
"AK",1937,222,5406.36     
"AK",1937,223,141567.65   
"AK",1937,235,1690847     
"AK",1937,237,76480.16    
"AK",1937,243,778.5       
"AK",1937,245,47363.4     
"AK",1937,251,12400.79    
"AK",1937,256,21626.75    
"AK",1937,261,64199.77    
"AK",1937,265,153712.83   
"AK",1937,266,28105.17    
"AK",1937,269,231433.25   
"AK",1937,280,43318.37    
"AK",1937,290,4892.08     
"AK",1937,291,157526.35   
"AK",1937,293,151495.26   
"AK",1937,294,721511.43   
"AK",1937,295,9219.53     
"AK",1937,296,274734.37   
"AK",1937,298,1777949.73  
"AK",1937,299,50662.5     
"AL",1933,100,115958.75   
"AL",1933,121,3273396.23  
"AL",1933,122,56337.01    
"AL",1933,140,1540381.56  
"AL",1933,141,269664.81   
"AL",1933,142,2831184.15  
"AL",1933,143,709511.6    
"AL",1933,145,225280.41   
"AL",1933,146,741079.33   
"AL",1933,150,15.24       
"AL",1933,152,1395187.14  
"AL",1933,153,7531253.89  
"AL",1933,170,142936.78   
"AL",1933,180,2916674.19  
"AL",1933,192,50922.04    
"AL",1933,193,64855.07    
"AL",1933,222,329.99      
"AL",1933,223,20929.71    
"AL",1933,225,2800        
"AL",1933,235,339404.05   
"AL",1933,237,75.47       
"AL",1933,261,12500       
"AL",1933,262,4007.39     
"AL",1933,264,25593.35    
"AL",1933,266,2104.88     
"AL",1933,268,622         
"AL",1933,269,43284.78    
"AL",1933,270,72554.92    
"AL",1933,276,42985.79    
"AL",1933,290,386533.98   
"AL",1933,291,189918      
"AL",1933,293,478000      
"AL",1933,294,101430.73   
"AL",1933,295,8537.43     
"AL",1933,296,1690719.28  
"AL",1933,298,5078636.29  
"AL",1933,299,10281.47    
"AL",1934,100,137576.08   
"AL",1934,121,6145350.37  
"AL",1934,122,23970.89    
"AL",1934,131,373169.11   
"AL",1934,140,1682829.34  
"AL",1934,141,176091.85   
"AL",1934,142,57293.91    
"AL",1934,143,674523.76   
"AL",1934,145,301917.43   
"AL",1934,146,769149.69   
"AL",1934,150,40.77       
"AL",1934,152,1640302.95  
"AL",1934,153,8859447.88  
"AL",1934,170,417764.22   
"AL",1934,180,3268307.1   
"AL",1934,192,53110.25    
"AL",1934,193,63350.77    
"AL",1934,222,3702.79     
"AL",1934,223,32284.52    
"AL",1934,224,2323.55     
"AL",1934,235,6684700.92  
"AL",1934,237,147.36      
"AL",1934,262,72.5        
"AL",1934,264,21952.31    
"AL",1934,266,675.94      
"AL",1934,268,519.5       
"AL",1934,269,39071.75    
"AL",1934,270,108565.19   
"AL",1934,276,41056.91    
"AL",1934,290,398948.96   
"AL",1934,291,3844224.68  
"AL",1934,292,40000       
"AL",1934,293,150000      
"AL",1934,294,236653.31   
"AL",1934,295,5766.89     
"AL",1934,296,1761311.71  
"AL",1934,298,959116.37   
"AL",1934,299,10345.23    
"AL",1935,121,5893140.85  
"AL",1935,122,92713.21    
"AL",1935,131,867584.96   
"AL",1935,140,1783644.38  
"AL",1935,141,188474.21   
"AL",1935,142,60763.49    
"AL",1935,143,730296.88   
"AL",1935,145,329414.12   
"AL",1935,146,797128.66   
"AL",1935,150,161247.8    
"AL",1935,152,2088115.87  
"AL",1935,153,9992920.68  
"AL",1935,170,210066.96   
"AL",1935,180,3536352.28  
"AL",1935,192,60123.06    
"AL",1935,193,64108.26    
"AL",1935,222,11309.83    
"AL",1935,223,50364.35    
"AL",1935,224,36249.42    
"AL",1935,235,7908256.92  
"AL",1935,237,45.03       
"AL",1935,262,77.5        
"AL",1935,264,25849.27    
"AL",1935,266,1069.01     
"AL",1935,268,707         
"AL",1935,269,12937.95    
"AL",1935,270,111793.89   
"AL",1935,276,44357.75    
"AL",1935,290,322442.7    
"AL",1935,291,3153884.59  
"AL",1935,292,18249.29    
"AL",1935,293,17020000    
"AL",1935,294,288362.05   
"AL",1935,295,14288.88    
"AL",1935,296,1910756.95  
"AL",1935,298,883944.38   
"AL",1935,299,10739.36    
"AL",1936,100,2333.34     
"AL",1936,121,5796390.83  
"AL",1936,122,103935.23   
"AL",1936,131,1100530.89  
"AL",1936,140,1755382.27  
"AL",1936,141,210763.43   
"AL",1936,142,101837.72   
"AL",1936,143,896104.82   
"AL",1936,145,398567.1    
"AL",1936,146,910714.43   
"AL",1936,150,238743.09   
"AL",1936,152,2755210.47  
"AL",1936,153,11275163.21 
"AL",1936,170,309675.68   
"AL",1936,180,3589921.71  
"AL",1936,192,82221.63    
"AL",1936,193,75194.77    
"AL",1936,222,60238.14    
"AL",1936,223,234425.49   
"AL",1936,224,46513.46    
"AL",1936,235,6738988.81  
"AL",1936,237,18.5        
"AL",1936,264,31020.56    
"AL",1936,266,2780.5      
"AL",1936,268,612.5       
"AL",1936,269,12629.35    
"AL",1936,270,195400.91   
"AL",1936,276,45569.2     
"AL",1936,290,391387.28   
"AL",1936,291,2587259.79  
"AL",1936,292,40000       
"AL",1936,294,436654.93   
"AL",1936,295,35514.84    
"AL",1936,296,1839795.35  
"AL",1936,298,3103773.32  
"AL",1936,299,10508       
"AL",1937,100,3506.31     
"AL",1937,121,5764809.66  
"AL",1937,122,76046.72    
"AL",1937,131,2009864.64  
"AL",1937,132,615761.29   
"AL",1937,140,1872544.65  
"AL",1937,141,210785.82   
"AL",1937,142,157009.31   
"AL",1937,143,958945.78   
"AL",1937,145,47296.89    
"AL",1937,146,1254135.97  
"AL",1937,150,56286.5     
"AL",1937,151,586816.3    
"AL",1937,152,3142519.7   
"AL",1937,153,13510190.56 
"AL",1937,158,2903043.59  
"AL",1937,170,241208.27   
"AL",1937,180,3554795.16  
"AL",1937,185,910179.06   
"AL",1937,192,138165.17   
"AL",1937,193,101039.18   
"AL",1937,222,188311.34   
"AL",1937,223,240197.7    
"AL",1937,224,29751.88    
"AL",1937,227,456.52      
"AL",1937,235,6077996.77  
"AL",1937,237,10          
"AL",1937,264,33549.78    
"AL",1937,266,73511.02    
"AL",1937,269,18054.11    
"AL",1937,270,243976.3    
"AL",1937,275,215012.52   
"AL",1937,276,51521.31    
"AL",1937,290,653525.24   
"AL",1937,291,3010442.47  
"AL",1937,292,65626.51    
"AL",1937,294,470429.62   
"AL",1937,295,38476.66    
"AL",1937,296,1823563.55  
"AL",1937,298,15423212.18 
"AL",1937,299,11280.1     
"AZ",1933,100,34245.96    
"AZ",1933,121,4263036.07  
"AZ",1933,122,94337.49    
"AZ",1933,140,65059.35    
"AZ",1933,143,187191.97   
"AZ",1933,180,353010.89   
"AZ",1933,222,13130.33    
"AZ",1933,223,45074.91    
"AZ",1933,227,77.75       
"AZ",1933,235,2950408.91  
"AZ",1933,236,26219.48    
"AZ",1933,251,1419456.56  
"AZ",1933,261,163069.4    
"AZ",1933,263,25          
"AZ",1933,264,3.25        
"AZ",1933,265,133318.46   
"AZ",1933,266,6940.46     
"AZ",1933,268,1463.22     
"AZ",1933,269,96          
"AZ",1933,280,25773.3     
"AZ",1933,290,120523.6    
"AZ",1933,291,276593.96   
"AZ",1933,293,8558.2      
"AZ",1933,294,83823.59    
"AZ",1933,295,68712.25    
"AZ",1933,296,2432.32     
"AZ",1933,298,708783.66   
"AZ",1933,299,3075        
"AZ",1934,100,46274.18    
"AZ",1934,121,3217669.97  
"AZ",1934,122,26622.56    
"AZ",1934,131,198316.67   
"AZ",1934,140,35328.14    
"AZ",1934,143,159551.14   
"AZ",1934,145,2653.69     
"AZ",1934,146,71.17       
"AZ",1934,150,821605.089  
"AZ",1934,153,272845.26   
"AZ",1934,158,580302.1    
"AZ",1934,180,80890.51    
"AZ",1934,185,245542.02   
"AZ",1934,193,235.44      
"AZ",1934,222,90332.09    
"AZ",1934,223,67086.82    
"AZ",1934,235,1337137.59  
"AZ",1934,236,4374.13     
"AZ",1934,251,2437274.9   
"AZ",1934,261,184266.58   
"AZ",1934,262,858.76      
"AZ",1934,263,625.29      
"AZ",1934,265,133506.37   
"AZ",1934,266,4121.55     
"AZ",1934,268,1468.97     
"AZ",1934,276,26778.8     
"AZ",1934,290,87059.95    
"AZ",1934,291,229093.92   
"AZ",1934,292,13.21       
"AZ",1934,293,12840.62    
"AZ",1934,294,62993.81    
"AZ",1934,295,97854.69    
"AZ",1934,296,452.14      
"AZ",1934,298,64261.56    
"AZ",1934,299,4109.29     
"AZ",1935,121,3225853.73  
"AZ",1935,122,60805.52    
"AZ",1935,131,414460.35   
"AZ",1935,145,2706.08     
"AZ",1935,150,1809636.67  
"AZ",1935,151,83071.04    
"AZ",1935,153,2165852.3   
"AZ",1935,158,892514.1    
"AZ",1935,180,84063.33    
"AZ",1935,223,1409385.79  
"AZ",1935,235,383211.25   
"AZ",1935,236,7757.98     
"AZ",1935,237,77880.07    
"AZ",1935,261,223270.86   
"AZ",1935,265,216034.43   
"AZ",1935,266,32.5        
"AZ",1935,268,8681.53     
"AZ",1935,290,71159.89    
"AZ",1935,291,22599.95    
"AZ",1935,293,2072076.55  
"AZ",1935,294,69923.05    
"AZ",1935,296,155.47      
"AZ",1935,298,10341.17    
"AZ",1936,121,2764167.35  
"AZ",1936,122,26688.09    
"AZ",1936,131,813160.37   
"AZ",1936,145,324.02      
"AZ",1936,150,2679569.79  
"AZ",1936,151,82225.26    
"AZ",1936,153,2445657.52  
"AZ",1936,158,1147870.59  
"AZ",1936,180,84292.19    
"AZ",1936,223,1582788.29  
"AZ",1936,235,1489858.92  
"AZ",1936,236,8808.72     
"AZ",1936,237,70671.13    
"AZ",1936,261,287348.51   
"AZ",1936,265,146160.59   
"AZ",1936,266,14.8        
"AZ",1936,268,6658.08     
"AZ",1936,290,72291.21    
"AZ",1936,291,13036.7     
"AZ",1936,293,757862.52   
"AZ",1936,294,87888.85    
"AZ",1936,296,3414.65     
"AZ",1936,298,39963.07    
"AZ",1937,121,3313645.94  
"AZ",1937,122,38175.69    
"AZ",1937,131,1163710.71  
"AZ",1937,150,3873933.08  
"AZ",1937,151,90941.66    
"AZ",1937,153,2969578.37  
"AZ",1937,158,1346966.64  
"AZ",1937,180,91279.59    
"AZ",1937,223,1769916.72  
"AZ",1937,235,2082019.07  
"AZ",1937,236,20565.05    
"AZ",1937,237,110668.54   
"AZ",1937,261,1000        
"AZ",1937,265,316332.8    
"AZ",1937,266,20          
"AZ",1937,268,5886.81     
"AZ",1937,290,281542.53   
"AZ",1937,291,14161.36    
"AZ",1937,293,79953.45    
"AZ",1937,294,117173.5    
"AZ",1937,296,1289.64     
"AZ",1937,298,28472.77    
"NB",1933,121,4804110.17  
"NB",1933,122,53392.47    
"NB",1933,140,146242.1    
"NB",1933,142,25          
"NB",1933,143,577414.43   
"NB",1933,153,7758743.04  
"NB",1933,157,4511.71     
"NB",1933,180,827420.88   
"NB",1933,192,1688        
"NB",1933,221,11424.8     
"NB",1933,222,5           
"NB",1933,223,64501.15    
"NB",1933,235,5092666.94  
"NB",1933,236,47077.54    
"NB",1933,237,1131.94     
"NB",1933,261,105245.5    
"NB",1933,262,125527.18   
"NB",1933,263,7513.11     
"NB",1933,266,49445.67    
"NB",1933,280,1886.15     
"NB",1933,290,7598.69     
"NB",1933,291,647097.49   
"NB",1933,292,934.81      
"NB",1933,293,1005754.21  
"NB",1933,294,322503.77   
"NB",1933,295,53259.78    
"NB",1933,296,96848.18    
"NB",1933,299,58164.29    
"NB",1934,121,5447180.92  
"NB",1934,122,32451.09    
"NB",1934,140,153123.07   
"NB",1934,142,100         
"NB",1934,143,541086.13   
"NB",1934,151,142399.52   
"NB",1934,153,8784189.68  
"NB",1934,157,6152.36     
"NB",1934,180,1187443.21  
"NB",1934,192,2234        
"NB",1934,221,12020.45    
"NB",1934,222,15          
"NB",1934,223,99314.15    
"NB",1934,236,9637.89     
"NB",1934,237,2409.41     
"NB",1934,261,107561.79   
"NB",1934,262,145838.27   
"NB",1934,263,15419.1     
"NB",1934,266,56188.74    
"NB",1934,280,6598.21     
"NB",1934,290,10594.85    
"NB",1934,291,661499.15   
"NB",1934,292,743.15      
"NB",1934,293,1145145.66  
"NB",1934,294,501337.46   
"NB",1934,295,118327.76   
"NB",1934,296,143554.53   
"NB",1934,299,52724.95    
"NB",1935,121,4571021.67  
"NB",1935,122,195111.19   
"NB",1935,140,149649.43   
"NB",1935,142,145         
"NB",1935,143,553907.34   
"NB",1935,151,354045.06   
"NB",1935,153,9493784.66  
"NB",1935,157,10856.46    
"NB",1935,180,898101.76   
"NB",1935,221,12903.4     
"NB",1935,223,101741.59   
"NB",1935,235,5279089.18  
"NB",1935,236,14842       
"NB",1935,237,1245.7      
"NB",1935,261,1329424.38  
"NB",1935,262,145823.4    
"NB",1935,263,13335.05    
"NB",1935,266,42406.49    
"NB",1935,280,5068.77     
"NB",1935,290,8617.1      
"NB",1935,291,624369.43   
"NB",1935,292,1741.71     
"NB",1935,293,2449404.44  
"NB",1935,294,469118.73   
"NB",1935,295,120746.57   
"NB",1935,296,83898.06    
"NB",1935,299,47773.69    
"NB",1936,121,4849986.21  
"NB",1936,122,37251.12    
"NB",1936,140,157195.96   
"NB",1936,142,410         
"NB",1936,143,549265.02   
"NB",1936,151,1282698.08  
"NB",1936,153,11127239.43 
"NB",1936,157,10460.45    
"NB",1936,180,1258807.17  
"NB",1936,221,45097.05    
"NB",1936,222,2           
"NB",1936,223,193700.11   
"NB",1936,235,5671278.26  
"NB",1936,236,53926.9     
"NB",1936,237,1657.4      
"NB",1936,261,1365964.77  
"NB",1936,262,165793.42   
"NB",1936,263,8095.71     
"NB",1936,266,52190.34    
"NB",1936,276,426.03      
"NB",1936,280,16218.31    
"NB",1936,290,15405.83    
"NB",1936,291,594643.95   
"NB",1936,292,1361.16     
"NB",1936,293,2708515.97  
"NB",1936,294,531754.65   
"NB",1936,295,139521.47   
"NB",1936,296,112941.5    
"NB",1936,298,39163.54    
"NB",1936,299,55182.5     
"NB",1937,121,4666078.73  
"NB",1937,122,33353.98    
"NB",1937,140,159702.93   
"NB",1937,142,240         
"NB",1937,143,558012.47   
"NB",1937,151,1670065.35  
"NB",1937,153,12067622.72 
"NB",1937,180,1137307.22  
"NB",1937,197,22087.14    
"NB",1937,221,40418.42    
"NB",1937,223,174303.65   
"NB",1937,235,11304814.49 
"NB",1937,236,3622.1      
"NB",1937,237,2090.8      
"NB",1937,261,1430339.9   
"NB",1937,262,392132.84   
"NB",1937,266,49658.56    
"NB",1937,276,441.03      
"NB",1937,280,1895.32     
"NB",1937,290,21380.01    
"NB",1937,291,621310.34   
"NB",1937,292,1087.08     
"NB",1937,293,1642910.28  
"NB",1937,294,492457.94   
"NB",1937,295,139258.4    
"NB",1937,296,133303.57   
"NB",1937,298,130609.62   
"NB",1937,299,31077.14    
"NC",1933,122,500538.38   
"NC",1933,131,6274762.68  
"NC",1933,140,6178288.45  
"NC",1933,145,129878.26   
"NC",1933,150,2776224.95  
"NC",1933,151,1000        
"NC",1933,153,14363497.57 
"NC",1933,170,200267.16   
"NC",1933,180,5151215.47  
"NC",1933,185,1870210.21  
"NC",1933,192,6856.25     
"NC",1933,193,5270        
"NC",1933,223,20610.14    
"NC",1933,225,430         
"NC",1933,235,10294893.66 
"NC",1933,237,3101.93     
"NC",1933,261,3719614.99  
"NC",1933,262,4643.78     
"NC",1933,264,600.28      
"NC",1933,265,564532.59   
"NC",1933,266,118397.1    
"NC",1933,268,279902.07   
"NC",1933,269,34549.25    
"NC",1933,276,210925.35   
"NC",1933,290,222696.87   
"NC",1933,291,1931124.35  
"NC",1933,292,232179.5    
"NC",1933,293,14932993.73 
"NC",1933,294,320.5       
"NC",1933,295,25216.2     
"NC",1933,296,464214.22   
"NC",1933,298,189492.15   
"NC",1933,299,62563.26    
"NC",1934,122,424072.52   
"NC",1934,131,6055240.64  
"NC",1934,140,6555971.15  
"NC",1934,150,7450631.48  
"NC",1934,151,340471.64   
"NC",1934,170,181565.97   
"NC",1934,185,2409415.49  
"NC",1934,193,5992.5      
"NC",1934,223,35177.55    
"NC",1934,261,26581.26    
"NC",1934,262,16.65       
"NC",1934,264,.75         
"NC",1934,265,246922.51   
"NC",1934,266,43830.04    
"NC",1934,268,90791.05    
"NC",1934,269,33152.02    
"NC",1934,290,32053.63    
"NC",1934,291,30473.87    
"NC",1934,292,315021      
"NC",1934,293,1000000     
"NC",1934,296,26183.61    
"NC",1935,122,516056.48   
"NC",1935,131,7443043.98  
"NC",1935,140,6758832.19  
"NC",1935,145,233206.26   
"NC",1935,150,8059985.81  
"NC",1935,151,365536.06   
"NC",1935,153,17672482.48 
"NC",1935,170,20079.37    
"NC",1935,180,7515993.86  
"NC",1935,185,1744879.45  
"NC",1935,193,10014.3     
"NC",1935,223,30498.82    
"NC",1935,235,29606482.73 
"NC",1935,237,6951.84     
"NC",1935,242,400         
"NC",1935,251,379350.78   
"NC",1935,261,6046032.5   
"NC",1935,262,9129.02     
"NC",1935,264,721.14      
"NC",1935,265,765739.28   
"NC",1935,266,141394.62   
"NC",1935,268,349218.57   
"NC",1935,269,40774       
"NC",1935,276,134267.99   
"NC",1935,290,45811.48    
"NC",1935,291,3046099.02  
"NC",1935,292,1105007     
"NC",1935,293,12051480    
"NC",1935,295,873303.37   
"NC",1935,296,9207.79     
"NC",1935,298,581363.18   
"NC",1935,299,46158.2     
"NC",1936,122,540069.39   
"NC",1936,131,8126401.98  
"NC",1936,140,7332501.41  
"NC",1936,145,241118.73   
"NC",1936,150,10361073.53 
"NC",1936,151,624607.98   
"NC",1936,153,19182870.56 
"NC",1936,170,3823.18     
"NC",1936,180,6868885.68  
"NC",1936,185,2345495.15  
"NC",1936,193,12671.13    
"NC",1936,223,38520.05    
"NC",1936,235,12946204.76 
"NC",1936,237,9257.27     
"NC",1936,242,2300        
"NC",1936,251,728039.7    
"NC",1936,261,5554815.08  
"NC",1936,262,10347.62    
"NC",1936,265,499831.02   
"NC",1936,266,256776.01   
"NC",1936,268,361836.68   
"NC",1936,269,457481.24   
"NC",1936,276,126853.12   
"NC",1936,290,360770.74   
"NC",1936,291,4714191.05  
"NC",1936,292,210014      
"NC",1936,293,2665920     
"NC",1936,294,100         
"NC",1936,295,946795.06   
"NC",1936,296,11934.16    
"NC",1936,298,418231.69   
"NC",1936,299,49892.82    
"NC",1937,122,4009250.52  
"NC",1937,131,11373966.71 
"NC",1937,140,7460494.15  
"NC",1937,145,324358.23   
"NC",1937,150,11364492.35 
"NC",1937,151,1002664.83  
"NC",1937,153,22138370.8  
"NC",1937,170,362.66      
"NC",1937,180,7584880.93  
"NC",1937,185,2363264.14  
"NC",1937,193,10745.01    
"NC",1937,223,31508.34    
"NC",1937,235,10257860.32 
"NC",1937,237,7210.48     
"NC",1937,242,7200        
"NC",1937,244,102.6       
"NC",1937,261,7574612.25  
"NC",1937,262,11722.68    
"NC",1937,265,547218.55   
"NC",1937,266,680167.16   
"NC",1937,268,383587.54   
"NC",1937,269,76572.32    
"NC",1937,276,102561.74   
"NC",1937,290,1053690.6   
"NC",1937,291,1579139.93  
"NC",1937,292,210014      
"NC",1937,293,3019573.61  
"NC",1937,295,1081405.71  
"NC",1937,296,100614.5    
"NC",1937,298,6106200.21  
"NC",1937,299,51524       
"ND",1933,100,583899.03   
"ND",1933,121,1660948.47  
"ND",1933,122,7437.06     
"ND",1933,130,116063.69   
"ND",1933,140,2140        
"ND",1933,141,53946.48    
"ND",1933,143,1157.62     
"ND",1933,152,241802.92   
"ND",1933,153,25000       
"ND",1933,180,1160011.8   
"ND",1933,221,1214.32     
"ND",1933,222,4395.52     
"ND",1933,223,296979.53   
"ND",1933,235,80864.16    
"ND",1933,261,364879.78   
"ND",1933,262,3696.49     
"ND",1933,265,68.4        
"ND",1933,266,32306.18    
"ND",1933,268,16613.82    
"ND",1933,269,3362.45     
"ND",1933,290,1491.74     
"ND",1933,291,695819.99   
"ND",1933,294,3299.04     
"ND",1933,295,31792.28    
"ND",1933,296,29470.29    
"ND",1933,298,12948265.49 
"ND",1933,299,43750.69    
"ND",1934,100,1077506.14  
"ND",1934,121,1761129.64  
"ND",1934,122,14140.81    
"ND",1934,130,142990.59   
"ND",1934,140,2635        
"ND",1934,141,33928.12    
"ND",1934,143,1034.59     
"ND",1934,152,288311.53   
"ND",1934,153,25000       
"ND",1934,180,1605149.04  
"ND",1934,221,3044.55     
"ND",1934,222,6916.14     
"ND",1934,223,277132.82   
"ND",1934,235,74980.29    
"ND",1934,261,305565.33   
"ND",1934,262,5144.07     
"ND",1934,265,115.9       
"ND",1934,266,36365.74    
"ND",1934,268,12246.66    
"ND",1934,269,1945.62     
"ND",1934,275,295699.71   
"ND",1934,290,3559.73     
"ND",1934,291,1194296.54  
"ND",1934,294,752.4       
"ND",1934,295,74064.23    
"ND",1934,296,101550.62   
"ND",1934,298,16044696.28 
"ND",1934,299,77565.11    
"ND",1935,100,743021.08   
"ND",1935,121,1416913.59  
"ND",1935,122,14499.69    
"ND",1935,130,245971.38   
"ND",1935,140,2190        
"ND",1935,141,10723.29    
"ND",1935,143,1011.93     
"ND",1935,150,15          
"ND",1935,152,333775.53   
"ND",1935,153,25000       
"ND",1935,180,1394865.8   
"ND",1935,191,96196.02    
"ND",1935,221,1963.9      
"ND",1935,222,7591.88     
"ND",1935,223,282123.25   
"ND",1935,235,84208.63    
"ND",1935,261,387198.9    
"ND",1935,262,4386.98     
"ND",1935,265,168.46      
"ND",1935,266,29104.73    
"ND",1935,268,14733.27    
"ND",1935,269,2751.85     
"ND",1935,275,491485.02   
"ND",1935,276,40          
"ND",1935,290,8587.22     
"ND",1935,291,738231.41   
"ND",1935,294,956.25      
"ND",1935,295,59980.67    
"ND",1935,296,85640.6     
"ND",1935,298,25755788.4  
"ND",1935,299,46491.06    
"ND",1936,100,507471.32   
"ND",1936,121,1360296.46  
"ND",1936,122,27195.62    
"ND",1936,130,313040.13   
"ND",1936,140,3060        
"ND",1936,143,1049.7      
"ND",1936,150,2507859.56  
"ND",1936,152,382839.44   
"ND",1936,180,1579744.34  
"ND",1936,221,933.73      
"ND",1936,222,7628.04     
"ND",1936,223,292460.13   
"ND",1936,235,110646.28   
"ND",1936,253,25000       
"ND",1936,261,381911.37   
"ND",1936,262,4844.92     
"ND",1936,264,20          
"ND",1936,265,11875.28    
"ND",1936,266,41484.98    
"ND",1936,268,33964.61    
"ND",1936,269,3834.07     
"ND",1936,275,695636.29   
"ND",1936,290,2185.71     
"ND",1936,291,522651.46   
"ND",1936,294,508.08      
"ND",1936,295,66308.54    
"ND",1936,296,38532.52    
"ND",1936,298,16989829.42 
"ND",1936,299,28380.99    
"ND",1937,100,330033.62   
"ND",1937,121,881573.81   
"ND",1937,122,19805.62    
"ND",1937,130,496701.61   
"ND",1937,140,2781        
"ND",1937,143,1024.26     
"ND",1937,150,2783040.13  
"ND",1937,151,8.77        
"ND",1937,152,385452.87   
"ND",1937,153,25000       
"ND",1937,180,112819.85   
"ND",1937,221,719.8       
"ND",1937,222,7092.83     
"ND",1937,223,329478.71   
"ND",1937,235,85495.16    
"ND",1937,261,421551.53   
"ND",1937,262,5945.49     
"ND",1937,264,5           
"ND",1937,265,14091.18    
"ND",1937,266,53564.74    
"ND",1937,268,112062.01   
"ND",1937,269,2280.4      
"ND",1937,275,693907.88   
"ND",1937,290,692.07      
"ND",1937,291,336347.17   
"ND",1937,293,900000      
"ND",1937,294,9266.22     
"ND",1937,295,65415.59    
"ND",1937,296,58859.97    
"ND",1937,298,21364932.66 
"ND",1937,299,11601.93    
"NV",1933,121,1260633.58  
"NV",1933,145,839368.36   
"NV",1933,180,2505.5      
"NV",1933,181,4836.14     
"NV",1933,190,169426.06   
"NV",1933,221,945         
"NV",1933,222,20.58       
"NV",1933,223,384069.24   
"NV",1933,227,3544.41     
"NV",1933,236,2601559.34  
"NV",1933,251,43374.55    
"NV",1933,261,36716.43    
"NV",1933,262,14216       
"NV",1933,265,1499.97     
"NV",1933,266,6165.61     
"NV",1933,268,6809.94     
"NV",1933,273,71035.4     
"NV",1933,290,139.98      
"NV",1933,291,144860.28   
"NV",1933,293,432090.43   
"NV",1933,294,17761.19    
"NV",1933,295,23928.53    
"NV",1933,296,3898.67     
"NV",1934,121,1034526.16  
"NV",1934,145,898419.35   
"NV",1934,180,2665.48     
"NV",1934,181,1798        
"NV",1934,190,171059.14   
"NV",1934,221,1230        
"NV",1934,222,17.81       
"NV",1934,223,365038.42   
"NV",1934,236,1536886.47  
"NV",1934,251,19755.1     
"NV",1934,261,35759.08    
"NV",1934,262,14723       
"NV",1934,265,19132.39    
"NV",1934,266,9186.21     
"NV",1934,268,5463.33     
"NV",1934,273,148101.72   
"NV",1934,285,55          
"NV",1934,290,190.2       
"NV",1934,291,136455.53   
"NV",1934,292,8176.77     
"NV",1934,293,496466.88   
"NV",1934,294,21451.08    
"NV",1934,295,12355.24    
"NV",1934,296,3311.59     
"NV",1935,121,1182472.24  
"NV",1935,145,989180.09   
"NV",1935,180,50069.4     
"NV",1935,190,132420.92   
"NV",1935,221,1325        
"NV",1935,222,7.09        
"NV",1935,223,378159.45   
"NV",1935,236,161641.95   
"NV",1935,251,292228.85   
"NV",1935,261,57113.81    
"NV",1935,262,14251       
"NV",1935,265,21881.09    
"NV",1935,266,8904.48     
"NV",1935,268,6502.66     
"NV",1935,273,164503.03   
"NV",1935,290,2367.04     
"NV",1935,291,155246.51   
"NV",1935,292,12648.06    
"NV",1935,293,556340.7    
"NV",1935,294,20800.79    
"NV",1935,295,13678.68    
"NV",1935,296,4106.67     
"NV",1936,121,1411377.56  
"NV",1936,145,1085290.55  
"NV",1936,180,186408.47   
"NV",1936,190,49732.35    
"NV",1936,221,1250        
"NV",1936,222,13.81       
"NV",1936,223,393015.19   
"NV",1936,236,1372099.24  
"NV",1936,251,38347.11    
"NV",1936,261,48767.41    
"NV",1936,262,13718.91    
"NV",1936,264,30.07       
"NV",1936,265,19397.97    
"NV",1936,266,22587.17    
"NV",1936,268,8153.13     
"NV",1936,273,220366.42   
"NV",1936,290,681.18      
"NV",1936,291,143986.92   
"NV",1936,292,7385.55     
"NV",1936,293,613145.43   
"NV",1936,294,29178.44    
"NV",1936,295,19185.98    
"NV",1936,296,3259.62     
"NV",1937,121,1472922.3   
"NV",1937,145,1190333.83  
"NV",1937,180,212711.52   
"NV",1937,190,60634.91    
"NV",1937,221,1370        
"NV",1937,222,1748.44     
"NV",1937,223,427768.91   
"NV",1937,236,2091365.15  
"NV",1937,251,75610.44    
"NV",1937,261,50549.08    
"NV",1937,262,11849.31    
"NV",1937,264,11014.11    
"NV",1937,265,21889.37    
"NV",1937,266,8173.9      
"NV",1937,268,7132.51     
"NV",1937,273,200734.3    
"NV",1937,285,860.04      
"NV",1937,290,1912.99     
"NV",1937,291,135705.41   
"NV",1937,292,5427.27     
"NV",1937,293,403627.65   
"NV",1937,294,24695.47    
"NV",1937,295,18406.56    
"NV",1937,296,6279.81     
"OH",1933,122,1750767.28  
"OH",1933,140,3771484.75  
"OH",1933,141,1305963.08  
"OH",1933,143,5776655.21  
"OH",1933,145,11799.53    
"OH",1933,146,4740979.4   
"OH",1933,151,1740839.51  
"OH",1933,152,4199251.36  
"OH",1933,153,32562918.78 
"OH",1933,154,2988872.42  
"OH",1933,155,502060.17   
"OH",1933,156,867901.85   
"OH",1933,180,24338698.53 
"OH",1933,190,94704.75    
"OH",1933,191,14574.53    
"OH",1933,193,247927.49   
"OH",1933,222,63207.29    
"OH",1933,223,329598.51   
"OH",1933,227,2388.2      
"OH",1933,235,982546.37   
"OH",1933,236,5546015.05  
"OH",1933,251,140526.8    
"OH",1933,259,60847.51    
"OH",1933,260,24726.65    
"OH",1933,261,2699158.47  
"OH",1933,263,176437.36   
"OH",1933,265,111134.86   
"OH",1933,269,169833.12   
"OH",1933,272,649729.41   
"OH",1933,290,2143894.57  
"OH",1933,291,284962.33   
"OH",1933,293,750801      
"OH",1933,294,19119.24    
"OH",1933,295,520735.86   
"OH",1933,296,1999882.42  
"OH",1934,122,1735535.96  
"OH",1934,140,3587255.12  
"OH",1934,141,1510169.08  
"OH",1934,143,5314141.39  
"OH",1934,146,5304104.83  
"OH",1934,151,7863308.78  
"OH",1934,152,4872511.13  
"OH",1934,153,44061822.16 
"OH",1934,154,38993845.21 
"OH",1934,155,1003457.12  
"OH",1934,156,3182511.7   
"OH",1934,170,271245.31   
"OH",1934,180,19814893.6  
"OH",1934,193,5203796.92  
"OH",1934,222,91808.5     
"OH",1934,223,694844.59   
"OH",1934,227,.14         
"OH",1934,235,1048553.23  
"OH",1934,236,12584956.08 
"OH",1934,241,10000       
"OH",1934,251,51287.61    
"OH",1934,259,77781.66    
"OH",1934,260,421459.46   
"OH",1934,261,2982652.98  
"OH",1934,263,191593.85   
"OH",1934,265,123797.64   
"OH",1934,269,259462.16   
"OH",1934,272,701508.41   
"OH",1934,290,1690479.2   
"OH",1934,291,248500.36   
"OH",1934,294,15498.62    
"OH",1934,295,622775.69   
"OH",1934,296,1839955.62  
"PA",1933,122,31844735.38 
"PA",1933,132,96972.22    
"PA",1933,140,194073.19   
"PA",1933,142,1290253.01  
"PA",1933,143,6693213.7   
"PA",1933,145,28340.23    
"PA",1933,146,5663875.09  
"PA",1933,148,17114768.91 
"PA",1933,151,444232.25   
"PA",1933,154,30732839.78 
"PA",1933,156,40551.43    
"PA",1933,158,9121946.6   
"PA",1933,161,6553949.14  
"PA",1933,180,32319467.98 
"PA",1933,191,18872.65    
"PA",1933,193,604832.28   
"PA",1933,222,375691.27   
"PA",1933,223,2722785.33  
"PA",1933,224,2242.66     
"PA",1933,225,38152.3     
"PA",1933,227,23258.98    
"PA",1933,235,40870794.78 
"PA",1933,236,63433.35    
"PA",1933,242,8579472.13  
"PA",1933,251,1559357.17  
"PA",1933,261,2239548.79  
"PA",1933,262,353184.86   
"PA",1933,264,5263.93     
"PA",1933,265,18106.9     
"PA",1933,266,44230.75    
"PA",1933,268,2752412.26  
"PA",1933,272,168040.24   
"PA",1933,280,250847.73   
"PA",1933,290,73144.15    
"PA",1933,291,7107720.31  
"PA",1933,292,9006710.53  
"PA",1933,293,632982.32   
"PA",1933,294,152681.58   
"PA",1933,295,676573.74   
"PA",1933,296,2908031.98  
"PA",1933,299,92          
"PA",1934,122,16470666.27 
"PA",1934,132,92841.03    
"PA",1934,140,361753.52   
"PA",1934,142,526652.81   
"PA",1934,143,6359272.37  
"PA",1934,145,20478.84    
"PA",1934,146,4129619.38  
"PA",1934,148,16580994.54 
"PA",1934,151,6248950.34  
"PA",1934,153,5286970.51  
"PA",1934,154,26450374.9  
"PA",1934,156,29878.92    
"PA",1934,158,441984.46   
"PA",1934,161,7943228.88  
"PA",1934,180,39120926.66 
"PA",1934,193,614122.27   
"PA",1934,222,394621.57   
"PA",1934,223,3244170.67  
"PA",1934,224,1178.35     
"PA",1934,225,21300.92    
"PA",1934,227,12906.77    
"PA",1934,235,72188412.53 
"PA",1934,240,244.1       
"PA",1934,242,8184220.94  
"PA",1934,251,9967147.59  
"PA",1934,261,38299.83    
"PA",1934,262,366477.79   
"PA",1934,264,2246.87     
"PA",1934,265,9268.5      
"PA",1934,266,171406.64   
"PA",1934,268,3070632.23  
"PA",1934,272,155982.44   
"PA",1934,275,14484872.48 
"PA",1934,280,4209392.58  
"PA",1934,290,2199515.58  
"PA",1934,291,7477529.71  
"PA",1934,292,10556837.95 
"PA",1934,293,75438317.38 
"PA",1934,294,207416.37   
"PA",1934,295,633896.64   
"PA",1934,296,3081469.44  
"PA",1935,122,19370785.49 
"PA",1935,132,71377.71    
"PA",1935,140,321369.47   
"PA",1935,142,1237277.15  
"PA",1935,143,1922089.22  
"PA",1935,145,22834.12    
"PA",1935,146,5183623.27  
"PA",1935,148,17410458.91 
"PA",1935,151,9009780.87  
"PA",1935,153,5476723.05  
"PA",1935,154,27395826.81 
"PA",1935,156,34044.61    
"PA",1935,158,240581.04   
"PA",1935,161,8381663.1   
"PA",1935,165,1571.23     
"PA",1935,180,39889016.68 
"PA",1935,193,537920.59   
"PA",1935,195,23408       
"PA",1935,222,536942.98   
"PA",1935,223,3693904.8   
"PA",1935,224,1861.14     
"PA",1935,225,22771.91    
"PA",1935,227,72592.32    
"PA",1935,235,174694459.54
"PA",1935,242,7973784.62  
"PA",1935,251,262232.07   
"PA",1935,261,18811.39    
"PA",1935,262,361230.61   
"PA",1935,264,4372.81     
"PA",1935,265,18150.86    
"PA",1935,266,416965.96   
"PA",1935,268,2828177.21  
"PA",1935,272,264010.18   
"PA",1935,275,47155892.56 
"PA",1935,280,4332133.81  
"PA",1935,290,2184636.08  
"PA",1935,291,7231906.7   
"PA",1935,292,10096921.05 
"PA",1935,294,206891.74   
"PA",1935,295,538059.5    
"PA",1935,296,2611371.14  
"PA",1935,298,35000       
"PA",1936,121,518867.55   
"PA",1936,122,19548506.38 
"PA",1936,132,12987333.78 
"PA",1936,140,355526.99   
"PA",1936,142,1659811.77  
"PA",1936,143,6643813.31  
"PA",1936,145,28512.49    
"PA",1936,146,7331011.65  
"PA",1936,148,19096273.39 
"PA",1936,151,9943666.29  
"PA",1936,152,8701804.89  
"PA",1936,153,15164357.64 
"PA",1936,154,29612737.99 
"PA",1936,156,32826       
"PA",1936,158,64958.61    
"PA",1936,161,5144951.8   
"PA",1936,180,43460814.98 
"PA",1936,191,5714990.4   
"PA",1936,193,1200365.72  
"PA",1936,222,533866.15   
"PA",1936,223,4235694.03  
"PA",1936,225,20912.11    
"PA",1936,227,104242.81   
"PA",1936,235,84331677.01 
"PA",1936,242,8189400.72  
"PA",1936,251,414807.18   
"PA",1936,261,2036280.41  
"PA",1936,262,285965.22   
"PA",1936,264,15201.48    
"PA",1936,265,49388.16    
"PA",1936,266,330869.19   
"PA",1936,268,3367099.36  
"PA",1936,269,13.2        
"PA",1936,272,264551.41   
"PA",1936,275,63001882.37 
"PA",1936,280,3723950.49  
"PA",1936,290,375466.79   
"PA",1936,291,2153879.12  
"PA",1936,292,16243660.9  
"PA",1936,293,50000000    
"PA",1936,294,246723.22   
"PA",1936,295,587449.57   
"PA",1936,296,3303606.89  
"PA",1936,299,0           
"PA",1937,121,17809758.94 
"PA",1937,122,16857160.71 
"PA",1937,132,30201190.23 
"PA",1937,140,936145.62   
"PA",1937,142,2868030.13  
"PA",1937,143,7307081.33  
"PA",1937,145,22974.1     
"PA",1937,146,10389470.13 
"PA",1937,148,46885377.45 
"PA",1937,151,16262652.77 
"PA",1937,152,10805778.99 
"PA",1937,153,19835051.81 
"PA",1937,154,33493480.42 
"PA",1937,156,47589.71    
"PA",1937,158,60738.35    
"PA",1937,161,14784804.34 
"PA",1937,180,49210419.17 
"PA",1937,191,5669744.39  
"PA",1937,193,1311286.67  
"PA",1937,222,723929.73   
"PA",1937,223,5055216.84  
"PA",1937,225,40665.65    
"PA",1937,227,72107.03    
"PA",1937,235,26370957    
"PA",1937,242,7636776.64  
"PA",1937,251,677260.69   
"PA",1937,261,2183291.69  
"PA",1937,262,283946.62   
"PA",1937,264,8095.96     
"PA",1937,265,84406.84    
"PA",1937,266,554592.12   
"PA",1937,268,3498206.98  
"PA",1937,269,0           
"PA",1937,272,246090.58   
"PA",1937,275,77623757.28 
"PA",1937,280,31712628.14 
"PA",1937,290,493797.77   
"PA",1937,291,2294712.52  
"PA",1937,292,26661248.81 
"PA",1937,293,45022885.83 
"PA",1937,294,426211.04   
"PA",1937,295,655396.52   
"PA",1937,296,3431311.2   
"PA",1937,299,2250        
"SC",1933,121,599320.24   
"SC",1933,122,29866.44    
"SC",1933,130,600048.96   
"SC",1933,141,37315.83    
"SC",1933,143,241870.26   
"SC",1933,146,616909.81   
"SC",1933,150,131075.24   
"SC",1933,151,88342.59    
"SC",1933,156,96887.57    
"SC",1933,157,15941.94    
"SC",1933,180,404572.42   
"SC",1933,181,907587.7    
"SC",1933,185,4177361.83  
"SC",1933,193,13939.12    
"SC",1933,222,517.71      
"SC",1933,223,60161.14    
"SC",1933,235,1252280.65  
"SC",1933,237,17709.49    
"SC",1933,241,926.88      
"SC",1933,251,4212693.11  
"SC",1933,261,98617.8     
"SC",1933,263,14629.67    
"SC",1933,264,29286.64    
"SC",1933,265,36019.79    
"SC",1933,266,20098.16    
"SC",1933,268,7193.08     
"SC",1933,280,116176.38   
"SC",1933,290,107355.54   
"SC",1933,291,13839.79    
"SC",1933,293,4491411.68  
"SC",1933,295,73237.03    
"SC",1933,298,655432.98   
"SC",1933,299,4954.23     
"SC",1934,121,1111724.41  
"SC",1934,122,78410.45    
"SC",1934,130,1950454.73  
"SC",1934,143,228661.61   
"SC",1934,145,7530        
"SC",1934,146,1187825.04  
"SC",1934,150,146335.48   
"SC",1934,151,390377.29   
"SC",1934,156,264280.85   
"SC",1934,157,29007.99    
"SC",1934,180,750170.84   
"SC",1934,181,1403742.99  
"SC",1934,185,10054414.28 
"SC",1934,193,79160.82    
"SC",1934,222,110         
"SC",1934,223,58616.77    
"SC",1934,227,653.46      
"SC",1934,235,3078772.73  
"SC",1934,237,21434.15    
"SC",1934,241,6266.74     
"SC",1934,251,8565194.44  
"SC",1934,261,104873.06   
"SC",1934,263,107322.85   
"SC",1934,264,30007.54    
"SC",1934,265,151775.48   
"SC",1934,266,42941.93    
"SC",1934,276,345252.81   
"SC",1934,280,411021.98   
"SC",1934,290,197835.24   
"SC",1934,291,22192.21    
"SC",1934,293,2987032.96  
"SC",1934,294,2492.44     
"SC",1934,295,181764.86   
"SC",1934,296,60          
"SC",1934,298,1280352.11  
"SC",1934,299,11626.42    
"SC",1935,121,972196.44   
"SC",1935,122,101419.29   
"SC",1935,130,2173875.07  
"SC",1935,143,241114.81   
"SC",1935,146,906916.86   
"SC",1935,150,153479.69   
"SC",1935,151,848482.12   
"SC",1935,156,149611.25   
"SC",1935,157,28485.15    
"SC",1935,180,729870.37   
"SC",1935,181,1105235.81  
"SC",1935,185,11251493.48 
"SC",1935,193,24277.3     
"SC",1935,222,3533.25     
"SC",1935,223,79916.55    
"SC",1935,235,3985636.94  
"SC",1935,237,48696.04    
"SC",1935,241,3929.09     
"SC",1935,251,15372727.83 
"SC",1935,261,118093.87   
"SC",1935,263,187395.45   
"SC",1935,264,31845.81    
"SC",1935,265,144364.46   
"SC",1935,266,57120.61    
"SC",1935,276,141596.04   
"SC",1935,280,379755.52   
"SC",1935,290,463140.37   
"SC",1935,291,68866.53    
"SC",1935,293,2781140.31  
"SC",1935,295,202312.44   
"SC",1935,298,14463718.89 
"SC",1935,299,15811.8     
"SC",1936,121,965922.38   
"SC",1936,122,296546.81   
"SC",1936,130,2192449.92  
"SC",1936,143,248209.59   
"SC",1936,146,1047601.41  
"SC",1936,150,153668.48   
"SC",1936,151,3256683.14  
"SC",1936,156,143392.08   
"SC",1936,157,32153.1     
"SC",1936,180,570422.83   
"SC",1936,181,1205114.61  
"SC",1936,185,12164787.33 
"SC",1936,193,53374.1     
"SC",1936,222,5           
"SC",1936,223,106365.03   
"SC",1936,230,65153.12    
"SC",1936,235,2677478.42  
"SC",1936,237,54890.51    
"SC",1936,241,3152.08     
"SC",1936,251,8585380.89  
"SC",1936,261,121848.08   
"SC",1936,263,245854.88   
"SC",1936,264,301546.06   
"SC",1936,265,160563.93   
"SC",1936,266,39669.64    
"SC",1936,276,225680.87   
"SC",1936,280,553689.67   
"SC",1936,290,332305.79   
"SC",1936,291,81353.33    
"SC",1936,293,3998188.98  
"SC",1936,295,226165.11   
"SC",1936,298,1245247.89  
"SC",1936,299,2098.66     
"SC",1937,121,982818.91   
"SC",1937,122,137746.17   
"SC",1937,130,3260102.87  
"SC",1937,141,129071.2    
"SC",1937,143,260764.79   
"SC",1937,146,1265822.73  
"SC",1937,150,194228.05   
"SC",1937,151,2443946.49  
"SC",1937,156,144886.41   
"SC",1937,157,31106.64    
"SC",1937,180,3225552.64  
"SC",1937,181,1124604.82  
"SC",1937,185,14670706.67 
"SC",1937,193,1766.72     
"SC",1937,223,63575.37    
"SC",1937,230,206947.32   
"SC",1937,235,7664612.41  
"SC",1937,237,65551.48    
"SC",1937,250,4854.34     
"SC",1937,251,310364.38   
"SC",1937,261,300831.18   
"SC",1937,263,1760974.11  
"SC",1937,264,148395.33   
"SC",1937,265,202478.65   
"SC",1937,266,69592.64    
"SC",1937,280,66799620.36 
"SC",1937,290,700         
"SC",1937,291,45875.68    
"SC",1937,293,7093654.66  
"SC",1937,295,270083.28   
"SC",1937,296,15262.88    
"SC",1937,298,1227164.57  
"SC",1937,299,8950.45     
"SD",1933,121,3580683.42  
"SD",1933,122,59626.05    
"SD",1933,140,6607.64     
"SD",1933,143,261578.31   
"SD",1933,145,8758.32     
"SD",1933,150,6105.13     
"SD",1933,152,247373.39   
"SD",1933,153,4088660.58  
"SD",1933,180,59645.69    
"SD",1933,189,7150        
"SD",1933,193,15178.33    
"SD",1933,221,1541.4      
"SD",1933,223,13931.35    
"SD",1933,235,4103788.36  
"SD",1933,237,8272.75     
"SD",1933,265,141513.1    
"SD",1933,290,68384.18    
"SD",1933,291,851991.41   
"SD",1933,294,135.81      
"SD",1933,295,5328.92     
"SD",1933,298,8873763.17  
"SD",1934,121,516422.46   
"SD",1934,122,66230.27    
"SD",1934,130,2248764.3   
"SD",1934,140,5952.54     
"SD",1934,143,233499.45   
"SD",1934,150,2716.97     
"SD",1934,151,6294.07     
"SD",1934,152,371420.97   
"SD",1934,153,3906624.41  
"SD",1934,180,73658.09    
"SD",1934,190,2181277.84  
"SD",1934,193,11064.49    
"SD",1934,221,1520.32     
"SD",1934,223,14019.43    
"SD",1934,235,294423.55   
"SD",1934,237,13768.7     
"SD",1934,275,218999.65   
"SD",1934,290,75022.46    
"SD",1934,291,805675.05   
"SD",1934,295,3176        
"SD",1934,298,11821846.12 
"SD",1935,122,178327.59   
"SD",1935,130,2814021.85  
"SD",1935,140,4502.65     
"SD",1935,143,241852.49   
"SD",1935,145,5353.73     
"SD",1935,150,86829.41    
"SD",1935,151,2767.49     
"SD",1935,152,423610.09   
"SD",1935,153,4074361.18  
"SD",1935,158,116520.71   
"SD",1935,180,168926.74   
"SD",1935,190,610076.09   
"SD",1935,193,1381.75     
"SD",1935,221,1436.8      
"SD",1935,223,14824.54    
"SD",1935,227,976.25      
"SD",1935,235,282919.84   
"SD",1935,237,14782.42    
"SD",1935,275,341572.53   
"SD",1935,290,529.91      
"SD",1935,291,789005.71   
"SD",1935,295,906.6       
"SD",1935,298,13914146.01 
"SD",1936,122,73974.52    
"SD",1936,130,583307.85   
"SD",1936,140,5575.99     
"SD",1936,143,260591.3    
"SD",1936,145,4230.11     
"SD",1936,146,488355.96   
"SD",1936,150,1985.9      
"SD",1936,151,2160.22     
"SD",1936,152,486364.56   
"SD",1936,153,4405107.46  
"SD",1936,180,369110.03   
"SD",1936,190,646983.89   
"SD",1936,193,874.71      
"SD",1936,221,1362.9      
"SD",1936,223,18127.23    
"SD",1936,227,1419.25     
"SD",1936,235,575097.66   
"SD",1936,237,18260.38    
"SD",1936,275,371819.31   
"SD",1936,290,1625.8      
"SD",1936,291,1042629.13  
"SD",1936,295,151907.19   
"SD",1936,298,27486551.33 
"SD",1936,299,61.5        
"SD",1937,122,85516.28    
"SD",1937,130,16428.77    
"SD",1937,140,6142.57     
"SD",1937,143,256641.4    
"SD",1937,145,4545.91     
"SD",1937,146,750262.75   
"SD",1937,150,4920        
"SD",1937,151,321587.08   
"SD",1937,152,513743.03   
"SD",1937,153,4313462.65  
"SD",1937,180,56654.58    
"SD",1937,190,185589.29   
"SD",1937,193,177.3       
"SD",1937,221,1539.95     
"SD",1937,223,17460.98    
"SD",1937,227,259.5       
"SD",1937,235,1575620.55  
"SD",1937,237,26492.42    
"SD",1937,275,382902.27   
"SD",1937,290,341.4       
"SD",1937,291,1071173.79  
"SD",1937,295,3745.55     
"SD",1937,298,17192681.96 
"UT",1933,121,4017396.21  
"UT",1933,122,84952.36    
"UT",1933,132,354653.05   
"UT",1933,145,375987.89   
"UT",1933,153,2095167.3   
"UT",1933,158,130854.28   
"UT",1933,180,707025.24   
"UT",1933,222,16613.7     
"UT",1933,235,2015243.26  
"UT",1933,237,24830.5     
"UT",1933,251,407830.65   
"UT",1933,261,442625.97   
"UT",1933,265,23118.87    
"UT",1933,269,117615.57   
"UT",1933,276,29003.76    
"UT",1933,290,9227.6      
"UT",1933,291,514457.23   
"UT",1933,293,1559495.45  
"UT",1934,121,4628690.15  
"UT",1934,122,102123.86   
"UT",1934,132,401535.05   
"UT",1934,145,403100.89   
"UT",1934,150,1730551.58  
"UT",1934,151,85460.18    
"UT",1934,153,2710752.29  
"UT",1934,158,203510.63   
"UT",1934,180,1409624.97  
"UT",1934,222,16903.3     
"UT",1934,223,251789.51   
"UT",1934,235,6997297.54  
"UT",1934,237,44624.51    
"UT",1934,251,266041.62   
"UT",1934,261,543759.8    
"UT",1934,265,22999.43    
"UT",1934,269,158804.41   
"UT",1934,276,16528.78    
"UT",1934,290,41850.52    
"UT",1934,291,493514.87   
"UT",1934,293,1661557.51  
"UT",1935,121,5085191.44  
"UT",1935,122,120156.81   
"UT",1935,132,547267.78   
"UT",1935,143,180325.82   
"UT",1935,145,299659.34   
"UT",1935,150,2410795.72  
"UT",1935,151,167279.83   
"UT",1935,153,2430163     
"UT",1935,158,264441.43   
"UT",1935,180,1113175.39  
"UT",1935,193,213662.52   
"UT",1935,222,15194.52    
"UT",1935,223,83192.79    
"UT",1935,235,16633793.75 
"UT",1935,237,48235.79    
"UT",1935,261,657989.86   
"UT",1935,263,1142.86     
"UT",1935,265,23785.3     
"UT",1935,269,297631.53   
"UT",1935,276,2727.8      
"UT",1935,290,125327.26   
"UT",1935,291,1104326.23  
"UT",1935,293,6378888.48  
"UT",1935,298,162         
"UT",1936,121,4674113.32  
"UT",1936,122,122668.84   
"UT",1936,132,971908.38   
"UT",1936,143,277910.8    
"UT",1936,145,328578.5    
"UT",1936,150,2879937.35  
"UT",1936,151,104231.01   
"UT",1936,153,2891834.06  
"UT",1936,158,320310      
"UT",1936,180,1084872.64  
"UT",1936,193,246728      
"UT",1936,222,16047       
"UT",1936,223,98653.93    
"UT",1936,235,6636030.22  
"UT",1936,237,39791       
"UT",1936,251,618245.46   
"UT",1936,261,722656.6    
"UT",1936,263,33503.04    
"UT",1936,265,31285.61    
"UT",1936,269,318295.17   
"UT",1936,276,11046.61    
"UT",1936,290,249653.54   
"UT",1936,291,699446.95   
"UT",1936,293,1009617.06  
"UT",1936,296,250000      
"UT",1936,298,130366.6    
"UT",1937,121,3797007.83  
"UT",1937,122,180820.64   
"UT",1937,132,1553380.99  
"UT",1937,141,70101.62    
"UT",1937,143,291063.33   
"UT",1937,145,187976.65   
"UT",1937,150,3410008.7   
"UT",1937,151,113514.19   
"UT",1937,153,3253569.73  
"UT",1937,158,349420.13   
"UT",1937,176,46479.31    
"UT",1937,180,1113778.71  
"UT",1937,221,16396.25    
"UT",1937,222,1567.07     
"UT",1937,223,92342.72    
"UT",1937,235,3493602.85  
"UT",1937,237,36248.65    
"UT",1937,251,1928461.19  
"UT",1937,261,839752.22   
"UT",1937,265,63516.25    
"UT",1937,266,12572.92    
"UT",1937,268,25536.2     
"UT",1937,269,770912.89   
"UT",1937,276,7885.33     
"UT",1937,290,121941.5    
"UT",1937,291,357585.84   
"UT",1937,293,2282725.26  
"UT",1937,295,92.73       
"UT",1937,298,378983.59   
"UT",1937,299,42307.64    
"VA",1933,121,2511530.56  
"VA",1933,122,711582.24   
"VA",1933,123,657685.71   
"VA",1933,131,937907.31   
"VA",1933,132,1170261.41  
"VA",1933,140,416916.79   
"VA",1933,141,3074765.99  
"VA",1933,142,443468.31   
"VA",1933,143,1396814.45  
"VA",1933,145,129006.26   
"VA",1933,146,660026.09   
"VA",1933,153,10886947.11 
"VA",1933,180,7833269.03  
"VA",1933,193,262796.13   
"VA",1933,211,136377.7    
"VA",1933,212,24574.03    
"VA",1933,221,30483.57    
"VA",1933,222,228583.56   
"VA",1933,223,179435.48   
"VA",1933,225,53517.12    
"VA",1933,235,3405709.75  
"VA",1933,236,244445.06   
"VA",1933,240,135551.47   
"VA",1933,241,18699.43    
"VA",1933,261,3192192.04  
"VA",1933,265,92467.36    
"VA",1933,266,8800963.78  
"VA",1933,268,661252.24   
"VA",1933,290,415301      
"VA",1933,291,38960.16    
"VA",1933,292,70192       
"VA",1933,294,18638.08    
"VA",1933,296,251312.94   
"VA",1933,299,53891.19    
"VA",1934,121,2228716.14  
"VA",1934,122,617788.87   
"VA",1934,123,704037.76   
"VA",1934,131,584250.26   
"VA",1934,132,1258227.65  
"VA",1934,140,389182.42   
"VA",1934,141,2580862.78  
"VA",1934,142,401705.68   
"VA",1934,143,1303383.58  
"VA",1934,145,98302.96    
"VA",1934,146,417441.64   
"VA",1934,151,416791.89   
"VA",1934,153,11759740.73 
"VA",1934,180,7486426.5   
"VA",1934,193,248010.71   
"VA",1934,211,117100.13   
"VA",1934,212,50556.2     
"VA",1934,221,26052.8     
"VA",1934,222,198897.85   
"VA",1934,223,277479.86   
"VA",1934,225,54329.24    
"VA",1934,235,5072289.12  
"VA",1934,236,219004.65   
"VA",1934,240,798175.79   
"VA",1934,241,30497.16    
"VA",1934,261,2953493.91  
"VA",1934,266,1165565.78  
"VA",1934,268,645145.04   
"VA",1934,290,365392.05   
"VA",1934,291,399842.15   
"VA",1934,292,70192       
"VA",1934,294,14417.79    
"VA",1934,296,218165.74   
"VA",1934,299,49333.8     
"VA",1935,121,2288185.15  
"VA",1935,122,320945.07   
"VA",1935,123,911105.52   
"VA",1935,131,807740.68   
"VA",1935,132,1620791.17  
"VA",1935,140,404711.08   
"VA",1935,141,2631604.39  
"VA",1935,142,332229.3    
"VA",1935,143,1375103.33  
"VA",1935,145,125129.29   
"VA",1935,146,1075096.97  
"VA",1935,151,758926.59   
"VA",1935,153,12618953.06 
"VA",1935,156,4372.97     
"VA",1935,180,7831066.19  
"VA",1935,193,311131.68   
"VA",1935,211,148364.15   
"VA",1935,212,105778.48   
"VA",1935,221,28594.81    
"VA",1935,222,271765.1    
"VA",1935,223,354936.17   
"VA",1935,225,65041.56    
"VA",1935,235,6239507.82  
"VA",1935,236,210804.3    
"VA",1935,240,253917.78   
"VA",1935,242,20794.72    
"VA",1935,261,3257389.44  
"VA",1935,266,13211308.49 
"VA",1935,268,685396.96   
"VA",1935,290,428827.76   
"VA",1935,291,384575.31   
"VA",1935,292,70192       
"VA",1935,294,25056.41    
"VA",1935,296,244736.46   
"VA",1935,299,71663.49    
"VA",1936,121,2371966.2   
"VA",1936,122,930140.96   
"VA",1936,123,810481.38   
"VA",1936,131,1039379.2   
"VA",1936,132,1799957.86  
"VA",1936,140,586561.04   
"VA",1936,141,2657291.46  
"VA",1936,142,341127.25   
"VA",1936,143,1452215.08  
"VA",1936,145,162294.44   
"VA",1936,146,1112258.79  
"VA",1936,151,1011223.54  
"VA",1936,153,13699066.75 
"VA",1936,156,6731.8      
"VA",1936,180,8598699.04  
"VA",1936,193,550998.55   
"VA",1936,211,163297.87   
"VA",1936,212,64273.92    
"VA",1936,221,34347.02    
"VA",1936,222,319600.12   
"VA",1936,223,383418.64   
"VA",1936,225,56822.97    
"VA",1936,235,4382346.53  
"VA",1936,236,236958.59   
"VA",1936,241,56368.44    
"VA",1936,261,3539297.1   
"VA",1936,266,14559194.59 
"VA",1936,268,734413.03   
"VA",1936,290,419119.87   
"VA",1936,291,420940.31   
"VA",1936,292,105288      
"VA",1936,294,21011.18    
"VA",1936,296,261500.64   
"VA",1936,299,71995.5     
"VA",1937,121,2374101.26  
"VA",1937,122,629360.15   
"VA",1937,123,784380.44   
"VA",1937,131,1351150.57  
"VA",1937,132,2434386.73  
"VA",1937,140,362200.87   
"VA",1937,141,2704171.55  
"VA",1937,142,359380.84   
"VA",1937,143,1519461.06  
"VA",1937,145,204032.67   
"VA",1937,146,1123408.67  
"VA",1937,151,1786241.83  
"VA",1937,153,15700860.87 
"VA",1937,156,6839.09     
"VA",1937,180,9395031.07  
"VA",1937,190,4368970.47  
"VA",1937,193,472430.55   
"VA",1937,211,182075.64   
"VA",1937,212,48734.7     
"VA",1937,213,3840        
"VA",1937,221,28115.27    
"VA",1937,222,437545.73   
"VA",1937,223,496406.21   
"VA",1937,225,67209.28    
"VA",1937,235,7405354.54  
"VA",1937,236,261963.6    
"VA",1937,240,208396.26   
"VA",1937,241,125923.88   
"VA",1937,261,4030206.02  
"VA",1937,266,18108831.84 
"VA",1937,268,802828.9    
"VA",1937,290,423890.73   
"VA",1937,291,459629.55   
"VA",1937,292,35096       
"VA",1937,294,18582.37    
"VA",1937,296,33875.02    
"VA",1937,299,74279.5     
"VT",1933,122,224160.46   
"VT",1933,131,553167.23   
"VT",1933,140,115         
"VT",1933,141,535291.65   
"VT",1933,142,981432.83   
"VT",1933,143,272715.15   
"VT",1933,145,20422.27    
"VT",1933,146,348879.19   
"VT",1933,151,4584.96     
"VT",1933,153,1862851.83  
"VT",1933,180,2150244.82  
"VT",1933,185,77567.58    
"VT",1933,193,259091.98   
"VT",1933,210,8033.24     
"VT",1933,221,156073.77   
"VT",1933,223,66729.25    
"VT",1933,225,2469        
"VT",1933,235,986471.32   
"VT",1933,236,294560.94   
"VT",1933,237,6113.09     
"VT",1933,243,12000       
"VT",1933,251,293357.67   
"VT",1933,261,46340.79    
"VT",1933,262,80738.64    
"VT",1933,263,84          
"VT",1933,264,118.31      
"VT",1933,265,10509.21    
"VT",1933,266,8074.18     
"VT",1933,268,89199.36    
"VT",1933,269,37857.03    
"VT",1933,290,10828.18    
"VT",1933,291,86746.9     
"VT",1933,293,3046016.19  
"VT",1933,295,1972.92     
"VT",1933,296,39108.79    
"VT",1933,299,18097.01    
"VT",1934,122,196325.17   
"VT",1934,131,472112.67   
"VT",1934,140,82.5        
"VT",1934,141,480635.13   
"VT",1934,142,802783.25   
"VT",1934,143,261844.73   
"VT",1934,145,19671.67    
"VT",1934,146,323291.28   
"VT",1934,150,16934.72    
"VT",1934,151,54969.81    
"VT",1934,153,1704750.72  
"VT",1934,180,2336812.9   
"VT",1934,185,75322.64    
"VT",1934,193,262909.7    
"VT",1934,210,8280        
"VT",1934,221,150457.07   
"VT",1934,223,65694.74    
"VT",1934,235,1825774.67  
"VT",1934,236,277114.45   
"VT",1934,241,18.75       
"VT",1934,243,4000        
"VT",1934,251,294927.31   
"VT",1934,261,41957.65    
"VT",1934,262,90496.18    
"VT",1934,263,2184        
"VT",1934,264,2706.54     
"VT",1934,265,7855.86     
"VT",1934,266,9065.99     
"VT",1934,268,98613.15    
"VT",1934,269,60727.74    
"VT",1934,275,51009.41    
"VT",1934,290,69656.08    
"VT",1934,291,83536.1     
"VT",1934,293,5052700     
"VT",1934,295,1632.13     
"VT",1934,296,31184.03    
"VT",1934,299,18651.95    
"VT",1935,122,242311.96   
"VT",1935,131,497117.12   
"VT",1935,140,125         
"VT",1935,141,479664.26   
"VT",1935,142,680803.36   
"VT",1935,143,306795.9    
"VT",1935,145,13971.68    
"VT",1935,146,354338.7    
"VT",1935,150,15580.02    
"VT",1935,151,112557.88   
"VT",1935,153,1970976.46  
"VT",1935,180,2427296.6   
"VT",1935,185,76824.5     
"VT",1935,193,264821.16   
"VT",1935,210,808.78      
"VT",1935,221,160756.53   
"VT",1935,222,20          
"VT",1935,223,65812.88    
"VT",1935,235,3833070.81  
"VT",1935,236,237140.07   
"VT",1935,243,100         
"VT",1935,251,276409.97   
"VT",1935,256,3006.34     
"VT",1935,261,39350.63    
"VT",1935,262,103186.31   
"VT",1935,263,289         
"VT",1935,264,856.09      
"VT",1935,265,12004.63    
"VT",1935,266,7772.01     
"VT",1935,268,90549.26    
"VT",1935,269,24067.42    
"VT",1935,275,1494591.25  
"VT",1935,280,4170.6      
"VT",1935,290,81377.73    
"VT",1935,291,76269.22    
"VT",1935,293,3206100     
"VT",1935,295,1657.22     
"VT",1935,296,32734.61    
"VT",1935,299,17410.1     
"VT",1936,122,326473.49   
"VT",1936,131,564214.88   
"VT",1936,140,95          
"VT",1936,141,385227.77   
"VT",1936,142,605847.33   
"VT",1936,143,330061.34   
"VT",1936,145,14437.28    
"VT",1936,146,364003.6    
"VT",1936,151,319240.42   
"VT",1936,153,2161018.92  
"VT",1936,180,2405945.49  
"VT",1936,185,74720.66    
"VT",1936,193,411959.35   
"VT",1936,210,8315.22     
"VT",1936,221,180113.75   
"VT",1936,222,35          
"VT",1936,223,66301.15    
"VT",1936,235,2215484.1   
"VT",1936,236,297665.86   
"VT",1936,237,1236.07     
"VT",1936,251,231881.36   
"VT",1936,261,39543.78    
"VT",1936,262,71155.02    
"VT",1936,263,2969.14     
"VT",1936,264,779.26      
"VT",1936,265,16793.97    
"VT",1936,266,7246.17     
"VT",1936,268,88660.15    
"VT",1936,269,18994.44    
"VT",1936,275,1520305.32  
"VT",1936,290,63087.38    
"VT",1936,291,89169.528   
"VT",1936,293,6030872.77  
"VT",1936,295,2260.37     
"VT",1936,296,85165.49    
"VT",1936,298,15000       
"VT",1936,299,17969.72    
"VT",1937,122,235640.95   
"VT",1937,131,697976.78   
"VT",1937,140,97.5        
"VT",1937,141,288870.68   
"VT",1937,142,609014.2    
"VT",1937,143,323718.84   
"VT",1937,145,14858.56    
"VT",1937,146,397172.65   
"VT",1937,151,463505.37   
"VT",1937,152,14996.7     
"VT",1937,153,2356088.91  
"VT",1937,180,2648684.89  
"VT",1937,185,79277.12    
"VT",1937,193,2272954.52  
"VT",1937,210,8001.44     
"VT",1937,221,176672.84   
"VT",1937,222,34          
"VT",1937,223,75778.83    
"VT",1937,235,1921194     
"VT",1937,236,343271.1    
"VT",1937,237,1624.1      
"VT",1937,243,527.9       
"VT",1937,251,241964.41   
"VT",1937,252,28340       
"VT",1937,261,42236.24    
"VT",1937,262,89665.64    
"VT",1937,263,3602.86     
"VT",1937,264,289.06      
"VT",1937,265,19140.81    
"VT",1937,266,9082.26     
"VT",1937,268,125826.81   
"VT",1937,269,31882.65    
"VT",1937,275,1769123.88  
"VT",1937,290,21664.31    
"VT",1937,291,75545.24    
"VT",1937,293,41206.72    
"VT",1937,295,2059.94     
"VT",1937,296,37880.25    
"VT",1937,299,21739.07    
"IL",1933,121,24116251.59 
"IL",1933,122,9122785.42  
"IL",1933,140,7052561.33  
"IL",1933,141,1413259     
"IL",1933,150,0           
"IL",1933,151,0           
"IL",1933,153,30245426.57 
"IL",1933,180,16412243.76 
"IL",1933,235,6898513.59  
"IL",1933,291,598366.59   
"IL",1933,293,23000000    
"IL",1933,298,8123940.52  
"IL",1934,121,20561389.24 
"IL",1934,122,3739093.57  
"IL",1934,140,10727192.03 
"IL",1934,141,1561388.83  
"IL",1934,150,32571076.34 
"IL",1934,151,2918842.83  
"IL",1934,153,30330404.87 
"IL",1934,180,19214884.11 
"IL",1934,235,7829513.49  
"IL",1934,291,495399.97   
"IL",1934,293,20000000    
"IL",1934,298,9615754.16  
"IL",1935,121,9057845.48  
"IL",1935,122,5577415.86  
"IL",1935,140,3667326.29  
"IL",1935,141,1595746.49  
"IL",1935,142,4921046.03  
"IL",1935,146,0           
"IL",1935,150,41484637.74 
"IL",1935,151,8435298.66  
"IL",1935,153,31058048.1  
"IL",1935,180,18585401.36 
"IL",1935,235,13239131.73 
"IL",1935,291,314253.73   
"IL",1935,293,38500000    
"IL",1935,298,10836349.21 
"IL",1936,121,1967428.07  
"IL",1936,122,3868877.59  
"IL",1936,140,3679090.84  
"IL",1936,141,1689069.41  
"IL",1936,142,6643228.76  
"IL",1936,146,6112056.68  
"IL",1936,150,61874425.21 
"IL",1936,151,9311374.68  
"IL",1936,153,33486345.36 
"IL",1936,180,18631934.93 
"IL",1936,235,9759786.95  
"IL",1936,291,182134.37   
"IL",1936,293,0           
"IL",1936,298,14064928.1  
"IL",1937,121,12352464.76 
"IL",1937,122,4839810.65  
"IL",1937,140,3773585.85  
"IL",1937,141,1843322.36  
"IL",1937,143,6385172.93  
"IL",1937,146,5577120.6   
"IL",1937,150,77120714.99 
"IL",1937,153,37320793.68 
"IL",1937,180,20892203.73 
"IL",1937,235,29972555.65 
"IL",1937,281,146248.64   
"IL",1937,298,14913703.11 
